1619610830870 -0.200675 0.600000 0.000000
1619610830971 -0.200675 0.600000 0.000000
1619610831072 -0.200675 0.600000 0.000000
1619610831173 -0.200675 0.600000 0.000000
1619610831273 -0.200675 0.600000 0.000000
1619610831374 -0.200675 0.600000 0.000000
1619610831475 -0.200675 0.600000 0.000000
1619610831576 -0.200675 0.600000 0.000000
1619610831677 -0.200675 0.600000 0.000000
1619610831778 -0.200675 0.600000 0.000000
1619610831878 -0.200675 0.600000 0.000000
1619610831979 -0.200675 0.600000 0.000000
1619610832080 -0.200675 0.600000 0.000000
1619610832181 -0.200675 0.600000 0.000000
1619610832282 -0.200675 0.600000 0.000000
1619610832383 -0.200675 0.600000 0.000000
1619610832483 -0.200675 0.600000 0.000000
1619610832584 -0.200675 0.600000 0.000000
1619610832685 -0.200675 0.600000 0.000000
1619610832786 -0.200675 0.600000 0.000000
1619610832887 -0.200675 0.600000 0.000000
1619610832987 -0.200675 0.600000 0.000000
1619610833088 -0.200675 0.600000 0.000000
1619610833189 -0.200675 0.600000 0.000000
1619610833290 -0.200675 0.600000 0.000000
1619610833391 -0.200675 0.600000 0.000000
1619610833492 -0.200675 0.600000 0.000000
1619610833592 -0.200675 0.600000 0.000000
1619610833693 -0.200675 0.600000 0.000000
1619610833794 -0.200675 0.600000 0.000000
1619610833895 -0.200675 0.600000 0.000000
1619610833996 -0.200675 0.600000 0.000000
1619610834097 -0.200675 0.600000 0.000000
1619610834198 -0.200675 0.600000 0.000000
1619610834299 -0.200675 0.600000 0.000000
1619610834400 -0.200675 0.600000 0.000000
1619610834501 -0.200675 0.600000 0.000000
1619610834601 -0.200675 0.600000 0.000000
1619610834702 -0.200675 0.600000 0.000000
1619610834803 -0.200675 0.600000 0.000000
1619610834904 -0.200675 0.600000 0.000000
1619610835005 -0.200675 0.600000 0.000000
1619610835106 -0.200675 0.600000 0.000000
1619610835207 -0.200675 0.600000 0.000000
1619610835307 -0.200675 0.600000 0.000000
1619610835408 -0.200675 0.600000 0.000000
1619610835509 -0.200675 0.600000 0.000000
1619610835610 -0.200675 0.600000 0.000000
1619610835711 -0.200675 0.600000 0.000000
1619610835812 -0.200675 0.600000 0.000000
1619610835913 -0.200675 0.600000 0.000000
1619610836013 -0.200675 0.600000 0.000000
1619610836114 -0.200675 0.600000 0.000000
1619610836215 -0.200675 0.600000 0.000000
1619610836316 -0.200675 0.600000 0.000000
1619610836417 -0.200675 0.600000 0.000000
1619610836518 -0.200675 0.600000 0.000000
1619610836618 -0.200675 0.600000 0.000000
1619610836719 -0.200675 0.600000 0.000000
1619610836821 -0.200675 0.600000 0.000000
1619610836922 -0.200675 0.600000 0.000000
1619610837022 -0.200675 0.600000 0.000000
1619610837123 -0.200675 0.600000 0.000000
1619610837224 -0.200675 0.600000 0.000000
1619610837325 -0.200675 0.600000 0.000000
1619610837426 -0.200675 0.600000 0.000000
1619610837526 -0.200675 0.600000 0.000000
1619610837627 -0.200675 0.600000 0.000000
1619610837728 -0.200675 0.600000 0.000000
1619610837829 -0.200675 0.600000 0.000000
1619610837930 -0.200675 0.600000 0.000000
1619610838031 -0.200675 0.600000 0.000000
1619610838132 -0.200675 0.600000 0.000000
1619610838232 -0.200675 0.600000 0.000000
1619610838333 -0.200675 0.600000 0.000000
1619610838434 -0.200675 0.600000 0.000000
1619610838535 -0.200675 0.600000 0.000000
1619610838636 -0.200675 0.600000 0.000000
1619610838737 -0.200675 0.600000 0.000000
1619610838837 -0.200675 0.600000 0.000000
1619610838938 -0.200675 0.600000 0.000000
1619610839039 -0.200675 0.600000 0.000000
1619610839140 -0.200675 0.600000 0.000000
1619610839241 -0.200675 0.600000 0.000000
1619610839342 -0.200675 0.600000 0.000000
1619610839442 -0.200675 0.600000 0.000000
1619610839543 -0.200675 0.600000 0.000000
1619610839644 -0.200675 0.600000 0.000000
1619610839745 -0.200675 0.600000 0.000000
1619610839846 -0.200675 0.600000 0.000000
1619610839947 -0.200675 0.600000 0.000000
1619610840048 -0.200675 0.600000 0.000000
1619610840149 -0.200675 0.600000 0.000000
1619610840249 -0.200675 0.600000 0.000000
1619610840350 -0.200675 0.600000 0.000000
1619610840451 -0.200675 0.600000 0.000000
1619610840552 -0.200675 0.600000 0.000000
1619610840653 -0.200675 0.600000 0.000000
1619610840754 -0.200675 0.600000 0.000000
1619610840854 -0.200675 0.600000 0.000000
1619610840955 -0.200675 0.600000 0.000000
1619610841056 -0.200675 0.600000 0.000000
1619610841157 -0.200675 0.600000 0.000000
1619610841258 -0.200675 0.600000 0.000000
1619610841359 -0.200675 0.600000 0.000000
1619610841459 -0.200675 0.600000 0.000000
1619610841560 -0.200675 0.600000 0.000000
1619610841661 -0.200675 0.600000 0.000000
1619610841762 -0.200675 0.600000 0.000000
1619610841863 -0.200675 0.600000 0.000000
1619610841963 -0.200675 0.600000 0.000000
1619610842064 -0.200675 0.600000 0.000000
1619610842165 -0.200675 0.600000 0.000000
1619610842266 -0.200675 0.600000 0.000000
1619610842367 -0.200675 0.600000 0.000000
1619610842468 -0.200675 0.600000 0.000000
1619610842568 -0.200675 0.600000 0.000000
1619610842669 -0.200675 0.600000 0.000000
1619610842770 -0.200675 0.600000 0.000000
1619610842871 -0.200675 0.600000 0.000000
1619610842971 -0.200675 0.600000 0.000000
1619610843072 -0.200675 0.600000 0.000000
1619610843173 -0.200675 0.600000 0.000000
1619610843274 -0.200675 0.600000 0.000000
1619610843375 -0.200675 0.600000 0.000000
1619610843476 -0.200675 0.600000 0.000000
1619610843577 -0.200675 0.600000 0.000000
1619610843678 -0.200675 0.600000 0.000000
1619610843779 -0.200675 0.600000 0.000000
1619610843880 -0.200675 0.600000 0.000000
1619610843980 -0.200675 0.600000 0.000000
1619610844081 -0.200675 0.600000 0.000000
1619610844183 -0.200675 0.600000 0.000000
1619610844288 -0.200675 0.600000 0.000000
1619610844389 -0.200675 0.600000 0.000000
1619610844493 -0.200675 0.600000 0.000000
1619610844595 -0.200675 0.600000 0.000000
1619610844696 -0.200675 0.600000 0.000000
1619610844797 -0.200675 0.600000 0.000000
1619610844898 -0.200675 0.600000 0.000000
1619610845000 -0.200675 0.600000 0.000000
1619610845101 -0.200675 0.600000 0.000000
1619610845203 -0.200675 0.600000 0.000000
1619610845304 -0.200675 0.600000 0.000000
1619610845405 -0.200675 0.600000 0.000000
1619610845506 -0.200675 0.600000 0.000000
1619610845607 -0.200675 0.600000 0.000000
1619610845708 -0.200675 0.600000 0.000000
1619610845808 -0.200675 0.600000 0.000000
1619610845909 -0.200675 0.600000 0.000000
1619610846010 -0.200675 0.600000 0.000000
1619610846111 -0.200675 0.600000 0.000000
1619610846212 -0.200675 0.600000 0.000000
1619610846312 -0.200675 0.600000 0.000000
1619610846413 -0.200675 0.600000 0.000000
1619610846514 -0.200675 0.600000 0.000000
1619610846615 -0.200675 0.600000 0.000000
1619610846716 -0.200675 0.600000 0.000000
1619610846817 -0.200675 0.600000 0.000000
1619610846918 -0.200675 0.600000 0.000000
1619610847019 -0.200675 0.600000 0.000000
1619610847120 -0.200675 0.600000 0.000000
1619610847220 -0.200675 0.600000 0.000000
1619610847322 -0.200675 0.600000 0.000000
1619610847424 -0.200675 0.600000 0.000000
1619610847525 -0.200675 0.600000 0.000000
1619610847625 -0.200675 0.600000 0.000000
1619610847726 -0.200675 0.600000 0.000000
1619610847827 -0.200675 0.600000 0.000000
1619610847928 -0.200675 0.600000 0.000000
1619610848029 -0.200675 0.600000 0.000000
1619610848130 -0.200675 0.600000 0.000000
1619610848231 -0.200675 0.600000 0.000000
1619610848332 -0.200675 0.600000 0.000000
1619610848433 -0.200675 0.600000 0.000000
1619610848534 -0.200675 0.600000 0.000000
1619610848636 -0.200675 0.600000 0.000000
1619610848737 -0.200675 0.600000 0.000000
1619610848838 -0.200675 0.600000 0.000000
1619610848938 -0.200675 0.600000 0.000000
1619610849039 -0.200675 0.600000 0.000000
1619610849140 -0.200675 0.600000 0.000000
1619610849241 -0.200675 0.600000 0.000000
1619610849342 -0.200675 0.600000 0.000000
1619610849443 -0.200675 0.600000 0.000000
1619610849544 -0.200675 0.600000 0.000000
1619610849645 -0.200675 0.600000 0.000000
1619610849745 -0.200675 0.600000 0.000000
1619610849846 -0.200675 0.600000 0.000000
1619610849947 -0.200675 0.600000 0.000000
1619610850048 -0.200675 0.600000 0.000000
1619610850149 -0.200675 0.600000 0.000000
1619610850249 -0.200675 0.600000 0.000000
1619610850350 -0.200675 0.600000 0.000000
1619610850451 -0.200675 0.600000 0.000000
1619610850552 -0.200675 0.600000 0.000000
1619610850652 -0.200675 0.600000 0.000000
1619610850753 -0.200675 0.600000 0.000000
1619610850854 -0.200675 0.600000 0.000000
1619610850955 -0.200675 0.600000 0.000000
1619610851056 -0.200675 0.600000 0.000000
1619610851157 -0.200675 0.600000 0.000000
1619610851258 -0.200675 0.600000 0.000000
1619610851359 -0.200675 0.600000 0.000000
1619610851460 -0.200675 0.600000 0.000000
1619610851561 -0.200675 0.600000 0.000000
1619610851661 -0.200675 0.600000 0.000000
1619610851762 -0.200675 0.600000 0.000000
1619610851863 -0.200675 0.600000 0.000000
1619610851964 -0.200675 0.600000 0.000000
1619610852065 -0.200675 0.600000 0.000000
1619610852166 -0.200675 0.600000 0.000000
1619610852267 -0.200675 0.600000 0.000000
1619610852367 -0.200675 0.600000 0.000000
1619610852468 -0.200675 0.600000 0.000000
1619610852569 -0.200675 0.600000 0.000000
1619610852670 -0.200675 0.600000 0.000000
1619610852771 -0.200675 0.600000 0.000000
1619610852872 -0.200675 0.600000 0.000000
1619610852972 -0.200675 0.600000 0.000000
1619610853073 -0.200675 0.600000 0.000000
1619610853174 -0.200675 0.600000 0.000000
1619610853275 -0.200675 0.600000 0.000000
1619610853376 -0.200675 0.600000 0.000000
1619610853476 -0.200675 0.600000 0.000000
1619610853577 -0.200675 0.600000 0.000000
1619610853678 -0.200675 0.600000 0.000000
1619610853779 -0.200675 0.600000 0.000000
1619610853880 -0.200675 0.600000 0.000000
1619610853981 -0.200675 0.600000 0.000000
1619610854082 -0.200675 0.600000 0.000000
1619610854183 -0.200675 0.600000 0.000000
1619610854283 -0.200675 0.600000 0.000000
1619610854384 -0.200675 0.600000 0.000000
1619610854485 -0.200675 0.600000 0.000000
1619610854586 -0.200675 0.600000 0.000000
1619610854687 -0.200675 0.600000 0.000000
1619610854788 -0.200675 0.600000 0.000000
1619610854888 -0.200675 0.600000 0.000000
1619610854989 -0.200675 0.600000 0.000000
1619610855090 -0.200675 0.600000 0.000000
1619610855191 -0.200675 0.600000 0.000000
1619610855292 -0.200675 0.600000 0.000000
1619610855392 -0.200675 0.600000 0.000000
1619610855493 -0.200675 0.600000 0.000000
1619610855594 -0.200675 0.600000 0.000000
1619610855695 -0.200675 0.600000 0.000000
1619610855796 -0.200675 0.600000 0.000000
1619610855898 -0.200675 0.600000 0.000000
1619610855999 -0.200675 0.600000 0.000000
1619610856100 -0.200675 0.600000 0.000000
1619610856201 -0.200675 0.600000 0.000000
1619610856302 -0.200675 0.600000 0.000000
1619610856402 -0.200675 0.600000 0.000000
1619610856503 -0.200675 0.600000 0.000000
1619610856604 -0.200675 0.600000 0.000000
1619610856705 -0.200675 0.600000 0.000000
1619610856806 -0.200675 0.600000 0.000000
1619610856907 -0.200675 0.600000 0.000000
1619610857007 -0.200675 0.600000 0.000000
1619610857108 -0.200675 0.600000 0.000000
1619610857209 -0.200675 0.600000 0.000000
1619610857310 -0.200675 0.600000 0.000000
1619610857411 -0.200675 0.600000 0.000000
1619610857512 -0.200675 0.600000 0.000000
1619610857612 -0.200675 0.600000 0.000000
1619610857713 -0.200675 0.600000 0.000000
1619610857814 -0.200675 0.600000 0.000000
1619610857916 -0.200675 0.600000 0.000000
1619610858017 -0.200675 0.600000 0.000000
1619610858118 -0.200675 0.600000 0.000000
1619610858219 -0.200675 0.600000 0.000000
1619610858319 -0.200675 0.600000 0.000000
1619610858420 -0.200675 0.600000 0.000000
1619610858521 -0.200675 0.600000 0.000000
1619610858622 -0.200675 0.600000 0.000000
1619610858723 -0.200675 0.600000 0.000000
1619610858823 -0.200675 0.600000 0.000000
1619610858924 -0.200675 0.600000 0.000000
1619610859025 -0.200675 0.600000 0.000000
1619610859126 -0.200675 0.600000 0.000000
1619610859227 -0.200675 0.600000 0.000000
1619610859327 -0.200675 0.600000 0.000000
1619610859428 -0.200675 0.600000 0.000000
1619610859529 -0.200675 0.600000 0.000000
1619610859630 -0.200675 0.600000 0.000000
1619610859731 -0.200675 0.600000 0.000000
1619610859832 -0.200675 0.600000 0.000000
1619610859933 -0.200675 0.600000 0.000000
1619610860033 -0.200675 0.600000 0.000000
1619610860134 -0.200675 0.600000 0.000000
1619610860236 -0.200675 0.600000 0.000000
1619610860337 -0.200675 0.600000 0.000000
1619610860438 -0.200675 0.600000 0.000000
1619610860538 -0.200675 0.600000 0.000000
1619610860639 -0.200675 0.600000 0.000000
1619610860740 -0.200675 0.600000 0.000000
1619610860841 -0.200675 0.600000 0.000000
1619610860942 -0.200675 0.600000 0.000000
1619610861043 -0.200675 0.600000 0.000000
1619610861144 -0.200675 0.600000 0.000000
1619610861244 -0.200675 0.600000 0.000000
1619610861345 -0.200675 0.600000 0.000000
1619610861446 -0.200675 0.600000 0.000000
1619610861547 -0.200675 0.600000 0.000000
1619610861648 -0.200675 0.600000 0.000000
1619610861749 -0.200675 0.600000 0.000000
1619610861849 -0.200675 0.600000 0.000000
1619610861950 -0.200675 0.600000 0.000000
1619610862051 -0.200675 0.600000 0.000000
1619610862152 -0.200675 0.600000 0.000000
1619610862253 -0.200675 0.600000 0.000000
1619610862354 -0.200675 0.600000 0.000000
1619610862455 -0.200675 0.600000 0.000000
1619610862555 -0.200675 0.600000 0.000000
1619610862656 -0.200675 0.600000 0.000000
1619610862757 -0.200675 0.600000 0.000000
1619610862858 -0.200675 0.600000 0.000000
1619610862959 -0.200675 0.600000 0.000000
1619610863060 -0.200675 0.600000 0.000000
1619610863161 -0.200675 0.600000 0.000000
1619610863261 -0.200675 0.600000 0.000000
1619610863362 -0.200675 0.600000 0.000000
1619610863463 -0.200675 0.600000 0.000000
1619610863564 -0.200675 0.600000 0.000000
1619610863665 -0.200675 0.600000 0.000000
1619610863766 -0.200675 0.600000 0.000000
1619610863866 -0.200675 0.600000 0.000000
1619610863967 -0.200675 0.600000 0.000000
1619610864068 -0.200675 0.600000 0.000000
1619610864169 -0.200675 0.600000 0.000000
1619610864270 -0.200675 0.600000 0.000000
1619610864371 -0.200675 0.600000 0.000000
1619610864472 -0.200675 0.600000 0.000000
1619610864572 -0.200675 0.600000 0.000000
1619610864673 -0.200675 0.600000 0.000000
1619610864774 -0.200675 0.600000 0.000000
1619610864875 -0.200675 0.600000 0.000000
1619610864977 -0.200675 0.600000 0.000000
1619610865077 -0.200675 0.600000 0.000000
1619610865178 -0.200675 0.600000 0.000000
1619610865279 -0.200675 0.600000 0.000000
1619610865380 -0.200675 0.600000 0.000000
1619610865481 -0.200675 0.600000 0.000000
1619610865581 -0.200675 0.600000 0.000000
