brake_data,Timestamp,Action,Bump,Traffic congestion
0.0,1576139951362,0,0,0
0.0,1576139951812,0,0,0
0.0,1576139952262,0,0,0
0.0,1576139952712,0,0,0
0.0,1576139953162,0,0,0
0.0,1576139953612,0,0,0
0.0,1576139954062,0,0,0
0.0,1576139954512,0,0,0
0.0,1576139954962,0,0,0
0.0,1576139955412,0,0,0
0.0,1576139955882,0,0,0
0.0,1576139956332,0,0,0
0.0,1576139956784,0,0,0
0.0,1576139957232,0,0,0
0.0,1576139957682,0,0,0
0.0,1576139958132,0,0,0
0.0,1576139958582,0,0,0
0.0,1576139959032,0,0,0
0.0,1576139959482,0,0,0
0.0,1576139959932,0,0,0
0.0,1576139960382,0,0,0
0.0,1576139960832,0,0,0
0.0,1576139961282,0,0,0
0.0,1576139961732,0,0,0
0.0,1576139962182,0,0,0
0.0,1576139962632,0,0,0
0.0,1576139963082,0,0,0
0.0,1576139963532,0,0,0
0.0,1576139963982,0,0,0
0.0,1576139964432,0,0,0
0.0,1576139964882,0,0,0
0.0,1576139965332,0,0,0
0.0,1576139965782,0,0,0
0.0,1576139966232,0,0,0
0.0,1576139966682,0,0,0
0.0,1576139967132,0,0,0
0.0,1576139967582,0,0,0
0.0,1576139968032,0,0,0
0.0,1576139968482,0,0,0
0.0,1576139968932,0,0,0
0.0,1576139969382,0,0,0
0.0,1576139969832,0,0,0
0.0,1576139970282,0,0,0
0.0,1576139970732,0,0,0
0.0,1576139971182,0,0,0
0.0,1576139971632,0,0,0
0.0,1576139972082,0,0,0
0.0,1576139972532,0,0,0
0.0,1576139972982,0,0,0
0.0,1576139973432,0,0,0
0.0,1576139973882,0,0,0
0.0,1576139974332,0,0,0
0.0,1576139974782,0,0,0
0.0,1576139975232,0,0,0
0.0,1576139975682,0,0,0
0.0,1576139976132,0,0,0
0.0,1576139976582,0,0,0
0.0,1576139977032,0,0,0
0.0,1576139977482,0,0,0
0.0,1576139977932,0,0,0
0.0,1576139978382,0,0,0
0.0,1576139978832,0,0,0
0.0,1576139979282,0,0,0
0.0,1576139979732,0,0,0
0.0,1576139980182,0,0,0
0.0,1576139980633,0,0,0
0.0,1576139981082,0,0,0
0.0,1576139981532,0,0,0
0.0,1576139981983,0,0,0
0.0,1576139982433,0,0,0
0.0,1576139982883,0,0,0
0.0,1576139983333,0,0,0
0.0,1576139983783,0,0,0
0.0,1576139984233,0,0,0
0.0,1576139984683,0,0,0
0.0,1576139985133,0,0,0
0.0,1576139985583,0,0,0
0.0,1576139986033,0,0,0
0.0,1576139986483,0,0,0
0.0,1576139986933,0,0,0
0.0,1576139987383,0,0,0
0.0,1576139987833,0,0,0
0.0,1576139988283,0,0,0
0.0,1576139988733,0,0,0
0.0,1576139989183,0,0,0
0.0,1576139989633,0,0,0
0.0,1576139990083,0,0,0
0.0,1576139990533,0,0,0
0.0,1576139990983,0,0,0
0.0,1576139991433,0,0,0
0.0,1576139991883,0,0,0
0.0,1576139992333,0,0,0
0.0,1576139992783,0,0,0
0.0,1576139993233,0,0,0
0.0,1576139993683,0,0,0
0.0,1576139994133,0,0,0
0.0,1576139994583,0,0,0
0.0,1576139995033,0,0,0
0.0,1576139995483,0,0,0
0.0,1576139995933,0,0,0
0.0,1576139996383,0,0,0
0.0,1576139996833,0,0,0
0.0,1576139997283,0,0,0
0.0,1576139997733,0,0,0
0.0,1576139998183,0,0,0
0.0,1576139998633,0,0,0
0.0,1576139999083,0,0,0
0.0,1576139999533,0,0,0
0.0,1576139999983,0,0,0
0.0,1576140000433,0,0,0
0.0,1576140000883,0,0,0
0.0,1576140001333,0,0,0
0.0,1576140001783,0,0,0
0.0,1576140002233,0,0,0
0.0,1576140002683,0,0,0
0.0,1576140003133,0,0,0
0.0,1576140003583,0,0,0
0.0,1576140004033,0,0,0
0.0,1576140004483,0,0,0
0.0,1576140004933,0,0,0
0.03,1576140005383,0,0,0
0.81,1576140005833,0,0,0
3.27,1576140006283,0,0,0
5.73,1576140006733,0,0,0
5.52,1576140007183,0,0,0
4.83,1576140007633,0,0,0
4.62,1576140008083,0,0,0
3.81,1576140008533,0,0,0
3.18,1576140008983,0,0,0
0.18,1576140009433,0,0,0
0.0,1576140009883,0,0,0
0.0,1576140010333,0,0,0
0.0,1576140010783,0,0,0
0.0,1576140011233,4,0,0
0.0,1576140011683,4,0,0
0.0,1576140012133,4,0,0
0.0,1576140012583,4,0,0
0.0,1576140013033,4,0,0
0.0,1576140013483,4,0,0
0.0,1576140013933,4,0,0
0.0,1576140014383,4,0,0
0.0,1576140014833,4,0,0
0.0,1576140015283,4,0,0
0.0,1576140015733,4,0,0
0.0,1576140016183,4,0,0
0.0,1576140016633,4,0,0
0.0,1576140017083,4,0,0
0.0,1576140017533,4,0,0
0.0,1576140017983,4,0,0
0.0,1576140018433,4,0,0
0.0,1576140018883,4,0,0
0.0,1576140019333,4,0,0
0.0,1576140019783,4,0,0
0.0,1576140020233,4,0,0
0.0,1576140020683,4,0,0
0.0,1576140021133,4,0,0
0.0,1576140021583,1,0,0
0.0,1576140022034,1,0,0
0.0,1576140022483,1,0,0
0.0,1576140022933,1,0,0
0.0,1576140023383,1,0,0
0.0,1576140023833,1,0,0
0.0,1576140024283,1,0,0
0.0,1576140024733,1,0,0
0.0,1576140025183,1,0,0
0.0,1576140025633,1,0,0
0.0,1576140026084,1,0,0
0.0,1576140026533,1,0,0
0.0,1576140026983,1,0,0
0.0,1576140027433,1,0,0
0.0,1576140027883,1,0,0
0.0,1576140028333,1,0,0
0.0,1576140028783,1,0,0
0.0,1576140029233,1,0,0
0.0,1576140029684,1,0,0
0.0,1576140030133,1,0,0
0.0,1576140030583,1,0,0
0.0,1576140031033,1,0,0
0.0,1576140031483,1,0,0
0.0,1576140031933,1,0,0
0.0,1576140032387,1,0,0
0.0,1576140032843,1,0,0
0.0,1576140033293,1,0,0
0.0,1576140033743,1,0,0
0.0,1576140034183,1,0,0
0.0,1576140034633,1,0,0
0.0,1576140035084,1,0,0
0.0,1576140035533,1,0,0
0.0,1576140035983,1,0,0
0.0,1576140036433,1,0,0
0.0,1576140036883,1,0,0
0.0,1576140037333,1,0,0
0.0,1576140037783,1,0,0
0.0,1576140038233,1,0,0
0.0,1576140038683,1,0,0
0.0,1576140039133,1,0,0
0.0,1576140039583,1,0,0
0.0,1576140040033,1,0,0
0.0,1576140040483,1,0,0
0.0,1576140040933,1,0,0
0.0,1576140041383,1,0,0
0.0,1576140041833,1,0,0
0.0,1576140042283,1,0,0
0.0,1576140042733,1,0,0
0.0,1576140043183,1,0,0
0.0,1576140043633,1,0,0
0.0,1576140044083,1,0,0
0.0,1576140044523,1,0,0
0.0,1576140044973,1,0,0
0.0,1576140045433,1,0,0
0.0,1576140045883,4,0,0
0.0,1576140046333,4,0,0
0.0,1576140046783,4,0,0
0.0,1576140047233,4,0,0
0.0,1576140047683,4,0,0
0.0,1576140048133,4,0,0
0.0,1576140048583,4,0,0
0.0,1576140049034,4,0,0
0.0,1576140049483,4,0,0
0.0,1576140049933,4,0,0
0.0,1576140050383,4,0,0
0.0,1576140050833,4,0,0
0.0,1576140051283,4,0,0
0.12,1576140051733,4,0,0
0.27,1576140052183,4,0,0
0.48,1576140052633,4,0,0
0.48,1576140053083,4,0,0
0.36,1576140053533,4,0,0
0.0,1576140053983,4,0,0
0.0,1576140054434,4,0,0
0.0,1576140054883,4,0,0
0.12,1576140055333,4,0,0
0.42,1576140055783,4,0,0
0.39,1576140056243,1,0,0
0.03,1576140056693,1,0,0
0.09,1576140057143,1,0,0
0.21,1576140057593,1,0,0
0.36,1576140058043,1,0,0
0.45,1576140058493,1,0,0
0.45,1576140058943,1,0,0
0.51,1576140059393,1,0,0
0.66,1576140059843,1,0,0
0.78,1576140060293,1,0,0
0.81,1576140060743,1,0,0
0.84,1576140061193,1,0,0
0.96,1576140061643,1,0,0
0.9,1576140062093,1,0,0
0.48,1576140062543,1,0,0
0.75,1576140062993,1,0,0
0.9,1576140063444,1,0,0
0.96,1576140063894,1,0,0
0.96,1576140064343,1,0,0
0.57,1576140064793,1,0,0
0.6,1576140065243,1,0,0
0.39,1576140065693,1,0,0
0.36,1576140066144,1,0,0
0.3,1576140066593,1,0,0
0.36,1576140067044,1,0,0
0.42,1576140067494,1,0,0
0.42,1576140067943,1,0,0
0.15,1576140068394,1,0,0
0.0,1576140068843,1,0,0
0.03,1576140069294,1,0,0
0.15,1576140069744,1,0,0
0.24,1576140070194,1,0,0
0.3,1576140070644,1,0,0
0.36,1576140071094,1,0,0
0.36,1576140071544,1,0,0
0.33,1576140071994,1,0,0
0.33,1576140072444,1,0,0
0.42,1576140072894,1,0,0
0.51,1576140073344,1,0,0
0.63,1576140073794,1,0,0
0.63,1576140074244,1,0,0
0.63,1576140074694,1,0,0
0.63,1576140075144,1,0,0
0.63,1576140075594,1,0,0
0.63,1576140076044,1,0,0
0.09,1576140076494,1,0,0
0.15,1576140076944,0,0,0
0.09,1576140077394,0,0,0
0.0,1576140077844,0,0,0
0.0,1576140078294,1,0,0
0.0,1576140078744,1,0,0
0.0,1576140079194,1,0,0
0.0,1576140079644,1,0,0
0.0,1576140080094,1,0,0
0.0,1576140080544,1,0,0
0.0,1576140080994,1,0,0
0.0,1576140081444,1,0,0
0.0,1576140081894,1,0,0
0.0,1576140082344,1,0,0
0.0,1576140082794,1,0,0
0.0,1576140083244,1,0,0
0.0,1576140083694,1,0,0
0.0,1576140084144,1,0,0
0.0,1576140084594,1,0,0
0.0,1576140085044,1,0,0
0.0,1576140085494,1,0,0
0.0,1576140085944,1,0,0
0.0,1576140086394,1,0,0
0.0,1576140086844,1,0,0
0.0,1576140087294,1,0,0
0.0,1576140087744,1,0,0
0.0,1576140088194,1,0,0
0.0,1576140088644,1,0,0
0.0,1576140089094,1,0,0
0.0,1576140089544,1,0,0
0.0,1576140089994,1,0,0
0.0,1576140090444,1,0,0
0.0,1576140090894,1,0,0
0.0,1576140091344,1,0,0
0.0,1576140091794,1,0,0
0.0,1576140092244,1,0,0
0.0,1576140092694,1,0,0
0.0,1576140093144,1,0,0
0.0,1576140093595,1,0,0
0.0,1576140094044,1,0,0
0.0,1576140094494,1,0,0
0.0,1576140094944,1,0,0
0.0,1576140095394,1,0,0
0.0,1576140095844,1,0,0
0.0,1576140096294,1,0,0
0.0,1576140096744,1,0,0
0.0,1576140097194,1,0,0
0.0,1576140097644,1,0,0
0.0,1576140098094,1,0,0
0.0,1576140098544,1,0,0
0.0,1576140098994,1,0,0
0.0,1576140099445,1,0,0
0.0,1576140099894,1,0,0
0.0,1576140100344,1,0,0
0.0,1576140100794,1,0,0
0.0,1576140101244,1,0,0
0.0,1576140101694,1,0,0
0.0,1576140102144,1,0,0
0.0,1576140102594,1,0,0
0.0,1576140103044,1,0,0
0.0,1576140103494,1,0,0
0.0,1576140103944,1,0,0
0.0,1576140104394,1,0,0
0.0,1576140104844,1,0,0
0.0,1576140105294,1,0,0
0.0,1576140105744,1,0,0
0.0,1576140106194,1,0,0
0.0,1576140106644,1,0,0
0.0,1576140107094,1,0,0
0.0,1576140107544,1,0,0
0.0,1576140107994,1,0,0
0.0,1576140108444,1,0,0
0.0,1576140108894,1,0,0
0.0,1576140109344,1,0,0
0.0,1576140109794,1,0,0
0.0,1576140110244,1,0,0
0.0,1576140110694,1,0,0
0.0,1576140111144,1,0,0
0.0,1576140111594,1,0,0
0.0,1576140112044,1,0,0
0.0,1576140112494,1,0,0
0.0,1576140112944,1,0,0
0.0,1576140113397,1,0,0
0.0,1576140113845,1,0,0
0.0,1576140114294,1,0,0
0.0,1576140114745,1,0,0
0.0,1576140115184,1,0,0
0.0,1576140115634,1,0,0
0.0,1576140116084,1,0,0
0.0,1576140116534,1,0,0
0.0,1576140116984,1,0,0
0.0,1576140117434,1,0,0
0.0,1576140117884,1,0,0
0.0,1576140118335,1,0,0
0.0,1576140118784,1,0,0
0.0,1576140119234,1,0,0
0.0,1576140119684,1,0,0
0.0,1576140120134,1,0,0
0.0,1576140120584,1,0,0
0.0,1576140121034,1,0,0
0.0,1576140121484,1,0,0
0.0,1576140121935,1,0,0
0.0,1576140122385,1,0,0
0.0,1576140122835,1,0,0
0.0,1576140123285,1,0,0
0.0,1576140123735,1,0,0
0.0,1576140124185,1,0,0
0.0,1576140124635,1,0,0
0.0,1576140125085,1,0,0
0.0,1576140125535,1,0,0
0.0,1576140125985,1,0,0
0.0,1576140126435,1,0,0
0.0,1576140126885,1,0,0
0.0,1576140127335,1,0,0
0.0,1576140127785,1,0,0
0.0,1576140128235,1,0,0
0.0,1576140128685,1,0,0
0.0,1576140129135,1,0,0
0.0,1576140129585,1,0,0
0.0,1576140130035,1,0,0
0.0,1576140130485,1,0,0
0.0,1576140130935,1,0,0
0.0,1576140131385,1,0,0
0.0,1576140131835,1,0,0
0.0,1576140132285,1,0,0
0.0,1576140132735,1,0,0
0.0,1576140133185,1,0,0
0.0,1576140133635,1,0,0
0.0,1576140134085,1,0,0
0.0,1576140134535,1,0,0
0.0,1576140134985,1,0,0
0.0,1576140135435,1,0,0
0.0,1576140135885,1,0,0
0.0,1576140136335,1,0,0
0.3,1576140136785,1,0,0
0.39,1576140137235,1,0,0
0.06,1576140137685,1,0,0
0.06,1576140138135,1,0,0
0.06,1576140138585,1,0,0
0.06,1576140139035,1,0,0
0.06,1576140139485,1,0,0
0.0,1576140139935,1,0,0
0.0,1576140140385,1,0,0
0.0,1576140140835,1,0,0
0.0,1576140141285,1,0,0
0.0,1576140141735,1,0,0
0.0,1576140142185,1,0,0
0.0,1576140142635,1,0,0
0.0,1576140143085,1,0,0
0.0,1576140143535,1,0,0
0.21,1576140143984,1,0,0
0.57,1576140144435,1,0,0
0.36,1576140144884,1,0,0
0.0,1576140145335,1,0,0
0.0,1576140145785,1,0,0
0.51,1576140146234,1,0,0
0.09,1576140146685,1,0,0
0.18,1576140147135,1,0,0
0.42,1576140147585,1,0,0
0.69,1576140148035,1,0,0
0.03,1576140148485,1,0,0
0.0,1576140148935,1,0,0
0.0,1576140149385,1,0,0
0.03,1576140149835,1,0,0
0.3,1576140150285,1,0,0
0.54,1576140150735,1,0,0
0.6,1576140151195,1,0,0
0.36,1576140151645,1,0,0
0.42,1576140152095,1,0,0
0.45,1576140152545,1,0,0
0.0,1576140152995,1,0,0
0.0,1576140153445,1,0,0
0.09,1576140153895,1,0,0
0.09,1576140154345,1,0,0
0.15,1576140154795,1,0,0
0.18,1576140155245,1,0,0
0.48,1576140155695,1,0,0
0.69,1576140156145,1,0,0
0.78,1576140156595,1,0,0
1.47,1576140157045,1,0,0
2.16,1576140157495,1,0,0
3.18,1576140157945,1,0,0
3.33,1576140158395,1,0,0
2.31,1576140158845,1,0,0
1.35,1576140159295,1,0,0
1.2,1576140159745,1,0,0
0.15,1576140160195,1,0,0
0.09,1576140160645,1,0,0
0.51,1576140161095,1,0,0
0.78,1576140161545,1,0,0
0.93,1576140161995,1,0,0
0.96,1576140162445,1,0,0
0.99,1576140162895,1,0,0
1.26,1576140163345,1,0,0
1.41,1576140163795,1,0,0
1.44,1576140164245,1,0,0
1.47,1576140164695,0,0,0
1.5,1576140165145,0,0,0
1.53,1576140165595,0,0,0
0.9,1576140166045,0,0,0
655.33,1576140166495,0,0,0
0.12,1576140166945,0,0,0
0.66,1576140167395,0,0,0
0.69,1576140167845,0,0,0
0.48,1576140168295,1,0,0
0.18,1576140168745,1,0,0
0.0,1576140169195,1,0,0
0.0,1576140169645,1,0,0
0.0,1576140170095,1,0,0
0.0,1576140170545,1,0,0
0.0,1576140170995,1,0,0
0.0,1576140171455,1,0,0
0.0,1576140171905,1,0,0
0.0,1576140172355,1,0,0
0.0,1576140172805,1,0,0
0.0,1576140173255,1,0,0
0.0,1576140173705,1,0,0
0.0,1576140174155,1,0,0
0.0,1576140174605,1,0,0
0.0,1576140175055,1,0,0
0.0,1576140175505,1,0,0
0.0,1576140175955,1,0,0
0.0,1576140176405,1,0,0
0.0,1576140176855,1,0,0
0.0,1576140177305,1,0,0
0.0,1576140177755,1,0,0
0.0,1576140178205,1,0,0
0.0,1576140178655,1,0,0
0.0,1576140179105,1,0,0
0.0,1576140179555,1,0,0
0.0,1576140180005,1,0,0
0.0,1576140180455,1,0,0
0.0,1576140180905,1,0,0
0.0,1576140181355,1,0,0
0.0,1576140181805,1,0,0
0.0,1576140182255,1,0,0
0.0,1576140182705,1,0,0
0.0,1576140183155,1,0,0
0.0,1576140183605,1,0,0
0.0,1576140184055,1,0,0
0.0,1576140184506,1,0,0
0.0,1576140184955,1,0,0
0.0,1576140185406,1,0,0
0.0,1576140185855,1,0,0
0.0,1576140186306,1,0,0
0.0,1576140186755,1,0,0
0.0,1576140187205,1,0,0
0.0,1576140187655,1,0,0
0.0,1576140188105,1,0,0
0.0,1576140188555,1,0,0
0.0,1576140189005,1,0,0
0.0,1576140189455,1,0,0
0.0,1576140189905,1,0,0
0.0,1576140190355,1,0,0
0.0,1576140190806,1,0,0
0.0,1576140191255,1,0,0
0.0,1576140191706,1,0,0
0.0,1576140192156,1,0,0
0.0,1576140192605,1,0,0
0.0,1576140193055,1,0,0
0.0,1576140193505,1,0,0
0.0,1576140193956,1,0,0
0.0,1576140194406,1,0,0
0.0,1576140194855,1,0,0
0.0,1576140195305,1,0,0
0.0,1576140195756,1,0,0
0.0,1576140196205,1,0,0
0.0,1576140196655,1,0,0
0.0,1576140197105,1,0,0
0.0,1576140197555,1,0,0
0.0,1576140198005,1,0,0
0.0,1576140198456,1,0,0
0.0,1576140198905,1,0,0
0.0,1576140199355,1,0,0
0.0,1576140199805,1,0,0
0.0,1576140200255,1,0,0
0.0,1576140200706,1,0,0
0.0,1576140201156,1,0,0
0.0,1576140201606,1,0,0
0.0,1576140202056,1,0,0
0.0,1576140202506,1,0,0
0.0,1576140202955,1,0,0
0.0,1576140203405,1,0,0
0.0,1576140203856,1,0,0
0.0,1576140204305,1,0,0
0.0,1576140204755,1,0,0
0.0,1576140205205,1,0,0
0.0,1576140205656,1,0,0
0.0,1576140206106,1,0,0
0.0,1576140206556,1,0,0
0.0,1576140207006,1,0,0
0.0,1576140207456,1,0,0
0.0,1576140207906,1,0,0
0.0,1576140208356,1,0,0
0.0,1576140208806,1,0,0
0.0,1576140209256,1,0,0
0.0,1576140209706,1,0,0
0.0,1576140210156,1,0,0
0.0,1576140210606,1,0,0
0.0,1576140211056,1,0,0
0.0,1576140211506,1,0,0
0.0,1576140211956,1,0,0
0.0,1576140212406,1,0,0
0.0,1576140212856,1,0,0
0.0,1576140213306,1,0,0
0.0,1576140213756,1,0,0
0.0,1576140214206,1,0,0
0.0,1576140214656,1,0,0
0.0,1576140215106,1,0,0
0.0,1576140215556,1,0,0
0.0,1576140216006,1,0,0
0.0,1576140216456,1,0,0
0.0,1576140216906,1,0,0
0.0,1576140217356,1,0,0
0.0,1576140217806,1,0,0
0.0,1576140218256,1,0,0
0.0,1576140218706,1,0,0
0.0,1576140219156,1,0,0
0.0,1576140219606,1,0,0
0.0,1576140220056,1,0,0
0.0,1576140220506,1,0,0
0.0,1576140220956,1,0,0
0.0,1576140221406,1,0,0
0.0,1576140221856,1,0,0
0.0,1576140222306,1,0,0
0.0,1576140222756,1,0,0
0.0,1576140223206,1,0,0
0.0,1576140223656,1,0,0
0.0,1576140224106,1,0,0
0.0,1576140224556,1,0,0
0.0,1576140225006,1,0,0
0.0,1576140225456,1,0,0
0.0,1576140225906,1,0,0
0.0,1576140226356,1,0,0
0.0,1576140226806,1,0,0
0.0,1576140227256,1,0,0
0.0,1576140227706,1,0,0
0.0,1576140228156,1,0,0
0.0,1576140228606,1,0,0
0.0,1576140229056,1,0,0
0.0,1576140229506,1,0,0
0.0,1576140229956,1,0,0
0.0,1576140230406,1,0,0
0.0,1576140230856,1,0,0
0.0,1576140231306,1,0,0
0.0,1576140231756,1,0,0
0.0,1576140232206,1,0,0
0.0,1576140232656,1,0,0
0.0,1576140233106,1,0,0
0.0,1576140233556,1,0,0
0.0,1576140234006,1,0,0
0.0,1576140234456,1,0,0
0.0,1576140234906,1,0,0
0.0,1576140235356,1,0,0
0.0,1576140235806,1,0,0
0.0,1576140236256,1,0,0
0.0,1576140236706,1,0,0
0.0,1576140237156,1,0,0
0.0,1576140237606,1,0,0
0.0,1576140238056,1,0,0
0.0,1576140238506,1,0,0
0.0,1576140238956,1,0,0
0.0,1576140239406,1,0,0
0.0,1576140239856,1,0,0
0.0,1576140240306,1,0,0
0.0,1576140240756,1,0,0
0.0,1576140241206,1,0,0
0.0,1576140241656,1,0,0
0.0,1576140242106,1,0,0
0.0,1576140242556,1,0,0
0.0,1576140243006,1,0,0
0.0,1576140243456,1,0,0
0.0,1576140243906,1,0,0
0.0,1576140244356,1,0,0
0.0,1576140244806,1,0,0
0.0,1576140245256,1,0,0
0.0,1576140245706,1,0,0
0.0,1576140246156,1,0,0
0.0,1576140246606,1,0,0
0.0,1576140247056,1,0,0
0.0,1576140247506,1,0,0
0.0,1576140247956,1,0,0
0.0,1576140248406,1,0,0
0.0,1576140248856,1,0,0
0.0,1576140249306,1,0,0
0.0,1576140249756,1,0,0
0.0,1576140250206,1,0,0
0.0,1576140250656,1,0,0
0.0,1576140251106,1,0,0
0.0,1576140251556,1,0,0
0.0,1576140252006,1,0,0
0.0,1576140252456,1,0,0
0.0,1576140252906,1,0,0
0.0,1576140253356,1,0,0
0.0,1576140253806,1,0,0
0.0,1576140254256,1,0,0
0.0,1576140254706,1,0,0
0.0,1576140255156,1,0,0
0.0,1576140255606,1,0,0
0.0,1576140256056,1,0,0
0.0,1576140256506,1,0,0
0.0,1576140256956,1,0,0
0.0,1576140257406,1,0,0
0.0,1576140257856,1,0,0
0.0,1576140258306,1,0,0
0.0,1576140258756,1,0,0
0.0,1576140259206,1,0,0
0.0,1576140259656,1,0,0
0.0,1576140260106,1,0,0
0.0,1576140260556,1,0,0
0.0,1576140261006,1,0,0
0.0,1576140261456,1,0,0
0.0,1576140261906,1,0,0
0.0,1576140262356,1,0,0
0.0,1576140262806,1,0,0
0.0,1576140263256,1,0,0
0.0,1576140263706,1,0,0
0.0,1576140264156,1,0,0
0.0,1576140264606,1,0,0
0.0,1576140265056,1,0,0
0.0,1576140265506,1,0,0
0.0,1576140265956,1,0,0
0.0,1576140266406,1,0,0
0.0,1576140266856,1,0,0
0.0,1576140267306,1,0,0
0.0,1576140267756,1,0,0
0.0,1576140268206,1,0,0
0.0,1576140268656,1,0,0
0.0,1576140269106,1,0,0
0.0,1576140269556,1,0,0
0.0,1576140270006,1,0,0
0.0,1576140270456,1,0,0
0.0,1576140270906,1,0,0
0.0,1576140271356,1,0,0
0.0,1576140271806,1,0,0
0.0,1576140272256,1,0,0
0.0,1576140272706,1,0,0
0.0,1576140273156,1,0,0
0.0,1576140273606,1,0,0
0.51,1576140274056,1,0,0
1.32,1576140274516,1,0,0
0.99,1576140274976,1,0,0
0.93,1576140275426,1,0,0
0.09,1576140275876,1,0,0
0.03,1576140276326,1,0,0
0.06,1576140276776,1,0,0
0.3,1576140277226,1,0,0
0.24,1576140277666,1,0,0
0.0,1576140278116,1,0,0
0.0,1576140278566,1,0,0
0.0,1576140279016,1,0,0
0.0,1576140279466,1,0,0
0.06,1576140279916,1,0,0
0.12,1576140280366,1,0,0
0.12,1576140280816,1,0,0
0.12,1576140281266,1,0,0
0.12,1576140281716,1,0,0
655.3,1576140282166,1,0,0
0.0,1576140282616,1,0,0
0.0,1576140283066,1,0,0
0.0,1576140283516,1,0,0
0.0,1576140283966,1,0,0
0.0,1576140284416,1,0,0
0.0,1576140284866,1,0,0
0.0,1576140285316,1,0,0
0.0,1576140285766,1,0,0
0.27,1576140286216,1,0,0
0.27,1576140286666,1,0,0
0.3,1576140287117,1,0,0
0.33,1576140287566,1,0,0
0.39,1576140288016,1,0,0
0.6,1576140288467,1,0,0
0.09,1576140288917,1,0,0
0.06,1576140289367,1,0,0
0.09,1576140289817,1,0,0
0.09,1576140290266,1,0,0
0.12,1576140290717,1,0,0
0.27,1576140291166,1,0,0
0.3,1576140291617,1,0,0
0.3,1576140292066,1,0,0
0.33,1576140292516,1,0,0
0.33,1576140292967,1,0,0
0.33,1576140293417,1,0,0
0.36,1576140293867,1,0,0
0.36,1576140294317,1,0,0
0.39,1576140294767,1,0,0
0.63,1576140295217,1,0,0
0.03,1576140295667,1,0,0
0.03,1576140296117,1,0,0
0.03,1576140296567,1,0,0
0.15,1576140297017,1,0,0
0.27,1576140297467,1,0,0
0.18,1576140297917,1,0,0
0.18,1576140298367,1,0,0
655.3,1576140298817,1,0,0
0.06,1576140299267,1,0,0
0.09,1576140299717,1,0,0
0.09,1576140300167,1,0,0
0.09,1576140300617,1,0,0
0.06,1576140301067,1,0,0
0.0,1576140301517,1,0,0
0.06,1576140301967,1,0,0
0.09,1576140302417,1,0,0
0.09,1576140302867,1,0,0
0.06,1576140303317,1,0,0
0.06,1576140303767,1,0,0
0.12,1576140304217,1,0,0
0.21,1576140304667,1,0,0
0.0,1576140305117,1,0,0
0.12,1576140305567,1,0,0
0.15,1576140306017,1,0,0
0.39,1576140306467,1,0,0
0.39,1576140306917,1,0,0
655.33,1576140307367,1,0,0
0.09,1576140307817,2,0,0
0.36,1576140308267,2,0,0
0.48,1576140308717,2,0,0
0.3,1576140309167,2,0,0
0.3,1576140309617,2,0,0
0.33,1576140310067,2,0,0
0.69,1576140310517,2,0,0
0.93,1576140310967,2,0,0
0.96,1576140311417,2,0,0
0.99,1576140311867,2,0,0
0.99,1576140312317,2,0,0
1.05,1576140312767,2,0,0
0.18,1576140313217,4,0,0
0.57,1576140313667,4,0,0
0.72,1576140314117,4,0,0
0.69,1576140314567,4,0,0
655.33,1576140315017,4,0,0
0.0,1576140315467,4,0,0
0.06,1576140315917,4,0,0
0.51,1576140316367,4,0,0
0.84,1576140316817,4,0,0
1.23,1576140317268,4,0,0
1.35,1576140317717,4,0,0
1.5,1576140318167,4,0,0
1.56,1576140318617,4,0,0
1.14,1576140319067,4,0,0
1.05,1576140319517,4,0,0
0.96,1576140319967,1,0,0
0.93,1576140320417,1,0,0
0.69,1576140320867,1,0,0
0.45,1576140321317,1,0,0
0.39,1576140321767,1,0,0
0.39,1576140322217,1,0,0
0.72,1576140322667,1,0,0
0.09,1576140323117,1,0,0
0.45,1576140323567,1,0,0
0.78,1576140324017,1,0,0
0.24,1576140324467,1,0,0
0.18,1576140324917,1,0,0
0.12,1576140325367,1,0,0
0.21,1576140325817,1,0,0
0.45,1576140326267,1,0,0
0.81,1576140326717,1,0,0
0.87,1576140327168,1,0,0
0.93,1576140327617,1,0,0
0.93,1576140328067,1,0,0
0.39,1576140328517,1,0,0
0.66,1576140328967,1,0,0
0.72,1576140329417,1,0,0
0.75,1576140329867,1,0,0
0.78,1576140330317,1,0,0
0.78,1576140330767,1,0,0
0.81,1576140331217,1,0,0
0.81,1576140331667,1,0,0
1.47,1576140332117,1,0,0
1.56,1576140332567,1,0,0
3.87,1576140333017,1,0,0
2.61,1576140333467,0,0,0
2.58,1576140333917,0,0,0
4.62,1576140334367,0,0,0
3.06,1576140334817,0,0,0
2.82,1576140335267,0,0,0
2.79,1576140335717,0,0,0
2.76,1576140336167,0,0,0
2.73,1576140336617,0,0,0
2.73,1576140337067,0,0,0
2.73,1576140337517,0,0,0
2.7,1576140337967,0,0,0
2.7,1576140338417,0,0,0
2.7,1576140338867,0,0,0
2.7,1576140339317,0,0,0
2.7,1576140339767,0,0,0
2.7,1576140340217,0,0,0
2.7,1576140340667,0,0,0
2.67,1576140341117,0,0,0
2.67,1576140341567,0,0,0
2.67,1576140342017,0,0,0
2.67,1576140342467,0,0,0
2.67,1576140342917,0,0,0
2.67,1576140343367,0,0,0
2.67,1576140343817,0,0,0
2.67,1576140344267,0,0,0
2.64,1576140344717,0,0,0
2.64,1576140345167,0,0,0
2.64,1576140345617,0,0,0
3.81,1576140346067,0,0,0
3.69,1576140346517,0,0,0
3.18,1576140346968,0,0,0
3.12,1576140347417,0,0,0
3.09,1576140347867,0,0,0
3.06,1576140348317,0,0,0
3.0,1576140348767,0,0,0
2.88,1576140349217,0,0,0
2.85,1576140349667,0,0,0
2.82,1576140350117,0,0,0
2.82,1576140350567,0,0,0
2.79,1576140351017,0,0,0
2.79,1576140351467,0,0,0
2.79,1576140351917,0,0,0
2.79,1576140352367,0,0,0
2.79,1576140352817,0,0,0
2.79,1576140353267,0,0,0
2.79,1576140353717,0,0,0
2.76,1576140354167,0,0,0
2.76,1576140354617,0,0,0
2.76,1576140355067,0,0,0
2.76,1576140355517,0,0,0
2.76,1576140355967,0,0,0
2.76,1576140356417,0,0,0
2.76,1576140356867,0,0,0
2.76,1576140357317,0,0,0
2.67,1576140357767,0,0,0
2.43,1576140358217,0,0,0
0.15,1576140358667,0,0,0
0.0,1576140359117,0,0,0
0.0,1576140359567,-1,0,0
0.0,1576140360017,-1,0,0
0.0,1576140360467,-1,0,0
0.0,1576140360917,-1,0,0
0.0,1576140361367,-1,0,0
0.0,1576140361817,-1,0,0
0.0,1576140362267,-1,0,0
0.0,1576140362717,-1,0,0
0.0,1576140363167,-1,0,0
0.0,1576140363617,-1,0,0
0.0,1576140364067,-1,0,0
0.0,1576140364517,-1,0,0
0.0,1576140364967,-1,0,0
0.0,1576140365417,-1,0,0
0.0,1576140365867,1,0,0
0.0,1576140366317,1,0,0
0.0,1576140366767,1,0,0
0.0,1576140367217,1,0,0
0.0,1576140367667,1,0,0
0.0,1576140368117,1,0,0
0.0,1576140368567,1,0,0
0.0,1576140369017,1,0,0
0.0,1576140369467,1,0,0
0.0,1576140369918,1,0,0
0.0,1576140370367,1,0,0
0.0,1576140370817,1,0,0
0.0,1576140371267,2,0,0
0.0,1576140371717,2,0,0
0.0,1576140372167,2,0,0
0.0,1576140372617,2,0,0
0.0,1576140373067,2,0,0
0.0,1576140373517,2,0,0
0.0,1576140373967,2,0,0
0.0,1576140374417,2,0,0
0.0,1576140374867,2,0,0
0.0,1576140375317,2,0,0
0.0,1576140375767,2,0,0
0.0,1576140376217,2,0,0
0.0,1576140376667,2,0,0
0.0,1576140377117,2,0,0
0.0,1576140377567,2,0,0
0.0,1576140378017,2,0,0
0.0,1576140378467,2,0,0
0.0,1576140378917,2,0,0
0.0,1576140379367,2,0,0
0.0,1576140379817,2,0,0
0.0,1576140380267,2,0,0
0.0,1576140380717,2,0,0
0.0,1576140381167,2,0,0
0.0,1576140381617,2,0,0
0.0,1576140382067,2,0,0
0.0,1576140382517,2,0,0
0.0,1576140382968,2,0,0
0.57,1576140383417,2,0,0
0.09,1576140383867,2,0,0
0.24,1576140384317,2,0,0
0.3,1576140384767,1,0,0
0.6,1576140385218,1,0,0
0.69,1576140385667,1,0,0
0.06,1576140386117,1,0,0
0.57,1576140386567,1,0,0
0.99,1576140387017,1,0,0
0.81,1576140387467,1,0,0
1.14,1576140387917,1,0,0
0.66,1576140388367,1,0,0
0.51,1576140388817,1,0,0
0.36,1576140389267,1,0,0
0.12,1576140389717,1,0,0
0.3,1576140390168,1,0,0
0.06,1576140390618,1,0,0
0.27,1576140391068,1,0,0
0.03,1576140391518,1,0,0
0.0,1576140391968,1,0,0
0.0,1576140392418,1,0,0
0.0,1576140392868,1,0,0
0.0,1576140393318,1,0,0
0.0,1576140393768,1,0,0
0.0,1576140394218,1,0,0
0.0,1576140394668,1,0,0
0.0,1576140395118,1,0,0
0.0,1576140395568,1,0,0
0.0,1576140396018,1,0,0
0.0,1576140396468,1,0,0
0.0,1576140396918,1,0,0
0.0,1576140397368,1,0,0
0.0,1576140397818,1,0,0
0.0,1576140398268,1,0,0
0.0,1576140398718,1,0,0
0.0,1576140399168,1,0,0
0.0,1576140399618,1,0,0
0.0,1576140400068,1,0,0
0.0,1576140400518,1,0,0
0.0,1576140400968,1,0,0
0.0,1576140401418,1,0,0
0.0,1576140401868,1,0,0
0.0,1576140402318,1,0,0
0.15,1576140402768,1,0,0
0.69,1576140403218,1,0,0
0.66,1576140403668,1,0,0
0.06,1576140404118,1,0,0
0.15,1576140404568,1,0,0
0.03,1576140405018,1,0,0
0.09,1576140405468,1,0,0
0.0,1576140405918,1,0,0
0.0,1576140406368,1,0,0
0.0,1576140406818,1,0,0
0.0,1576140407268,1,0,0
0.0,1576140407718,1,0,0
0.0,1576140408168,1,0,0
0.0,1576140408618,1,0,0
0.0,1576140409068,1,0,0
0.0,1576140409518,1,0,0
0.0,1576140409968,1,0,0
0.0,1576140410418,1,0,0
0.0,1576140410868,1,0,0
0.0,1576140411318,1,0,0
0.0,1576140411768,1,0,0
0.0,1576140412218,1,0,0
0.09,1576140412668,1,0,0
0.45,1576140413118,1,0,0
0.12,1576140413568,4,0,0
0.21,1576140414018,4,0,0
0.15,1576140414468,4,0,0
0.0,1576140414918,4,0,0
0.0,1576140415368,4,0,0
0.0,1576140415818,4,0,0
0.0,1576140416268,4,0,0
0.57,1576140416718,4,0,0
1.83,1576140417168,4,0,0
2.31,1576140417618,4,0,0
2.13,1576140418068,4,0,0
655.3,1576140418518,4,0,0
0.0,1576140418968,4,0,0
0.0,1576140419418,4,0,0
0.0,1576140419868,4,0,0
0.0,1576140420318,4,0,0
0.0,1576140420768,4,0,0
0.0,1576140421218,4,0,0
0.0,1576140421668,4,0,0
0.0,1576140422118,4,0,0
0.0,1576140422568,4,0,0
0.0,1576140423018,4,0,0
0.0,1576140423468,4,0,0
0.18,1576140423918,1,0,0
0.66,1576140424369,1,0,0
0.33,1576140424818,1,0,0
0.6,1576140425268,1,0,0
0.42,1576140425718,1,0,0
0.33,1576140426168,1,0,0
655.33,1576140426618,1,0,0
0.0,1576140427068,1,0,0
0.0,1576140427518,1,0,0
0.0,1576140427969,1,0,0
0.0,1576140428418,1,0,0
0.0,1576140428868,1,0,0
0.0,1576140429318,1,0,0
0.0,1576140429768,1,0,0
0.0,1576140430218,1,0,0
0.0,1576140430668,1,0,0
0.0,1576140431118,1,0,0
0.0,1576140431568,1,0,0
0.0,1576140432018,1,0,0
0.0,1576140432468,1,0,0
0.0,1576140432918,1,0,0
0.0,1576140433368,1,0,0
0.0,1576140433818,1,0,0
0.0,1576140434268,1,0,0
0.0,1576140434718,1,0,0
0.0,1576140435168,1,0,0
0.0,1576140435618,1,0,0
0.0,1576140436068,1,0,0
0.0,1576140436518,1,0,0
0.0,1576140436968,1,0,0
0.0,1576140437418,1,0,0
0.12,1576140437868,1,0,0
0.42,1576140438318,1,0,0
0.0,1576140438768,1,0,0
0.0,1576140439218,1,0,0
0.0,1576140439668,1,0,0
0.0,1576140440118,1,0,0
0.0,1576140440568,1,0,0
0.0,1576140441018,1,0,0
0.0,1576140441468,1,0,0
0.0,1576140441918,1,0,0
0.0,1576140442368,1,0,0
0.0,1576140442818,4,0,0
0.0,1576140443268,4,0,0
0.0,1576140443718,4,0,0
0.0,1576140444168,4,0,0
0.0,1576140444618,4,0,0
0.0,1576140445068,4,0,0
0.0,1576140445518,4,0,0
0.0,1576140445968,4,0,0
1.17,1576140446418,4,0,0
0.9,1576140446868,4,0,0
0.75,1576140447318,4,0,0
0.6,1576140447768,4,0,0
1.02,1576140448218,4,0,0
1.08,1576140448668,4,0,0
0.75,1576140449118,4,0,0
0.0,1576140449568,4,0,0
0.0,1576140450018,4,0,0
0.0,1576140450468,4,0,0
0.0,1576140450918,4,0,0
0.18,1576140451368,4,0,0
0.51,1576140451818,4,0,0
0.81,1576140452268,1,0,1
0.87,1576140452718,1,0,1
0.51,1576140453168,1,0,1
0.54,1576140453618,1,0,1
0.99,1576140454068,1,0,1
0.6,1576140454518,1,0,1
0.81,1576140454968,1,0,1
0.57,1576140455418,1,0,1
0.9,1576140455868,1,0,1
0.63,1576140456318,1,0,1
1.68,1576140456768,1,0,1
1.77,1576140457218,1,0,1
1.8,1576140457668,1,0,1
1.83,1576140458118,0,0,1
1.86,1576140458568,0,0,1
1.89,1576140459018,0,0,1
1.92,1576140459468,0,0,1
1.98,1576140459918,0,0,1
2.01,1576140460368,0,0,1
2.01,1576140460818,0,0,1
2.04,1576140461268,0,0,1
2.07,1576140461718,0,0,1
2.07,1576140462168,0,0,1
2.07,1576140462618,0,0,1
2.07,1576140463068,0,0,1
0.51,1576140463518,0,0,1
0.0,1576140463968,0,0,1
0.0,1576140464418,0,0,1
0.0,1576140464868,0,0,1
0.0,1576140465319,0,0,1
0.0,1576140465768,1,0,0
0.0,1576140466218,1,0,0
0.0,1576140466668,1,0,0
0.0,1576140467118,1,0,0
0.0,1576140467568,1,0,0
0.0,1576140468018,1,0,0
0.0,1576140468468,1,0,0
0.0,1576140468918,1,0,0
0.0,1576140469368,1,0,0
0.0,1576140469818,1,0,0
0.0,1576140470268,1,0,0
0.0,1576140470718,1,0,0
0.0,1576140471168,1,0,0
0.0,1576140471618,1,0,0
0.0,1576140472069,1,0,0
0.0,1576140472518,1,0,0
0.0,1576140472968,1,0,0
0.0,1576140473418,1,0,0
0.0,1576140473868,1,0,0
0.0,1576140474318,1,0,0
0.0,1576140474768,1,0,0
0.0,1576140475218,1,0,0
0.0,1576140475668,1,0,0
0.0,1576140476118,1,0,0
0.0,1576140476578,1,0,0
0.0,1576140477028,1,0,0
0.0,1576140477478,1,0,0
0.0,1576140477928,1,0,0
0.0,1576140478378,1,0,0
0.0,1576140478828,1,0,0
0.0,1576140479278,1,0,0
0.0,1576140479728,1,0,0
0.0,1576140480179,1,0,0
0.0,1576140480638,1,0,0
0.0,1576140481088,1,0,0
1.95,1576140481538,1,0,0
1.98,1576140481989,1,0,0
1.83,1576140482439,1,0,0
1.47,1576140482888,1,0,0
0.84,1576140483338,1,0,0
0.24,1576140483788,1,0,0
0.12,1576140484238,1,0,0
0.0,1576140484689,1,0,0
0.0,1576140485138,1,0,0
0.0,1576140485588,1,0,0
0.0,1576140486038,1,0,0
0.0,1576140486488,1,0,0
0.0,1576140486938,1,0,0
0.0,1576140487388,1,0,0
0.0,1576140487839,1,0,0
0.0,1576140488288,1,0,0
0.0,1576140488738,1,0,0
0.0,1576140489188,1,0,0
0.0,1576140489638,1,0,0
0.0,1576140490088,1,0,0
0.0,1576140490538,1,0,0
0.0,1576140490989,1,0,0
0.0,1576140491439,1,0,0
0.0,1576140491888,1,0,0
0.0,1576140492338,1,0,0
0.0,1576140492789,1,0,0
0.0,1576140493240,1,0,0
0.0,1576140493689,1,0,0
0.0,1576140494139,1,0,0
0.0,1576140494589,1,0,0
0.0,1576140495039,1,0,0
0.0,1576140495489,1,0,0
0.0,1576140495939,1,0,0
0.0,1576140496392,1,0,0
0.0,1576140496839,1,0,0
0.0,1576140497289,1,0,0
0.0,1576140497739,1,0,0
0.0,1576140498189,1,0,0
0.0,1576140498639,1,0,0
0.0,1576140499089,1,0,0
0.0,1576140499539,1,0,0
0.0,1576140499989,1,0,0
0.0,1576140500439,1,0,0
0.0,1576140500889,1,0,0
0.0,1576140501339,1,0,0
0.0,1576140501789,1,0,0
0.0,1576140502239,1,0,0
0.0,1576140502689,1,0,0
0.0,1576140503139,1,0,0
0.0,1576140503589,1,0,0
0.0,1576140504039,1,0,0
0.0,1576140504489,1,0,0
0.0,1576140504939,1,0,0
0.0,1576140505389,1,0,0
0.0,1576140505839,1,0,0
0.0,1576140506289,1,0,0
0.0,1576140506739,1,0,0
0.0,1576140507189,1,0,0
0.0,1576140507639,1,0,0
0.0,1576140508089,1,0,0
0.0,1576140508539,1,0,0
0.0,1576140508989,1,0,0
0.0,1576140509439,1,0,0
0.0,1576140509889,1,0,0
0.0,1576140510339,1,0,0
0.0,1576140510789,1,0,0
0.0,1576140511239,1,0,0
0.0,1576140511689,1,0,0
0.0,1576140512139,1,0,0
0.0,1576140512589,1,0,0
0.0,1576140513039,1,0,0
0.0,1576140513489,1,0,0
0.0,1576140513939,1,0,0
0.0,1576140514389,1,0,0
0.0,1576140514839,1,0,0
0.0,1576140515289,1,0,0
0.0,1576140515739,1,0,0
0.0,1576140516189,1,0,0
0.0,1576140516639,1,0,0
0.0,1576140517089,1,0,0
0.0,1576140517539,1,0,0
0.0,1576140517989,1,0,0
0.0,1576140518439,1,0,0
0.0,1576140518889,1,0,0
1.38,1576140519339,1,0,0
1.38,1576140519789,1,0,0
1.35,1576140520239,1,0,0
1.05,1576140520689,1,0,0
1.08,1576140521139,1,0,0
1.35,1576140521589,1,0,0
1.14,1576140522039,1,0,0
655.33,1576140522489,1,0,0
0.0,1576140522939,1,0,0
0.0,1576140523389,1,0,0
0.0,1576140523839,1,0,0
0.0,1576140524289,1,0,0
0.0,1576140524739,1,0,0
0.0,1576140525189,1,0,0
0.0,1576140525639,1,0,0
0.0,1576140526089,1,0,0
0.0,1576140526540,1,0,0
0.0,1576140526989,1,0,0
0.0,1576140527439,1,0,0
0.0,1576140527889,1,0,0
0.0,1576140528339,1,0,0
0.0,1576140528789,1,0,0
0.0,1576140529239,1,0,0
0.0,1576140529689,1,0,0
0.0,1576140530139,1,0,0
0.0,1576140530589,1,0,0
0.0,1576140531039,1,0,0
0.0,1576140531489,1,0,0
0.0,1576140531939,1,0,0
0.0,1576140532389,1,0,0
0.0,1576140532839,1,0,0
0.0,1576140533289,1,0,0
0.0,1576140533739,1,0,0
0.06,1576140534189,1,0,0
0.42,1576140534639,1,0,0
0.45,1576140535089,1,0,0
0.3,1576140535539,1,0,0
0.09,1576140535989,1,0,0
0.0,1576140536439,1,0,0
0.0,1576140536889,1,0,0
0.0,1576140537339,1,0,0
0.0,1576140537789,1,0,0
0.0,1576140538239,1,0,0
0.0,1576140538689,1,0,0
0.0,1576140539139,1,0,0
0.0,1576140539589,1,0,0
0.0,1576140540039,1,0,0
0.0,1576140540489,1,0,0
0.0,1576140540939,1,0,0
0.48,1576140541389,1,0,0
0.72,1576140541839,1,0,0
0.78,1576140542289,1,0,0
0.3,1576140542739,1,0,0
0.48,1576140543189,1,0,0
0.72,1576140543639,1,0,0
0.45,1576140544089,1,0,0
0.33,1576140544539,1,0,0
0.72,1576140544989,1,0,0
0.81,1576140545439,1,0,0
0.87,1576140545889,1,0,0
0.9,1576140546339,-1,0,0
0.84,1576140546789,-1,0,0
0.81,1576140547239,-1,0,0
0.66,1576140547689,-1,0,0
0.99,1576140548139,-1,0,0
0.57,1576140548589,-1,0,0
0.57,1576140549039,-1,0,0
0.93,1576140549489,-1,0,0
0.87,1576140549939,-1,0,0
0.72,1576140550389,-1,0,0
0.75,1576140550839,-1,0,0
0.78,1576140551289,-1,0,0
0.78,1576140551739,-1,0,0
0.78,1576140552189,-1,0,0
0.75,1576140552639,-1,0,0
0.27,1576140553089,-1,0,0
0.24,1576140553539,0,0,0
0.33,1576140553989,0,0,0
0.75,1576140554439,0,0,0
0.9,1576140554889,0,0,0
1.29,1576140555339,0,0,0
1.29,1576140555789,0,0,0
0.54,1576140556239,0,0,0
0.21,1576140556689,0,0,0
0.36,1576140557139,0,0,0
0.15,1576140557589,0,0,0
0.21,1576140558039,0,0,0
0.54,1576140558489,0,0,0
0.63,1576140558939,0,0,0
0.63,1576140559389,0,0,0
0.69,1576140559839,0,0,0
0.75,1576140560289,0,0,0
0.78,1576140560739,0,0,0
0.81,1576140561189,0,0,0
0.81,1576140561639,0,0,0
0.84,1576140562089,0,0,0
0.84,1576140562539,0,0,0
0.84,1576140562989,0,0,0
0.87,1576140563439,0,0,0
0.87,1576140563889,0,0,0
0.87,1576140564339,0,0,0
0.9,1576140564789,0,0,0
0.9,1576140565239,0,0,0
0.9,1576140565689,0,0,0
0.9,1576140566139,0,0,0
0.66,1576140566589,0,0,0
0.21,1576140567039,0,0,0
0.15,1576140567489,0,0,0
0.21,1576140567939,0,0,0
0.45,1576140568389,0,0,0
0.33,1576140568839,0,0,0
0.39,1576140569289,0,0,0
0.12,1576140569739,0,0,0
0.12,1576140570189,0,0,0
0.15,1576140570639,0,0,0
0.21,1576140571089,0,0,0
0.12,1576140571539,0,0,0
0.09,1576140571989,0,0,0
0.36,1576140572439,0,0,0
0.54,1576140572889,0,0,0
0.66,1576140573339,0,0,0
0.63,1576140573789,0,0,0
0.51,1576140574239,0,0,0
0.51,1576140574689,0,0,0
0.63,1576140575139,0,0,0
0.69,1576140575589,0,0,0
1.29,1576140576039,0,0,0
1.47,1576140576489,0,0,0
1.5,1576140576939,0,0,0
1.53,1576140577389,0,0,0
1.53,1576140577839,0,0,0
1.56,1576140578289,0,0,0
1.56,1576140578739,0,0,0
1.59,1576140579189,0,0,0
1.62,1576140579639,0,0,0
1.65,1576140580089,0,0,0
1.68,1576140580539,0,0,0
1.71,1576140580989,0,0,0
1.74,1576140581439,0,0,0
1.74,1576140581889,0,0,0
1.77,1576140582339,0,0,0
1.77,1576140582789,0,0,0
1.8,1576140583239,0,0,0
1.8,1576140583689,0,0,0
1.8,1576140584139,0,0,0
1.8,1576140584589,0,0,0
1.83,1576140585039,0,0,0
1.83,1576140585489,0,0,0
1.83,1576140585939,0,0,0
1.83,1576140586389,0,0,0
1.59,1576140586839,0,0,0
655.3,1576140587289,0,0,0
0.0,1576140587739,0,0,0
0.0,1576140588189,0,0,0
0.0,1576140588639,0,0,0
0.0,1576140589089,2,0,0
0.0,1576140589540,2,0,0
0.0,1576140589989,2,0,0
0.18,1576140590439,2,0,0
0.0,1576140590889,2,0,0
0.0,1576140591339,2,0,0
0.9,1576140591789,2,0,0
1.41,1576140592239,2,0,0
0.0,1576140592689,2,0,0
0.0,1576140593139,2,0,0
0.0,1576140593589,2,0,0
0.0,1576140594039,2,0,0
0.0,1576140594489,2,0,0
0.0,1576140594939,2,0,0
0.0,1576140595391,2,0,0
0.0,1576140595839,2,0,0
0.0,1576140596291,2,0,0
0.0,1576140596740,2,0,0
0.0,1576140597191,2,0,0
0.0,1576140597639,2,0,0
0.0,1576140598091,2,0,0
0.0,1576140598540,2,0,0
0.0,1576140598991,2,0,0
0.0,1576140599440,2,0,0
0.0,1576140599891,2,0,0
0.96,1576140600340,2,0,0
0.48,1576140600791,2,0,0
0.78,1576140601240,2,0,0
0.87,1576140601690,2,0,0
0.6,1576140602140,2,0,0
0.57,1576140602591,2,0,0
0.0,1576140603040,2,0,0
0.0,1576140603490,2,0,0
0.0,1576140603940,2,0,0
0.0,1576140604391,-1,0,0
0.0,1576140604840,-1,0,0
0.0,1576140605290,-1,0,0
0.0,1576140605740,-1,0,0
0.0,1576140606190,-1,0,0
0.0,1576140606640,-1,0,0
0.0,1576140607090,-1,0,0
0.0,1576140607540,-1,0,0
0.0,1576140607990,-1,0,0
0.0,1576140608440,-1,0,0
0.0,1576140608890,-1,0,0
0.0,1576140609340,-1,0,0
0.0,1576140609790,-1,0,0
0.0,1576140610240,-1,0,0
0.0,1576140610690,-1,0,0
0.0,1576140611140,-1,0,0
0.0,1576140611590,-1,0,0
0.0,1576140612040,-1,0,0
0.0,1576140612490,-1,0,0
0.0,1576140612940,-1,0,0
0.0,1576140613390,-1,0,0
0.0,1576140613841,-1,0,0
0.0,1576140614290,-1,0,0
0.0,1576140614740,-1,0,0
0.0,1576140615190,2,0,0
0.0,1576140615640,2,0,0
0.0,1576140616090,2,0,0
0.0,1576140616540,2,0,0
0.0,1576140616990,2,0,0
0.0,1576140617440,2,0,0
0.0,1576140617890,2,0,0
0.0,1576140618340,2,0,0
0.0,1576140618790,2,0,0
0.0,1576140619240,2,0,0
0.0,1576140619690,2,0,0
0.0,1576140620140,2,0,0
0.0,1576140620590,2,0,0
0.0,1576140621040,2,0,0
0.0,1576140621491,2,0,0
0.0,1576140621940,2,0,0
0.0,1576140622391,3,0,0
0.0,1576140622840,3,0,0
0.0,1576140623291,3,0,0
0.0,1576140623740,3,0,0
0.0,1576140624190,3,0,0
0.0,1576140624640,3,0,0
0.0,1576140625090,3,0,0
0.0,1576140625540,1,0,0
0.0,1576140625990,1,0,0
0.0,1576140626440,1,0,0
0.0,1576140626890,1,0,0
0.0,1576140627340,1,0,0
0.0,1576140627790,1,0,0
0.0,1576140628240,1,0,0
0.0,1576140628690,3,0,0
0.0,1576140629140,3,0,0
0.0,1576140629590,3,0,0
0.0,1576140630040,3,0,0
0.0,1576140630490,3,0,0
0.0,1576140630940,3,0,0
0.0,1576140631390,3,0,0
0.0,1576140631840,3,0,0
0.0,1576140632290,3,0,0
0.0,1576140632740,3,0,0
0.0,1576140633190,3,0,0
0.0,1576140633640,1,1,0
0.0,1576140634090,1,1,0
0.0,1576140634541,1,1,0
0.0,1576140634990,1,1,0
0.0,1576140635440,1,1,0
0.0,1576140635890,1,1,0
0.0,1576140636340,1,1,0
0.0,1576140636790,1,1,0
0.0,1576140637240,1,1,0
0.0,1576140637690,1,1,0
0.0,1576140638140,1,1,0
0.0,1576140638600,1,1,0
0.0,1576140639050,1,1,0
0.0,1576140639501,1,1,0
0.0,1576140639950,1,1,0
0.0,1576140640400,1,1,0
0.0,1576140640850,1,1,0
0.0,1576140641300,1,1,0
0.0,1576140641750,1,1,0
0.0,1576140642200,1,1,0
0.0,1576140642650,1,1,0
0.0,1576140643100,1,1,0
0.0,1576140643550,1,1,0
0.0,1576140644000,1,1,0
0.0,1576140644450,1,1,0
0.0,1576140644901,1,1,0
0.0,1576140645350,1,1,0
0.0,1576140645801,1,1,0
0.0,1576140646250,1,1,0
0.0,1576140646700,1,1,0
0.0,1576140647150,1,1,0
0.0,1576140647600,1,1,0
0.0,1576140648050,1,1,0
0.0,1576140648501,1,1,0
0.0,1576140648950,1,1,0
0.0,1576140649400,1,1,0
0.0,1576140649850,1,1,0
0.0,1576140650300,4,0,0
0.0,1576140650750,4,0,0
0.0,1576140651200,4,0,0
0.0,1576140651650,4,0,0
0.0,1576140652100,4,0,0
0.0,1576140652550,4,0,0
0.0,1576140653000,4,0,0
0.0,1576140653450,4,0,0
0.0,1576140653900,4,0,0
0.0,1576140654350,4,0,0
0.0,1576140654800,4,0,0
0.0,1576140655251,4,0,0
0.0,1576140655700,4,0,0
0.0,1576140656151,4,0,0
0.0,1576140656600,4,0,0
0.0,1576140657050,4,0,0
0.0,1576140657500,4,0,0
0.0,1576140657950,1,0,0
0.0,1576140658400,1,0,0
0.0,1576140658850,1,0,0
0.0,1576140659300,1,0,0
0.0,1576140659750,1,0,0
0.0,1576140660200,1,0,0
0.0,1576140660650,1,0,0
0.0,1576140661100,1,0,0
0.0,1576140661560,1,0,0
0.0,1576140662010,1,0,0
0.0,1576140662460,1,0,0
0.0,1576140662920,1,0,0
0.0,1576140663370,1,0,0
0.0,1576140663820,1,0,0
0.0,1576140664271,1,0,0
0.0,1576140664720,1,0,0
0.0,1576140665170,1,0,0
0.0,1576140665620,1,0,0
0.0,1576140666070,1,0,0
0.0,1576140666520,1,0,0
0.0,1576140666960,1,0,0
0.0,1576140667410,1,0,0
0.0,1576140667860,1,0,0
0.0,1576140668310,1,0,0
0.0,1576140668760,1,0,0
0.0,1576140669210,1,0,0
0.0,1576140669660,1,0,0
0.0,1576140670110,1,0,0
0.0,1576140670560,1,0,0
0.0,1576140671010,1,0,0
0.0,1576140671460,1,0,0
0.0,1576140671910,1,0,0
0.0,1576140672360,1,0,0
0.0,1576140672810,1,0,0
0.0,1576140673260,1,0,0
0.0,1576140673710,1,0,0
0.0,1576140674160,1,0,0
0.0,1576140674610,1,0,0
0.0,1576140675060,1,0,0
0.0,1576140675510,1,0,0
0.0,1576140675960,1,0,0
0.0,1576140676410,1,0,0
0.0,1576140676860,1,0,0
0.0,1576140677310,1,0,0
0.0,1576140677760,1,0,0
0.0,1576140678210,1,0,0
0.0,1576140678660,1,0,0
0.0,1576140679100,1,0,0
0.0,1576140679550,1,0,0
0.0,1576140680000,1,0,0
0.0,1576140680450,1,0,0
0.0,1576140680900,1,0,0
0.0,1576140681350,1,0,0
0.27,1576140681800,1,0,0
0.57,1576140682250,1,0,0
0.48,1576140682700,1,0,0
0.15,1576140683150,1,0,0
0.15,1576140683600,1,0,0
0.09,1576140684040,1,0,0
655.33,1576140684490,1,0,0
0.0,1576140684940,1,0,0
0.0,1576140685390,3,0,0
0.0,1576140685840,3,0,0
0.0,1576140686290,3,0,0
0.0,1576140686740,3,0,0
0.0,1576140687190,3,0,0
0.0,1576140687640,3,0,0
0.0,1576140688090,3,0,0
0.0,1576140688540,3,0,0
0.0,1576140688990,3,0,0
0.0,1576140689440,3,0,0
0.0,1576140689890,3,0,0
0.0,1576140690340,3,0,0
0.0,1576140690790,3,0,0
0.0,1576140691240,3,0,0
0.0,1576140691690,3,0,0
0.0,1576140692140,3,0,0
0.0,1576140692590,3,0,0
0.0,1576140693040,3,0,0
0.0,1576140693490,-1,0,0
0.0,1576140693941,-1,0,0
0.0,1576140694390,-1,0,0
0.0,1576140694841,-1,0,0
0.0,1576140695290,-1,0,0
0.0,1576140695740,-1,0,0
0.0,1576140696190,-1,0,0
0.0,1576140696640,-1,0,0
0.0,1576140697090,-1,0,0
0.0,1576140697540,-1,0,0
0.0,1576140697990,-1,0,0
0.0,1576140698450,1,0,0
0.0,1576140698900,1,0,0
0.0,1576140699350,1,0,0
0.0,1576140699800,1,0,0
0.0,1576140700250,1,0,0
0.0,1576140700700,2,0,0
0.0,1576140701150,2,0,0
0.0,1576140701600,2,0,0
0.0,1576140702050,2,0,0
0.0,1576140702500,2,0,0
0.0,1576140702950,2,0,0
0.0,1576140703400,2,0,0
0.0,1576140703850,2,0,0
0.0,1576140704300,2,0,0
0.0,1576140704751,2,0,0
0.0,1576140705201,2,0,0
0.0,1576140705651,2,0,0
0.0,1576140706101,2,0,0
0.0,1576140706551,2,0,0
0.0,1576140707001,2,0,0
0.0,1576140707451,1,0,0
0.0,1576140707901,1,0,0
0.0,1576140708351,1,0,0
0.0,1576140708801,1,0,0
0.0,1576140709251,1,0,0
0.0,1576140709701,1,0,0
0.0,1576140710151,1,0,0
0.0,1576140710601,1,0,0
0.0,1576140711051,1,0,0
0.0,1576140711501,1,0,0
0.0,1576140711951,1,0,0
0.0,1576140712401,1,0,0
0.0,1576140712851,1,0,0
0.0,1576140713301,1,0,0
0.0,1576140713751,1,0,0
0.0,1576140714201,1,0,0
0.0,1576140714651,1,0,0
0.0,1576140715101,1,0,0
0.0,1576140715551,-1,0,0
0.0,1576140716001,-1,0,0
0.0,1576140716451,-1,0,0
0.0,1576140716901,-1,0,0
0.0,1576140717351,-1,0,0
0.0,1576140717801,-1,0,0
0.0,1576140718251,-1,0,0
0.0,1576140718701,-1,0,0
0.0,1576140719151,-1,0,0
0.0,1576140719601,-1,0,0
0.0,1576140720051,-1,0,0
0.0,1576140720501,-1,0,0
0.0,1576140720951,-1,0,0
0.0,1576140721401,-1,0,0
0.0,1576140721851,-1,0,0
0.0,1576140722301,-1,0,0
0.0,1576140722751,-1,0,0
0.0,1576140723201,3,0,0
0.09,1576140723651,3,0,0
0.39,1576140724101,3,0,0
0.54,1576140724551,3,0,0
0.27,1576140725001,3,0,0
0.18,1576140725451,3,0,0
0.12,1576140725901,3,0,0
0.24,1576140726351,3,0,0
0.3,1576140726801,3,0,0
0.3,1576140727251,3,0,0
0.03,1576140727701,3,0,0
0.0,1576140728151,3,0,0
0.0,1576140728601,3,0,0
0.0,1576140729051,3,0,0
0.03,1576140729501,3,0,0
0.21,1576140729951,3,0,0
0.3,1576140730401,3,0,0
0.09,1576140730851,3,0,0
0.24,1576140731301,3,0,0
0.66,1576140731751,3,0,0
0.87,1576140732201,3,0,0
0.99,1576140732651,3,0,0
1.11,1576140733101,0,0,0
1.23,1576140733551,0,0,0
1.29,1576140734001,0,0,0
1.14,1576140734451,0,0,0
1.17,1576140734901,0,0,0
1.23,1576140735351,0,0,0
1.26,1576140735801,0,0,0
655.33,1576140736251,0,0,0
0.0,1576140736701,0,0,0
0.0,1576140737151,0,0,0
0.0,1576140737601,0,0,0
0.0,1576140738051,0,0,0
0.0,1576140738501,0,0,0
0.0,1576140738951,0,0,0
0.0,1576140739401,0,0,0
0.0,1576140739851,0,0,0
0.0,1576140740301,0,0,0
0.0,1576140740751,0,0,0
0.0,1576140741201,0,0,0
0.0,1576140741651,0,0,0
0.0,1576140742101,0,0,0
0.0,1576140742551,0,0,0
0.0,1576140743001,0,0,0
0.0,1576140743451,0,0,0
0.0,1576140743901,0,0,0
0.0,1576140744351,0,0,0
0.0,1576140744801,0,0,0
0.0,1576140745251,0,0,0
0.0,1576140745701,0,0,0
0.0,1576140746151,0,0,0
0.0,1576140746601,0,0,0
0.0,1576140747051,0,0,0
0.0,1576140747501,0,0,0
0.0,1576140747951,0,0,0
0.0,1576140748401,0,0,0
0.0,1576140748861,0,0,0
0.0,1576140749311,0,0,0
0.0,1576140749761,0,0,0
0.0,1576140750211,0,0,0
0.0,1576140750661,0,0,0
0.0,1576140751111,0,0,0
0.0,1576140751561,0,0,0
0.0,1576140752011,0,0,0
0.0,1576140752461,0,0,0
0.0,1576140752911,0,0,0
0.0,1576140753361,0,0,0
0.0,1576140753811,0,0,0
0.0,1576140754261,0,0,0
0.0,1576140754711,0,0,0
0.0,1576140755161,0,0,0
0.0,1576140755611,0,0,0
0.0,1576140756061,0,0,0
0.0,1576140756511,0,0,0
0.0,1576140756961,0,0,0
0.0,1576140757411,0,0,0
0.0,1576140757861,0,0,0
0.0,1576140758311,0,0,0
0.0,1576140758761,0,0,0
0.0,1576140759211,0,0,0
0.0,1576140759661,0,0,0
0.0,1576140760111,0,0,0
