steer_data,Timestamp,Action,Bump,Traffic congestion
2.1,1576139951230,0,0,0
2.1,1576139951680,0,0,0
2.1,1576139952130,0,0,0
2.1,1576139952580,0,0,0
2.1,1576139953030,0,0,0
2.1,1576139953480,0,0,0
2.1,1576139953930,0,0,0
2.1,1576139954380,0,0,0
2.1,1576139954830,0,0,0
2.1,1576139955280,0,0,0
2.1,1576139955730,0,0,0
2.1,1576139956200,0,0,0
2.1,1576139956650,0,0,0
2.1,1576139957101,0,0,0
2.1,1576139957550,0,0,0
2.1,1576139958000,0,0,0
2.1,1576139958450,0,0,0
2.1,1576139958901,0,0,0
2.1,1576139959350,0,0,0
2.1,1576139959800,0,0,0
2.1,1576139960250,0,0,0
2.1,1576139960701,0,0,0
2.1,1576139961150,0,0,0
2.1,1576139961600,0,0,0
2.1,1576139962050,0,0,0
2.1,1576139962501,0,0,0
2.1,1576139962949,0,0,0
2.1,1576139963400,0,0,0
2.1,1576139963849,0,0,0
2.1,1576139964301,0,0,0
2.1,1576139964749,0,0,0
2.1,1576139965199,0,0,0
2.1,1576139965650,0,0,0
2.1,1576139966101,0,0,0
2.1,1576139966549,0,0,0
2.1,1576139966999,0,0,0
2.1,1576139967449,0,0,0
2.1,1576139967904,0,0,0
2.1,1576139968354,0,0,0
2.1,1576139968799,0,0,0
2.1,1576139969249,0,0,0
2.1,1576139969700,0,0,0
2.1,1576139970154,0,0,0
2.1,1576139970599,0,0,0
2.1,1576139971054,0,0,0
2.1,1576139971500,0,0,0
2.1,1576139971954,0,0,0
2.1,1576139972404,0,0,0
2.1,1576139972849,0,0,0
2.1,1576139973300,0,0,0
2.1,1576139973754,0,0,0
2.1,1576139974199,0,0,0
2.1,1576139974649,0,0,0
2.1,1576139975100,0,0,0
2.1,1576139975549,0,0,0
2.1,1576139975999,0,0,0
2.1,1576139976450,0,0,0
2.1,1576139976900,0,0,0
2.1,1576139977349,0,0,0
2.1,1576139977799,0,0,0
2.1,1576139978250,0,0,0
2.1,1576139978700,0,0,0
2.1,1576139979149,0,0,0
2.1,1576139979599,0,0,0
2.1,1576139980050,0,0,0
2.1,1576139980504,0,0,0
2.1,1576139980949,0,0,0
2.1,1576139981399,0,0,0
2.1,1576139981849,0,0,0
2.1,1576139982300,0,0,0
2.1,1576139982748,0,0,0
2.1,1576139983199,0,0,0
2.1,1576139983649,0,0,0
2.1,1576139984100,0,0,0
2.1,1576139984553,0,0,0
2.1,1576139984998,0,0,0
2.1,1576139985448,0,0,0
2.1,1576139985899,0,0,0
2.1,1576139986349,0,0,0
2.1,1576139986798,0,0,0
2.1,1576139987248,0,0,0
2.1,1576139987699,0,0,0
2.1,1576139988154,0,0,0
2.1,1576139988603,0,0,0
2.1,1576139989049,0,0,0
2.1,1576139989499,0,0,0
2.1,1576139989949,0,0,0
2.1,1576139990398,0,0,0
2.1,1576139990849,0,0,0
2.1,1576139991299,0,0,0
2.1,1576139991749,0,0,0
2.1,1576139992198,0,0,0
2.1,1576139992649,0,0,0
2.1,1576139993099,0,0,0
2.1,1576139993553,0,0,0
2.1,1576139993998,0,0,0
2.1,1576139994449,0,0,0
2.1,1576139994899,0,0,0
2.1,1576139995349,0,0,0
2.1,1576139995798,0,0,0
2.1,1576139996249,0,0,0
2.1,1576139996699,0,0,0
2.1,1576139997149,0,0,0
2.1,1576139997598,0,0,0
2.1,1576139998048,0,0,0
2.1,1576139998499,0,0,0
2.1,1576139998953,0,0,0
2.1,1576139999398,0,0,0
2.1,1576139999853,0,0,0
2.1,1576140000299,0,0,0
2.1,1576140000748,0,0,0
2.1,1576140001199,0,0,0
2.1,1576140001648,0,0,0
2.1,1576140002099,0,0,0
2.1,1576140002552,0,0,0
2.1,1576140002998,0,0,0
2.1,1576140003448,0,0,0
2.1,1576140003902,0,0,0
2.1,1576140004348,0,0,0
2.1,1576140004802,0,0,0
2.1,1576140005248,0,0,0
2.1,1576140005702,0,0,0
2.1,1576140006152,0,0,0
2.1,1576140006602,0,0,0
2.1,1576140007052,0,0,0
2.1,1576140007502,0,0,0
2.1,1576140007952,0,0,0
2.1,1576140008402,0,0,0
2.1,1576140008852,0,0,0
2.1,1576140009302,0,0,0
2.1,1576140009754,0,0,0
14.2,1576140010202,0,0,0
22.4,1576140010652,0,0,0
15.5,1576140011102,0,0,0
11.3,1576140011552,4,0,0
12.4,1576140012002,4,0,0
14.6,1576140012452,4,0,0
19.0,1576140012902,4,0,0
10.5,1576140013352,4,0,0
14.3,1576140013802,4,0,0
31.0,1576140014252,4,0,0
42.5,1576140014702,4,0,0
38.9,1576140015152,4,0,0
38.8,1576140015602,4,0,0
31.3,1576140016052,4,0,0
18.0,1576140016502,4,0,0
1.7,1576140016952,4,0,0
-10.7,1576140017402,4,0,0
-28.8,1576140017852,4,0,0
-36.5,1576140018302,4,0,0
-36.6,1576140018752,4,0,0
-18.1,1576140019197,4,0,0
0.9,1576140019652,4,0,0
2.1,1576140020098,4,0,0
3.8,1576140020552,4,0,0
3.0,1576140020996,4,0,0
2.5,1576140021446,1,0,0
2.8,1576140021897,1,0,0
2.7,1576140022346,1,0,0
3.2,1576140022801,1,0,0
3.4,1576140023246,1,0,0
2.9,1576140023701,1,0,0
0.3,1576140024146,1,0,0
-0.7,1576140024596,1,0,0
0.5,1576140025046,1,0,0
1.5,1576140025501,1,0,0
1.6,1576140025946,1,0,0
4.4,1576140026401,1,0,0
1.8,1576140026851,1,0,0
-1.1,1576140027301,1,0,0
-1.1,1576140027751,1,0,0
1.2,1576140028201,1,0,0
3.6,1576140028651,1,0,0
3.3,1576140029101,1,0,0
3.0,1576140029551,1,0,0
1.1,1576140030001,1,0,0
0.8,1576140030451,1,0,0
2.7,1576140030901,1,0,0
2.7,1576140031346,1,0,0
2.7,1576140031801,1,0,0
2.7,1576140032251,1,0,0
1.4,1576140032711,1,0,0
0.6,1576140033161,1,0,0
0.6,1576140033611,1,0,0
0.8,1576140034056,1,0,0
3.0,1576140034501,1,0,0
2.8,1576140034951,1,0,0
2.5,1576140035401,1,0,0
1.2,1576140035851,1,0,0
1.2,1576140036301,1,0,0
1.2,1576140036751,1,0,0
0.3,1576140037201,1,0,0
0.3,1576140037651,1,0,0
1.1,1576140038101,1,0,0
1.7,1576140038551,1,0,0
1.6,1576140039001,1,0,0
2.5,1576140039451,1,0,0
2.6,1576140039900,1,0,0
2.5,1576140040351,1,0,0
2.5,1576140040800,1,0,0
2.5,1576140041250,1,0,0
2.5,1576140041700,1,0,0
3.2,1576140042150,1,0,0
2.5,1576140042600,1,0,0
1.7,1576140043050,1,0,0
1.6,1576140043500,1,0,0
1.8,1576140043950,1,0,0
1.8,1576140044395,1,0,0
1.8,1576140044840,1,0,0
1.8,1576140045296,1,0,0
1.7,1576140045750,1,0,0
3.1,1576140046200,4,0,0
4.7,1576140046650,4,0,0
4.8,1576140047100,4,0,0
4.8,1576140047550,4,0,0
4.2,1576140048000,4,0,0
3.8,1576140048450,4,0,0
3.3,1576140048900,4,0,0
0.9,1576140049350,4,0,0
0.3,1576140049805,4,0,0
0.3,1576140050250,4,0,0
0.3,1576140050705,4,0,0
0.1,1576140051150,4,0,0
-2.0,1576140051605,4,0,0
-0.6,1576140052050,4,0,0
-0.6,1576140052505,4,0,0
-1.1,1576140052950,4,0,0
-1.1,1576140053405,4,0,0
2.1,1576140053850,4,0,0
3.1,1576140054305,4,0,0
3.4,1576140054750,4,0,0
3.4,1576140055205,4,0,0
2.7,1576140055650,4,0,0
1.8,1576140056116,1,0,0
1.8,1576140056560,1,0,0
1.4,1576140057010,1,0,0
0.1,1576140057460,1,0,0
0.0,1576140057910,1,0,0
1.4,1576140058360,1,0,0
2.6,1576140058810,1,0,0
1.2,1576140059260,1,0,0
0.7,1576140059710,1,0,0
0.7,1576140060159,1,0,0
0.6,1576140060610,1,0,0
0.6,1576140061059,1,0,0
0.6,1576140061509,1,0,0
0.6,1576140061959,1,0,0
0.6,1576140062409,1,0,0
0.6,1576140062859,1,0,0
0.6,1576140063314,1,0,0
1.4,1576140063759,1,0,0
1.4,1576140064214,1,0,0
1.4,1576140064659,1,0,0
1.4,1576140065109,1,0,0
1.4,1576140065559,1,0,0
1.4,1576140066009,1,0,0
1.4,1576140066459,1,0,0
1.4,1576140066909,1,0,0
1.4,1576140067359,1,0,0
1.4,1576140067814,1,0,0
1.4,1576140068264,1,0,0
1.4,1576140068709,1,0,0
1.4,1576140069159,1,0,0
1.4,1576140069609,1,0,0
1.4,1576140070059,1,0,0
1.4,1576140070514,1,0,0
1.4,1576140070959,1,0,0
1.4,1576140071409,1,0,0
1.4,1576140071859,1,0,0
1.4,1576140072309,1,0,0
1.4,1576140072759,1,0,0
1.4,1576140073209,1,0,0
1.4,1576140073664,1,0,0
1.4,1576140074109,1,0,0
1.4,1576140074559,1,0,0
1.4,1576140075009,1,0,0
1.4,1576140075459,1,0,0
1.4,1576140075909,1,0,0
1.4,1576140076359,1,0,0
1.5,1576140076809,0,0,0
1.8,1576140077259,0,0,0
4.2,1576140077709,0,0,0
5.0,1576140078159,0,0,0
5.0,1576140078609,1,0,0
5.0,1576140079058,1,0,0
5.0,1576140079509,1,0,0
4.8,1576140079959,1,0,0
1.2,1576140080408,1,0,0
-3.1,1576140080859,1,0,0
-3.1,1576140081308,1,0,0
-1.0,1576140081763,1,0,0
-1.0,1576140082213,1,0,0
0.0,1576140082663,1,0,0
0.1,1576140083113,1,0,0
2.5,1576140083563,1,0,0
3.9,1576140084013,1,0,0
6.2,1576140084458,1,0,0
6.0,1576140084913,1,0,0
6.1,1576140085363,1,0,0
6.2,1576140085808,1,0,0
5.5,1576140086263,1,0,0
1.6,1576140086713,1,0,0
1.6,1576140087163,1,0,0
4.0,1576140087613,1,0,0
6.0,1576140088063,1,0,0
6.2,1576140088513,1,0,0
5.7,1576140088963,1,0,0
5.6,1576140089413,1,0,0
2.1,1576140089863,1,0,0
0.0,1576140090313,1,0,0
1.5,1576140090763,1,0,0
2.8,1576140091213,1,0,0
1.1,1576140091663,1,0,0
-0.2,1576140092113,1,0,0
-2.0,1576140092563,1,0,0
-3.9,1576140093013,1,0,0
-1.2,1576140093463,1,0,0
-0.1,1576140093913,1,0,0
0.6,1576140094363,1,0,0
0.5,1576140094813,1,0,0
2.4,1576140095263,1,0,0
2.0,1576140095713,1,0,0
2.0,1576140096163,1,0,0
0.7,1576140096613,1,0,0
0.6,1576140097063,1,0,0
0.6,1576140097513,1,0,0
-0.2,1576140097963,1,0,0
-0.2,1576140098413,1,0,0
1.5,1576140098863,1,0,0
2.5,1576140099312,1,0,0
2.5,1576140099762,1,0,0
2.6,1576140100207,1,0,0
3.1,1576140100663,1,0,0
3.1,1576140101112,1,0,0
0.9,1576140101562,1,0,0
0.6,1576140102012,1,0,0
2.0,1576140102462,1,0,0
0.9,1576140102912,1,0,0
0.9,1576140103362,1,0,0
0.9,1576140103812,1,0,0
0.9,1576140104262,1,0,0
2.7,1576140104712,1,0,0
2.6,1576140105162,1,0,0
1.9,1576140105612,1,0,0
-1.3,1576140106062,1,0,0
-0.9,1576140106512,1,0,0
0.5,1576140106962,1,0,0
2.1,1576140107412,1,0,0
1.6,1576140107862,1,0,0
0.8,1576140108312,1,0,0
0.7,1576140108762,1,0,0
0.7,1576140109212,1,0,0
0.9,1576140109662,1,0,0
1.1,1576140110117,1,0,0
1.1,1576140110562,1,0,0
1.1,1576140111012,1,0,0
2.7,1576140111462,1,0,0
3.4,1576140111912,1,0,0
3.0,1576140112362,1,0,0
0.7,1576140112812,1,0,0
2.0,1576140113262,1,0,0
2.4,1576140113712,1,0,0
2.3,1576140114162,1,0,0
2.3,1576140114612,1,0,0
2.3,1576140115057,1,0,0
1.1,1576140115502,1,0,0
1.0,1576140115952,1,0,0
1.0,1576140116402,1,0,0
1.2,1576140116852,1,0,0
1.8,1576140117302,1,0,0
1.7,1576140117752,1,0,0
0.3,1576140118202,1,0,0
-1.2,1576140118652,1,0,0
-0.4,1576140119102,1,0,0
1.0,1576140119551,1,0,0
0.8,1576140120001,1,0,0
0.8,1576140120451,1,0,0
2.1,1576140120901,1,0,0
2.6,1576140121351,1,0,0
2.7,1576140121801,1,0,0
2.5,1576140122251,1,0,0
2.4,1576140122701,1,0,0
0.9,1576140123151,1,0,0
0.9,1576140123601,1,0,0
0.9,1576140124051,1,0,0
0.9,1576140124501,1,0,0
0.9,1576140124951,1,0,0
0.9,1576140125401,1,0,0
1.0,1576140125851,1,0,0
3.0,1576140126301,1,0,0
2.1,1576140126751,1,0,0
2.0,1576140127201,1,0,0
2.0,1576140127651,1,0,0
2.0,1576140128101,1,0,0
2.0,1576140128551,1,0,0
1.9,1576140129001,1,0,0
1.6,1576140129451,1,0,0
1.6,1576140129901,1,0,0
1.3,1576140130351,1,0,0
0.3,1576140130801,1,0,0
1.2,1576140131251,1,0,0
1.9,1576140131701,1,0,0
2.4,1576140132151,1,0,0
0.3,1576140132601,1,0,0
0.3,1576140133051,1,0,0
0.3,1576140133501,1,0,0
0.5,1576140133951,1,0,0
0.5,1576140134401,1,0,0
0.7,1576140134851,1,0,0
3.6,1576140135301,1,0,0
0.8,1576140135751,1,0,0
0.8,1576140136201,1,0,0
0.8,1576140136651,1,0,0
0.8,1576140137101,1,0,0
0.8,1576140137551,1,0,0
0.8,1576140138001,1,0,0
0.8,1576140138451,1,0,0
0.8,1576140138901,1,0,0
0.8,1576140139350,1,0,0
0.9,1576140139800,1,0,0
3.5,1576140140251,1,0,0
4.5,1576140140700,1,0,0
5.2,1576140141155,1,0,0
3.0,1576140141600,1,0,0
2.8,1576140142051,1,0,0
-1.1,1576140142500,1,0,0
-1.0,1576140142950,1,0,0
-0.7,1576140143400,1,0,0
2.0,1576140143850,1,0,0
2.7,1576140144300,1,0,0
2.8,1576140144750,1,0,0
2.5,1576140145200,1,0,0
0.8,1576140145650,1,0,0
0.8,1576140146100,1,0,0
1.3,1576140146550,1,0,0
1.3,1576140147000,1,0,0
2.0,1576140147450,1,0,0
2.7,1576140147900,1,0,0
3.2,1576140148350,1,0,0
3.2,1576140148800,1,0,0
5.1,1576140149250,1,0,0
3.2,1576140149705,1,0,0
0.8,1576140150155,1,0,0
1.0,1576140150605,1,0,0
1.7,1576140151060,1,0,0
1.7,1576140151515,1,0,0
1.7,1576140151965,1,0,0
1.7,1576140152415,1,0,0
1.7,1576140152865,1,0,0
1.7,1576140153315,1,0,0
1.7,1576140153765,1,0,0
1.7,1576140154215,1,0,0
1.8,1576140154665,1,0,0
1.7,1576140155115,1,0,0
1.7,1576140155560,1,0,0
1.7,1576140156015,1,0,0
1.7,1576140156465,1,0,0
1.7,1576140156915,1,0,0
1.8,1576140157360,1,0,0
1.7,1576140157815,1,0,0
1.7,1576140158260,1,0,0
1.7,1576140158714,1,0,0
1.6,1576140159160,1,0,0
1.6,1576140159609,1,0,0
1.6,1576140160060,1,0,0
1.6,1576140160514,1,0,0
1.6,1576140160959,1,0,0
1.6,1576140161414,1,0,0
1.6,1576140161859,1,0,0
1.6,1576140162314,1,0,0
1.6,1576140162759,1,0,0
1.6,1576140163209,1,0,0
1.6,1576140163659,1,0,0
1.6,1576140164114,1,0,0
1.6,1576140164559,0,0,0
1.6,1576140165009,0,0,0
1.6,1576140165464,0,0,0
1.6,1576140165914,0,0,0
1.6,1576140166359,0,0,0
1.6,1576140166814,0,0,0
1.6,1576140167259,0,0,0
1.6,1576140167714,0,0,0
1.6,1576140168159,1,0,0
1.6,1576140168609,1,0,0
1.6,1576140169064,1,0,0
1.6,1576140169514,1,0,0
1.6,1576140169964,1,0,0
1.6,1576140170414,1,0,0
1.6,1576140170864,1,0,0
1.6,1576140171319,1,0,0
1.6,1576140171774,1,0,0
1.6,1576140172224,1,0,0
1.6,1576140172674,1,0,0
2.8,1576140173124,1,0,0
2.7,1576140173569,1,0,0
0.8,1576140174024,1,0,0
3.4,1576140174474,1,0,0
5.4,1576140174924,1,0,0
5.4,1576140175374,1,0,0
5.3,1576140175824,1,0,0
-1.9,1576140176274,1,0,0
-3.1,1576140176724,1,0,0
-2.4,1576140177174,1,0,0
-0.4,1576140177624,1,0,0
3.8,1576140178074,1,0,0
4.6,1576140178518,1,0,0
0.1,1576140178973,1,0,0
2.3,1576140179423,1,0,0
3.4,1576140179873,1,0,0
3.3,1576140180323,1,0,0
4.4,1576140180773,1,0,0
5.5,1576140181223,1,0,0
5.3,1576140181673,1,0,0
5.0,1576140182123,1,0,0
1.8,1576140182573,1,0,0
1.0,1576140183023,1,0,0
-0.4,1576140183473,1,0,0
-0.4,1576140183923,1,0,0
-0.4,1576140184373,1,0,0
-0.5,1576140184823,1,0,0
-0.9,1576140185273,1,0,0
-2.2,1576140185723,1,0,0
-1.9,1576140186173,1,0,0
3.6,1576140186623,1,0,0
3.5,1576140187073,1,0,0
3.2,1576140187523,1,0,0
1.6,1576140187973,1,0,0
-0.3,1576140188423,1,0,0
3.1,1576140188873,1,0,0
4.0,1576140189323,1,0,0
4.0,1576140189773,1,0,0
2.0,1576140190223,1,0,0
1.6,1576140190673,1,0,0
1.6,1576140191123,1,0,0
1.5,1576140191573,1,0,0
-0.2,1576140192023,1,0,0
-0.2,1576140192473,1,0,0
0.4,1576140192923,1,0,0
2.7,1576140193373,1,0,0
2.8,1576140193823,1,0,0
2.6,1576140194273,1,0,0
1.7,1576140194723,1,0,0
1.0,1576140195173,1,0,0
1.6,1576140195623,1,0,0
3.5,1576140196073,1,0,0
3.5,1576140196523,1,0,0
2.1,1576140196973,1,0,0
-1.0,1576140197423,1,0,0
-1.0,1576140197873,1,0,0
-0.9,1576140198323,1,0,0
-0.9,1576140198772,1,0,0
0.6,1576140199223,1,0,0
2.4,1576140199672,1,0,0
2.4,1576140200122,1,0,0
2.4,1576140200572,1,0,0
2.4,1576140201022,1,0,0
2.4,1576140201472,1,0,0
2.4,1576140201922,1,0,0
2.4,1576140202372,1,0,0
2.4,1576140202822,1,0,0
2.4,1576140203272,1,0,0
2.3,1576140203722,1,0,0
1.2,1576140204172,1,0,0
0.2,1576140204622,1,0,0
0.2,1576140205072,1,0,0
1.0,1576140205522,1,0,0
1.0,1576140205972,1,0,0
1.0,1576140206422,1,0,0
1.0,1576140206872,1,0,0
2.5,1576140207322,1,0,0
2.5,1576140207772,1,0,0
2.5,1576140208222,1,0,0
2.1,1576140208672,1,0,0
-0.3,1576140209122,1,0,0
-0.3,1576140209572,1,0,0
0.9,1576140210022,1,0,0
1.8,1576140210472,1,0,0
1.8,1576140210922,1,0,0
2.1,1576140211372,1,0,0
2.8,1576140211822,1,0,0
3.0,1576140212272,1,0,0
0.6,1576140212722,1,0,0
0.6,1576140213172,1,0,0
0.6,1576140213622,1,0,0
0.8,1576140214072,1,0,0
3.6,1576140214527,1,0,0
3.5,1576140214972,1,0,0
-1.4,1576140215422,1,0,0
-1.8,1576140215872,1,0,0
-1.3,1576140216322,1,0,0
-0.1,1576140216772,1,0,0
-0.1,1576140217222,1,0,0
0.1,1576140217672,1,0,0
1.6,1576140218121,1,0,0
3.0,1576140218571,1,0,0
3.8,1576140219026,1,0,0
3.8,1576140219471,1,0,0
3.8,1576140219921,1,0,0
3.7,1576140220371,1,0,0
3.5,1576140220821,1,0,0
1.6,1576140221271,1,0,0
-0.2,1576140221721,1,0,0
-0.1,1576140222171,1,0,0
1.0,1576140222626,1,0,0
3.3,1576140223071,1,0,0
3.3,1576140223526,1,0,0
3.3,1576140223971,1,0,0
3.1,1576140224426,1,0,0
3.0,1576140224871,1,0,0
3.0,1576140225321,1,0,0
3.0,1576140225776,1,0,0
4.8,1576140226221,1,0,0
5.9,1576140226676,1,0,0
5.8,1576140227121,1,0,0
5.5,1576140227576,1,0,0
3.5,1576140228026,1,0,0
3.4,1576140228471,1,0,0
3.5,1576140228921,1,0,0
4.2,1576140229371,1,0,0
4.2,1576140229826,1,0,0
5.1,1576140230276,1,0,0
5.2,1576140230721,1,0,0
5.3,1576140231171,1,0,0
5.3,1576140231621,1,0,0
5.3,1576140232071,1,0,0
1.9,1576140232521,1,0,0
1.8,1576140232971,1,0,0
1.8,1576140233421,1,0,0
3.5,1576140233871,1,0,0
3.5,1576140234321,1,0,0
3.7,1576140234771,1,0,0
3.7,1576140235221,1,0,0
5.1,1576140235671,1,0,0
7.6,1576140236126,1,0,0
8.7,1576140236571,1,0,0
4.2,1576140237021,1,0,0
4.0,1576140237471,1,0,0
3.9,1576140237921,1,0,0
3.9,1576140238371,1,0,0
3.9,1576140238820,1,0,0
4.2,1576140239271,1,0,0
4.3,1576140239721,1,0,0
4.3,1576140240171,1,0,0
4.2,1576140240620,1,0,0
4.2,1576140241071,1,0,0
4.1,1576140241525,1,0,0
2.5,1576140241970,1,0,0
2.5,1576140242420,1,0,0
2.8,1576140242870,1,0,0
6.7,1576140243320,1,0,0
4.2,1576140243770,1,0,0
5.4,1576140244220,1,0,0
5.4,1576140244670,1,0,0
2.4,1576140245120,1,0,0
2.0,1576140245570,1,0,0
2.2,1576140246020,1,0,0
3.1,1576140246470,1,0,0
2.0,1576140246920,1,0,0
2.2,1576140247375,1,0,0
2.2,1576140247825,1,0,0
2.2,1576140248275,1,0,0
2.0,1576140248725,1,0,0
2.0,1576140249170,1,0,0
-0.6,1576140249620,1,0,0
-0.4,1576140250070,1,0,0
1.4,1576140250520,1,0,0
0.3,1576140250975,1,0,0
0.0,1576140251425,1,0,0
0.6,1576140251875,1,0,0
2.2,1576140252325,1,0,0
2.8,1576140252775,1,0,0
2.8,1576140253225,1,0,0
2.6,1576140253675,1,0,0
2.5,1576140254125,1,0,0
2.6,1576140254575,1,0,0
1.4,1576140255025,1,0,0
2.7,1576140255475,1,0,0
1.2,1576140255925,1,0,0
-2.2,1576140256375,1,0,0
2.6,1576140256825,1,0,0
2.1,1576140257270,1,0,0
2.2,1576140257725,1,0,0
-1.4,1576140258174,1,0,0
-1.5,1576140258624,1,0,0
-0.1,1576140259074,1,0,0
-0.1,1576140259524,1,0,0
0.8,1576140259969,1,0,0
1.5,1576140260424,1,0,0
2.0,1576140260874,1,0,0
1.8,1576140261324,1,0,0
3.9,1576140261774,1,0,0
4.1,1576140262224,1,0,0
3.7,1576140262674,1,0,0
3.5,1576140263124,1,0,0
2.6,1576140263574,1,0,0
1.7,1576140264024,1,0,0
0.5,1576140264474,1,0,0
0.5,1576140264924,1,0,0
0.1,1576140265374,1,0,0
-1.5,1576140265824,1,0,0
-1.1,1576140266274,1,0,0
0.8,1576140266724,1,0,0
2.9,1576140267174,1,0,0
2.6,1576140267624,1,0,0
2.5,1576140268074,1,0,0
2.4,1576140268524,1,0,0
1.2,1576140268974,1,0,0
0.9,1576140269424,1,0,0
1.0,1576140269874,1,0,0
1.3,1576140270324,1,0,0
2.4,1576140270774,1,0,0
2.3,1576140271224,1,0,0
2.0,1576140271674,1,0,0
1.4,1576140272124,1,0,0
1.0,1576140272574,1,0,0
1.0,1576140273024,1,0,0
1.0,1576140273474,1,0,0
1.0,1576140273924,1,0,0
1.0,1576140274379,1,0,0
1.1,1576140274839,1,0,0
1.1,1576140275294,1,0,0
1.0,1576140275744,1,0,0
-0.4,1576140276194,1,0,0
-0.4,1576140276644,1,0,0
0.4,1576140277094,1,0,0
2.6,1576140277539,1,0,0
3.7,1576140277983,1,0,0
5.2,1576140278433,1,0,0
3.0,1576140278884,1,0,0
0.3,1576140279333,1,0,0
0.3,1576140279783,1,0,0
1.0,1576140280233,1,0,0
2.9,1576140280684,1,0,0
2.5,1576140281133,1,0,0
-0.4,1576140281583,1,0,0
1.0,1576140282033,1,0,0
3.0,1576140282484,1,0,0
2.7,1576140282933,1,0,0
1.9,1576140283383,1,0,0
1.9,1576140283833,1,0,0
1.9,1576140284284,1,0,0
1.9,1576140284733,1,0,0
1.9,1576140285183,1,0,0
-0.9,1576140285633,1,0,0
-1.3,1576140286084,1,0,0
1.0,1576140286533,1,0,0
1.4,1576140286983,1,0,0
1.3,1576140287433,1,0,0
1.4,1576140287884,1,0,0
2.5,1576140288333,1,0,0
2.3,1576140288783,1,0,0
2.1,1576140289233,1,0,0
2.1,1576140289684,1,0,0
1.3,1576140290133,1,0,0
1.3,1576140290583,1,0,0
-0.1,1576140291033,1,0,0
-1.0,1576140291488,1,0,0
-1.0,1576140291933,1,0,0
-1.0,1576140292388,1,0,0
-1.1,1576140292833,1,0,0
-1.2,1576140293284,1,0,0
-1.2,1576140293733,1,0,0
-1.2,1576140294183,1,0,0
-4.2,1576140294633,1,0,0
-5.5,1576140295084,1,0,0
-5.5,1576140295533,1,0,0
-5.0,1576140295983,1,0,0
-3.3,1576140296433,1,0,0
-3.3,1576140296884,1,0,0
-4.1,1576140297332,1,0,0
-0.3,1576140297787,1,0,0
-0.7,1576140298232,1,0,0
-1.9,1576140298687,1,0,0
-2.0,1576140299132,1,0,0
-1.4,1576140299587,1,0,0
-1.5,1576140300032,1,0,0
-1.4,1576140300483,1,0,0
-1.1,1576140300932,1,0,0
-0.7,1576140301382,1,0,0
0.1,1576140301832,1,0,0
3.1,1576140302283,1,0,0
3.9,1576140302732,1,0,0
3.8,1576140303182,1,0,0
3.7,1576140303632,1,0,0
3.9,1576140304083,1,0,0
6.2,1576140304532,1,0,0
4.5,1576140304982,1,0,0
4.5,1576140305432,1,0,0
4.2,1576140305883,1,0,0
4.0,1576140306337,1,0,0
4.8,1576140306782,1,0,0
5.4,1576140307232,1,0,0
5.4,1576140307683,2,0,0
10.7,1576140308137,2,0,0
14.6,1576140308582,2,0,0
13.5,1576140309032,2,0,0
14.3,1576140309483,2,0,0
17.0,1576140309932,2,0,0
15.2,1576140310382,2,0,0
14.2,1576140310832,2,0,0
15.7,1576140311283,2,0,0
15.0,1576140311737,2,0,0
16.5,1576140312182,2,0,0
19.4,1576140312637,2,0,0
17.6,1576140313083,4,0,0
17.6,1576140313537,4,0,0
17.6,1576140313987,4,0,0
15.8,1576140314432,4,0,0
9.5,1576140314883,4,0,0
6.8,1576140315337,4,0,0
-0.1,1576140315782,4,0,0
-3.8,1576140316232,4,0,0
-4.2,1576140316682,4,0,0
-5.5,1576140317131,4,0,0
-4.2,1576140317581,4,0,0
-1.4,1576140318031,4,0,0
-1.4,1576140318482,4,0,0
0.1,1576140318932,4,0,0
2.6,1576140319386,4,0,0
2.6,1576140319831,1,0,0
2.6,1576140320282,1,0,0
2.6,1576140320732,1,0,0
2.9,1576140321181,1,0,0
3.3,1576140321631,1,0,0
3.3,1576140322082,1,0,0
1.7,1576140322536,1,0,0
0.9,1576140322981,1,0,0
-0.2,1576140323431,1,0,0
-0.2,1576140323882,1,0,0
-0.2,1576140324331,1,0,0
-0.2,1576140324781,1,0,0
-0.2,1576140325231,1,0,0
-0.2,1576140325686,1,0,0
0.7,1576140326136,1,0,0
4.4,1576140326581,1,0,0
4.4,1576140327031,1,0,0
5.4,1576140327482,1,0,0
5.3,1576140327936,1,0,0
5.3,1576140328381,1,0,0
5.3,1576140328831,1,0,0
5.3,1576140329282,1,0,0
5.3,1576140329736,1,0,0
5.3,1576140330186,1,0,0
5.3,1576140330636,1,0,0
5.3,1576140331082,1,0,0
5.3,1576140331536,1,0,0
5.3,1576140331986,1,0,0
5.3,1576140332436,1,0,0
5.3,1576140332886,1,0,0
5.3,1576140333336,0,0,0
5.3,1576140333786,0,0,0
5.3,1576140334236,0,0,0
5.3,1576140334686,0,0,0
5.3,1576140335136,0,0,0
5.3,1576140335585,0,0,0
5.3,1576140336035,0,0,0
5.3,1576140336486,0,0,0
5.3,1576140336936,0,0,0
5.3,1576140337385,0,0,0
5.3,1576140337835,0,0,0
5.3,1576140338285,0,0,0
5.3,1576140338736,0,0,0
5.3,1576140339185,0,0,0
5.3,1576140339635,0,0,0
5.3,1576140340085,0,0,0
5.3,1576140340535,0,0,0
5.3,1576140340985,0,0,0
5.3,1576140341435,0,0,0
5.3,1576140341885,0,0,0
5.3,1576140342336,0,0,0
5.3,1576140342786,0,0,0
5.3,1576140343235,0,0,0
5.3,1576140343685,0,0,0
5.3,1576140344135,0,0,0
5.3,1576140344585,0,0,0
5.3,1576140345035,0,0,0
5.3,1576140345485,0,0,0
5.3,1576140345935,0,0,0
5.3,1576140346385,0,0,0
5.3,1576140346835,0,0,0
5.3,1576140347285,0,0,0
5.3,1576140347735,0,0,0
5.3,1576140348185,0,0,0
5.3,1576140348635,0,0,0
5.3,1576140349085,0,0,0
5.3,1576140349535,0,0,0
5.3,1576140349985,0,0,0
5.3,1576140350435,0,0,0
5.3,1576140350885,0,0,0
5.3,1576140351335,0,0,0
5.3,1576140351785,0,0,0
5.3,1576140352235,0,0,0
5.3,1576140352685,0,0,0
5.3,1576140353135,0,0,0
5.3,1576140353585,0,0,0
5.3,1576140354035,0,0,0
5.3,1576140354485,0,0,0
5.3,1576140354935,0,0,0
5.3,1576140355385,0,0,0
5.3,1576140355835,0,0,0
5.3,1576140356284,0,0,0
5.3,1576140356735,0,0,0
5.4,1576140357189,0,0,0
5.3,1576140357635,0,0,0
5.3,1576140358084,0,0,0
5.3,1576140358535,0,0,0
7.6,1576140358985,0,0,0
21.2,1576140359439,-1,0,0
41.4,1576140359884,-1,0,0
46.0,1576140360334,-1,0,0
44.9,1576140360784,-1,0,0
35.7,1576140361234,-1,0,0
4.7,1576140361684,-1,0,0
2.8,1576140362134,-1,0,0
-7.2,1576140362584,-1,0,0
-9.7,1576140363034,-1,0,0
-16.4,1576140363484,-1,0,0
-7.3,1576140363934,-1,0,0
2.2,1576140364384,-1,0,0
0.7,1576140364834,-1,0,0
-3.7,1576140365285,-1,0,0
-6.9,1576140365734,1,0,0
-1.4,1576140366184,1,0,0
-0.5,1576140366634,1,0,0
-0.7,1576140367084,1,0,0
0.5,1576140367534,1,0,0
5.7,1576140367984,1,0,0
5.3,1576140368434,1,0,0
4.3,1576140368884,1,0,0
4.3,1576140369334,1,0,0
4.9,1576140369784,1,0,0
9.3,1576140370234,1,0,0
20.3,1576140370684,1,0,0
31.6,1576140371134,2,0,0
41.6,1576140371584,2,0,0
57.5,1576140372034,2,0,0
73.3,1576140372484,2,0,0
70.3,1576140372934,2,0,0
62.4,1576140373384,2,0,0
60.6,1576140373834,2,0,0
54.1,1576140374284,2,0,0
48.3,1576140374734,2,0,0
45.8,1576140375183,2,0,0
28.8,1576140375633,2,0,0
35.9,1576140376084,2,0,0
48.0,1576140376534,2,0,0
55.8,1576140376984,2,0,0
68.8,1576140377434,2,0,0
70.6,1576140377883,2,0,0
69.1,1576140378333,2,0,0
62.7,1576140378783,2,0,0
48.8,1576140379233,2,0,0
40.1,1576140379683,2,0,0
42.4,1576140380133,2,0,0
52.8,1576140380583,2,0,0
51.5,1576140381033,2,0,0
35.9,1576140381483,2,0,0
33.5,1576140381933,2,0,0
12.3,1576140382383,2,0,0
4.0,1576140382833,2,0,0
-9.0,1576140383283,2,0,0
-9.8,1576140383733,2,0,0
-9.0,1576140384183,2,0,0
-3.1,1576140384633,1,0,0
-2.0,1576140385083,1,0,0
-1.1,1576140385533,1,0,0
3.9,1576140385983,1,0,0
11.5,1576140386433,1,0,0
26.1,1576140386883,1,0,0
14.3,1576140387333,1,0,0
3.3,1576140387783,1,0,0
-4.6,1576140388233,1,0,0
-5.7,1576140388688,1,0,0
-7.8,1576140389133,1,0,0
-10.0,1576140389583,1,0,0
-10.0,1576140390038,1,0,0
-9.7,1576140390483,1,0,0
-6.0,1576140390938,1,0,0
-5.8,1576140391383,1,0,0
-5.6,1576140391838,1,0,0
4.1,1576140392284,1,0,0
7.4,1576140392738,1,0,0
18.4,1576140393183,1,0,0
20.6,1576140393637,1,0,0
14.0,1576140394083,1,0,0
3.9,1576140394538,1,0,0
4.0,1576140394987,1,0,0
4.7,1576140395440,1,0,0
0.2,1576140395887,1,0,0
-2.8,1576140396337,1,0,0
-8.7,1576140396787,1,0,0
-8.7,1576140397237,1,0,0
-9.2,1576140397687,1,0,0
0.2,1576140398137,1,0,0
3.4,1576140398587,1,0,0
-0.9,1576140399033,1,0,0
-0.4,1576140399487,1,0,0
5.2,1576140399937,1,0,0
7.6,1576140400387,1,0,0
4.0,1576140400837,1,0,0
2.1,1576140401282,1,0,0
6.6,1576140401737,1,0,0
10.1,1576140402187,1,0,0
3.4,1576140402632,1,0,0
1.4,1576140403087,1,0,0
0.4,1576140403533,1,0,0
-1.0,1576140403983,1,0,0
-5.1,1576140404432,1,0,0
-0.8,1576140404882,1,0,0
-3.7,1576140405332,1,0,0
-3.7,1576140405782,1,0,0
-0.6,1576140406232,1,0,0
-2.0,1576140406682,1,0,0
4.6,1576140407132,1,0,0
3.9,1576140407583,1,0,0
2.7,1576140408032,1,0,0
0.7,1576140408482,1,0,0
0.1,1576140408932,1,0,0
-0.1,1576140409387,1,0,0
-0.1,1576140409832,1,0,0
1.3,1576140410282,1,0,0
11.2,1576140410732,1,0,0
11.5,1576140411182,1,0,0
10.9,1576140411632,1,0,0
14.2,1576140412082,1,0,0
14.0,1576140412532,1,0,0
10.6,1576140412982,1,0,0
11.1,1576140413432,4,0,0
9.2,1576140413881,4,0,0
2.8,1576140414331,4,0,0
6.1,1576140414786,4,0,0
7.4,1576140415236,4,0,0
2.8,1576140415686,4,0,0
4.0,1576140416136,4,0,0
18.4,1576140416586,4,0,0
18.3,1576140417036,4,0,0
18.3,1576140417486,4,0,0
18.4,1576140417936,4,0,0
18.3,1576140418386,4,0,0
14.8,1576140418836,4,0,0
1.6,1576140419286,4,0,0
-3.1,1576140419736,4,0,0
-4.4,1576140420186,4,0,0
-6.0,1576140420636,4,0,0
-11.5,1576140421086,4,0,0
-11.6,1576140421536,4,0,0
-11.9,1576140421986,4,0,0
-11.9,1576140422436,4,0,0
-12.4,1576140422886,4,0,0
-9.9,1576140423336,4,0,0
-7.6,1576140423786,1,0,0
-3.0,1576140424236,1,0,0
-3.0,1576140424686,1,0,0
-3.1,1576140425136,1,0,0
-3.1,1576140425586,1,0,0
-2.6,1576140426036,1,0,0
-2.6,1576140426486,1,0,0
-2.6,1576140426936,1,0,0
-6.0,1576140427386,1,0,0
-11.2,1576140427836,1,0,0
-5.5,1576140428286,1,0,0
-2.1,1576140428736,1,0,0
-1.7,1576140429186,1,0,0
1.5,1576140429636,1,0,0
3.1,1576140430086,1,0,0
4.7,1576140430536,1,0,0
6.7,1576140430986,1,0,0
7.0,1576140431436,1,0,0
5.0,1576140431886,1,0,0
5.0,1576140432335,1,0,0
1.4,1576140432785,1,0,0
0.7,1576140433235,1,0,0
0.7,1576140433685,1,0,0
0.7,1576140434135,1,0,0
2.1,1576140434585,1,0,0
2.1,1576140435035,1,0,0
2.1,1576140435485,1,0,0
2.1,1576140435935,1,0,0
3.2,1576140436385,1,0,0
2.4,1576140436835,1,0,0
0.9,1576140437285,1,0,0
-4.6,1576140437735,1,0,0
-7.6,1576140438185,1,0,0
-7.5,1576140438635,1,0,0
-8.7,1576140439085,1,0,0
-8.7,1576140439535,1,0,0
-8.2,1576140439985,1,0,0
-4.8,1576140440435,1,0,0
-2.5,1576140440885,1,0,0
1.1,1576140441335,1,0,0
13.1,1576140441785,1,0,0
12.7,1576140442235,1,0,0
12.3,1576140442685,4,0,0
5.6,1576140443135,4,0,0
1.3,1576140443585,4,0,0
-1.5,1576140444035,4,0,0
-14.4,1576140444485,4,0,0
-18.2,1576140444935,4,0,0
-16.5,1576140445385,4,0,0
-14.2,1576140445835,4,0,0
-14.3,1576140446285,4,0,0
-19.0,1576140446735,4,0,0
-16.3,1576140447185,4,0,0
-13.9,1576140447635,4,0,0
-18.9,1576140448085,4,0,0
-27.5,1576140448535,4,0,0
-21.8,1576140448985,4,0,0
-11.0,1576140449435,4,0,0
-11.0,1576140449885,4,0,0
-10.9,1576140450335,4,0,0
-10.9,1576140450785,4,0,0
-10.9,1576140451234,4,0,0
-6.9,1576140451684,4,0,0
-3.9,1576140452134,1,0,1
-6.0,1576140452584,1,0,1
-6.2,1576140453034,1,0,1
-6.2,1576140453484,1,0,1
-6.2,1576140453934,1,0,1
-6.2,1576140454389,1,0,1
-6.2,1576140454834,1,0,1
-6.2,1576140455284,1,0,1
-6.2,1576140455734,1,0,1
-6.2,1576140456184,1,0,1
-6.2,1576140456634,1,0,1
-6.2,1576140457084,1,0,1
-6.2,1576140457539,1,0,1
-6.2,1576140457984,0,0,1
-6.2,1576140458439,0,0,1
-6.2,1576140458889,0,0,1
-6.2,1576140459334,0,0,1
-6.2,1576140459789,0,0,1
-6.2,1576140460234,0,0,1
-1.2,1576140460689,0,0,1
-1.2,1576140461134,0,0,1
-1.8,1576140461589,0,0,1
-1.8,1576140462034,0,0,1
-1.8,1576140462489,0,0,1
-1.8,1576140462934,0,0,1
-1.8,1576140463389,0,0,1
0.1,1576140463834,0,0,1
1.4,1576140464289,0,0,1
7.5,1576140464734,0,0,1
18.7,1576140465189,0,0,1
20.6,1576140465634,1,0,0
17.8,1576140466084,1,0,0
17.8,1576140466534,1,0,0
17.1,1576140466989,1,0,0
8.2,1576140467434,1,0,0
4.1,1576140467889,1,0,0
-1.3,1576140468334,1,0,0
-1.3,1576140468784,1,0,0
-1.3,1576140469234,1,0,0
-1.5,1576140469689,1,0,0
-13.1,1576140470139,1,0,0
-12.3,1576140470584,1,0,0
-11.9,1576140471033,1,0,0
-12.5,1576140471483,1,0,0
-12.4,1576140471933,1,0,0
-13.3,1576140472383,1,0,0
-13.1,1576140472833,1,0,0
-13.1,1576140473283,1,0,0
-13.1,1576140473733,1,0,0
-13.4,1576140474184,1,0,0
-13.4,1576140474638,1,0,0
-17.1,1576140475083,1,0,0
-18.4,1576140475533,1,0,0
-17.2,1576140475983,1,0,0
-13.8,1576140476448,1,0,0
-16.4,1576140476898,1,0,0
-20.1,1576140477348,1,0,0
-20.1,1576140477798,1,0,0
-22.6,1576140478248,1,0,0
-16.9,1576140478698,1,0,0
-13.8,1576140479148,1,0,0
-13.4,1576140479598,1,0,0
-10.2,1576140480048,1,0,0
-9.2,1576140480503,1,0,0
-7.7,1576140480958,1,0,0
-7.4,1576140481408,1,0,0
-7.4,1576140481858,1,0,0
-7.3,1576140482308,1,0,0
-7.3,1576140482758,1,0,0
-7.3,1576140483203,1,0,0
-7.3,1576140483658,1,0,0
-7.3,1576140484103,1,0,0
-7.3,1576140484553,1,0,0
-7.3,1576140485008,1,0,0
-9.9,1576140485458,1,0,0
-9.9,1576140485903,1,0,0
-10.1,1576140486358,1,0,0
-10.8,1576140486808,1,0,0
-10.6,1576140487258,1,0,0
-8.4,1576140487708,1,0,0
-8.5,1576140488158,1,0,0
-8.5,1576140488608,1,0,0
-8.5,1576140489058,1,0,0
-14.0,1576140489503,1,0,0
-12.3,1576140489952,1,0,0
-16.4,1576140490402,1,0,0
-16.4,1576140490857,1,0,0
-14.5,1576140491303,1,0,0
-11.5,1576140491757,1,0,0
-10.5,1576140492202,1,0,0
-10.3,1576140492657,1,0,0
-10.2,1576140493102,1,0,0
-10.0,1576140493557,1,0,0
-8.8,1576140494007,1,0,0
13.1,1576140494458,1,0,0
14.4,1576140494907,1,0,0
14.7,1576140495357,1,0,0
8.6,1576140495807,1,0,0
6.0,1576140496257,1,0,0
5.3,1576140496707,1,0,0
1.6,1576140497152,1,0,0
-0.7,1576140497607,1,0,0
-1.6,1576140498057,1,0,0
-2.0,1576140498507,1,0,0
-2.2,1576140498952,1,0,0
-2.1,1576140499407,1,0,0
-2.1,1576140499857,1,0,0
-2.1,1576140500307,1,0,0
3.5,1576140500757,1,0,0
1.3,1576140501207,1,0,0
2.2,1576140501657,1,0,0
3.0,1576140502107,1,0,0
3.3,1576140502557,1,0,0
2.7,1576140503007,1,0,0
2.4,1576140503452,1,0,0
1.9,1576140503907,1,0,0
1.3,1576140504357,1,0,0
0.9,1576140504807,1,0,0
2.9,1576140505257,1,0,0
3.2,1576140505707,1,0,0
3.1,1576140506157,1,0,0
3.7,1576140506607,1,0,0
5.5,1576140507057,1,0,0
4.0,1576140507507,1,0,0
0.8,1576140507957,1,0,0
-8.5,1576140508407,1,0,0
-3.9,1576140508856,1,0,0
-2.2,1576140509307,1,0,0
1.0,1576140509756,1,0,0
0.6,1576140510206,1,0,0
0.2,1576140510657,1,0,0
1.8,1576140511106,1,0,0
1.3,1576140511556,1,0,0
1.4,1576140512006,1,0,0
1.6,1576140512456,1,0,0
1.6,1576140512906,1,0,0
5.1,1576140513356,1,0,0
4.8,1576140513806,1,0,0
3.6,1576140514256,1,0,0
3.5,1576140514706,1,0,0
1.3,1576140515156,1,0,0
-1.0,1576140515606,1,0,0
1.7,1576140516056,1,0,0
2.7,1576140516506,1,0,0
2.4,1576140516956,1,0,0
0.4,1576140517411,1,0,0
1.4,1576140517856,1,0,0
0.8,1576140518311,1,0,0
0.2,1576140518756,1,0,0
1.6,1576140519206,1,0,0
4.2,1576140519656,1,0,0
3.5,1576140520106,1,0,0
3.2,1576140520556,1,0,0
-3.2,1576140521006,1,0,0
-3.5,1576140521456,1,0,0
-3.5,1576140521906,1,0,0
-3.3,1576140522356,1,0,0
-1.0,1576140522806,1,0,0
4.5,1576140523256,1,0,0
4.5,1576140523706,1,0,0
4.5,1576140524156,1,0,0
4.5,1576140524606,1,0,0
5.3,1576140525056,1,0,0
1.4,1576140525506,1,0,0
1.3,1576140525956,1,0,0
0.3,1576140526406,1,0,0
0.3,1576140526856,1,0,0
0.3,1576140527306,1,0,0
-0.9,1576140527756,1,0,0
-0.8,1576140528205,1,0,0
-0.7,1576140528655,1,0,0
4.4,1576140529105,1,0,0
4.8,1576140529555,1,0,0
4.5,1576140530005,1,0,0
2.6,1576140530455,1,0,0
1.4,1576140530905,1,0,0
-0.3,1576140531355,1,0,0
-0.2,1576140531806,1,0,0
-0.2,1576140532255,1,0,0
2.4,1576140532705,1,0,0
3.1,1576140533155,1,0,0
3.1,1576140533605,1,0,0
3.1,1576140534055,1,0,0
3.0,1576140534505,1,0,0
2.9,1576140534955,1,0,0
-1.8,1576140535405,1,0,0
-2.5,1576140535855,1,0,0
0.9,1576140536305,1,0,0
-0.4,1576140536760,1,0,0
-0.1,1576140537205,1,0,0
-0.1,1576140537660,1,0,0
2.1,1576140538105,1,0,0
2.1,1576140538555,1,0,0
2.0,1576140539005,1,0,0
1.5,1576140539455,1,0,0
1.5,1576140539905,1,0,0
0.6,1576140540355,1,0,0
-0.1,1576140540805,1,0,0
-1.1,1576140541260,1,0,0
-0.8,1576140541705,1,0,0
-0.8,1576140542155,1,0,0
-0.8,1576140542605,1,0,0
-0.8,1576140543055,1,0,0
-0.7,1576140543510,1,0,0
-0.7,1576140543955,1,0,0
-0.7,1576140544410,1,0,0
4.0,1576140544855,1,0,0
9.9,1576140545310,1,0,0
9.2,1576140545755,1,0,0
9.2,1576140546205,-1,0,0
9.1,1576140546655,-1,0,0
9.8,1576140547109,-1,0,0
21.6,1576140547555,-1,0,0
33.0,1576140548004,-1,0,0
45.5,1576140548454,-1,0,0
47.6,1576140548904,-1,0,0
71.3,1576140549354,-1,0,0
103.1,1576140549804,-1,0,0
130.7,1576140550254,-1,0,0
129.5,1576140550704,-1,0,0
129.1,1576140551159,-1,0,0
129.1,1576140551604,-1,0,0
129.1,1576140552054,-1,0,0
129.7,1576140552504,-1,0,0
149.3,1576140552954,-1,0,0
191.9,1576140553404,0,0,0
244.3,1576140553854,0,0,0
246.9,1576140554304,0,0,0
246.8,1576140554754,0,0,0
246.8,1576140555204,0,0,0
246.8,1576140555659,0,0,0
246.8,1576140556104,0,0,0
246.8,1576140556554,0,0,0
246.8,1576140557004,0,0,0
246.8,1576140557454,0,0,0
246.8,1576140557904,0,0,0
245.3,1576140558354,0,0,0
245.2,1576140558804,0,0,0
245.2,1576140559254,0,0,0
245.2,1576140559709,0,0,0
245.2,1576140560154,0,0,0
245.2,1576140560604,0,0,0
245.2,1576140561054,0,0,0
245.2,1576140561504,0,0,0
245.2,1576140561954,0,0,0
245.2,1576140562404,0,0,0
245.2,1576140562854,0,0,0
245.2,1576140563309,0,0,0
245.2,1576140563759,0,0,0
245.2,1576140564209,0,0,0
245.2,1576140564659,0,0,0
245.2,1576140565109,0,0,0
245.2,1576140565558,0,0,0
245.2,1576140566008,0,0,0
245.2,1576140566458,0,0,0
245.4,1576140566908,0,0,0
245.8,1576140567358,0,0,0
246.0,1576140567809,0,0,0
245.9,1576140568258,0,0,0
245.9,1576140568708,0,0,0
238.8,1576140569158,0,0,0
190.9,1576140569608,0,0,0
139.4,1576140570058,0,0,0
60.8,1576140570508,0,0,0
9.8,1576140570958,0,0,0
-70.0,1576140571408,0,0,0
-78.4,1576140571858,0,0,0
-82.7,1576140572308,0,0,0
-33.7,1576140572758,0,0,0
40.2,1576140573208,0,0,0
85.1,1576140573658,0,0,0
111.8,1576140574108,0,0,0
118.3,1576140574558,0,0,0
126.0,1576140575008,0,0,0
126.5,1576140575458,0,0,0
127.3,1576140575908,0,0,0
130.2,1576140576358,0,0,0
168.2,1576140576808,0,0,0
189.2,1576140577253,0,0,0
184.3,1576140577708,0,0,0
184.3,1576140578158,0,0,0
184.3,1576140578608,0,0,0
184.3,1576140579058,0,0,0
184.3,1576140579508,0,0,0
184.3,1576140579958,0,0,0
184.3,1576140580403,0,0,0
184.3,1576140580853,0,0,0
184.3,1576140581308,0,0,0
184.3,1576140581753,0,0,0
184.3,1576140582203,0,0,0
184.3,1576140582653,0,0,0
184.3,1576140583103,0,0,0
184.3,1576140583553,0,0,0
184.3,1576140584008,0,0,0
184.3,1576140584458,0,0,0
184.3,1576140584908,0,0,0
184.3,1576140585357,0,0,0
184.3,1576140585807,0,0,0
184.3,1576140586257,0,0,0
192.6,1576140586707,0,0,0
226.5,1576140587157,0,0,0
286.3,1576140587607,0,0,0
356.7,1576140588057,0,0,0
422.4,1576140588507,0,0,0
423.3,1576140588957,2,0,0
407.0,1576140589407,2,0,0
371.0,1576140589857,2,0,0
291.7,1576140590307,2,0,0
258.6,1576140590757,2,0,0
256.5,1576140591207,2,0,0
243.0,1576140591657,2,0,0
239.2,1576140592107,2,0,0
241.0,1576140592557,2,0,0
288.8,1576140593007,2,0,0
296.1,1576140593457,2,0,0
227.3,1576140593907,2,0,0
165.8,1576140594357,2,0,0
120.0,1576140594807,2,0,0
49.6,1576140595257,2,0,0
41.6,1576140595707,2,0,0
38.7,1576140596157,2,0,0
30.0,1576140596607,2,0,0
51.3,1576140597057,2,0,0
93.4,1576140597507,2,0,0
79.4,1576140597957,2,0,0
64.7,1576140598407,2,0,0
69.4,1576140598857,2,0,0
58.0,1576140599307,2,0,0
38.2,1576140599757,2,0,0
32.5,1576140600207,2,0,0
34.4,1576140600657,2,0,0
30.2,1576140601107,2,0,0
31.6,1576140601557,2,0,0
33.5,1576140602007,2,0,0
39.7,1576140602457,2,0,0
66.9,1576140602907,2,0,0
104.9,1576140603356,2,0,0
178.0,1576140603806,2,0,0
184.4,1576140604256,-1,0,0
141.4,1576140604706,-1,0,0
60.8,1576140605156,-1,0,0
22.8,1576140605606,-1,0,0
36.9,1576140606056,-1,0,0
28.0,1576140606506,-1,0,0
20.5,1576140606956,-1,0,0
20.0,1576140607406,-1,0,0
10.6,1576140607856,-1,0,0
-8.6,1576140608306,-1,0,0
-15.0,1576140608756,-1,0,0
-15.5,1576140609206,-1,0,0
-23.2,1576140609656,-1,0,0
-26.8,1576140610106,-1,0,0
-29.7,1576140610556,-1,0,0
-27.9,1576140611006,-1,0,0
-23.3,1576140611456,-1,0,0
-18.2,1576140611906,-1,0,0
-3.5,1576140612356,-1,0,0
-3.9,1576140612806,-1,0,0
-2.4,1576140613256,-1,0,0
4.6,1576140613706,-1,0,0
12.1,1576140614156,-1,0,0
17.8,1576140614606,-1,0,0
21.2,1576140615061,2,0,0
50.2,1576140615506,2,0,0
61.3,1576140615956,2,0,0
53.2,1576140616411,2,0,0
59.3,1576140616856,2,0,0
60.8,1576140617306,2,0,0
66.8,1576140617756,2,0,0
69.5,1576140618206,2,0,0
69.9,1576140618656,2,0,0
63.9,1576140619106,2,0,0
45.2,1576140619556,2,0,0
13.7,1576140620006,2,0,0
-2.3,1576140620456,2,0,0
-10.6,1576140620906,2,0,0
-22.0,1576140621356,2,0,0
-37.8,1576140621806,2,0,0
-41.6,1576140622255,3,0,0
-39.0,1576140622711,3,0,0
-33.0,1576140623155,3,0,0
-19.6,1576140623605,3,0,0
-2.6,1576140624055,3,0,0
-1.8,1576140624510,3,0,0
-1.8,1576140624955,3,0,0
1.8,1576140625405,3,0,0
5.7,1576140625860,1,0,0
4.1,1576140626305,1,0,0
0.2,1576140626760,1,0,0
-4.7,1576140627205,1,0,0
-18.4,1576140627660,1,0,0
-34.1,1576140628110,1,0,0
-45.7,1576140628555,3,0,0
-60.6,1576140629005,3,0,0
-65.8,1576140629460,3,0,0
-66.1,1576140629905,3,0,0
-44.0,1576140630360,3,0,0
-39.9,1576140630805,3,0,0
-22.8,1576140631260,3,0,0
-11.4,1576140631710,3,0,0
8.0,1576140632155,3,0,0
22.6,1576140632605,3,0,0
34.6,1576140633060,3,0,0
14.0,1576140633505,1,1,0
16.3,1576140633960,1,1,0
12.3,1576140634405,1,1,0
8.5,1576140634860,1,1,0
8.8,1576140635305,1,1,0
4.4,1576140635760,1,1,0
3.7,1576140636205,1,1,0
-3.7,1576140636660,1,1,0
-9.2,1576140637105,1,1,0
-14.7,1576140637560,1,1,0
-14.7,1576140638010,1,1,0
-20.6,1576140638470,1,1,0
-22.7,1576140638915,1,1,0
-14.2,1576140639365,1,1,0
-13.0,1576140639820,1,1,0
-7.0,1576140640266,1,1,0
-8.0,1576140640715,1,1,0
-10.1,1576140641170,1,1,0
-12.6,1576140641619,1,1,0
-12.5,1576140642069,1,1,0
-11.7,1576140642519,1,1,0
-3.0,1576140642969,1,1,0
-3.2,1576140643419,1,1,0
-3.5,1576140643869,1,1,0
-3.5,1576140644319,1,1,0
-3.5,1576140644769,1,1,0
-3.5,1576140645219,1,1,0
-1.2,1576140645669,1,1,0
-1.2,1576140646119,1,1,0
-0.7,1576140646569,1,1,0
-0.1,1576140647019,1,1,0
1.4,1576140647469,1,1,0
3.1,1576140647919,1,1,0
4.1,1576140648369,1,1,0
4.6,1576140648819,1,1,0
4.6,1576140649269,1,1,0
9.6,1576140649719,1,1,0
25.5,1576140650169,4,0,0
24.4,1576140650619,4,0,0
17.9,1576140651069,4,0,0
12.8,1576140651519,4,0,0
9.9,1576140651969,4,0,0
-4.8,1576140652419,4,0,0
-12.5,1576140652869,4,0,0
-23.2,1576140653319,4,0,0
-23.0,1576140653769,4,0,0
-16.4,1576140654219,4,0,0
-9.2,1576140654669,4,0,0
-2.9,1576140655119,4,0,0
-0.3,1576140655569,4,0,0
0.8,1576140656019,4,0,0
1.4,1576140656469,4,0,0
-0.6,1576140656919,4,0,0
-1.1,1576140657369,4,0,0
-9.6,1576140657819,1,0,0
-7.9,1576140658265,1,0,0
-8.0,1576140658714,1,0,0
-4.1,1576140659164,1,0,0
-2.3,1576140659614,1,0,0
-0.1,1576140660067,1,0,0
0.1,1576140660518,1,0,0
5.5,1576140660968,1,0,0
6.5,1576140661423,1,0,0
5.5,1576140661873,1,0,0
7.7,1576140662323,1,0,0
9.9,1576140662783,1,0,0
9.6,1576140663233,1,0,0
5.0,1576140663688,1,0,0
5.9,1576140664133,1,0,0
7.3,1576140664583,1,0,0
6.4,1576140665038,1,0,0
2.7,1576140665488,1,0,0
3.8,1576140665938,1,0,0
0.3,1576140666383,1,0,0
0.3,1576140666833,1,0,0
1.3,1576140667278,1,0,0
5.2,1576140667728,1,0,0
8.0,1576140668178,1,0,0
8.2,1576140668628,1,0,0
8.1,1576140669078,1,0,0
6.2,1576140669528,1,0,0
2.3,1576140669978,1,0,0
-4.5,1576140670428,1,0,0
-4.6,1576140670873,1,0,0
-0.4,1576140671328,1,0,0
8.1,1576140671778,1,0,0
7.3,1576140672228,1,0,0
8.5,1576140672678,1,0,0
9.1,1576140673128,1,0,0
8.7,1576140673573,1,0,0
7.1,1576140674028,1,0,0
6.7,1576140674478,1,0,0
5.1,1576140674928,1,0,0
-4.1,1576140675378,1,0,0
-4.1,1576140675828,1,0,0
-4.1,1576140676278,1,0,0
-9.2,1576140676728,1,0,0
-7.6,1576140677178,1,0,0
-8.6,1576140677628,1,0,0
-7.8,1576140678078,1,0,0
9.0,1576140678528,1,0,0
16.6,1576140678973,1,0,0
13.3,1576140679418,1,0,0
12.4,1576140679867,1,0,0
7.1,1576140680318,1,0,0
5.0,1576140680768,1,0,0
2.2,1576140681217,1,0,0
1.7,1576140681667,1,0,0
-1.0,1576140682117,1,0,0
-2.1,1576140682568,1,0,0
-3.2,1576140683017,1,0,0
-6.1,1576140683468,1,0,0
-6.4,1576140683912,1,0,0
-6.2,1576140684357,1,0,0
-16.9,1576140684807,1,0,0
-85.0,1576140685257,1,0,0
-207.9,1576140685707,3,0,0
-265.2,1576140686157,3,0,0
-344.0,1576140686607,3,0,0
-414.2,1576140687057,3,0,0
-488.3,1576140687507,3,0,0
-491.1,1576140687957,3,0,0
-488.5,1576140688407,3,0,0
-483.0,1576140688857,3,0,0
-445.9,1576140689307,3,0,0
-374.0,1576140689757,3,0,0
-296.6,1576140690207,3,0,0
-187.0,1576140690657,3,0,0
-74.8,1576140691107,3,0,0
-44.5,1576140691557,3,0,0
-28.6,1576140692007,3,0,0
-3.1,1576140692457,3,0,0
45.4,1576140692907,3,0,0
47.1,1576140693357,-1,0,0
56.3,1576140693812,-1,0,0
67.8,1576140694257,-1,0,0
69.3,1576140694707,-1,0,0
69.2,1576140695157,-1,0,0
46.8,1576140695612,-1,0,0
15.1,1576140696057,-1,0,0
11.7,1576140696507,-1,0,0
7.4,1576140696957,-1,0,0
4.8,1576140697407,-1,0,0
2.1,1576140697857,-1,0,0
0.3,1576140698307,1,0,0
-6.1,1576140698767,1,0,0
-7.4,1576140699217,1,0,0
2.0,1576140699667,1,0,0
33.6,1576140700116,1,0,0
66.3,1576140700567,1,0,0
81.5,1576140701017,2,0,0
113.0,1576140701466,2,0,0
140.2,1576140701916,2,0,0
157.5,1576140702366,2,0,0
167.9,1576140702816,2,0,0
181.8,1576140703266,2,0,0
176.1,1576140703716,2,0,0
144.4,1576140704166,2,0,0
72.6,1576140704616,2,0,0
20.3,1576140705066,2,0,0
-2.8,1576140705521,2,0,0
-5.8,1576140705971,2,0,0
-5.6,1576140706421,2,0,0
1.8,1576140706866,2,0,0
4.6,1576140707316,1,0,0
2.9,1576140707766,1,0,0
-3.0,1576140708216,1,0,0
-8.0,1576140708666,1,0,0
-6.3,1576140709116,1,0,0
-4.6,1576140709566,1,0,0
-4.2,1576140710016,1,0,0
-4.2,1576140710466,1,0,0
-5.3,1576140710916,1,0,0
-3.6,1576140711366,1,0,0
-2.9,1576140711816,1,0,0
-1.0,1576140712266,1,0,0
0.2,1576140712716,1,0,0
0.0,1576140713166,1,0,0
0.0,1576140713616,1,0,0
0.2,1576140714066,1,0,0
8.4,1576140714516,1,0,0
30.3,1576140714966,1,0,0
24.1,1576140715416,-1,0,0
22.5,1576140715866,-1,0,0
16.2,1576140716316,-1,0,0
10.8,1576140716766,-1,0,0
15.9,1576140717216,-1,0,0
22.7,1576140717666,-1,0,0
19.4,1576140718116,-1,0,0
20.3,1576140718566,-1,0,0
19.8,1576140719020,-1,0,0
20.4,1576140719470,-1,0,0
25.4,1576140719916,-1,0,0
20.0,1576140720366,-1,0,0
8.2,1576140720815,-1,0,0
-0.6,1576140721265,-1,0,0
-9.9,1576140721715,-1,0,0
-18.1,1576140722165,-1,0,0
-22.8,1576140722615,-1,0,0
-15.3,1576140723065,3,0,0
-14.6,1576140723515,3,0,0
-17.1,1576140723972,3,0,0
-36.3,1576140724420,3,0,0
-76.3,1576140724865,3,0,0
-100.5,1576140725320,3,0,0
-112.2,1576140725770,3,0,0
-145.9,1576140726220,3,0,0
-174.0,1576140726665,3,0,0
-204.1,1576140727120,3,0,0
-206.3,1576140727570,3,0,0
-203.8,1576140728020,3,0,0
-203.4,1576140728470,3,0,0
-202.3,1576140728920,3,0,0
-199.1,1576140729370,3,0,0
-207.2,1576140729820,3,0,0
-181.8,1576140730270,3,0,0
-59.5,1576140730720,3,0,0
5.6,1576140731170,3,0,0
17.2,1576140731620,3,0,0
15.1,1576140732070,3,0,0
4.2,1576140732520,3,0,0
6.7,1576140732970,0,0,0
6.7,1576140733420,0,0,0
6.7,1576140733870,0,0,0
6.7,1576140734320,0,0,0
6.7,1576140734770,0,0,0
6.7,1576140735220,0,0,0
6.7,1576140735670,0,0,0
6.7,1576140736120,0,0,0
7.4,1576140736570,0,0,0
7.6,1576140737020,0,0,0
7.6,1576140737470,0,0,0
7.5,1576140737919,0,0,0
7.6,1576140738370,0,0,0
7.5,1576140738820,0,0,0
7.5,1576140739269,0,0,0
7.5,1576140739720,0,0,0
7.5,1576140740169,0,0,0
7.6,1576140740620,0,0,0
7.5,1576140741069,0,0,0
7.5,1576140741520,0,0,0
7.5,1576140741971,0,0,0
7.6,1576140742419,0,0,0
7.5,1576140742869,0,0,0
7.6,1576140743320,0,0,0
7.5,1576140743770,0,0,0
7.5,1576140744219,0,0,0
7.5,1576140744669,0,0,0
7.5,1576140745119,0,0,0
7.5,1576140745569,0,0,0
7.5,1576140746020,0,0,0
7.6,1576140746470,0,0,0
7.6,1576140746919,0,0,0
7.6,1576140747370,0,0,0
7.5,1576140747820,0,0,0
7.6,1576140748269,0,0,0
7.5,1576140748724,0,0,0
7.6,1576140749179,0,0,0
7.6,1576140749629,0,0,0
7.6,1576140750079,0,0,0
7.5,1576140750529,0,0,0
7.6,1576140750979,0,0,0
7.6,1576140751429,0,0,0
7.6,1576140751879,0,0,0
7.5,1576140752329,0,0,0
7.6,1576140752779,0,0,0
7.6,1576140753229,0,0,0
7.6,1576140753679,0,0,0
7.6,1576140754129,0,0,0
7.5,1576140754579,0,0,0
7.5,1576140755029,0,0,0
7.5,1576140755479,0,0,0
7.6,1576140755929,0,0,0
7.6,1576140756379,0,0,0
7.6,1576140756829,0,0,0
7.6,1576140757279,0,0,0
7.6,1576140757728,0,0,0
7.6,1576140758179,0,0,0
7.6,1576140758628,0,0,0
7.5,1576140759079,0,0,0
7.6,1576140759528,0,0,0
7.5,1576140759979,0,0,0
7.6,1576140760428,0,0,0
