steer_data,Timestamp,Action,Bump,Traffic congestion
-414.7,1576237862327,3,0,0
-494.2,1576237862777,3,0,0
-494.7,1576237863227,3,0,0
-494.8,1576237863676,3,0,0
-494.8,1576237864126,3,0,0
-494.8,1576237864577,3,0,0
-494.8,1576237865026,3,0,0
-494.7,1576237865476,3,0,0
-475.4,1576237865931,3,0,0
-386.7,1576237866381,3,0,0
-265.4,1576237866832,3,0,0
-142.3,1576237867281,3,0,0
-11.9,1576237867731,3,0,0
-3.7,1576237868181,3,0,0
-20.9,1576237868632,3,0,0
-20.3,1576237869081,3,0,0
-5.3,1576237869531,3,0,0
-4.2,1576237869981,1,0,0
-0.4,1576237870432,1,0,0
5.4,1576237870881,1,0,0
13.2,1576237871331,1,0,0
10.2,1576237871781,1,0,0
3.6,1576237872232,1,0,0
-0.4,1576237872681,1,0,0
-0.9,1576237873131,1,0,0
-0.9,1576237873581,1,0,0
-3.2,1576237874032,1,0,0
-4.2,1576237874481,1,0,0
-5.1,1576237874931,1,0,0
-5.0,1576237875381,1,0,0
3.5,1576237875832,1,0,0
5.1,1576237876281,1,0,0
4.2,1576237876731,1,0,0
1.7,1576237877181,1,0,0
1.7,1576237877632,1,0,0
1.8,1576237878081,1,0,0
1.8,1576237878531,1,0,0
1.8,1576237878981,1,0,0
1.5,1576237879432,1,0,0
1.2,1576237879880,1,0,0
-0.1,1576237880330,1,0,0
-1.6,1576237880780,1,0,0
-2.9,1576237881231,1,0,0
-2.9,1576237881680,1,0,0
-4.0,1576237882130,1,0,0
-1.0,1576237882580,1,0,0
-0.4,1576237883031,1,0,0
-0.2,1576237883480,1,0,0
-0.6,1576237883930,1,0,0
-1.6,1576237884380,1,0,0
-1.6,1576237884831,1,0,0
-2.9,1576237885280,1,0,0
-3.4,1576237885730,1,0,0
-4.0,1576237886180,1,0,0
-2.8,1576237886631,1,0,0
1.0,1576237887080,1,0,0
9.4,1576237887530,1,0,0
10.4,1576237887980,1,0,0
10.7,1576237888431,2,0,0
10.4,1576237888880,2,0,0
18.9,1576237889330,2,0,0
58.0,1576237889780,2,0,0
180.9,1576237890231,2,0,0
255.1,1576237890680,2,0,0
336.3,1576237891130,2,0,0
368.6,1576237891580,2,0,0
399.9,1576237892031,2,0,0
397.8,1576237892480,2,0,0
390.3,1576237892930,2,0,0
354.3,1576237893380,2,0,0
271.3,1576237893831,2,0,0
186.1,1576237894280,2,0,0
115.6,1576237894730,2,0,0
54.4,1576237895180,2,0,0
24.9,1576237895631,2,0,0
17.1,1576237896080,2,0,0
15.8,1576237896530,2,0,0
14.4,1576237896979,2,0,0
14.6,1576237897430,2,0,0
23.1,1576237897879,2,0,0
23.0,1576237898330,2,0,0
23.0,1576237898779,1,0,0
23.0,1576237899230,1,0,0
18.6,1576237899679,1,0,0
12.3,1576237900129,1,0,0
10.4,1576237900579,1,0,0
10.3,1576237901030,1,0,0
10.3,1576237901479,1,0,0
10.2,1576237901929,1,0,0
10.2,1576237902379,1,0,0
10.3,1576237902830,1,0,0
10.4,1576237903279,0,0,0
10.4,1576237903729,0,0,0
10.4,1576237904184,0,0,0
10.4,1576237904630,0,0,0
10.4,1576237905079,0,0,0
10.4,1576237905529,0,0,0
10.4,1576237905979,0,0,0
10.4,1576237906430,0,0,0
10.4,1576237906879,0,0,0
10.4,1576237907329,0,0,0
10.4,1576237907784,0,0,0
10.4,1576237908230,0,0,0
10.4,1576237908684,0,0,0
10.4,1576237909134,0,0,0
10.4,1576237909579,0,0,0
10.4,1576237910030,0,0,0
10.4,1576237910484,0,0,0
10.4,1576237910934,0,0,0
10.4,1576237911384,0,0,0
10.4,1576237911829,0,0,0
10.4,1576237912278,0,0,0
10.4,1576237912728,0,0,0
10.4,1576237913178,0,0,0
10.4,1576237913629,0,0,0
10.4,1576237914078,0,0,0
10.4,1576237914528,0,0,0
9.7,1576237914978,0,0,0
7.6,1576237915429,0,0,0
7.3,1576237915878,0,0,0
4.8,1576237916328,0,0,0
-3.4,1576237916778,1,0,0
-21.4,1576237917229,1,0,0
-28.2,1576237917678,1,0,0
-28.1,1576237918128,1,0,0
-23.5,1576237918578,1,0,0
-22.0,1576237919029,1,0,0
-17.0,1576237919478,1,0,0
-1.7,1576237919928,1,0,0
6.6,1576237920378,1,0,0
6.6,1576237920829,1,0,0
14.9,1576237921283,1,0,0
20.7,1576237921728,1,0,0
9.5,1576237922178,1,0,0
5.9,1576237922629,1,0,0
10.5,1576237923083,1,0,0
11.7,1576237923528,1,0,0
12.3,1576237923978,1,0,0
8.7,1576237924429,1,0,0
-0.7,1576237924878,1,0,0
-1.6,1576237925333,1,0,0
-4.8,1576237925783,1,0,0
-8.5,1576237926233,1,0,0
-12.9,1576237926683,1,0,0
-11.1,1576237927133,1,0,0
-3.7,1576237927583,1,0,0
-2.0,1576237928033,1,0,0
-1.0,1576237928483,1,0,0
3.8,1576237928932,1,0,0
15.7,1576237929383,1,0,0
25.3,1576237929833,1,0,0
23.1,1576237930282,1,0,0
13.9,1576237930732,1,0,0
-3.1,1576237931182,1,0,0
-15.5,1576237931632,1,0,0
-25.0,1576237932082,1,0,0
-26.4,1576237932532,1,0,0
-30.5,1576237932982,1,0,0
-42.2,1576237933432,1,0,0
-20.3,1576237933882,1,0,0
-16.4,1576237934332,1,0,0
-16.0,1576237934782,1,0,0
-14.0,1576237935232,1,0,0
7.8,1576237935682,1,0,0
11.5,1576237936132,1,0,0
10.4,1576237936582,1,0,0
8.2,1576237937032,1,0,0
7.4,1576237937482,1,0,0
6.3,1576237937932,1,0,0
0.0,1576237938382,1,0,0
-2.9,1576237938832,1,0,0
-3.1,1576237939282,1,0,0
-3.2,1576237939732,1,0,0
-3.2,1576237940182,1,0,0
7.3,1576237940632,1,0,0
15.9,1576237941082,1,0,0
15.7,1576237941532,1,0,0
13.6,1576237941982,1,0,0
12.3,1576237942432,1,0,0
11.4,1576237942882,1,0,0
8.9,1576237943332,1,0,0
3.7,1576237943782,1,0,0
3.5,1576237944232,1,0,0
1.5,1576237944682,1,0,0
0.2,1576237945131,1,0,0
0.2,1576237945581,1,0,0
4.7,1576237946031,1,0,0
14.0,1576237946481,1,0,0
15.7,1576237946926,1,0,0
59.7,1576237947371,1,0,0
163.4,1576237947821,2,0,0
261.3,1576237948271,2,0,0
353.3,1576237948721,2,0,0
446.6,1576237949171,2,0,0
441.4,1576237949621,2,0,0
369.0,1576237950071,2,0,0
323.2,1576237950521,2,0,0
234.7,1576237950971,2,0,0
159.5,1576237951421,2,0,0
98.0,1576237951871,2,0,0
45.4,1576237952321,2,0,0
31.5,1576237952771,2,0,0
23.6,1576237953221,2,0,0
32.9,1576237953671,2,0,0
38.3,1576237954121,2,0,0
37.9,1576237954571,2,0,0
34.3,1576237955021,2,0,0
11.3,1576237955471,2,0,0
0.2,1576237955921,2,0,0
0.2,1576237956371,2,0,0
-7.2,1576237956821,2,0,0
-19.0,1576237957271,2,0,0
-29.8,1576237957721,-1,0,0
-49.2,1576237958171,-1,0,0
-49.8,1576237958621,-1,0,0
-66.8,1576237959071,-1,0,0
-68.7,1576237959521,-1,0,0
-65.5,1576237959966,-1,0,0
-37.3,1576237960411,-1,0,0
1.8,1576237960860,-1,0,0
19.7,1576237961311,-1,0,0
18.5,1576237961760,-1,0,0
18.1,1576237962210,-1,0,0
17.3,1576237962660,-1,0,0
19.1,1576237963110,-1,0,0
28.7,1576237963560,-1,0,0
29.7,1576237964010,-1,0,0
34.8,1576237964460,1,1,0
38.4,1576237964910,1,1,0
33.0,1576237965355,1,1,0
24.9,1576237965800,1,1,0
11.7,1576237966250,1,1,0
4.3,1576237966700,1,1,0
3.0,1576237967150,1,1,0
2.4,1576237967600,1,1,0
-8.5,1576237968050,1,1,0
-34.8,1576237968505,1,1,0
-58.4,1576237968950,1,1,0
-40.4,1576237969400,1,1,0
-45.9,1576237969855,1,1,0
-33.2,1576237970305,1,1,0
-42.7,1576237970755,1,1,0
-46.9,1576237971205,1,1,0
-71.7,1576237971655,3,0,0
-164.6,1576237972105,3,0,0
-289.7,1576237972550,3,0,0
-411.9,1576237973005,3,0,0
-442.3,1576237973455,3,0,0
-460.4,1576237973905,3,0,0
-465.2,1576237974350,3,0,0
-464.6,1576237974805,3,0,0
-403.3,1576237975255,3,0,0
-415.8,1576237975705,3,0,0
-395.6,1576237976150,3,0,0
-328.0,1576237976605,3,0,0
-253.5,1576237977050,3,0,0
-149.0,1576237977504,3,0,0
-32.4,1576237977950,3,0,0
27.0,1576237978404,3,0,0
28.1,1576237978849,3,0,0
17.2,1576237979304,3,0,0
14.7,1576237979750,3,0,0
14.7,1576237980204,3,0,0
14.7,1576237980649,3,0,0
14.7,1576237981099,3,0,0
14.7,1576237981549,3,0,0
14.7,1576237982004,0,0,0
14.7,1576237982454,0,0,0
23.7,1576237982899,0,0,0
13.6,1576237983349,1,0,0
4.2,1576237983804,1,0,0
3.6,1576237984249,1,0,0
-9.2,1576237984699,1,0,0
-27.2,1576237985149,1,0,0
-31.9,1576237985600,1,0,0
-32.7,1576237986049,1,0,0
-28.3,1576237986504,1,0,0
-17.2,1576237986954,1,0,0
-8.5,1576237987404,1,0,0
-6.5,1576237987849,1,0,0
0.8,1576237988304,1,0,0
14.0,1576237988759,1,0,0
20.9,1576237989214,2,0,0
87.6,1576237989664,2,0,0
168.1,1576237990114,2,0,0
188.4,1576237990564,2,0,0
177.2,1576237991014,2,0,0
205.0,1576237991464,2,0,0
194.8,1576237991909,2,0,0
197.6,1576237992364,2,0,0
212.1,1576237992813,2,0,0
205.9,1576237993263,2,0,0
180.9,1576237993714,2,0,0
139.4,1576237994163,2,0,0
52.7,1576237994614,2,0,0
46.3,1576237995059,2,0,0
21.6,1576237995513,2,0,0
4.3,1576237995958,2,0,0
9.0,1576237996413,2,0,0
6.8,1576237996863,2,0,0
3.8,1576237997313,2,0,0
2.7,1576237997763,1,0,0
1.2,1576237998213,1,0,0
0.1,1576237998663,1,0,0
-1.3,1576237999113,1,0,0
-1.0,1576237999563,1,0,0
-1.2,1576238000013,1,0,0
-2.0,1576238000463,1,0,0
-2.1,1576238000913,1,0,0
-2.0,1576238001358,1,0,0
-1.4,1576238001813,1,0,0
-1.3,1576238002263,1,0,0
1.2,1576238002713,1,0,0
3.6,1576238003163,1,0,0
3.9,1576238003613,1,0,0
1.4,1576238004063,1,0,0
-7.5,1576238004513,1,0,0
-3.9,1576238004963,1,0,0
-4.0,1576238005413,1,0,0
-5.1,1576238005858,1,0,0
-5.4,1576238006313,1,0,0
-11.5,1576238006763,1,0,0
-26.2,1576238007213,1,0,0
-45.2,1576238007663,1,0,0
-73.1,1576238008113,7,0,0
-98.2,1576238008557,7,0,0
-109.3,1576238009007,7,0,0
-147.7,1576238009462,7,0,0
-221.2,1576238009913,7,0,0
-268.7,1576238010362,7,0,0
-290.1,1576238010812,7,0,0
-281.2,1576238011262,7,0,0
-283.8,1576238011712,7,0,0
-250.2,1576238012162,7,0,0
-183.3,1576238012612,7,0,0
-115.1,1576238013062,7,0,0
-46.8,1576238013512,7,0,0
-29.6,1576238013962,7,0,0
-34.3,1576238014412,7,0,0
-37.0,1576238014862,7,0,0
-47.0,1576238015312,7,0,0
-59.2,1576238015762,7,0,0
-77.1,1576238016212,7,0,0
-102.9,1576238016662,7,0,0
-162.1,1576238017112,7,0,0
-256.5,1576238017562,7,0,0
-384.8,1576238018012,7,0,0
-420.3,1576238018462,7,0,0
-424.2,1576238018912,7,0,0
-299.3,1576238019362,7,0,0
-240.8,1576238019812,7,0,0
-248.3,1576238020262,7,0,0
-131.3,1576238020712,7,0,0
-39.7,1576238021162,7,0,0
-24.1,1576238021612,7,0,0
-32.0,1576238022062,7,0,0
2.2,1576238022512,7,0,0
1.9,1576238022962,7,0,0
0.8,1576238023412,7,0,0
0.4,1576238023862,7,0,0
0.3,1576238024312,1,0,0
0.0,1576238024767,1,0,0
0.0,1576238025222,1,0,0
0.5,1576238025671,1,0,0
1.2,1576238026121,1,0,0
2.1,1576238026571,1,0,0
2.0,1576238027026,1,0,0
1.9,1576238027471,1,0,0
0.6,1576238027921,1,0,0
-0.3,1576238028371,1,0,0
-0.3,1576238028822,1,0,0
-0.7,1576238029276,1,0,0
-0.7,1576238029731,1,0,0
-0.8,1576238030186,1,0,0
-0.4,1576238030631,1,0,0
-0.7,1576238031081,1,0,0
-1.1,1576238031531,1,0,0
-1.6,1576238031986,1,0,0
-1.6,1576238032431,1,0,0
-2.0,1576238032881,1,0,0
-2.0,1576238033331,1,0,0
-2.0,1576238033786,1,0,0
-2.0,1576238034236,1,0,0
-3.0,1576238034681,1,0,0
-13.7,1576238035131,1,0,0
-11.8,1576238035586,1,0,0
-15.4,1576238036031,1,0,0
-25.5,1576238036486,1,0,0
-22.9,1576238036931,1,0,0
13.3,1576238037381,1,0,0
26.8,1576238037831,1,0,0
50.2,1576238038286,1,0,0
73.2,1576238038731,4,0,0
82.5,1576238039181,4,0,0
53.7,1576238039631,4,0,0
12.9,1576238040081,4,0,0
31.0,1576238040536,4,0,0
29.0,1576238040981,4,0,0
8.5,1576238041430,4,0,0
7.6,1576238041880,4,0,0
7.3,1576238042330,4,0,0
4.4,1576238042780,4,0,0
6.5,1576238043230,4,0,0
15.2,1576238043680,4,0,0
29.4,1576238044130,4,0,0
33.2,1576238044580,4,0,0
24.6,1576238045030,4,0,0
13.0,1576238045480,4,0,0
4.8,1576238045930,4,0,0
-14.8,1576238046380,4,0,0
-45.5,1576238046830,4,0,0
-73.7,1576238047280,4,0,0
-99.2,1576238047730,4,0,0
-102.3,1576238048180,4,0,0
-87.6,1576238048630,4,0,0
-90.0,1576238049085,4,0,0
-90.3,1576238049530,4,0,0
-74.2,1576238049980,4,0,0
-37.9,1576238050430,4,0,0
1.8,1576238050885,4,0,0
10.2,1576238051335,4,0,0
11.4,1576238051785,4,0,0
9.0,1576238052230,4,0,0
9.0,1576238052680,0,0,0
9.0,1576238053135,0,0,0
9.0,1576238053585,0,0,0
9.0,1576238054030,0,0,0
9.0,1576238054485,0,0,0
9.0,1576238054930,0,0,0
12.3,1576238055385,0,0,0
8.7,1576238055835,0,0,0
-5.1,1576238056285,0,0,0
-26.1,1576238056730,1,0,0
-27.7,1576238057180,1,0,0
-27.7,1576238057630,1,0,0
-17.3,1576238058085,1,0,0
0.0,1576238058534,1,0,0
3.3,1576238058985,1,0,0
0.9,1576238059435,1,0,0
-0.9,1576238059885,1,0,0
-0.7,1576238060334,1,0,0
1.6,1576238060784,1,0,0
0.4,1576238061229,1,0,0
-1.0,1576238061685,1,0,0
-1.9,1576238062134,1,0,0
-1.1,1576238062584,1,0,0
1.0,1576238063034,1,0,0
4.1,1576238063479,1,0,0
1.8,1576238063934,1,0,0
1.1,1576238064379,1,0,0
1.0,1576238064834,1,0,0
1.7,1576238065284,1,0,0
0.6,1576238065729,1,0,0
0.1,1576238066179,1,0,0
-0.1,1576238066629,1,0,0
-0.1,1576238067079,1,0,0
-0.3,1576238067534,1,0,0
-0.3,1576238067979,1,0,0
1.2,1576238068429,1,0,0
0.5,1576238068879,1,0,0
0.3,1576238069334,1,0,0
1.7,1576238069779,1,0,0
1.9,1576238070234,1,0,0
1.2,1576238070684,1,0,0
0.8,1576238071134,1,0,0
1.0,1576238071584,1,0,0
0.6,1576238072029,1,0,0
0.8,1576238072479,1,0,0
0.9,1576238072934,1,0,0
0.8,1576238073384,1,0,0
0.8,1576238073829,1,0,0
-1.2,1576238074284,1,0,0
-0.9,1576238074734,1,0,0
1.3,1576238075183,1,0,0
1.0,1576238075633,1,0,0
0.6,1576238076078,1,0,0
0.2,1576238076534,1,0,0
0.2,1576238076983,1,0,0
1.6,1576238077433,1,0,0
-0.7,1576238077883,1,0,0
3.1,1576238078333,1,0,0
7.1,1576238078778,1,0,0
5.9,1576238079233,4,0,0
4.8,1576238079678,4,0,0
3.4,1576238080133,4,0,0
0.3,1576238080583,4,0,0
-4.5,1576238081033,4,0,0
-4.3,1576238081483,4,0,0
-2.9,1576238081933,4,0,0
-2.0,1576238082383,4,0,0
-0.3,1576238082833,4,0,0
-0.6,1576238083283,4,0,0
-0.3,1576238083733,4,0,0
1.3,1576238084183,4,0,0
3.6,1576238084633,4,0,0
4.6,1576238085083,8,0,0
6.4,1576238085533,8,0,0
11.2,1576238085983,8,0,0
10.0,1576238086433,8,0,0
9.2,1576238086883,8,0,0
2.3,1576238087333,8,0,0
3.5,1576238087783,8,0,0
4.6,1576238088233,8,0,0
9.8,1576238088683,8,0,0
5.0,1576238089133,8,0,0
4.6,1576238089583,8,0,0
4.2,1576238090033,8,0,0
3.9,1576238090483,8,0,0
5.9,1576238090932,8,0,0
7.9,1576238091383,8,0,0
7.5,1576238091832,8,0,0
4.8,1576238092283,8,0,0
4.9,1576238092732,8,0,0
6.7,1576238093187,8,0,0
8.2,1576238093642,8,0,0
5.4,1576238094092,8,0,0
5.8,1576238094542,8,0,0
8.0,1576238094992,8,0,0
4.6,1576238095442,8,0,0
4.9,1576238095892,8,0,0
6.1,1576238096342,8,0,0
9.1,1576238096792,8,0,0
7.3,1576238097242,8,0,0
4.0,1576238097692,8,0,0
3.1,1576238098142,8,0,0
3.0,1576238098592,8,0,0
2.6,1576238099042,8,0,0
0.9,1576238099492,8,0,0
0.6,1576238099942,8,0,0
4.0,1576238100392,8,0,0
1.6,1576238100842,8,0,0
0.6,1576238101292,8,0,0
0.7,1576238101742,1,0,0
1.3,1576238102197,1,0,0
0.2,1576238102652,1,0,0
-2.9,1576238103102,1,0,0
-3.4,1576238103552,1,0,0
-0.4,1576238104002,1,0,0
3.6,1576238104452,1,0,0
1.9,1576238104902,1,0,0
1.8,1576238105352,1,0,0
1.8,1576238105802,1,0,0
-0.7,1576238106252,1,0,0
-1.9,1576238106701,1,0,0
-2.7,1576238107152,1,0,0
-2.8,1576238107601,1,0,0
-1.6,1576238108051,1,0,0
-0.6,1576238108501,1,0,0
1.7,1576238108951,1,0,0
0.1,1576238109401,1,0,0
0.6,1576238109851,1,0,0
0.8,1576238110301,1,0,0
0.7,1576238110761,1,0,0
0.6,1576238111211,1,0,0
0.1,1576238111661,1,0,0
-0.7,1576238112111,1,0,0
-3.1,1576238112561,1,0,0
-4.9,1576238113011,1,0,0
-5.1,1576238113461,1,0,0
-7.0,1576238113911,1,0,0
-0.7,1576238114361,1,0,0
0.5,1576238114811,1,0,0
5.1,1576238115261,1,0,0
5.9,1576238115711,1,0,0
6.2,1576238116161,1,0,0
6.0,1576238116611,1,0,0
3.7,1576238117061,1,0,0
3.2,1576238117511,1,0,0
2.8,1576238117961,1,0,0
6.8,1576238118417,1,0,0
6.7,1576238118861,1,0,0
6.7,1576238119311,1,0,0
6.2,1576238119761,1,0,0
6.2,1576238120211,1,0,0
6.2,1576238120661,1,0,0
6.2,1576238121111,1,0,0
6.2,1576238121561,1,0,0
6.2,1576238122017,0,0,0
6.2,1576238122470,0,0,0
6.2,1576238122921,0,0,0
6.2,1576238123370,0,0,0
6.2,1576238123821,0,0,0
6.2,1576238124270,0,0,0
6.2,1576238124721,0,0,0
6.2,1576238125170,0,0,0
6.1,1576238125625,0,0,0
4.3,1576238126070,1,0,0
3.5,1576238126521,1,0,0
2.6,1576238126970,1,0,0
2.3,1576238127421,1,0,0
1.4,1576238127870,1,0,0
-0.4,1576238128320,1,0,0
-5.5,1576238128770,1,0,0
-7.7,1576238129225,1,0,0
-8.5,1576238129670,1,0,0
-10.9,1576238130120,1,0,0
-13.6,1576238130570,1,0,0
-16.0,1576238131025,1,0,0
-10.6,1576238131471,1,0,0
-6.2,1576238131920,5,0,0
-10.5,1576238132370,5,0,0
-5.8,1576238132820,5,0,0
1.6,1576238133275,5,0,0
4.9,1576238133720,5,0,0
2.8,1576238134170,5,0,0
3.9,1576238134620,5,0,0
5.3,1576238135070,5,0,0
4.4,1576238135520,5,0,0
2.1,1576238135975,5,0,0
1.9,1576238136420,5,0,0
1.7,1576238136875,5,0,0
3.6,1576238137320,5,0,0
3.3,1576238137770,1,0,0
1.8,1576238138225,1,0,0
1.3,1576238138675,1,0,0
0.6,1576238139124,1,0,0
0.2,1576238139569,1,0,0
-1.1,1576238140019,1,0,0
-1.4,1576238140474,1,0,0
-1.5,1576238140924,1,0,0
-1.5,1576238141374,1,0,0
-1.6,1576238141819,1,0,0
-0.8,1576238142274,1,0,0
0.7,1576238142724,1,0,0
1.2,1576238143174,1,0,0
0.4,1576238143624,1,0,0
0.3,1576238144074,1,0,0
0.3,1576238144524,1,0,0
0.6,1576238144974,1,0,0
1.6,1576238145424,1,0,0
1.6,1576238145874,1,0,0
1.5,1576238146324,1,0,0
1.3,1576238146774,1,0,0
0.9,1576238147224,1,0,0
0.8,1576238147674,1,0,0
0.7,1576238148124,1,0,0
-0.2,1576238148574,1,0,0
-0.2,1576238149024,1,0,0
-0.2,1576238149474,1,0,0
-0.2,1576238149924,1,0,0
-0.2,1576238150374,1,0,0
-0.4,1576238150824,1,0,0
-0.8,1576238151274,1,0,0
3.5,1576238151724,1,0,0
1.8,1576238152174,1,0,0
-0.3,1576238152624,1,0,0
-0.7,1576238153074,1,0,0
3.1,1576238153524,1,0,0
3.3,1576238153974,1,0,0
4.4,1576238154424,1,0,0
4.4,1576238154874,1,0,0
4.1,1576238155324,1,0,0
3.3,1576238155768,1,0,0
2.7,1576238156223,1,0,0
0.7,1576238156673,1,0,0
0.5,1576238157123,1,0,0
-4.9,1576238157573,1,0,0
-5.5,1576238158023,1,0,0
-5.5,1576238158473,1,0,0
-1.4,1576238158923,1,0,0
2.2,1576238159373,1,0,0
1.7,1576238159823,1,0,0
1.8,1576238160273,1,0,0
0.5,1576238160723,1,0,0
-0.8,1576238161173,1,0,0
-0.8,1576238161623,1,0,0
-0.8,1576238162073,1,0,0
-0.8,1576238162523,1,0,0
0.6,1576238162973,1,0,0
0.6,1576238163428,1,0,0
0.6,1576238163873,1,0,0
0.6,1576238164323,1,0,0
0.6,1576238164773,1,0,0
0.5,1576238165223,1,0,0
-0.1,1576238165673,1,0,0
-0.1,1576238166123,1,0,0
2.2,1576238166573,1,0,0
3.8,1576238167023,1,0,0
3.3,1576238167473,1,0,0
3.3,1576238167923,1,0,0
0.9,1576238168373,1,0,0
-4.5,1576238168823,1,0,0
-5.0,1576238169273,1,0,0
-1.0,1576238169723,1,0,0
0.7,1576238170173,1,0,0
0.5,1576238170623,1,0,0
-1.0,1576238171073,1,0,0
-4.3,1576238171523,1,0,0
-26.5,1576238171972,1,0,0
-30.7,1576238172422,1,0,0
-30.5,1576238172872,5,0,0
-21.2,1576238173322,5,0,0
-14.4,1576238173772,5,0,0
-5.0,1576238174222,5,0,0
1.8,1576238174672,5,0,0
8.9,1576238175122,5,0,0
14.7,1576238175572,5,0,0
16.8,1576238176027,5,0,0
14.1,1576238176472,5,0,0
7.9,1576238176922,5,0,0
13.4,1576238177372,5,0,0
16.5,1576238177822,5,0,0
15.7,1576238178272,5,0,0
12.9,1576238178722,5,0,0
11.6,1576238179172,5,0,0
-5.5,1576238179627,5,0,0
-13.0,1576238180072,5,0,0
-16.5,1576238180522,5,0,0
-18.7,1576238180977,5,0,0
5.1,1576238181437,5,0,0
15.0,1576238181882,5,0,0
11.5,1576238182332,5,0,0
9.5,1576238182782,-1,0,0
-2.0,1576238183232,-1,0,0
-11.7,1576238183687,-1,0,0
-15.2,1576238184132,-1,0,0
14.1,1576238184587,-1,0,0
25.5,1576238185032,-1,0,0
25.4,1576238185482,-1,0,0
24.9,1576238185937,-1,0,0
9.0,1576238186382,-1,0,0
-11.4,1576238186832,-1,0,0
-29.9,1576238187287,-1,0,0
-28.6,1576238187737,-1,0,0
-11.5,1576238188186,-1,0,0
-5.2,1576238188636,-1,0,0
-15.6,1576238189086,-1,0,0
-23.3,1576238189531,-1,0,0
-17.3,1576238189986,-1,0,0
-3.5,1576238190431,-1,0,0
-1.0,1576238190881,-1,0,0
3.1,1576238191331,-1,0,0
9.1,1576238191786,-1,0,0
17.7,1576238192231,-1,0,0
22.4,1576238192686,-1,0,0
24.8,1576238193131,-1,0,0
11.9,1576238193586,-1,0,0
-17.6,1576238194031,-1,0,0
-9.1,1576238194481,-1,0,0
1.5,1576238194931,-1,0,0
9.7,1576238195386,-1,0,0
9.0,1576238195831,-1,0,0
4.2,1576238196281,-1,0,0
2.2,1576238196731,1,0,0
2.2,1576238197186,1,0,0
2.1,1576238197631,1,0,0
2.2,1576238198081,1,0,0
4.1,1576238198536,1,0,0
3.6,1576238198981,1,0,0
0.5,1576238199431,1,0,0
-0.3,1576238199881,1,0,0
-2.5,1576238200331,1,0,0
-5.5,1576238200786,1,0,0
-5.5,1576238201231,1,0,0
-6.0,1576238201686,1,0,0
-5.9,1576238202136,1,0,0
-4.7,1576238202586,1,0,0
-2.7,1576238203031,1,0,0
-3.1,1576238203486,1,0,0
-16.9,1576238203936,1,0,0
-26.0,1576238204386,1,0,0
-26.3,1576238204830,1,0,0
-15.2,1576238205285,1,0,0
-7.0,1576238205735,1,0,0
8.2,1576238206185,1,0,0
22.8,1576238206635,1,0,0
20.7,1576238207085,1,0,0
16.9,1576238207535,1,0,0
12.5,1576238207985,1,0,0
9.9,1576238208435,1,0,0
9.2,1576238208885,1,0,0
5.7,1576238209335,1,0,0
1.8,1576238209780,1,0,0
-1.7,1576238210235,1,0,0
-3.2,1576238210685,1,0,0
-3.9,1576238211135,1,0,0
-3.9,1576238211585,1,0,0
-3.9,1576238212035,1,0,0
-6.8,1576238212485,1,0,0
-10.7,1576238212935,1,0,0
-12.1,1576238213385,1,0,0
-12.7,1576238213835,1,0,0
-13.0,1576238214285,1,0,0
-13.1,1576238214735,1,0,0
-13.2,1576238215185,1,0,0
-13.2,1576238215635,1,0,0
-12.9,1576238216085,1,0,0
-11.4,1576238216535,1,0,0
-11.5,1576238216985,1,0,0
-11.7,1576238217435,1,0,0
-13.0,1576238217885,1,0,0
-13.6,1576238218335,1,0,0
-13.9,1576238218785,1,0,0
-13.9,1576238219235,1,0,0
-14.3,1576238219685,3,0,0
-14.6,1576238220135,3,0,0
-14.9,1576238220585,3,0,0
-15.0,1576238221035,3,0,0
-15.0,1576238221485,3,0,0
-15.0,1576238221935,3,0,0
-15.0,1576238222384,3,0,0
-14.3,1576238222834,3,0,0
-11.2,1576238223284,3,0,0
-9.5,1576238223729,3,0,0
-9.5,1576238224184,3,0,0
-9.5,1576238224634,3,0,0
-9.5,1576238225084,3,0,0
-10.8,1576238225534,3,0,0
-11.6,1576238225984,3,0,0
-13.0,1576238226434,3,0,0
-12.9,1576238226884,3,0,0
-12.5,1576238227334,3,0,0
-12.4,1576238227784,3,0,0
-11.8,1576238228234,3,0,0
-11.4,1576238228684,3,0,0
-12.4,1576238229139,3,0,0
-13.1,1576238229594,3,0,0
-14.6,1576238230044,3,0,0
-15.6,1576238230494,3,0,0
-8.2,1576238230944,3,0,0
-5.2,1576238231394,3,0,0
-5.2,1576238231844,3,0,0
-6.9,1576238232294,3,0,0
-7.5,1576238232744,3,0,0
-8.6,1576238233194,3,0,0
-8.4,1576238233644,3,0,0
-8.4,1576238234094,3,0,0
-8.4,1576238234544,3,0,0
-8.4,1576238234994,3,0,0
-8.4,1576238235444,3,0,0
-8.4,1576238235894,3,0,0
-8.4,1576238236343,3,0,0
-8.4,1576238236794,3,0,0
-8.4,1576238237244,3,0,0
-7.3,1576238237693,3,0,0
0.6,1576238238143,3,0,0
16.8,1576238238593,3,0,0
19.5,1576238239043,3,0,0
18.9,1576238239493,4,0,0
18.8,1576238239943,4,0,0
26.3,1576238240393,4,0,0
38.7,1576238240843,4,0,0
36.3,1576238241293,4,0,0
31.4,1576238241743,4,0,0
26.7,1576238242193,4,0,0
18.6,1576238242643,4,0,0
-16.7,1576238243093,4,0,0
-72.5,1576238243543,4,0,0
-96.3,1576238243993,4,0,0
-83.7,1576238244443,4,0,0
-34.5,1576238244893,4,0,0
-15.7,1576238245343,4,0,0
-19.0,1576238245793,4,0,0
-4.1,1576238246243,4,0,0
3.4,1576238246693,4,0,0
3.7,1576238247143,4,0,0
3.9,1576238247593,1,0,0
0.8,1576238248048,1,0,0
-2.5,1576238248503,1,0,0
-11.0,1576238248958,1,0,0
-15.0,1576238249409,1,0,0
-15.2,1576238249863,1,0,0
-7.4,1576238250313,1,0,0
6.9,1576238250763,1,0,0
7.6,1576238251213,1,0,0
4.8,1576238251663,1,0,0
6.0,1576238252113,1,0,0
6.5,1576238252568,1,0,0
7.2,1576238253013,1,0,0
15.4,1576238253467,1,0,0
23.6,1576238253912,4,0,0
25.6,1576238254362,4,0,0
23.6,1576238254812,4,0,0
15.6,1576238255262,4,0,0
-0.3,1576238255712,4,0,0
-20.6,1576238256162,4,0,0
-24.7,1576238256612,4,0,0
-21.9,1576238257062,4,0,0
-19.1,1576238257512,4,0,0
-5.4,1576238257963,4,0,0
0.8,1576238258412,4,0,0
0.6,1576238258862,4,0,0
-0.3,1576238259312,4,0,0
-1.0,1576238259762,4,0,0
1.4,1576238260212,4,0,0
2.7,1576238260662,1,0,0
3.1,1576238261112,1,0,0
5.3,1576238261562,1,0,0
8.1,1576238262012,1,0,0
7.4,1576238262472,1,0,0
8.0,1576238262922,1,0,0
13.0,1576238263377,1,0,0
13.4,1576238263822,1,0,0
13.1,1576238264272,1,0,0
13.0,1576238264722,1,0,0
12.9,1576238265172,1,0,0
10.4,1576238265622,1,0,0
8.7,1576238266072,1,0,0
8.9,1576238266522,1,0,0
9.2,1576238266977,1,0,0
4.9,1576238267427,1,0,0
9.9,1576238267872,1,0,0
14.3,1576238268327,1,0,0
14.5,1576238268777,1,0,0
10.0,1576238269227,1,0,0
7.7,1576238269677,1,0,0
5.5,1576238270127,1,0,0
5.2,1576238270571,1,0,0
8.0,1576238271026,1,0,0
7.7,1576238271472,1,0,0
6.1,1576238271927,1,0,0
8.2,1576238272377,1,0,0
8.2,1576238272826,1,0,0
7.5,1576238273277,1,0,0
5.8,1576238273726,1,0,0
2.7,1576238274177,1,0,0
2.4,1576238274626,1,0,0
-1.0,1576238275076,1,0,0
-2.1,1576238275526,1,0,0
-2.8,1576238275976,1,0,0
-1.5,1576238276426,9,0,1
-0.4,1576238276876,9,0,1
-1.4,1576238277326,9,0,1
-5.6,1576238277776,9,0,1
-0.8,1576238278226,9,0,1
2.2,1576238278671,9,0,1
-6.6,1576238279126,9,0,1
-8.1,1576238279571,9,0,1
-2.2,1576238280026,9,0,1
-4.8,1576238280471,9,0,1
-13.2,1576238280921,9,0,1
-13.5,1576238281376,9,0,1
-13.4,1576238281826,9,0,1
-9.3,1576238282276,9,0,1
-19.9,1576238282726,9,0,1
-21.6,1576238283176,9,0,1
-21.6,1576238283626,9,0,1
-26.2,1576238284071,9,0,1
-26.3,1576238284526,9,0,1
-28.6,1576238284976,9,0,1
-28.8,1576238285420,9,0,1
-28.1,1576238285876,9,0,1
-11.6,1576238286325,9,0,1
0.8,1576238286775,9,0,1
-2.0,1576238287225,9,0,1
-16.0,1576238287670,9,0,1
-18.7,1576238288125,9,0,1
-20.6,1576238288571,9,0,1
-8.4,1576238289020,9,0,1
-20.5,1576238289475,9,0,1
-20.4,1576238289925,9,0,1
-2.6,1576238290375,9,0,1
-7.9,1576238290820,9,0,1
-22.9,1576238291275,9,0,1
-27.4,1576238291725,9,0,1
-21.5,1576238292180,9,0,1
-12.6,1576238292635,9,0,1
-9.4,1576238293085,9,0,1
-9.5,1576238293535,9,0,1
-10.1,1576238293985,9,0,1
-11.9,1576238294435,9,0,1
-20.0,1576238294880,9,0,1
-27.9,1576238295335,9,0,1
-29.0,1576238295780,9,0,1
-28.8,1576238296245,9,0,1
-26.9,1576238296695,9,0,1
-11.2,1576238297145,9,0,1
-12.5,1576238297595,9,0,1
-30.6,1576238298045,9,0,1
-29.7,1576238298495,9,0,1
-21.5,1576238298945,9,0,1
-3.9,1576238299400,9,0,1
-9.0,1576238299855,9,0,1
-17.2,1576238300305,9,0,1
11.6,1576238300755,9,0,1
5.3,1576238301206,9,0,1
-18.2,1576238301655,9,0,1
-34.2,1576238302105,9,0,1
-34.8,1576238302554,9,0,1
-25.9,1576238303006,9,0,1
-4.4,1576238303455,9,0,1
-3.4,1576238303905,9,0,1
-13.3,1576238304354,9,0,1
-18.3,1576238304815,9,0,1
-18.5,1576238305264,9,0,1
-19.4,1576238305714,9,0,1
-19.6,1576238306164,9,0,1
-19.6,1576238306614,9,0,1
-22.2,1576238307064,9,0,1
-22.9,1576238307519,9,0,1
-22.9,1576238307974,9,0,1
-20.8,1576238308424,9,0,1
-10.5,1576238308874,9,0,1
7.1,1576238309324,9,0,1
31.2,1576238309774,9,0,1
23.6,1576238310224,9,0,1
19.6,1576238310674,9,0,1
8.0,1576238311124,9,0,1
-23.3,1576238311574,9,0,1
-38.3,1576238312024,9,0,1
-34.2,1576238312474,9,0,1
-31.7,1576238312924,9,0,1
-31.6,1576238313279,9,0,1
-27.9,1576238313734,9,0,1
-26.6,1576238314184,9,0,1
-23.9,1576238314634,9,0,1
-23.9,1576238315089,9,0,1
-14.0,1576238315534,9,0,1
-11.5,1576238315989,9,0,1
-11.7,1576238316434,9,0,1
-17.1,1576238316884,9,0,1
-17.7,1576238317334,9,0,1
-17.7,1576238317784,9,0,1
-11.9,1576238318239,9,0,1
-9.9,1576238318688,9,0,1
-9.9,1576238319139,9,0,1
-9.9,1576238319583,9,0,1
-11.5,1576238320038,9,0,1
-13.1,1576238320483,9,0,1
-14.0,1576238320933,9,0,1
-14.2,1576238321388,9,0,1
-14.3,1576238321833,9,0,1
-14.3,1576238322288,9,0,1
-14.3,1576238322733,9,0,1
-14.3,1576238323183,9,0,1
-12.6,1576238323633,9,0,1
-10.9,1576238324083,9,0,1
-10.1,1576238324533,9,0,1
-4.7,1576238324983,9,0,1
-3.3,1576238325433,9,0,1
-0.4,1576238325894,9,0,1
4.1,1576238326343,9,0,1
14.1,1576238326793,9,0,1
16.2,1576238327248,9,0,1
15.8,1576238327693,9,0,1
14.3,1576238328143,9,0,1
10.4,1576238328593,9,0,1
-8.1,1576238329043,9,0,1
-32.5,1576238329498,9,0,1
-30.7,1576238329943,9,0,1
-25.2,1576238330398,9,0,1
-20.7,1576238330843,9,0,1
-20.9,1576238331293,9,0,1
-20.4,1576238331743,9,0,1
-8.0,1576238332193,9,0,1
-5.3,1576238332648,9,0,1
-3.7,1576238333098,9,0,1
-7.6,1576238333543,9,0,1
-3.3,1576238333993,9,0,1
3.4,1576238334443,9,0,1
3.4,1576238334893,9,0,1
3.2,1576238335348,9,0,1
2.1,1576238335792,9,0,1
-0.7,1576238336242,9,0,1
-0.6,1576238336697,9,0,1
-0.6,1576238337142,1,0,1
0.2,1576238337592,1,0,1
2.2,1576238338042,1,0,1
4.8,1576238338492,1,0,1
5.0,1576238338942,1,0,1
5.0,1576238339397,1,0,1
2.7,1576238339842,1,0,1
1.5,1576238340292,1,0,1
1.2,1576238340742,1,0,1
1.1,1576238341197,1,0,1
-1.1,1576238341642,1,0,1
2.7,1576238342092,1,0,1
2.4,1576238342547,1,0,1
2.4,1576238342992,1,0,1
4.3,1576238343447,1,0,1
4.4,1576238343897,1,0,1
4.4,1576238344347,1,0,1
4.1,1576238344792,1,0,1
4.1,1576238345242,1,0,1
7.4,1576238345692,1,0,1
7.2,1576238346147,1,0,1
6.9,1576238346592,1,0,1
5.3,1576238347042,1,0,1
4.8,1576238347497,1,0,1
4.4,1576238347947,1,0,1
4.1,1576238348392,1,0,1
3.4,1576238348842,1,0,1
3.4,1576238349297,1,0,1
3.6,1576238349747,1,0,1
5.3,1576238350192,1,0,1
2.2,1576238350642,1,0,1
2.2,1576238351097,1,0,1
2.2,1576238351547,1,0,1
2.2,1576238351992,1,0,1
2.2,1576238352447,1,0,1
2.2,1576238352897,1,0,1
2.2,1576238353347,1,0,1
2.1,1576238353806,1,0,1
2.1,1576238354256,1,0,1
2.1,1576238354701,1,0,1
2.1,1576238355151,1,0,1
2.1,1576238355606,0,0,0
2.1,1576238356056,0,0,0
2.1,1576238356506,0,0,0
2.1,1576238356951,0,0,0
2.1,1576238357402,0,0,0
2.1,1576238357856,0,0,0
2.1,1576238358306,0,0,0
2.1,1576238358756,0,0,0
2.1,1576238359206,0,0,0
2.1,1576238359656,0,0,0
2.1,1576238360106,0,0,0
2.1,1576238360556,0,0,0
2.1,1576238361006,0,0,0
2.1,1576238361456,0,0,0
2.1,1576238361906,0,0,0
2.1,1576238362356,0,0,0
2.1,1576238362806,0,0,0
2.1,1576238363256,0,0,0
2.1,1576238363706,0,0,0
2.1,1576238364161,0,0,0
2.1,1576238364616,0,0,0
2.1,1576238365066,0,0,0
2.1,1576238365516,0,0,0
1.7,1576238365966,0,0,0
1.5,1576238366416,8,0,1
-1.4,1576238366866,8,0,1
-4.2,1576238367316,8,0,1
-2.0,1576238367766,8,0,1
7.1,1576238368216,8,0,1
7.1,1576238368666,8,0,1
16.5,1576238369115,8,0,1
15.3,1576238369565,8,0,1
6.7,1576238370016,8,0,1
4.1,1576238370465,8,0,1
4.1,1576238370916,8,0,1
4.0,1576238371365,8,0,1
3.9,1576238371815,8,0,1
3.7,1576238372265,8,0,1
4.6,1576238372715,8,0,1
9.4,1576238373165,8,0,1
11.5,1576238373615,8,0,1
10.8,1576238374065,8,0,1
5.5,1576238374515,8,0,1
2.9,1576238374965,8,0,1
-2.7,1576238375415,8,0,1
-8.6,1576238375865,8,0,1
-0.7,1576238376315,8,0,1
0.1,1576238376765,8,0,1
1.8,1576238377215,8,0,1
2.1,1576238377665,8,0,1
10.1,1576238378115,8,0,1
10.0,1576238378565,8,0,1
10.0,1576238379015,8,0,1
18.9,1576238379465,8,0,1
27.9,1576238379915,8,0,1
27.9,1576238380365,8,0,1
29.5,1576238380815,8,0,1
29.5,1576238381265,8,0,1
29.0,1576238381715,8,0,1
24.0,1576238382165,8,0,1
7.6,1576238382615,8,0,1
0.6,1576238383065,8,0,1
-3.9,1576238383515,8,0,1
-3.7,1576238383965,8,0,1
0.1,1576238384415,8,0,1
2.4,1576238384865,8,0,1
2.2,1576238385315,8,0,1
1.7,1576238385765,8,0,1
-1.0,1576238386215,5,0,1
-0.9,1576238386664,5,0,1
1.2,1576238387115,5,0,1
4.8,1576238387564,5,0,1
10.7,1576238388014,5,0,1
10.3,1576238388469,5,0,1
8.2,1576238388914,5,0,1
4.9,1576238389365,5,0,1
5.5,1576238389814,5,0,1
8.8,1576238390264,5,0,1
5.5,1576238390714,5,0,1
5.5,1576238391164,5,0,1
2.5,1576238391614,5,0,1
0.4,1576238392064,5,0,1
0.6,1576238392514,5,0,1
0.5,1576238392964,5,0,1
-1.4,1576238393414,5,0,1
-4.4,1576238393869,1,0,0
-4.0,1576238394314,1,0,0
-1.9,1576238394764,1,0,0
-1.6,1576238395214,1,0,0
-1.3,1576238395664,1,0,0
-1.3,1576238396114,1,0,0
-1.8,1576238396564,1,0,0
-2.0,1576238397014,1,0,0
-2.0,1576238397469,1,0,0
-2.0,1576238397914,1,0,0
-2.0,1576238398364,1,0,0
-2.0,1576238398819,1,0,0
-2.0,1576238399264,1,0,0
-2.0,1576238399714,1,0,0
-2.0,1576238400164,1,0,0
-2.0,1576238400614,1,0,0
-2.0,1576238401069,1,0,0
-2.0,1576238401518,1,0,0
-2.0,1576238401964,1,0,0
-2.0,1576238402418,1,0,0
-2.0,1576238402868,1,0,0
2.4,1576238403314,1,0,0
3.6,1576238403768,1,0,0
3.6,1576238404219,1,0,0
4.3,1576238404668,1,0,0
20.4,1576238405113,1,0,0
25.9,1576238405563,1,0,0
25.8,1576238406018,1,0,0
23.6,1576238406468,1,0,0
10.1,1576238406913,1,0,0
-5.0,1576238407368,1,0,0
-5.9,1576238407813,1,0,0
3.7,1576238408268,1,0,0
3.7,1576238408713,1,0,0
3.6,1576238409168,1,0,0
3.6,1576238409613,1,0,0
3.2,1576238410070,1,0,0
-3.6,1576238410528,1,0,0
-9.3,1576238410978,1,0,0
-10.5,1576238411428,1,0,0
-10.6,1576238411873,1,0,0
-10.5,1576238412328,1,0,0
-10.0,1576238412778,1,0,0
-8.2,1576238413228,1,0,0
-5.4,1576238413673,1,0,0
-3.0,1576238414128,1,0,0
-3.4,1576238414578,1,0,0
-3.5,1576238415028,1,0,0
-0.7,1576238415473,1,0,0
-1.4,1576238415928,1,0,0
-1.4,1576238416373,1,0,0
0.5,1576238416828,1,0,0
0.6,1576238417273,1,0,0
-0.9,1576238417728,1,0,0
-4.5,1576238418173,1,0,0
1.0,1576238418628,1,0,0
2.0,1576238419077,1,0,0
4.9,1576238419527,1,0,0
5.1,1576238419972,1,0,0
5.1,1576238420427,1,0,0
3.5,1576238420872,1,0,0
-0.3,1576238421327,1,0,0
-2.6,1576238421777,1,0,0
-3.2,1576238422227,1,0,0
-2.4,1576238422672,1,0,0
0.4,1576238423122,1,0,0
-3.5,1576238423577,1,0,0
-6.6,1576238424027,1,0,0
-18.3,1576238424477,1,0,0
-19.5,1576238424922,1,0,0
-29.3,1576238425377,3,0,0
-43.6,1576238425827,3,0,0
-50.1,1576238426277,3,0,0
-60.7,1576238426727,3,0,0
-64.9,1576238427177,3,0,0
-71.6,1576238427622,3,0,0
-96.6,1576238428077,3,0,0
-121.9,1576238428522,3,0,0
-160.4,1576238428977,3,0,0
-162.7,1576238429427,3,0,0
-156.1,1576238429872,3,0,0
-154.2,1576238430327,3,0,0
-133.5,1576238430777,3,0,0
-48.8,1576238431227,3,0,0
-20.9,1576238431677,3,0,0
-9.7,1576238432127,3,0,0
-8.2,1576238432577,3,0,0
2.2,1576238433027,3,0,0
-1.9,1576238433477,3,0,0
-0.5,1576238433927,3,0,0
0.2,1576238434377,3,0,0
6.7,1576238434826,1,0,0
9.3,1576238435277,1,0,0
9.5,1576238435726,1,0,0
9.5,1576238436177,1,0,0
4.7,1576238436626,1,0,0
0.7,1576238437076,1,0,0
-0.8,1576238437526,1,0,0
-1.0,1576238437976,1,0,0
-0.1,1576238438426,1,0,0
0.3,1576238438876,1,0,0
0.0,1576238439326,1,0,0
3.9,1576238439776,1,0,0
3.5,1576238440226,1,0,0
0.5,1576238440676,1,0,0
1.8,1576238441126,1,0,0
1.8,1576238441576,1,0,0
2.1,1576238442026,1,0,0
2.6,1576238442476,1,0,0
8.3,1576238442926,1,0,0
9.5,1576238443376,4,0,0
10.6,1576238443826,4,0,0
10.2,1576238444276,4,0,0
5.8,1576238444726,4,0,0
-0.2,1576238445176,4,0,0
-7.5,1576238445626,4,0,0
-8.9,1576238446076,4,0,0
-6.4,1576238446526,4,0,0
-3.6,1576238446976,4,0,0
-3.2,1576238447426,4,0,0
-3.3,1576238447876,4,0,0
-3.4,1576238448326,4,0,0
-4.1,1576238448681,4,0,0
-4.1,1576238449136,1,0,0
-1.8,1576238449586,1,0,0
-1.7,1576238450036,1,0,0
-1.1,1576238450486,1,0,0
1.1,1576238450936,1,0,0
1.1,1576238451386,1,0,0
-2.7,1576238451835,1,0,0
-0.4,1576238452285,1,0,0
-0.3,1576238452735,1,0,0
0.0,1576238453185,1,0,0
-0.1,1576238453635,1,0,0
-0.1,1576238454085,1,0,0
-0.1,1576238454535,1,0,0
-0.1,1576238454985,1,0,0
0.1,1576238455435,1,0,0
0.6,1576238455885,1,0,0
0.6,1576238456335,1,0,0
0.3,1576238456785,1,0,0
-0.2,1576238457235,1,0,0
-1.0,1576238457685,1,0,0
-1.9,1576238458135,1,0,0
-3.2,1576238458585,1,0,0
-3.5,1576238459035,1,0,0
-3.6,1576238459485,1,0,0
-4.4,1576238459935,1,0,0
-4.5,1576238460385,1,0,0
-4.9,1576238460835,1,0,0
-8.3,1576238461290,1,0,0
-14.0,1576238461745,1,0,0
-19.5,1576238462196,1,0,0
-14.4,1576238462645,1,0,0
-6.9,1576238463095,1,0,0
-7.0,1576238463545,1,0,0
-9.7,1576238463996,1,0,0
-6.6,1576238464450,1,0,0
2.6,1576238464895,1,0,0
13.8,1576238465345,1,0,0
13.6,1576238465800,4,0,0
8.5,1576238466245,4,0,0
2.7,1576238466695,4,0,0
-12.1,1576238467145,4,0,0
-17.4,1576238467600,4,0,0
-24.7,1576238468045,4,0,0
-30.0,1576238468495,4,0,0
-29.9,1576238468944,4,0,0
-27.4,1576238469395,4,0,0
-18.6,1576238469844,4,0,0
-17.4,1576238470294,4,0,0
-11.5,1576238470744,4,0,0
-10.0,1576238471195,4,0,0
-9.6,1576238471644,4,0,0
-6.2,1576238472094,4,0,0
-0.8,1576238472544,1,0,0
0.5,1576238472995,1,0,0
5.0,1576238473444,1,0,0
8.6,1576238473894,1,0,0
8.6,1576238474344,1,0,0
2.5,1576238474799,1,0,0
1.8,1576238475244,1,0,0
1.8,1576238475694,1,0,0
1.8,1576238476144,1,0,0
1.8,1576238476595,1,0,0
1.8,1576238477044,1,0,0
1.8,1576238477494,1,0,0
1.8,1576238477944,1,0,0
1.8,1576238478395,1,0,0
1.8,1576238478844,1,0,0
1.8,1576238479294,1,0,0
1.8,1576238479744,1,0,0
1.8,1576238480195,1,0,0
1.8,1576238480644,1,0,0
1.8,1576238481094,1,0,0
1.8,1576238481549,1,0,0
1.8,1576238481995,0,0,0
1.8,1576238482444,0,0,0
1.8,1576238482894,0,0,0
1.8,1576238483349,0,0,0
1.8,1576238483799,0,0,0
1.8,1576238484244,0,0,0
1.8,1576238484694,0,0,0
1.8,1576238485144,0,0,0
1.8,1576238485594,0,0,0
1.8,1576238486048,0,0,0
1.8,1576238486494,0,0,0
1.8,1576238486943,0,0,0
1.8,1576238487398,0,0,0
1.8,1576238487848,0,0,0
1.8,1576238488298,0,0,0
1.8,1576238488748,0,0,0
1.8,1576238489194,0,0,0
1.8,1576238489648,0,0,0
1.8,1576238490093,0,0,0
1.8,1576238490548,0,0,0
1.8,1576238490998,0,0,0
1.8,1576238491443,0,0,0
1.8,1576238491893,0,0,0
1.8,1576238492348,0,0,0
1.8,1576238492798,0,0,0
1.8,1576238493248,0,0,0
1.8,1576238493698,0,0,0
1.8,1576238494148,0,0,0
1.8,1576238494594,0,0,0
1.8,1576238495048,0,0,0
1.8,1576238495498,0,0,0
1.8,1576238495943,0,0,0
1.8,1576238496394,0,0,0
1.8,1576238496848,0,0,0
1.8,1576238497298,0,0,0
1.8,1576238497743,0,0,0
1.8,1576238498194,0,0,0
1.8,1576238498648,0,0,0
1.8,1576238499098,0,0,0
1.8,1576238499548,0,0,0
1.8,1576238499994,0,0,0
1.8,1576238500448,0,0,0
1.8,1576238500898,0,0,0
1.8,1576238501348,0,0,0
1.8,1576238501798,0,0,0
1.8,1576238502243,0,0,0
1.8,1576238502693,0,0,0
1.8,1576238503147,0,0,0
1.8,1576238503597,0,0,0
1.8,1576238504042,0,0,0
1.8,1576238504492,0,0,0
1.8,1576238504943,0,0,0
1.8,1576238505397,0,0,0
1.8,1576238505842,0,0,0
1.8,1576238506297,0,0,0
11.1,1576238506747,1,0,0
17.3,1576238507193,1,0,0
13.8,1576238507647,1,0,0
5.6,1576238508097,1,0,0
0.8,1576238508542,1,0,0
-11.0,1576238508993,1,0,0
-18.2,1576238509447,1,0,0
-18.8,1576238509897,1,0,0
-19.0,1576238510347,1,0,0
-19.1,1576238510797,1,0,0
-11.5,1576238511247,1,0,0
-8.5,1576238511692,1,0,0
0.1,1576238512147,1,0,0
7.1,1576238512597,1,0,0
21.0,1576238513047,1,0,0
34.8,1576238513497,2,0,0
61.1,1576238513947,2,0,0
96.0,1576238514397,2,0,0
117.9,1576238514847,2,0,0
130.9,1576238515297,2,0,0
152.3,1576238515747,2,0,0
154.7,1576238516197,2,0,0
166.9,1576238516647,2,0,0
177.4,1576238517097,2,0,0
177.3,1576238517547,2,0,0
157.3,1576238517997,2,0,0
79.8,1576238518447,2,0,0
32.5,1576238518897,2,0,0
26.1,1576238519346,2,0,0
8.2,1576238519797,2,0,0
0.4,1576238520247,2,0,0
0.5,1576238520697,2,0,0
-7.6,1576238521146,2,0,0
-17.3,1576238521596,2,0,0
-20.4,1576238522046,3,0,0
-28.8,1576238522496,3,0,0
-28.6,1576238522946,3,0,0
-25.0,1576238523396,3,0,0
-11.7,1576238523846,3,0,0
-6.3,1576238524296,3,0,0
-5.7,1576238524746,3,0,0
-1.8,1576238525196,3,0,0
2.5,1576238525646,3,0,0
5.3,1576238526096,1,0,0
4.6,1576238526546,1,0,0
3.4,1576238526996,1,0,0
-2.6,1576238527446,1,0,0
-2.6,1576238527896,1,0,0
-2.5,1576238528346,1,0,0
-2.9,1576238528796,1,0,0
-3.3,1576238529246,1,0,0
-2.1,1576238529696,1,0,0
2.5,1576238530146,1,0,0
2.4,1576238530596,1,0,0
2.3,1576238531046,1,0,0
2.0,1576238531496,1,0,0
1.8,1576238531946,1,0,0
0.2,1576238532401,1,0,0
0.0,1576238532846,1,0,0
-0.5,1576238533296,1,0,0
0.4,1576238533746,1,0,0
0.2,1576238534196,1,0,0
-0.5,1576238534646,1,0,0
-0.7,1576238535096,1,0,0
0.7,1576238535546,1,0,0
2.1,1576238535996,1,0,0
-1.8,1576238536450,1,0,0
-1.6,1576238536895,1,0,0
-0.8,1576238537345,1,0,0
-1.0,1576238537795,1,0,0
-0.9,1576238538245,1,0,0
4.9,1576238538695,1,0,0
5.5,1576238539145,1,0,0
5.2,1576238539596,1,0,0
5.5,1576238540045,1,0,0
7.5,1576238540495,1,0,0
6.3,1576238540945,1,0,0
6.4,1576238541395,1,0,0
1.9,1576238541845,1,0,0
-6.3,1576238542295,1,0,0
-9.0,1576238542745,1,0,0
-9.1,1576238543195,1,0,0
-5.2,1576238543645,1,0,0
2.0,1576238544095,1,0,0
-0.3,1576238544545,1,0,0
-1.1,1576238544995,1,0,0
-1.1,1576238545445,1,0,0
0.9,1576238545895,1,0,0
3.2,1576238546345,1,0,0
4.1,1576238546795,1,0,0
3.1,1576238547245,1,0,0
-2.2,1576238547695,1,0,0
-2.5,1576238548145,1,0,0
-2.5,1576238548595,1,0,0
-2.5,1576238549045,1,0,0
-2.2,1576238549495,1,0,0
0.6,1576238549945,1,0,0
0.6,1576238550395,1,0,0
0.2,1576238550845,1,0,0
0.2,1576238551295,1,0,0
0.2,1576238551745,1,0,0
0.2,1576238552195,1,0,0
0.2,1576238552645,1,0,0
0.2,1576238553095,0,0,0
0.2,1576238553545,0,0,0
0.2,1576238553995,0,0,0
0.2,1576238554444,0,0,0
0.2,1576238554894,0,0,0
0.2,1576238555344,0,0,0
0.2,1576238555799,0,0,0
0.2,1576238556244,0,0,0
0.2,1576238556694,0,0,0
0.2,1576238557144,0,0,0
0.2,1576238557594,0,0,0
0.2,1576238558049,0,0,0
0.2,1576238558494,0,0,0
0.2,1576238558944,0,0,0
0.2,1576238559394,0,0,0
0.2,1576238559849,0,0,0
0.2,1576238560294,0,0,0
0.2,1576238560744,0,0,0
0.2,1576238561194,0,0,0
0.2,1576238561644,0,0,0
0.2,1576238562094,0,0,0
0.2,1576238562549,0,0,0
0.2,1576238562994,0,0,0
0.2,1576238563444,0,0,0
0.2,1576238563894,0,0,0
0.2,1576238564349,0,0,0
0.2,1576238564794,0,0,0
0.2,1576238565244,0,0,0
0.2,1576238565694,0,0,0
0.2,1576238566144,0,0,0
8.2,1576238566594,0,0,0
17.5,1576238567044,0,0,0
13.4,1576238567494,1,0,0
5.7,1576238567944,1,0,0
2.8,1576238568399,1,0,0
0.2,1576238568844,1,0,0
-3.9,1576238569294,1,0,0
-4.4,1576238569744,1,0,0
-3.5,1576238570194,1,0,0
-3.3,1576238570644,1,0,0
-3.4,1576238571095,1,0,0
-2.6,1576238571543,1,0,0
2.5,1576238571993,1,0,0
2.3,1576238572448,1,0,0
1.5,1576238572898,1,0,0
-0.8,1576238573348,1,0,0
-4.2,1576238573798,1,0,0
-0.1,1576238574248,1,0,0
1.7,1576238574698,1,0,0
1.7,1576238575148,1,0,0
1.3,1576238575593,1,0,0
0.1,1576238576048,1,0,0
-0.9,1576238576498,1,0,0
-0.9,1576238576943,1,0,0
1.6,1576238577398,1,0,0
0.9,1576238577848,1,0,0
-0.9,1576238578298,1,0,0
-1.9,1576238578743,1,0,0
-5.0,1576238579193,1,0,0
-5.0,1576238579648,1,0,0
-5.5,1576238580098,1,0,0
-5.5,1576238580548,1,0,0
-5.7,1576238580998,1,0,0
-5.9,1576238581448,1,0,0
-5.9,1576238581898,1,0,0
-5.9,1576238582348,1,0,0
-7.6,1576238582798,1,0,0
-7.5,1576238583248,1,0,0
-7.5,1576238583698,1,0,0
-7.5,1576238584148,0,0,0
-7.5,1576238584598,0,0,0
-7.5,1576238585048,0,0,0
-7.5,1576238585498,0,0,0
-7.5,1576238585948,0,0,0
-7.5,1576238586398,0,0,0
-7.5,1576238586847,0,0,0
-7.5,1576238587297,0,0,0
-7.5,1576238587747,0,0,0
-7.5,1576238588202,0,0,0
-7.5,1576238588657,0,0,0
-7.5,1576238589107,0,0,0
-7.5,1576238589557,0,0,0
-7.5,1576238590007,0,0,0
-7.5,1576238590452,0,0,0
-7.5,1576238590907,0,0,0
-7.5,1576238591358,0,0,0
-7.5,1576238591807,0,0,0
-7.5,1576238592257,0,0,0
-7.5,1576238592707,0,0,0
-7.5,1576238593157,0,0,0
-7.5,1576238593607,0,0,0
-7.5,1576238594057,0,0,0
-7.5,1576238594507,0,0,0
-7.4,1576238594957,0,0,0
-7.6,1576238595407,0,0,0
-7.6,1576238595857,0,0,0
-7.6,1576238596307,0,0,0
-7.6,1576238596757,0,0,0
-7.6,1576238597207,0,0,0
-7.6,1576238597667,0,0,0
-7.6,1576238598117,0,0,0
-7.6,1576238598567,0,0,0
-7.6,1576238599017,0,0,0
-7.6,1576238599467,0,0,0
-7.6,1576238599917,0,0,0
-7.6,1576238600367,0,0,0
-7.6,1576238600817,0,0,0
-7.6,1576238601267,0,0,0
-7.6,1576238601717,0,0,0
-8.1,1576238602167,0,0,0
-8.1,1576238602617,0,0,0
-7.8,1576238603067,0,0,0
-7.8,1576238603517,0,0,0
-7.8,1576238603967,0,0,0
-7.8,1576238604416,0,0,0
-7.8,1576238604866,0,0,0
-7.8,1576238605316,0,0,0
-7.8,1576238605766,0,0,0
-7.8,1576238606216,0,0,0
-7.8,1576238606666,0,0,0
-7.8,1576238607116,0,0,0
-7.8,1576238607566,0,0,0
-7.8,1576238608016,0,0,0
-7.8,1576238608466,0,0,0
-7.8,1576238608916,0,0,0
-7.8,1576238609366,0,0,0
-7.8,1576238609816,0,0,0
-7.8,1576238610266,0,0,0
-7.8,1576238610726,0,0,0
-7.8,1576238611176,0,0,0
-7.8,1576238611626,0,0,0
-7.8,1576238612076,0,0,0
-7.5,1576238612526,0,0,0
-7.5,1576238612976,0,0,0
-7.5,1576238613426,0,0,0
-7.5,1576238613876,0,0,0
-7.5,1576238614331,0,0,0
-7.5,1576238614787,0,0,0
-7.5,1576238615236,0,0,0
-7.5,1576238615691,0,0,0
-7.5,1576238616136,0,0,0
-7.5,1576238616591,0,0,0
-7.5,1576238617046,0,0,0
-7.5,1576238617496,0,0,0
-7.5,1576238617946,0,0,0
-7.5,1576238618396,0,0,0
-7.5,1576238618851,0,0,0
-7.5,1576238619301,0,0,0
-7.2,1576238619746,0,0,0
-7.2,1576238620196,0,0,0
-7.2,1576238620650,0,0,0
-7.2,1576238621095,0,0,0
-7.2,1576238621550,0,0,0
-7.2,1576238621995,0,0,0
-7.2,1576238622450,0,0,0
-7.2,1576238622895,0,0,0
-7.2,1576238623350,0,0,0
-7.2,1576238623810,0,0,0
-7.2,1576238624260,0,0,0
-7.2,1576238624716,0,0,0
-7.2,1576238625170,0,0,0
-7.2,1576238625630,0,0,0
-7.2,1576238626075,0,0,0
-7.2,1576238626530,0,0,0
-7.2,1576238626975,0,0,0
-7.2,1576238627430,0,0,0
-7.2,1576238627875,0,0,0
-7.2,1576238628330,0,0,0
-7.2,1576238628790,0,0,0
-7.2,1576238629235,0,0,0
-7.2,1576238629690,0,0,0
-7.2,1576238630140,0,0,0
-7.2,1576238630590,0,0,0
-7.2,1576238631035,0,0,0
-7.2,1576238631486,0,0,0
-7.2,1576238631935,0,0,0
-7.2,1576238632386,0,0,0
-7.2,1576238632835,0,0,0
-7.2,1576238633285,0,0,0
-7.2,1576238633735,0,0,0
-7.2,1576238634186,0,0,0
-7.2,1576238634640,0,0,0
-7.2,1576238635085,0,0,0
-7.2,1576238635535,0,0,0
-7.2,1576238635986,0,0,0
-7.2,1576238636435,0,0,0
-7.2,1576238636885,0,0,0
-7.2,1576238637340,0,0,0
-7.2,1576238637786,0,0,0
-7.2,1576238638235,0,0,0
-7.2,1576238638684,0,0,0
-7.2,1576238639134,0,0,0
-7.2,1576238639585,0,0,0
-7.2,1576238640034,0,0,0
-7.2,1576238640484,0,0,0
-7.2,1576238640934,0,0,0
-7.2,1576238641389,0,0,0
-7.2,1576238641839,0,0,0
-7.2,1576238642289,0,0,0
-7.2,1576238642739,0,0,0
-7.2,1576238643185,0,0,0
-7.2,1576238643639,0,0,0
-7.2,1576238644089,0,0,0
-7.2,1576238644534,0,0,0
-7.2,1576238644989,0,0,0
-7.2,1576238645434,0,0,0
-7.2,1576238645889,0,0,0
-7.2,1576238646339,0,0,0
-7.2,1576238646789,0,0,0
-7.2,1576238647239,0,0,0
-7.2,1576238647684,0,0,0
-7.2,1576238648139,0,0,0
-7.2,1576238648589,0,0,0
-7.2,1576238649039,0,0,0
-7.2,1576238649484,0,0,0
-7.2,1576238649934,0,0,0
-7.2,1576238650389,0,0,0
-7.2,1576238650834,0,0,0
-7.2,1576238651284,0,0,0
-7.2,1576238651739,0,0,0
-7.2,1576238652185,0,0,0
-7.2,1576238652639,0,0,0
-7.2,1576238653084,0,0,0
-7.2,1576238653534,0,0,0
-7.2,1576238653985,0,0,0
-7.2,1576238654433,0,0,0
-7.2,1576238654884,0,0,0
-1.2,1576238655333,0,0,0
-1.5,1576238655789,0,0,0
-1.9,1576238656234,0,0,0
-1.9,1576238656684,0,0,0
-2.0,1576238657138,0,0,0
-2.0,1576238657589,0,0,0
-2.0,1576238658033,0,0,0
-2.0,1576238658483,0,0,0
-0.1,1576238658939,1,0,0
1.0,1576238659388,1,0,0
1.8,1576238659838,1,0,0
4.5,1576238660288,1,0,0
15.5,1576238660738,1,0,0
14.3,1576238661188,1,0,0
9.1,1576238661638,1,0,0
12.0,1576238662088,1,0,0
12.3,1576238662538,1,0,0
14.9,1576238662988,1,0,0
7.2,1576238663438,1,0,0
1.2,1576238663888,1,0,0
-0.3,1576238664338,1,0,0
-0.3,1576238664798,1,0,0
-0.2,1576238665248,1,0,0
-0.2,1576238665698,1,0,0
-0.2,1576238666148,1,0,0
-0.2,1576238666598,1,0,0
-1.6,1576238667048,1,0,0
-4.8,1576238667498,1,0,0
-5.3,1576238667948,1,0,0
-5.7,1576238668398,1,0,0
-7.0,1576238668848,1,0,0
-2.8,1576238669298,1,0,0
-2.6,1576238669748,1,0,0
6.7,1576238670198,1,0,0
3.9,1576238670648,1,0,0
2.2,1576238671098,1,0,0
-0.4,1576238671548,1,0,0
0.1,1576238671998,1,0,0
-2.7,1576238672448,1,0,0
-3.9,1576238672898,1,0,0
-3.7,1576238673347,1,0,0
-0.6,1576238673797,1,0,0
0.1,1576238674247,1,0,0
1.0,1576238674697,1,0,0
1.3,1576238675147,1,0,0
1.5,1576238675597,1,0,0
1.5,1576238676047,1,0,0
1.4,1576238676497,1,0,0
0.1,1576238676947,1,0,0
-0.7,1576238677397,1,0,0
3.4,1576238677847,1,0,0
-1.2,1576238678297,1,0,0
-1.8,1576238678747,1,0,0
4.7,1576238679197,1,0,0
5.2,1576238679652,1,0,0
6.3,1576238680107,1,0,0
5.8,1576238680557,1,0,0
0.4,1576238681007,1,0,0
-9.6,1576238681462,1,0,0
-9.1,1576238681917,1,0,0
-2.9,1576238682367,1,0,0
-1.9,1576238682817,1,0,0
-1.5,1576238683267,1,0,0
-1.0,1576238683717,1,0,0
-0.5,1576238684172,1,0,0
0.8,1576238684617,1,0,0
0.8,1576238685067,1,0,0
0.6,1576238685517,1,0,0
0.6,1576238685967,1,0,0
0.4,1576238686417,1,0,0
0.8,1576238686867,1,0,0
2.1,1576238687322,1,0,0
-0.4,1576238687772,1,0,0
1.6,1576238688232,1,0,0
0.7,1576238688677,1,0,0
-1.2,1576238689127,1,0,0
-1.8,1576238689583,1,0,0
0.1,1576238690037,1,0,0
0.5,1576238690487,1,0,0
2.0,1576238690941,1,0,0
-2.6,1576238691391,1,0,0
-2.3,1576238691836,1,0,0
0.5,1576238692291,1,0,0
1.0,1576238692751,1,0,0
0.2,1576238693196,1,0,0
-0.6,1576238693646,1,0,0
0.5,1576238694096,1,0,0
2.0,1576238694546,1,0,0
1.3,1576238694996,1,0,0
1.2,1576238695446,1,0,0
4.1,1576238695896,1,0,0
0.0,1576238696346,1,0,0
-1.1,1576238696796,1,0,0
2.9,1576238697246,1,0,0
4.6,1576238697696,1,0,0
5.9,1576238698146,1,0,0
8.3,1576238698596,1,0,0
11.3,1576238699046,1,0,0
14.1,1576238699501,1,0,0
15.2,1576238699946,2,0,0
15.4,1576238700396,2,0,0
18.6,1576238700846,2,0,0
21.4,1576238701296,2,0,0
32.3,1576238701746,2,0,0
38.3,1576238702201,2,0,0
33.7,1576238702651,2,0,0
29.4,1576238703096,2,0,0
30.1,1576238703546,2,0,0
20.6,1576238703996,2,0,0
14.1,1576238704451,2,0,0
9.3,1576238704896,2,0,0
6.3,1576238705346,2,0,0
6.3,1576238705796,2,0,0
3.6,1576238706246,2,0,0
-1.9,1576238706695,2,0,0
-3.3,1576238707150,2,0,0
-3.2,1576238707596,2,0,0
-3.1,1576238708045,2,0,0
-1.8,1576238708495,2,0,0
-1.0,1576238708945,1,0,0
3.3,1576238709400,1,0,0
5.2,1576238709845,1,0,0
6.1,1576238710295,1,0,0
-3.1,1576238710745,1,0,0
-3.1,1576238711195,1,0,0
-0.3,1576238711650,1,0,0
0.9,1576238712095,1,0,0
2.8,1576238712550,1,0,0
1.3,1576238712995,1,0,0
0.1,1576238713445,1,0,0
0.9,1576238713895,1,0,0
0.7,1576238714345,1,0,0
0.0,1576238714795,1,0,0
-0.3,1576238715245,1,0,0
1.4,1576238715695,1,0,0
1.4,1576238716145,1,0,0
0.4,1576238716595,1,0,0
-5.6,1576238717045,1,0,0
-10.0,1576238717495,1,0,0
-9.3,1576238717945,1,0,0
3.9,1576238718395,1,0,0
9.5,1576238718845,1,0,0
10.5,1576238719295,-1,0,0
3.1,1576238719745,-1,0,0
-6.4,1576238720195,-1,0,0
-6.9,1576238720645,-1,0,0
-6.7,1576238721095,-1,0,0
0.8,1576238721545,5,0,0
13.1,1576238721995,5,0,0
14.2,1576238722445,5,0,0
12.5,1576238722895,5,0,0
9.8,1576238723345,5,0,0
8.8,1576238723795,5,0,0
7.9,1576238724245,5,0,0
2.4,1576238724694,5,0,0
0.1,1576238725144,5,0,0
3.6,1576238725595,5,0,0
4.1,1576238726044,5,0,0
1.5,1576238726494,1,0,0
-1.5,1576238726944,1,0,0
-0.6,1576238727394,1,0,0
2.9,1576238727849,1,0,0
2.7,1576238728294,1,0,0
0.1,1576238728744,1,0,0
0.2,1576238729194,1,0,0
2.3,1576238729649,1,0,0
2.6,1576238730094,1,0,0
0.6,1576238730549,1,0,0
-0.3,1576238730999,1,0,0
1.0,1576238731449,1,0,0
0.5,1576238731899,1,0,0
-2.0,1576238732349,1,0,0
-2.4,1576238732794,1,0,0
-3.9,1576238733249,1,0,0
-2.4,1576238733699,1,0,0
5.0,1576238734149,1,0,0
6.5,1576238734599,1,0,0
1.8,1576238735049,1,0,0
1.4,1576238735499,1,0,0
2.1,1576238735949,1,0,0
5.3,1576238736399,1,0,0
4.1,1576238736849,1,0,0
4.4,1576238737299,1,0,0
0.9,1576238737749,1,0,0
2.2,1576238738199,1,0,0
4.3,1576238738649,1,0,0
-0.3,1576238739099,1,0,0
-1.6,1576238739549,1,0,0
-1.6,1576238739999,1,0,0
-0.1,1576238740448,1,0,0
-4.6,1576238740899,1,0,0
0.6,1576238741348,1,0,0
1.2,1576238741798,1,0,0
0.6,1576238742248,1,0,0
0.3,1576238742698,1,0,0
0.3,1576238743148,1,0,0
-1.4,1576238743598,1,0,0
3.1,1576238744048,1,0,0
4.7,1576238744498,1,0,0
6.5,1576238744948,1,0,0
5.0,1576238745398,1,0,0
1.3,1576238745848,1,0,0
0.2,1576238746298,1,0,0
0.2,1576238746748,1,0,0
0.2,1576238747198,1,0,0
4.2,1576238747648,1,0,0
4.8,1576238748098,1,0,0
3.5,1576238748548,1,0,0
1.7,1576238748998,1,0,0
-1.8,1576238749448,1,0,0
-4.1,1576238749898,1,0,0
-4.4,1576238750348,1,0,0
-4.4,1576238750798,1,0,0
-4.5,1576238751248,1,0,0
-1.5,1576238751698,1,0,0
1.2,1576238752148,1,0,0
2.0,1576238752598,1,0,0
2.0,1576238753043,1,0,0
1.9,1576238753498,1,0,0
1.0,1576238753948,1,0,0
-2.4,1576238754398,1,0,0
-2.6,1576238754848,1,0,0
-0.5,1576238755298,1,0,0
-0.3,1576238755748,1,0,0
-0.3,1576238756198,1,0,0
1.1,1576238756648,1,0,0
1.0,1576238757098,1,0,0
-1.8,1576238757548,1,0,0
-2.2,1576238757997,1,0,0
0.2,1576238758447,1,0,0
-0.2,1576238758897,1,0,0
-1.3,1576238759347,1,0,0
1.2,1576238759797,1,0,0
1.3,1576238760247,1,0,0
1.2,1576238760697,1,0,0
0.5,1576238761147,1,0,0
0.3,1576238761597,1,0,0
-0.6,1576238762047,1,0,0
-7.5,1576238762497,1,0,0
-5.5,1576238762947,1,0,0
-2.9,1576238763397,1,0,0
-1.6,1576238763847,1,0,0
-0.7,1576238764297,1,0,0
-2.7,1576238764747,1,0,0
-2.3,1576238765197,1,0,0
0.5,1576238765647,1,0,0
1.8,1576238766097,1,0,0
2.2,1576238766547,1,0,0
2.1,1576238766997,1,0,0
3.1,1576238767447,1,0,0
-0.3,1576238767897,1,0,0
-0.4,1576238768347,1,0,0
-0.5,1576238768797,1,0,0
0.5,1576238769247,1,0,0
4.0,1576238769702,1,0,0
5.2,1576238770147,1,0,0
7.2,1576238770597,1,0,0
16.2,1576238771047,1,0,0
5.6,1576238771497,1,0,0
-1.6,1576238771947,1,0,0
-1.6,1576238772397,1,0,0
-1.6,1576238772847,1,0,0
1.1,1576238773297,1,0,0
5.4,1576238773747,1,0,0
4.1,1576238774202,1,0,0
11.1,1576238774647,1,0,0
9.6,1576238775097,1,0,0
9.6,1576238775547,1,0,0
9.6,1576238775996,1,0,0
9.6,1576238776446,1,0,0
9.6,1576238776901,1,0,0
9.6,1576238777346,1,0,0
9.6,1576238777796,1,0,0
9.6,1576238778246,1,0,0
9.6,1576238778696,1,0,0
9.6,1576238779146,1,0,0
9.6,1576238779596,1,0,0
9.6,1576238780046,1,0,0
9.6,1576238780496,0,0,0
9.6,1576238780946,0,0,0
9.6,1576238781401,0,0,0
9.6,1576238781846,0,0,0
9.6,1576238782301,0,0,0
9.6,1576238782746,0,0,0
9.6,1576238783196,0,0,0
9.6,1576238783646,0,0,0
9.6,1576238784096,0,0,0
9.6,1576238784546,0,0,0
9.6,1576238784996,0,0,0
9.6,1576238785446,0,0,0
9.6,1576238785896,0,0,0
9.6,1576238786346,0,0,0
9.6,1576238786796,0,0,0
9.6,1576238787246,0,0,0
9.6,1576238787701,0,0,0
9.6,1576238788151,0,0,0
9.6,1576238788596,0,0,0
9.6,1576238789046,0,0,0
9.6,1576238789496,0,0,0
9.6,1576238789951,0,0,0
9.6,1576238790401,0,0,0
9.6,1576238790846,0,0,0
9.6,1576238791296,0,0,0
9.6,1576238791746,0,0,0
9.6,1576238792196,0,0,0
9.6,1576238792645,0,0,0
9.6,1576238793095,0,0,0
9.6,1576238793546,0,0,0
9.6,1576238793995,0,0,0
9.6,1576238794445,0,0,0
9.6,1576238794895,0,0,0
9.6,1576238795345,0,0,0
9.6,1576238795800,0,0,0
9.6,1576238796245,0,0,0
9.6,1576238796695,0,0,0
9.6,1576238797145,0,0,0
9.6,1576238797595,0,0,0
9.6,1576238798045,0,0,0
9.6,1576238798495,0,0,0
9.6,1576238798945,0,0,0
9.6,1576238799395,0,0,0
9.6,1576238799845,0,0,0
9.6,1576238800300,0,0,0
9.6,1576238800745,0,0,0
9.6,1576238801200,0,0,0
9.6,1576238801645,0,0,0
9.6,1576238802095,0,0,0
9.6,1576238802545,0,0,0
9.6,1576238803000,0,0,0
9.6,1576238803445,0,0,0
9.6,1576238803895,0,0,0
9.6,1576238804345,0,0,0
9.6,1576238804795,0,0,0
9.6,1576238805246,0,0,0
9.6,1576238805695,0,0,0
9.6,1576238806146,0,0,0
9.6,1576238806595,0,0,0
9.6,1576238807045,0,0,0
9.6,1576238807495,0,0,0
9.6,1576238807945,0,0,0
9.6,1576238808395,0,0,0
9.6,1576238808845,0,0,0
9.6,1576238809295,0,0,0
9.6,1576238809745,0,0,0
9.6,1576238810194,0,0,0
9.6,1576238810644,0,0,0
9.6,1576238811095,0,0,0
9.6,1576238811545,0,0,0
9.6,1576238811999,0,0,0
9.6,1576238812449,0,0,0
9.6,1576238812894,0,0,0
9.6,1576238813350,0,0,0
9.6,1576238813795,0,0,0
9.6,1576238814245,0,0,0
9.6,1576238814694,0,0,0
9.6,1576238815146,0,0,0
9.6,1576238815599,0,0,0
9.6,1576238816044,0,0,0
9.6,1576238816494,0,0,0
9.6,1576238816945,0,0,0
9.6,1576238817399,0,0,0
10.1,1576238817849,0,0,0
16.5,1576238818300,0,0,0
12.2,1576238818749,1,0,0
9.9,1576238819199,1,0,0
4.9,1576238819649,1,0,0
-3.8,1576238820099,1,0,0
-13.0,1576238820549,1,0,0
-17.3,1576238820999,1,0,0
-17.1,1576238821449,1,0,0
-7.0,1576238821899,1,0,0
-1.4,1576238822349,1,0,0
-0.2,1576238822799,1,0,0
0.6,1576238823249,1,0,0
2.7,1576238823699,1,0,0
3.5,1576238824149,1,0,0
4.5,1576238824599,1,0,0
3.3,1576238825049,1,0,0
1.1,1576238825499,1,0,0
0.3,1576238825949,1,0,0
-0.4,1576238826399,1,0,0
-0.4,1576238826849,1,0,0
0.3,1576238827299,1,0,0
-1.2,1576238827748,1,0,0
-1.7,1576238828203,1,0,0
-0.1,1576238828658,1,0,0
-0.6,1576238829109,1,0,0
-0.9,1576238829558,1,0,0
0.4,1576238830008,1,0,0
0.7,1576238830458,1,0,0
0.4,1576238830908,1,0,0
-2.3,1576238831358,1,0,0
-0.5,1576238831803,1,0,0
2.6,1576238832248,1,0,0
-1.0,1576238832698,1,0,0
-3.3,1576238833148,1,0,0
1.6,1576238833598,1,0,0
-0.3,1576238834048,1,0,0
-0.2,1576238834498,1,0,0
-1.3,1576238834948,1,0,0
-1.8,1576238835398,1,0,0
-4.5,1576238835848,1,0,0
-8.0,1576238836298,1,0,0
-7.0,1576238836748,1,0,0
-12.1,1576238837198,1,0,0
-5.9,1576238837648,1,0,0
-2.2,1576238838098,1,0,0
-1.7,1576238838548,1,0,0
-1.7,1576238838998,1,0,0
-1.7,1576238839448,1,0,0
-0.1,1576238839898,1,0,0
-0.7,1576238840348,1,0,0
3.3,1576238840798,1,0,0
2.4,1576238841248,1,0,0
-1.6,1576238841703,1,0,0
-3.1,1576238842158,1,0,0
-0.9,1576238842613,1,0,0
-0.9,1576238843068,1,0,0
-0.9,1576238843518,1,0,0
-0.9,1576238843974,1,0,0
4.9,1576238844432,1,0,0
18.6,1576238844878,1,0,0
9.5,1576238845328,1,0,0
11.5,1576238845783,1,0,0
1.5,1576238846237,1,0,0
-1.3,1576238846687,1,0,0
-2.0,1576238847137,1,0,0
-7.1,1576238847592,1,0,0
-8.4,1576238848037,1,0,0
-8.4,1576238848487,1,0,0
-8.4,1576238848937,1,0,0
-0.1,1576238849392,1,0,0
0.8,1576238849847,1,0,0
0.4,1576238850297,1,0,0
-2.1,1576238850747,1,0,0
-2.1,1576238851197,1,0,0
-2.1,1576238851647,1,0,0
-2.2,1576238852097,1,0,0
0.9,1576238852547,1,0,0
0.9,1576238852997,1,0,0
1.9,1576238853447,1,0,0
1.9,1576238853897,1,0,0
3.0,1576238854347,1,0,0
5.7,1576238854797,1,0,0
6.0,1576238855247,1,0,0
5.0,1576238855697,1,0,0
0.1,1576238856147,1,0,0
0.0,1576238856597,1,0,0
0.1,1576238857047,1,0,0
4.0,1576238857497,1,0,0
10.8,1576238857947,1,0,0
11.0,1576238858397,1,0,0
10.5,1576238858847,1,0,0
2.3,1576238859297,1,0,0
-3.2,1576238859752,1,0,0
-2.9,1576238860202,1,0,0
-6.2,1576238860647,1,0,0
-7.8,1576238861097,1,0,0
-0.9,1576238861547,1,0,0
1.8,1576238861997,1,0,0
4.4,1576238862447,1,0,0
9.3,1576238862897,1,0,0
9.2,1576238863346,2,0,0
8.6,1576238863797,2,0,0
7.5,1576238864251,2,0,0
9.6,1576238864702,2,0,0
9.4,1576238865151,2,0,0
19.1,1576238865596,2,0,0
23.7,1576238866051,2,0,0
25.5,1576238866501,2,0,0
31.5,1576238866947,2,0,0
55.0,1576238867396,2,0,0
83.9,1576238867846,2,0,0
87.1,1576238868301,2,0,0
80.9,1576238868746,2,0,0
45.5,1576238869196,2,0,0
54.3,1576238869646,2,0,0
41.1,1576238870096,2,0,0
46.6,1576238870546,2,0,0
43.8,1576238870996,2,0,0
43.8,1576238871446,2,0,0
41.7,1576238871901,2,0,0
39.3,1576238872346,2,0,0
35.8,1576238872796,2,0,0
30.2,1576238873246,2,0,0
25.4,1576238873696,2,0,0
28.8,1576238874146,2,0,0
22.6,1576238874596,2,0,0
18.4,1576238875046,2,0,0
12.6,1576238875496,2,0,0
10.7,1576238875946,2,0,0
9.5,1576238876396,2,0,0
5.8,1576238876846,2,0,0
5.7,1576238877296,2,0,0
7.8,1576238877746,2,0,0
1.3,1576238878206,2,0,0
1.1,1576238878661,2,0,0
-0.7,1576238879106,2,0,0
-3.3,1576238879561,1,0,0
-8.2,1576238880006,1,0,0
-10.8,1576238880461,1,0,0
-6.7,1576238880911,1,0,0
-2.9,1576238881361,1,0,0
1.1,1576238881811,1,0,0
9.3,1576238882261,1,0,0
22.2,1576238882711,1,0,0
21.7,1576238883160,1,0,0
5.2,1576238883610,1,0,0
2.4,1576238884060,1,0,0
-1.9,1576238884510,1,0,0
-9.4,1576238884961,1,0,0
1.2,1576238885410,5,0,0
-5.4,1576238885860,5,0,0
-12.7,1576238886310,5,0,0
-12.7,1576238886760,5,0,0
-12.6,1576238887210,5,0,0
-12.3,1576238887660,5,0,0
-6.7,1576238888110,5,0,0
-4.8,1576238888560,5,0,0
-4.2,1576238889010,5,0,0
-3.4,1576238889460,5,0,0
3.4,1576238889910,5,0,0
2.1,1576238890360,5,0,0
9.1,1576238890810,5,0,0
8.2,1576238891260,5,0,0
6.1,1576238891710,5,0,0
-2.5,1576238892160,5,0,0
-3.8,1576238892610,5,0,0
-9.4,1576238893060,5,0,0
-8.6,1576238893510,5,0,0
-0.3,1576238893960,5,0,0
-8.0,1576238894410,5,0,0
-5.8,1576238894860,5,0,0
-1.8,1576238895310,5,0,0
-0.1,1576238895760,5,0,0
32.5,1576238896210,5,0,0
42.2,1576238896660,5,0,0
8.8,1576238897110,5,0,0
-12.5,1576238897560,5,0,0
-14.2,1576238898010,5,0,0
-14.2,1576238898469,5,0,0
-7.9,1576238898919,5,0,0
-8.2,1576238899370,5,0,0
-5.5,1576238899820,5,0,0
6.9,1576238900270,5,0,0
19.5,1576238900719,5,0,0
18.6,1576238901170,5,0,0
17.0,1576238901619,5,0,0
11.4,1576238902069,5,0,0
2.3,1576238902519,5,0,0
1.1,1576238902970,5,0,0
0.2,1576238903419,5,0,0
2.7,1576238903869,5,0,0
2.0,1576238904319,1,0,0
2.1,1576238904770,1,0,0
-0.6,1576238905219,1,0,0
1.5,1576238905670,1,0,0
4.1,1576238906119,1,0,0
4.1,1576238906570,1,0,0
1.5,1576238907019,1,0,0
-0.1,1576238907469,1,0,0
-1.0,1576238907919,1,0,0
-1.4,1576238908370,1,0,0
1.8,1576238908819,1,0,0
4.8,1576238909269,1,0,0
3.1,1576238909719,1,0,0
1.0,1576238910170,1,0,0
-0.2,1576238910619,1,0,0
-4.2,1576238911069,1,0,0
0.0,1576238911519,1,0,0
2.1,1576238911970,1,0,0
-0.3,1576238912419,1,0,0
-0.7,1576238912869,1,0,0
-1.5,1576238913319,1,0,0
-2.0,1576238913770,1,0,0
-2.0,1576238914219,1,0,0
-3.0,1576238914669,1,0,0
-7.0,1576238915119,1,0,0
-15.8,1576238915570,1,0,0
-15.7,1576238916019,1,0,0
-15.7,1576238916469,1,0,0
-15.7,1576238916919,1,0,0
-15.7,1576238917369,1,0,0
-15.7,1576238917818,1,0,0
-15.7,1576238918268,1,0,0
-15.7,1576238918718,1,0,0
-15.7,1576238919169,1,0,0
-15.7,1576238919618,1,0,0
-15.7,1576238920068,1,0,0
-15.7,1576238920518,1,0,0
-15.7,1576238920969,1,0,0
-15.7,1576238921418,1,0,0
-15.7,1576238921868,1,0,0
-15.7,1576238922318,1,0,0
-15.7,1576238922769,1,0,0
-15.7,1576238923218,1,0,0
-15.7,1576238923673,0,0,0
-15.7,1576238924118,0,0,0
-15.7,1576238924569,0,0,0
-15.7,1576238925018,0,0,0
-15.7,1576238925468,0,0,0
-15.7,1576238925918,0,0,0
-15.7,1576238926369,0,0,0
-15.7,1576238926818,0,0,0
-15.7,1576238927273,0,0,0
-15.4,1576238927718,3,0,0
-16.4,1576238928169,3,0,0
-30.8,1576238928623,3,0,0
-41.1,1576238929073,3,0,0
-31.0,1576238929518,3,0,0
-35.7,1576238929969,3,0,0
-49.6,1576238930423,3,0,0
-49.1,1576238930868,3,0,0
-48.7,1576238931318,3,0,0
-35.8,1576238931769,3,0,0
-32.9,1576238932218,3,0,0
-38.6,1576238932668,3,0,0
-40.9,1576238933118,3,0,0
-41.0,1576238933569,3,0,0
-41.3,1576238934018,3,0,0
-47.1,1576238934468,3,0,0
-48.1,1576238934918,3,0,0
-55.9,1576238935368,3,0,0
-62.6,1576238935818,3,0,0
-64.3,1576238936268,3,0,0
-65.2,1576238936718,3,0,0
-65.7,1576238937168,3,0,0
-66.9,1576238937617,3,0,0
-67.5,1576238938068,3,0,0
-68.2,1576238938518,3,0,0
-68.6,1576238938968,0,0,0
-68.7,1576238939417,0,0,0
-68.9,1576238939872,0,0,0
-72.5,1576238940318,0,0,0
-83.5,1576238940769,0,0,0
-93.4,1576238941217,0,0,0
-97.9,1576238941667,0,0,0
-83.1,1576238942117,0,0,0
-61.0,1576238942572,0,0,0
-68.3,1576238943017,0,0,0
-68.2,1576238943467,0,0,0
-68.2,1576238943922,0,0,0
-68.2,1576238944368,0,0,0
-68.2,1576238944822,0,0,0
-68.2,1576238945272,0,0,0
-68.2,1576238945717,0,0,0
-68.2,1576238946168,0,0,0
-68.2,1576238946622,0,0,0
-68.2,1576238947072,0,0,0
-68.2,1576238947517,0,0,0
-68.2,1576238947968,0,0,0
-68.2,1576238948422,0,0,0
-68.2,1576238948872,0,0,0
-68.2,1576238949322,0,0,0
-68.2,1576238949772,0,0,0
-68.2,1576238950217,0,0,0
-68.2,1576238950667,0,0,0
-68.2,1576238951121,0,0,0
-68.2,1576238951571,0,0,0
-68.2,1576238952021,0,0,0
-68.2,1576238952471,0,0,0
-68.2,1576238952921,0,0,0
-68.2,1576238953371,0,0,0
-68.2,1576238953821,0,0,0
-68.2,1576238954271,0,0,0
-68.2,1576238954721,0,0,0
-68.2,1576238955167,0,0,0
-68.2,1576238955621,0,0,0
-68.2,1576238956067,0,0,0
-68.2,1576238956517,0,0,0
-68.2,1576238956967,0,0,0
-68.2,1576238957421,0,0,0
-68.2,1576238957867,0,0,0
-68.2,1576238958316,0,0,0
-68.2,1576238958767,0,0,0
-67.4,1576238959221,0,0,0
-60.8,1576238959666,3,0,0
-50.8,1576238960116,3,0,0
-37.2,1576238960567,3,0,0
-37.5,1576238961021,3,0,0
-38.2,1576238961466,3,0,0
-31.2,1576238961916,3,0,0
-31.0,1576238962367,3,0,0
-35.9,1576238962816,3,0,0
-35.8,1576238963266,3,0,0
-33.5,1576238963716,3,0,0
-34.3,1576238964167,3,0,0
-34.4,1576238964616,3,0,0
-36.6,1576238965066,3,0,0
-35.3,1576238965516,3,0,0
-32.5,1576238965967,3,0,0
-41.6,1576238966421,3,0,0
-51.9,1576238966871,3,0,0
-66.0,1576238967321,3,0,0
-54.9,1576238967771,3,0,0
-38.7,1576238968221,3,0,0
-38.6,1576238968671,3,0,0
-44.5,1576238969120,3,0,0
-42.8,1576238969570,3,0,0
-29.5,1576238970016,3,0,0
-11.1,1576238970470,3,0,0
-6.0,1576238970920,3,0,0
-4.0,1576238971370,3,0,0
-2.7,1576238971820,3,0,0
-1.0,1576238972270,3,0,0
-0.3,1576238972720,1,0,0
1.6,1576238973170,1,0,0
2.8,1576238973620,1,0,0
1.6,1576238974070,1,0,0
-0.1,1576238974525,1,0,0
-0.3,1576238974980,1,0,0
-1.6,1576238975430,1,0,0
-2.5,1576238975880,1,0,0
-3.5,1576238976330,1,0,0
-4.0,1576238976780,1,0,0
-6.7,1576238977230,1,0,0
-7.6,1576238977680,1,0,0
-7.6,1576238978130,1,0,0
-17.8,1576238978580,1,0,0
-19.6,1576238979030,1,0,0
-6.7,1576238979480,1,0,0
-3.2,1576238979930,1,0,0
-0.8,1576238980380,1,0,0
4.4,1576238980830,1,0,0
2.8,1576238981280,1,0,0
0.3,1576238981725,1,0,0
-3.2,1576238982180,1,0,0
-1.9,1576238982630,1,0,0
0.2,1576238983080,1,0,0
2.2,1576238983530,1,0,0
2.9,1576238983980,1,0,0
8.8,1576238984430,1,0,0
8.5,1576238984880,1,0,0
1.1,1576238985330,1,0,0
-3.1,1576238985780,1,0,0
-3.7,1576238986230,1,0,0
-3.3,1576238986679,1,0,0
-0.1,1576238987129,1,0,0
-0.3,1576238987579,1,0,0
-0.5,1576238988029,1,0,0
-0.5,1576238988479,1,0,0
-0.5,1576238988929,1,0,0
3.9,1576238989379,1,0,0
5.0,1576238989839,1,0,0
8.2,1576238990289,1,0,0
7.3,1576238990739,1,0,0
1.6,1576238991189,1,0,0
-2.5,1576238991644,1,0,0
-10.8,1576238992099,1,0,0
-11.8,1576238992549,1,0,0
-10.0,1576238992999,1,0,0
-3.7,1576238993449,1,0,0
0.4,1576238993899,1,0,0
1.9,1576238994354,1,0,0
3.4,1576238994809,1,0,0
0.7,1576238995259,1,0,0
0.0,1576238995714,1,0,0
-1.0,1576238996169,1,0,0
-0.4,1576238996619,1,0,0
1.0,1576238997069,1,0,0
2.0,1576238997519,1,0,0
4.9,1576238997969,1,0,0
5.1,1576238998419,1,0,0
-3.7,1576238998869,1,0,0
-4.6,1576238999319,1,0,0
-5.6,1576238999769,1,0,0
-3.1,1576239000219,1,0,0
3.9,1576239000669,1,0,0
-3.9,1576239001119,1,0,0
0.9,1576239001569,1,0,0
5.9,1576239002019,1,0,0
3.1,1576239002469,1,0,0
1.9,1576239002919,1,0,0
-0.3,1576239003369,1,0,0
1.5,1576239003819,1,0,0
3.6,1576239004269,1,0,0
3.6,1576239004718,1,0,0
1.6,1576239005168,1,0,0
-2.4,1576239005618,1,0,0
-5.0,1576239006068,1,0,0
-4.4,1576239006518,1,0,0
1.2,1576239006968,1,0,0
-1.6,1576239007418,1,0,0
-2.3,1576239007868,1,0,0
1.4,1576239008318,1,0,0
2.1,1576239008768,1,0,0
-1.0,1576239009218,1,0,0
-3.9,1576239009668,1,0,0
-4.5,1576239010118,1,0,0
-5.2,1576239010573,1,0,0
-3.9,1576239011028,1,0,0
-3.9,1576239011478,1,0,0
-2.3,1576239011928,1,0,0
-0.6,1576239012383,1,0,0
-3.9,1576239012828,1,0,0
-3.8,1576239013278,1,0,0
-3.9,1576239013728,1,0,0
-7.0,1576239014183,1,0,0
-6.6,1576239014628,1,0,0
-5.2,1576239015078,1,0,0
-5.0,1576239015528,1,0,0
-2.0,1576239015983,1,0,0
-2.2,1576239016428,1,0,0
-3.4,1576239016883,1,0,0
-6.4,1576239017328,1,0,0
-8.6,1576239017778,1,0,0
-18.6,1576239018233,1,0,0
-20.9,1576239018678,9,0,0
-6.8,1576239019128,9,0,0
-8.1,1576239019578,9,0,0
-6.0,1576239020028,9,0,0
-8.5,1576239020478,9,0,0
-10.4,1576239020928,9,0,0
-9.0,1576239021378,9,0,0
-3.3,1576239021827,9,0,0
-10.1,1576239022277,9,0,0
-12.7,1576239022727,9,0,0
-17.9,1576239023177,9,0,0
-25.2,1576239023627,9,0,0
-29.0,1576239024077,9,0,0
-21.9,1576239024527,9,0,0
-22.8,1576239024977,9,0,0
-23.8,1576239025427,9,0,0
-28.6,1576239025882,9,0,0
-37.2,1576239026327,9,0,0
-44.1,1576239026777,9,0,0
-43.2,1576239027227,9,0,0
-39.9,1576239027677,9,0,0
-31.7,1576239028127,9,0,0
-31.6,1576239028582,9,0,0
-31.1,1576239029027,9,0,0
-16.5,1576239029477,9,0,0
-9.1,1576239029932,9,0,0
-9.1,1576239030377,9,0,0
-10.8,1576239030827,9,0,0
-12.5,1576239031277,9,0,0
-25.3,1576239031732,9,0,0
-30.8,1576239032182,9,0,0
-26.2,1576239032632,9,0,0
-25.0,1576239033082,9,0,0
-8.3,1576239033527,9,0,0
-3.2,1576239033982,9,0,0
1.5,1576239034432,9,0,0
2.6,1576239034882,9,0,0
-3.3,1576239035332,9,0,0
-2.0,1576239035782,1,0,0
2.7,1576239036232,1,0,0
2.5,1576239036682,1,0,0
2.1,1576239037132,1,0,0
3.4,1576239037582,1,0,0
3.1,1576239038032,1,0,0
1.9,1576239038482,1,0,0
-2.4,1576239038932,1,0,0
0.4,1576239039382,1,0,0
2.5,1576239039831,1,0,0
-0.5,1576239040282,1,0,0
-1.7,1576239040731,1,0,0
-1.7,1576239041181,1,0,0
-0.9,1576239041631,1,0,0
-1.5,1576239042077,1,0,0
-1.5,1576239042531,1,0,0
0.2,1576239042981,1,0,0
0.5,1576239043431,1,0,0
2.9,1576239043881,1,0,0
0.7,1576239044331,1,0,0
-2.8,1576239044781,1,0,0
-0.4,1576239045226,1,0,0
4.0,1576239045681,1,0,0
2.8,1576239046131,1,0,0
1.5,1576239046581,1,0,0
0.5,1576239047031,1,0,0
2.0,1576239047476,1,0,0
4.6,1576239047931,1,0,0
4.7,1576239048381,1,0,0
5.0,1576239048831,1,0,0
5.1,1576239049276,1,0,0
6.7,1576239049731,1,0,0
5.7,1576239050181,4,0,0
5.6,1576239050626,4,0,0
6.1,1576239051076,4,0,0
4.2,1576239051531,4,0,0
1.8,1576239051981,4,0,0
-0.5,1576239052431,4,0,0
-4.2,1576239052881,4,0,0
-6.1,1576239053331,4,0,0
-8.3,1576239053776,4,0,0
-8.3,1576239054226,4,0,0
-6.9,1576239054681,4,0,0
-2.1,1576239055126,4,0,0
-1.4,1576239055581,4,0,0
-0.9,1576239056036,1,0,0
2.0,1576239056491,1,0,0
0.9,1576239056946,1,0,0
1.0,1576239057400,1,0,0
1.2,1576239057850,1,0,0
-2.5,1576239058205,1,0,0
-2.2,1576239058661,1,0,0
-0.9,1576239059111,1,0,0
-0.7,1576239059562,1,0,0
1.5,1576239060010,1,0,0
0.9,1576239060460,1,0,0
1.6,1576239060910,1,0,0
1.0,1576239061361,1,0,0
-1.5,1576239061810,1,0,0
-2.8,1576239062260,1,0,0
0.6,1576239062710,1,0,0
2.8,1576239063161,1,0,0
-0.2,1576239063610,1,0,0
0.4,1576239064060,1,0,0
0.6,1576239064510,1,0,0
1.8,1576239064961,1,0,0
2.7,1576239065410,1,0,0
0.3,1576239065860,1,0,0
-2.3,1576239066310,1,0,0
-3.4,1576239066761,1,0,0
2.0,1576239067210,1,0,0
1.5,1576239067660,1,0,0
-0.2,1576239068110,1,0,0
-3.1,1576239068561,1,0,0
-2.3,1576239069010,1,0,0
-1.2,1576239069460,1,0,0
2.2,1576239069910,1,0,0
0.6,1576239070361,1,0,0
-1.2,1576239070810,1,0,0
-0.5,1576239071260,1,0,0
4.7,1576239071710,1,0,0
0.7,1576239072161,1,0,0
0.3,1576239072610,1,0,0
0.6,1576239073060,1,0,0
-0.2,1576239073510,1,0,0
1.7,1576239073961,1,0,0
6.1,1576239074409,1,0,0
14.8,1576239074860,1,0,0
8.8,1576239075310,1,0,0
8.7,1576239075760,8,0,0
6.6,1576239076209,8,0,0
12.7,1576239076659,8,0,0
10.0,1576239077109,8,0,0
14.2,1576239077560,8,0,0
12.9,1576239078009,8,0,0
12.1,1576239078459,8,0,0
20.0,1576239078909,8,0,0
17.5,1576239079360,8,0,0
16.3,1576239079814,8,0,0
10.6,1576239080259,8,0,0
12.6,1576239080714,8,0,0
14.2,1576239081160,8,0,0
13.5,1576239081609,8,0,0
10.6,1576239082059,8,0,0
14.8,1576239082509,8,0,0
14.2,1576239082960,8,0,0
10.0,1576239083409,8,0,0
9.5,1576239083864,8,0,0
8.1,1576239084309,8,0,0
14.6,1576239084760,8,0,0
15.7,1576239085209,8,0,0
15.7,1576239085664,8,0,0
16.6,1576239086109,8,0,0
18.1,1576239086560,8,0,0
14.4,1576239087009,8,0,0
14.4,1576239087459,8,0,0
11.5,1576239087909,8,0,0
3.9,1576239088360,8,0,0
2.6,1576239088809,8,0,0
14.0,1576239089259,8,0,0
12.3,1576239089709,8,0,0
2.1,1576239090160,8,0,0
-3.7,1576239090609,8,0,0
-8.4,1576239091059,8,0,0
-8.0,1576239091509,8,0,0
-8.0,1576239091960,8,0,0
-7.7,1576239092408,8,0,0
-4.8,1576239092858,8,0,0
2.4,1576239093308,8,0,0
12.4,1576239093759,8,0,0
15.9,1576239094208,8,0,0
17.3,1576239094658,8,0,0
14.7,1576239095108,8,0,0
14.1,1576239095559,1,0,0
10.3,1576239096008,1,0,0
0.3,1576239096458,1,0,0
-5.4,1576239096908,1,0,0
-5.7,1576239097359,1,0,0
1.8,1576239097813,1,0,0
1.9,1576239098258,1,0,0
1.9,1576239098713,1,0,0
1.9,1576239099163,1,0,0
4.6,1576239099613,1,0,0
6.0,1576239100058,1,0,0
4.4,1576239100513,1,0,0
3.2,1576239100959,1,0,0
3.1,1576239101413,1,0,0
2.3,1576239101863,1,0,0
1.1,1576239102313,1,0,0
-0.3,1576239102763,1,0,0
-3.4,1576239103208,1,0,0
-0.6,1576239103663,1,0,0
1.6,1576239104068,1,0,0
0.9,1576239104518,1,0,0
0.9,1576239104973,1,0,0
0.9,1576239105423,1,0,0
1.2,1576239105873,1,0,0
-1.2,1576239106318,1,0,0
1.4,1576239106773,1,0,0
1.0,1576239107218,1,0,0
0.8,1576239107668,1,0,0
0.0,1576239108118,1,0,0
-0.9,1576239108568,1,0,0
-1.0,1576239109018,1,0,0
-4.0,1576239109468,1,0,0
-3.8,1576239109918,1,0,0
-6.7,1576239110367,1,0,0
-8.7,1576239110817,1,0,0
-1.7,1576239111267,1,0,0
2.7,1576239111717,1,0,0
8.3,1576239112167,1,0,0
6.5,1576239112617,1,0,0
8.3,1576239113067,1,0,0
1.8,1576239113517,1,0,0
-1.6,1576239113967,1,0,0
0.3,1576239114417,1,0,0
0.6,1576239114867,1,0,0
-5.4,1576239115317,1,0,0
-4.9,1576239115772,1,0,0
-0.3,1576239116217,1,0,0
-2.9,1576239116672,1,0,0
-2.7,1576239117117,1,0,0
3.3,1576239117572,1,0,0
2.7,1576239118017,1,0,0
2.6,1576239118472,1,0,0
2.3,1576239118922,1,0,0
-1.9,1576239119367,1,0,0
0.6,1576239119822,1,0,0
3.2,1576239120267,1,0,0
0.8,1576239120722,1,0,0
0.8,1576239121172,1,0,0
3.7,1576239121622,1,0,0
7.6,1576239122072,1,0,0
7.8,1576239122522,1,0,0
11.7,1576239122972,1,0,0
7.9,1576239123422,8,0,0
8.5,1576239123872,8,0,0
10.8,1576239124322,8,0,0
14.1,1576239124782,8,0,0
22.7,1576239125232,8,0,0
23.1,1576239125682,8,0,0
24.8,1576239126132,8,0,0
22.6,1576239126582,8,0,0
16.4,1576239127032,8,0,0
16.2,1576239127482,8,0,0
10.8,1576239127932,8,0,0
9.5,1576239128381,8,0,0
9.5,1576239128832,8,0,0
12.5,1576239129281,8,0,0
13.2,1576239129731,8,0,0
23.2,1576239130181,8,0,0
21.5,1576239130631,8,0,0
21.8,1576239131081,8,0,0
21.8,1576239131531,8,0,0
21.7,1576239131981,8,0,0
21.7,1576239132431,8,0,0
19.4,1576239132881,8,0,0
19.4,1576239133331,8,0,0
21.9,1576239133781,8,0,0
22.3,1576239134231,8,0,0
23.2,1576239134681,8,0,0
23.6,1576239135131,8,0,0
23.4,1576239135581,8,0,0
22.6,1576239136031,8,0,0
21.1,1576239136481,8,0,0
16.7,1576239136931,8,0,0
12.3,1576239137381,8,0,0
12.7,1576239137831,8,0,0
21.1,1576239138281,8,0,0
20.9,1576239138731,8,0,0
22.3,1576239139181,8,0,0
20.7,1576239139631,8,0,0
18.0,1576239140081,8,0,0
9.0,1576239140531,8,0,0
3.6,1576239140981,8,0,0
7.2,1576239141431,8,0,0
6.0,1576239141881,8,0,0
5.7,1576239142331,8,0,0
2.6,1576239142781,8,0,0
2.0,1576239143231,8,0,0
2.0,1576239143681,8,0,0
1.4,1576239144131,8,0,0
-0.3,1576239144586,8,0,0
-0.1,1576239145041,1,0,0
-0.1,1576239145491,1,0,0
-0.1,1576239145941,1,0,0
-0.1,1576239146391,1,0,0
-0.1,1576239146840,1,0,0
-0.1,1576239147290,1,0,0
0.0,1576239147740,1,0,0
0.0,1576239148190,1,0,0
0.0,1576239148640,1,0,0
-2.3,1576239149090,1,0,0
-4.7,1576239149540,1,0,0
-3.8,1576239149990,1,0,0
-11.7,1576239150440,1,0,0
-18.2,1576239150890,9,0,0
-18.1,1576239151340,9,0,0
-13.4,1576239151790,9,0,0
-11.5,1576239152240,9,0,0
-12.3,1576239152690,9,0,0
-13.7,1576239153140,9,0,0
-14.1,1576239153595,9,0,0
-14.1,1576239154050,9,0,0
-14.1,1576239154500,9,0,0
-12.5,1576239154950,9,0,0
-11.8,1576239155400,9,0,0
-12.5,1576239155850,9,0,0
-10.5,1576239156300,9,0,0
-7.6,1576239156750,9,0,0
-8.2,1576239157200,9,0,0
-9.2,1576239157650,9,0,0
-11.5,1576239158105,9,0,0
-12.1,1576239158565,9,0,0
-12.3,1576239159020,9,0,0
-15.1,1576239159470,9,0,0
-14.5,1576239159920,9,0,0
-11.0,1576239160370,9,0,0
-9.9,1576239160825,9,0,0
-12.6,1576239161270,9,0,0
-16.3,1576239161725,9,0,0
-17.0,1576239162180,9,0,0
-13.5,1576239162630,9,0,0
-11.3,1576239163085,9,0,0
-11.6,1576239163530,9,0,0
-8.8,1576239163980,9,0,0
-13.9,1576239164434,9,0,0
-14.1,1576239164884,9,0,0
-12.6,1576239165329,9,0,0
-11.8,1576239165784,9,0,0
-13.1,1576239166244,9,0,0
-15.9,1576239166694,9,0,0
-15.7,1576239167139,9,0,0
-11.7,1576239167594,9,0,0
-11.2,1576239168044,9,0,0
-9.3,1576239168489,9,0,0
-5.5,1576239168944,9,0,0
-2.2,1576239169394,9,0,0
-7.3,1576239169844,9,0,0
-8.2,1576239170294,9,0,0
-2.9,1576239170744,1,0,0
-2.1,1576239171194,1,0,0
-0.9,1576239171639,1,0,0
0.5,1576239172089,1,0,0
-0.1,1576239172544,1,0,0
-0.8,1576239172994,1,0,0
0.5,1576239173444,1,0,0
2.4,1576239173889,1,0,0
2.0,1576239174344,1,0,0
-0.4,1576239174794,1,0,0
-1.1,1576239175239,1,0,0
-4.9,1576239175689,1,0,0
-6.8,1576239176139,1,0,0
-4.5,1576239176594,1,0,0
-4.2,1576239177039,1,0,0
-3.4,1576239177489,1,0,0
1.7,1576239177944,1,0,0
3.8,1576239178389,1,0,0
3.0,1576239178839,1,0,0
1.3,1576239179289,1,0,0
0.7,1576239179744,1,0,0
-3.1,1576239180189,1,0,0
-3.2,1576239180639,1,0,0
-2.0,1576239181089,1,0,0
-6.1,1576239181538,1,0,0
-7.4,1576239181989,1,0,0
-7.7,1576239182443,1,0,0
-8.4,1576239182893,1,0,0
-11.2,1576239183338,3,0,0
-15.8,1576239183788,3,0,0
-17.4,1576239184243,3,0,0
-21.3,1576239184693,3,0,0
-23.2,1576239185138,3,0,0
-17.5,1576239185588,3,0,0
-15.5,1576239186043,3,0,0
-22.5,1576239186488,3,0,0
-18.3,1576239186943,3,0,0
-18.7,1576239187393,3,0,0
-24.5,1576239187843,3,0,0
-26.7,1576239188288,3,0,0
-21.7,1576239188743,3,0,0
-15.4,1576239189193,3,0,0
-17.3,1576239189643,3,0,0
-21.9,1576239190094,3,0,0
-22.8,1576239190538,3,0,0
-23.9,1576239190993,3,0,0
-16.4,1576239191438,3,0,0
-14.4,1576239191888,3,0,0
-11.2,1576239192343,3,0,0
-0.9,1576239192793,3,0,0
4.5,1576239193238,3,0,0
4.1,1576239193693,3,0,0
-0.7,1576239194098,3,0,0
-1.4,1576239194554,3,0,0
-0.9,1576239195003,1,0,0
-0.1,1576239195453,1,0,0
-0.2,1576239195903,1,0,0
-0.2,1576239196348,1,0,0
-0.7,1576239196798,1,0,0
-2.2,1576239197253,1,0,0
-2.8,1576239197698,1,0,0
-1.4,1576239198148,1,0,0
-0.6,1576239198598,1,0,0
-0.3,1576239199048,1,0,0
-0.9,1576239199498,1,0,0
2.1,1576239199954,1,0,0
4.4,1576239200397,1,0,0
4.4,1576239200848,1,0,0
2.5,1576239201297,1,0,0
-1.4,1576239201748,1,0,0
-2.5,1576239202202,1,0,0
-2.5,1576239202647,1,0,0
1.3,1576239203098,1,0,0
3.0,1576239203547,1,0,0
3.9,1576239203997,1,0,0
1.2,1576239204452,1,0,0
-1.7,1576239204897,1,0,0
-2.5,1576239205347,1,0,0
0.2,1576239205797,1,0,0
-0.1,1576239206252,1,0,0
-0.3,1576239206702,1,0,0
2.9,1576239207147,1,0,0
4.9,1576239207602,1,0,0
6.2,1576239208052,1,0,0
8.5,1576239208497,1,0,0
15.1,1576239208953,2,0,0
16.2,1576239209402,2,0,0
19.5,1576239209852,2,0,0
20.9,1576239210302,2,0,0
20.3,1576239210753,2,0,0
23.0,1576239211202,2,0,0
20.4,1576239211652,2,0,0
22.8,1576239212102,2,0,0
24.9,1576239212553,2,0,0
26.4,1576239213002,2,0,0
25.2,1576239213452,2,0,0
27.6,1576239213902,2,0,0
24.1,1576239214353,2,0,0
22.4,1576239214802,2,0,0
17.7,1576239215252,2,0,0
19.0,1576239215702,2,0,0
18.5,1576239216153,2,0,0
16.0,1576239216602,2,0,0
11.1,1576239217052,2,0,0
9.1,1576239217502,2,0,0
7.4,1576239217953,2,0,0
5.3,1576239218402,2,0,0
-0.5,1576239218851,2,0,0
2.9,1576239219301,2,0,0
3.2,1576239219752,2,0,0
2.7,1576239220201,2,0,0
2.7,1576239220651,1,0,0
1.9,1576239221101,1,0,0
-0.4,1576239221552,1,0,0
-0.4,1576239222001,1,0,0
0.8,1576239222451,1,0,0
2.0,1576239222901,1,0,0
1.5,1576239223352,1,0,0
1.3,1576239223801,1,0,0
1.0,1576239224251,1,0,0
-0.6,1576239224701,1,0,0
-0.7,1576239225152,1,0,0
-0.6,1576239225601,1,0,0
1.7,1576239226051,1,0,0
1.2,1576239226501,1,0,0
0.7,1576239226952,1,0,0
0.9,1576239227401,1,0,0
1.1,1576239227851,1,0,0
2.7,1576239228306,1,0,0
4.8,1576239228761,1,0,0
0.9,1576239229216,1,0,0
-0.2,1576239229671,1,0,0
-0.2,1576239230126,1,0,0
-1.8,1576239230586,1,0,0
-3.3,1576239231041,1,0,0
-3.4,1576239231491,1,0,0
-2.5,1576239231941,1,0,0
-0.9,1576239232391,1,0,0
0.1,1576239232841,1,0,0
4.0,1576239233291,1,0,0
3.7,1576239233741,1,0,0
0.2,1576239234196,1,0,0
0.2,1576239234656,1,0,0
0.9,1576239235111,1,0,0
2.2,1576239235560,1,0,0
0.9,1576239236010,1,0,0
0.9,1576239236465,1,0,0
2.4,1576239236920,1,0,0
2.5,1576239237370,1,0,0
2.5,1576239237820,1,0,0
2.4,1576239238270,1,0,0
8.4,1576239238720,1,0,0
11.8,1576239239170,1,0,0
12.9,1576239239620,1,0,0
19.7,1576239240070,1,0,0
17.3,1576239240520,8,0,0
22.8,1576239240970,8,0,0
20.6,1576239241420,8,0,0
19.3,1576239241870,8,0,0
23.5,1576239242320,8,0,0
24.7,1576239242770,8,0,0
18.4,1576239243220,8,0,0
22.2,1576239243670,8,0,0
22.2,1576239244120,8,0,0
21.8,1576239244570,8,0,0
18.3,1576239245020,8,0,0
18.5,1576239245470,8,0,0
16.8,1576239245920,8,0,0
19.2,1576239246370,8,0,0
11.3,1576239246820,8,0,0
17.8,1576239247270,8,0,0
19.4,1576239247720,8,0,0
22.4,1576239248170,8,0,0
20.6,1576239248620,8,0,0
23.5,1576239249070,8,0,0
24.8,1576239249520,8,0,0
27.1,1576239249970,8,0,0
27.9,1576239250420,8,0,0
22.2,1576239250870,8,0,0
19.4,1576239251320,8,0,0
22.9,1576239251770,8,0,0
18.6,1576239252220,8,0,0
13.3,1576239252670,8,0,0
10.4,1576239253120,8,0,0
10.4,1576239253569,8,0,0
10.3,1576239254019,8,0,0
8.0,1576239254469,8,0,0
5.5,1576239254919,8,0,0
5.9,1576239255369,8,0,0
1.8,1576239255819,8,0,0
-3.3,1576239256269,8,0,0
-3.8,1576239256719,8,0,0
-3.9,1576239257169,8,0,0
-3.9,1576239257619,8,0,0
-0.6,1576239258069,8,0,0
-0.1,1576239258519,1,0,0
1.0,1576239258969,1,0,0
0.4,1576239259424,1,0,0
0.8,1576239259869,1,0,0
4.0,1576239260319,1,0,0
6.6,1576239260769,1,0,0
6.2,1576239261219,1,0,0
6.6,1576239261669,1,0,0
6.6,1576239262119,1,0,0
5.1,1576239262569,1,0,0
-1.1,1576239263019,1,0,0
-6.6,1576239263469,1,0,0
-6.9,1576239263919,1,0,0
-6.8,1576239264369,1,0,0
-1.6,1576239264824,1,0,0
-0.7,1576239265274,1,0,0
1.0,1576239265724,1,0,0
2.2,1576239266169,1,0,0
2.2,1576239266624,1,0,0
2.2,1576239267069,1,0,0
-2.4,1576239267519,1,0,0
-2.5,1576239267974,1,0,0
-2.5,1576239268419,1,0,0
-1.4,1576239268874,1,0,0
1.5,1576239269324,1,0,0
0.4,1576239269774,1,0,0
0.6,1576239270224,1,0,0
1.5,1576239270674,1,0,0
1.5,1576239271124,1,0,0
1.4,1576239271573,1,0,0
-0.5,1576239272023,1,0,0
-0.4,1576239272469,1,0,0
0.4,1576239272924,1,0,0
0.3,1576239273373,1,0,0
1.0,1576239273819,1,0,0
4.8,1576239274273,1,0,0
3.5,1576239274719,1,0,0
3.3,1576239275168,1,0,0
3.3,1576239275618,1,0,0
5.7,1576239276073,1,0,0
2.5,1576239276523,1,0,0
-3.9,1576239276973,1,0,0
-4.6,1576239277418,1,0,0
-5.8,1576239277868,1,0,0
-5.7,1576239278323,1,0,0
-2.9,1576239278773,1,0,0
-2.2,1576239279223,1,0,0
-0.1,1576239279673,1,0,0
1.1,1576239280123,1,0,0
0.6,1576239280573,1,0,0
0.7,1576239281023,1,0,0
0.7,1576239281473,1,0,0
0.7,1576239281923,1,0,0
0.7,1576239282368,1,0,0
0.7,1576239282823,1,0,0
0.7,1576239283273,1,0,0
0.9,1576239283723,1,0,0
1.2,1576239284173,1,0,0
1.2,1576239284618,1,0,0
1.2,1576239285073,1,0,0
1.2,1576239285523,1,0,0
1.2,1576239285973,1,0,0
1.3,1576239286423,1,0,0
0.9,1576239286873,1,0,0
0.8,1576239287323,1,0,0
0.8,1576239287773,1,0,0
-1.8,1576239288223,1,0,0
-4.1,1576239288673,1,0,0
-4.0,1576239289118,1,0,0
-3.9,1576239289568,1,0,0
-4.0,1576239290023,1,0,0
-4.4,1576239290468,1,0,0
-7.0,1576239290923,1,0,0
-11.2,1576239291372,1,0,0
-7.6,1576239291822,1,0,0
-9.0,1576239292268,1,0,0
-14.9,1576239292722,1,0,0
-16.0,1576239293172,1,0,0
-18.6,1576239293622,1,0,0
-18.6,1576239294072,1,0,0
-17.8,1576239294518,1,0,0
-17.4,1576239294972,1,0,0
-16.8,1576239295422,1,0,0
-13.0,1576239295872,1,0,0
-2.9,1576239296322,1,0,0
8.0,1576239296772,1,0,0
5.8,1576239297217,1,0,0
-9.1,1576239297667,1,0,0
-13.5,1576239298122,1,0,0
-16.0,1576239298567,1,0,0
-14.2,1576239299022,1,0,0
-6.5,1576239299472,1,0,0
-5.9,1576239299922,1,0,0
-2.6,1576239300372,1,0,0
-2.0,1576239300822,1,0,0
0.6,1576239301272,1,0,0
0.1,1576239301722,1,0,0
1.4,1576239302172,1,0,0
1.3,1576239302622,1,0,0
1.3,1576239303072,1,0,0
1.3,1576239303522,1,0,0
1.2,1576239303972,1,0,0
0.6,1576239304417,1,0,0
-0.4,1576239304872,1,0,0
-1.3,1576239305322,1,0,0
-0.6,1576239305772,1,0,0
-4.6,1576239306222,1,0,0
-4.4,1576239306672,1,0,0
-0.1,1576239307122,1,0,0
-3.2,1576239307571,1,0,0
1.0,1576239308022,1,0,0
-2.5,1576239308471,1,0,0
2.2,1576239308922,1,0,0
0.7,1576239309371,1,0,0
0.7,1576239309821,1,0,0
2.8,1576239310271,1,0,0
2.5,1576239310721,1,0,0
2.5,1576239311171,1,0,0
2.5,1576239311621,1,0,0
0.2,1576239312071,1,0,0
-0.3,1576239312521,1,0,0
0.1,1576239312971,1,0,0
0.1,1576239313421,1,0,0
0.1,1576239313871,1,0,0
0.5,1576239314321,1,0,0
1.5,1576239314771,1,0,0
1.6,1576239315221,1,0,0
1.5,1576239315671,1,0,0
-2.7,1576239316126,1,0,0
-5.9,1576239316581,1,0,0
-5.3,1576239317031,1,0,0
-4.5,1576239317481,1,0,0
-3.7,1576239317936,1,0,0
-3.7,1576239318391,1,0,0
-0.3,1576239318846,1,0,0
1.3,1576239319301,1,0,0
4.1,1576239319751,1,0,0
4.0,1576239320206,1,0,0
3.7,1576239320666,1,0,0
3.4,1576239321121,1,0,0
0.9,1576239321571,1,0,0
0.9,1576239322021,1,0,0
0.9,1576239322471,1,0,0
0.5,1576239322921,1,0,0
-1.3,1576239323371,1,0,0
-1.0,1576239323821,1,0,0
-1.0,1576239324276,1,0,0
-1.1,1576239324721,1,0,0
-1.1,1576239325171,1,0,0
-1.1,1576239325621,1,0,0
1.0,1576239326071,1,0,0
1.0,1576239326521,1,0,0
1.0,1576239326971,1,0,0
1.0,1576239327420,1,0,0
-1.0,1576239327871,1,0,0
-1.0,1576239328321,1,0,0
-1.0,1576239328770,1,0,0
0.2,1576239329225,1,0,0
1.2,1576239329680,1,0,0
-1.6,1576239330131,1,0,0
-1.5,1576239330580,1,0,0
-0.4,1576239331035,1,0,0
-0.2,1576239331481,1,0,0
-0.6,1576239331931,1,0,0
0.4,1576239332380,1,0,0
3.2,1576239332830,1,0,0
1.3,1576239333280,1,0,0
1.0,1576239333730,1,0,0
1.0,1576239334180,1,0,0
1.0,1576239334630,1,0,0
1.9,1576239335080,1,0,0
0.7,1576239335530,1,0,0
0.1,1576239335980,1,0,0
-0.4,1576239336430,1,0,0
-1.6,1576239336880,1,0,0
0.0,1576239337335,1,0,0
0.1,1576239337780,1,0,0
0.2,1576239338230,1,0,0
0.2,1576239338680,1,0,0
0.1,1576239339135,1,0,0
-0.3,1576239339580,1,0,0
-3.4,1576239340030,1,0,0
-3.7,1576239340480,1,0,0
-3.8,1576239340935,1,0,0
-0.7,1576239341380,1,0,0
0.4,1576239341830,1,0,0
0.6,1576239342280,1,0,0
2.3,1576239342730,1,0,0
2.8,1576239343185,1,0,0
2.8,1576239343635,1,0,0
2.8,1576239344084,1,0,0
2.8,1576239344530,1,0,0
0.3,1576239344980,1,0,0
-0.3,1576239345430,1,0,0
-0.3,1576239345880,1,0,0
-0.3,1576239346330,1,0,0
-0.6,1576239346784,1,0,0
-0.6,1576239347234,1,0,0
-1.8,1576239347679,1,0,0
-1.8,1576239348129,1,0,0
-1.8,1576239348579,1,0,0
-1.8,1576239349029,1,0,0
-1.3,1576239349479,1,0,0
0.9,1576239349929,1,0,0
2.7,1576239350379,1,0,0
2.2,1576239350830,1,0,0
1.8,1576239351279,1,0,0
1.2,1576239351730,1,0,0
0.9,1576239352179,1,0,0
-0.3,1576239352629,1,0,0
-0.4,1576239353079,1,0,0
6.6,1576239353530,1,0,0
32.8,1576239353984,1,0,0
86.8,1576239354434,1,0,0
164.4,1576239354884,2,0,0
234.4,1576239355334,2,0,0
316.0,1576239355779,2,0,0
314.3,1576239356230,2,0,0
255.0,1576239356680,2,0,0
241.0,1576239357130,2,0,0
186.8,1576239357579,2,0,0
154.9,1576239358030,2,0,0
95.8,1576239358479,2,0,0
41.9,1576239358934,2,0,0
41.7,1576239359379,2,0,0
37.6,1576239359834,2,0,0
29.0,1576239360279,2,0,0
22.4,1576239360729,2,0,0
13.9,1576239361179,2,0,0
12.9,1576239361633,2,0,0
0.8,1576239362083,2,0,0
-6.0,1576239362529,2,0,0
-34.6,1576239362983,2,0,0
-76.6,1576239363433,2,0,0
-110.7,1576239363883,3,0,0
-150.4,1576239364333,3,0,0
-168.5,1576239364783,3,0,0
-207.6,1576239365233,3,0,0
-286.1,1576239365683,3,0,0
-336.0,1576239366133,3,0,0
-363.0,1576239366583,3,0,0
-375.1,1576239367033,3,0,0
-368.8,1576239367483,3,0,0
-337.8,1576239367933,3,0,0
-265.3,1576239368383,3,0,0
-145.3,1576239368833,3,0,0
-53.1,1576239369283,3,0,0
-19.8,1576239369733,3,0,0
-29.6,1576239370183,3,0,0
-18.5,1576239370633,3,0,0
-5.2,1576239371083,3,0,0
-1.2,1576239371533,3,0,0
4.1,1576239371983,3,0,0
7.9,1576239372433,3,0,0
19.5,1576239372883,1,0,0
28.2,1576239373333,1,0,0
29.1,1576239373783,1,0,0
31.0,1576239374233,1,0,0
21.9,1576239374683,1,0,0
1.8,1576239375133,1,0,0
-7.7,1576239375583,1,0,0
-6.6,1576239376033,1,0,0
-9.4,1576239376478,1,0,0
-16.8,1576239376933,1,0,0
-18.6,1576239377383,1,0,0
-16.1,1576239377833,1,0,0
-14.1,1576239378278,1,0,0
-7.5,1576239378733,1,0,0
-11.4,1576239379188,1,0,0
-7.4,1576239379642,1,0,0
2.7,1576239380087,1,0,0
4.1,1576239380544,1,0,0
4.4,1576239380992,1,0,0
3.7,1576239381442,1,0,0
-3.4,1576239381897,1,0,0
-7.1,1576239382352,1,0,0
-8.8,1576239382802,1,0,0
-6.1,1576239383257,1,0,0
1.0,1576239383712,1,0,0
14.3,1576239384167,1,0,0
14.9,1576239384622,1,0,0
12.1,1576239385077,1,0,0
9.7,1576239385527,1,0,0
9.1,1576239385987,1,0,0
6.7,1576239386447,1,0,0
-2.1,1576239386902,1,0,0
-3.8,1576239387352,1,0,0
-2.0,1576239387802,1,0,0
12.3,1576239388257,1,0,0
16.6,1576239388717,1,0,0
14.2,1576239389172,1,0,0
10.1,1576239389622,1,0,0
-0.8,1576239390077,1,0,0
-9.7,1576239390532,1,0,0
-11.7,1576239390982,1,0,0
-9.7,1576239391432,1,0,0
-9.2,1576239391882,1,0,0
-1.9,1576239392332,1,0,0
0.9,1576239392782,1,0,0
1.2,1576239393232,1,0,0
-0.8,1576239393687,1,0,0
-3.0,1576239394143,1,0,0
-3.2,1576239394592,1,0,0
-2.9,1576239395042,1,0,0
9.7,1576239395492,1,0,0
15.7,1576239395943,1,0,0
13.3,1576239396392,1,0,0
11.5,1576239396847,1,0,0
13.6,1576239397302,1,0,0
10.1,1576239397752,1,0,0
3.6,1576239398202,1,0,0
3.7,1576239398651,1,0,0
3.8,1576239399101,1,0,0
3.8,1576239399551,1,0,0
0.8,1576239400001,1,0,0
-2.3,1576239400451,1,0,0
-4.2,1576239400901,1,0,0
-4.5,1576239401351,1,0,0
-7.6,1576239401801,1,0,0
-15.6,1576239402251,1,0,0
-28.3,1576239402701,1,0,0
-68.3,1576239403156,-1,0,0
-100.2,1576239403611,-1,0,0
-108.9,1576239404061,-1,0,0
-112.8,1576239404511,-1,0,0
-102.5,1576239404961,-1,0,0
-83.9,1576239405411,-1,0,0
-0.7,1576239405861,-1,0,0
55.6,1576239406311,-1,0,0
78.0,1576239406761,-1,0,0
85.9,1576239407211,-1,0,0
71.7,1576239407661,-1,0,0
29.3,1576239408111,-1,0,0
5.6,1576239408561,-1,0,0
-2.1,1576239409011,-1,0,0
-7.4,1576239409461,-1,0,0
-7.7,1576239409911,-1,0,0
0.1,1576239410361,-1,0,0
0.5,1576239410811,-1,0,0
0.1,1576239411261,1,0,0
-1.7,1576239411711,1,0,0
0.3,1576239412161,1,0,0
2.1,1576239412611,1,0,0
1.2,1576239413061,1,0,0
0.0,1576239413511,1,0,0
-4.6,1576239413961,1,0,0
-4.5,1576239414411,1,0,0
3.7,1576239414861,1,0,0
-3.2,1576239415311,1,0,0
-5.1,1576239415761,1,0,0
-3.3,1576239416211,1,0,0
-8.2,1576239416661,1,0,0
-6.2,1576239417110,1,0,0
-0.7,1576239417561,1,0,0
-0.1,1576239418015,1,0,0
0.1,1576239418460,1,0,0
1.1,1576239418910,1,0,0
4.6,1576239419360,1,0,0
4.7,1576239419810,1,0,0
4.4,1576239420260,1,0,0
4.4,1576239420710,1,0,0
4.4,1576239421160,1,0,0
4.8,1576239421610,1,0,0
10.7,1576239422060,1,0,0
10.7,1576239422510,1,0,0
10.5,1576239422960,1,0,0
10.1,1576239423410,1,0,0
9.7,1576239423860,1,0,0
5.7,1576239424310,1,0,0
4.6,1576239424765,1,0,0
2.6,1576239425210,1,0,0
-0.8,1576239425660,1,0,0
-1.3,1576239426115,1,0,0
-10.5,1576239426565,1,0,0
-21.3,1576239427015,1,0,0
-19.7,1576239427460,1,0,0
-17.6,1576239427910,1,0,0
-17.6,1576239428365,1,0,0
-15.8,1576239428815,1,0,0
-14.7,1576239429260,1,0,0
-19.7,1576239429710,1,0,0
-17.8,1576239430165,1,0,0
-14.5,1576239430615,1,0,0
-9.1,1576239431060,1,0,0
4.0,1576239431515,1,0,0
-24.3,1576239431960,1,0,0
-62.5,1576239432410,1,0,0
-134.9,1576239432860,1,0,0
-209.9,1576239433310,3,0,0
-378.0,1576239433765,3,0,0
-481.0,1576239434210,3,0,0
-491.5,1576239434659,3,0,0
-491.9,1576239435109,3,0,0
-491.5,1576239435559,3,0,0
-491.2,1576239436009,3,0,0
-487.7,1576239436459,3,0,0
-461.2,1576239436909,3,0,0
-402.1,1576239437359,3,0,0
-335.2,1576239437810,3,0,0
-256.4,1576239438259,3,0,0
-192.5,1576239438709,3,0,0
-176.9,1576239439159,3,0,0
-139.9,1576239439609,3,0,0
-57.7,1576239440059,3,0,0
-8.2,1576239440509,3,0,0
-9.0,1576239440959,3,0,0
1.3,1576239441409,3,0,0
5.5,1576239441859,3,0,0
5.5,1576239442314,3,0,0
5.5,1576239442759,3,0,0
16.4,1576239443209,3,0,0
24.4,1576239443664,3,0,0
26.4,1576239444114,3,0,0
43.6,1576239444564,-1,0,0
84.2,1576239445014,-1,0,0
110.0,1576239445464,-1,0,0
115.4,1576239445914,-1,0,0
114.1,1576239446364,-1,0,0
75.1,1576239446814,-1,0,0
-2.4,1576239447264,-1,0,0
-63.3,1576239447709,-1,0,0
-65.7,1576239448164,-1,0,0
-75.9,1576239448614,-1,0,0
-73.7,1576239449064,-1,0,0
-63.9,1576239449514,-1,0,0
-63.4,1576239449964,-1,0,0
-60.1,1576239450414,-1,0,0
-57.2,1576239450864,3,0,0
-73.2,1576239451314,3,0,0
-96.1,1576239451764,3,0,0
-141.1,1576239452214,3,0,0
-123.1,1576239452663,3,0,0
-138.6,1576239453114,3,0,0
-231.1,1576239453564,3,0,0
-256.3,1576239454013,3,0,0
-312.2,1576239454463,3,0,0
-374.3,1576239454913,3,0,0
-408.5,1576239455363,3,0,0
-425.6,1576239455813,3,0,0
-419.6,1576239456263,3,0,0
-394.2,1576239456713,3,0,0
-348.0,1576239457163,3,0,0
-251.3,1576239457613,3,0,0
-106.5,1576239458063,3,0,0
-7.1,1576239458513,3,0,0
5.7,1576239458958,3,0,0
-0.7,1576239459408,3,0,0
-10.6,1576239459863,3,0,0
-17.2,1576239460313,3,0,0
-11.9,1576239460763,3,0,0
-8.9,1576239461213,1,0,0
-7.1,1576239461658,1,0,0
-6.0,1576239462113,1,0,0
-0.8,1576239462563,1,0,0
3.1,1576239463013,1,0,0
2.4,1576239463463,1,0,0
9.6,1576239463913,1,0,0
7.5,1576239464363,1,0,0
10.9,1576239464813,4,0,0
21.5,1576239465263,4,0,0
20.5,1576239465713,4,0,0
20.5,1576239466163,4,0,0
18.2,1576239466613,4,0,0
4.0,1576239467063,4,0,0
-1.6,1576239467513,4,0,0
-20.1,1576239467963,4,0,0
-10.9,1576239468413,4,0,0
-17.0,1576239468863,4,0,0
-22.7,1576239469313,4,0,0
-18.6,1576239469763,4,0,0
-9.2,1576239470213,4,0,0
-2.4,1576239470668,4,0,0
-0.5,1576239471122,4,0,0
0.3,1576239471573,4,0,0
0.3,1576239472022,4,0,0
0.5,1576239472477,4,0,0
1.7,1576239472932,1,0,0
0.5,1576239473382,1,0,0
0.5,1576239473832,1,0,0
1.3,1576239474282,1,0,0
-0.3,1576239474732,1,0,0
-0.3,1576239475182,1,0,0
-0.3,1576239475632,1,0,0
-0.5,1576239476082,1,0,0
0.6,1576239476532,1,0,0
1.2,1576239476982,1,0,0
-0.7,1576239477432,1,0,0
-2.9,1576239477882,1,0,0
-0.1,1576239478332,1,0,0
-0.7,1576239478782,1,0,0
-1.1,1576239479237,1,0,0
-1.1,1576239479692,1,0,0
-1.9,1576239480142,1,0,0
-0.5,1576239480592,1,0,0
-0.3,1576239481042,1,0,0
2.7,1576239481492,1,0,0
-0.4,1576239481942,1,0,0
-0.4,1576239482392,1,0,0
-0.4,1576239482842,1,0,0
-0.3,1576239483292,1,0,0
-0.3,1576239483742,1,0,0
-0.3,1576239484197,1,0,0
-0.3,1576239484652,1,0,0
-0.3,1576239485102,1,0,0
-0.3,1576239485552,1,0,0
-0.3,1576239486002,1,0,0
-0.3,1576239486452,1,0,0
-0.3,1576239486902,1,0,0
-0.3,1576239487352,1,0,0
5.3,1576239487802,1,0,0
13.4,1576239488252,1,0,0
14.2,1576239488702,1,0,0
13.5,1576239489156,1,0,0
15.7,1576239489601,2,0,0
18.5,1576239490051,2,0,0
19.0,1576239490501,2,0,0
27.5,1576239490951,2,0,0
27.5,1576239491406,2,0,0
31.3,1576239491856,2,0,0
31.1,1576239492301,2,0,0
30.4,1576239492751,2,0,0
32.8,1576239493201,2,0,0
29.6,1576239493656,2,0,0
29.5,1576239494110,2,0,0
29.5,1576239494566,2,0,0
29.3,1576239495016,2,0,0
29.3,1576239495461,2,0,0
29.4,1576239495916,2,0,0
29.1,1576239496366,2,0,0
29.1,1576239496816,2,0,0
29.0,1576239497261,2,0,0
83.2,1576239497716,2,0,0
190.7,1576239498161,2,0,0
333.5,1576239498616,2,0,0
379.7,1576239499066,2,0,0
385.5,1576239499516,2,0,0
376.7,1576239499961,2,0,0
331.3,1576239500416,2,0,0
278.0,1576239500861,2,0,0
214.6,1576239501311,2,0,0
196.6,1576239501766,2,0,0
193.1,1576239502216,2,0,0
144.8,1576239502661,2,0,0
61.8,1576239503111,2,0,0
29.6,1576239503561,2,0,0
27.6,1576239504011,2,0,0
26.4,1576239504461,2,0,0
27.3,1576239504911,2,0,0
17.5,1576239505361,2,0,0
12.1,1576239505811,2,0,0
10.3,1576239506261,2,0,0
13.0,1576239506711,2,0,0
1.8,1576239507161,2,0,0
-5.4,1576239507611,1,0,0
-13.5,1576239508060,1,0,0
-9.8,1576239508510,1,0,0
-4.9,1576239508960,1,0,0
3.8,1576239509410,1,0,0
1.1,1576239509860,1,0,0
8.3,1576239510310,1,0,0
22.2,1576239510760,1,0,0
5.9,1576239511210,1,0,0
8.1,1576239511660,1,0,0
17.8,1576239512110,1,0,0
14.1,1576239512565,1,0,0
4.7,1576239513015,1,0,0
7.0,1576239513460,1,0,0
13.7,1576239513915,1,0,0
17.8,1576239514365,1,0,0
17.3,1576239514815,1,0,0
21.9,1576239515265,1,0,0
27.4,1576239515715,1,0,0
34.9,1576239516165,2,0,0
52.5,1576239516615,2,0,0
52.2,1576239517065,2,0,0
53.1,1576239517510,2,0,0
49.6,1576239517965,2,0,0
42.5,1576239518415,2,0,0
19.9,1576239518875,2,0,0
5.3,1576239519325,2,0,0
-18.6,1576239519770,2,0,0
-19.3,1576239520220,2,0,0
-20.2,1576239520670,2,0,0
-29.5,1576239521125,2,0,0
-31.0,1576239521570,2,0,0
-26.2,1576239522025,1,0,0
-17.8,1576239522475,1,0,0
-5.3,1576239522920,1,0,0
-10.6,1576239523375,1,0,0
-11.6,1576239523820,1,0,0
-9.9,1576239524275,1,0,0
-14.3,1576239524720,1,0,0
-18.0,1576239525175,1,0,0
-16.0,1576239525624,1,0,0
-19.8,1576239526074,1,0,0
-33.1,1576239526520,1,0,0
-31.5,1576239526969,1,0,0
-24.4,1576239527419,1,0,0
-17.9,1576239527874,1,0,0
-13.9,1576239528319,1,0,0
-11.7,1576239528769,1,0,0
0.4,1576239529219,1,0,0
2.0,1576239529674,1,0,0
0.5,1576239530119,1,0,0
-8.7,1576239530569,1,0,0
-13.0,1576239531019,1,0,0
-21.5,1576239531469,1,0,0
-29.7,1576239531919,1,0,0
-30.5,1576239532369,1,0,0
-25.3,1576239532819,1,0,0
-23.9,1576239533269,1,0,0
-11.3,1576239533719,1,0,0
-11.3,1576239534169,1,0,0
-11.3,1576239534619,1,0,0
-15.0,1576239535074,1,0,0
-26.8,1576239535524,1,0,0
-20.7,1576239535974,1,0,0
-17.0,1576239536424,1,0,0
-8.1,1576239536874,1,0,0
-4.4,1576239537319,1,0,0
-1.2,1576239537774,1,0,0
0.6,1576239538224,1,0,0
2.4,1576239538674,1,0,0
1.1,1576239539124,1,0,0
0.7,1576239539574,1,0,0
-2.2,1576239540024,1,0,0
0.8,1576239540474,1,0,0
-3.7,1576239540924,1,0,0
-2.7,1576239541374,1,0,0
0.7,1576239541824,1,0,0
0.7,1576239542274,1,0,0
1.0,1576239542724,1,0,0
0.5,1576239543174,1,0,0
-3.6,1576239543624,1,0,0
-6.6,1576239544073,1,0,0
-3.8,1576239544523,1,0,0
-2.8,1576239544973,1,0,0
-2.9,1576239545423,1,0,0
-3.0,1576239545873,1,0,0
-3.0,1576239546323,1,0,0
-3.0,1576239546773,1,0,0
-3.0,1576239547223,1,0,0
-1.4,1576239547673,1,0,0
1.6,1576239548123,1,0,0
1.4,1576239548573,1,0,0
-0.4,1576239549023,1,0,0
-0.4,1576239549473,1,0,0
0.5,1576239549923,1,0,0
1.2,1576239550373,1,0,0
1.6,1576239550823,1,0,0
-0.1,1576239551273,1,0,0
-0.4,1576239551723,1,0,0
-0.5,1576239552173,1,0,0
-0.5,1576239552623,1,0,0
-0.5,1576239553073,1,0,0
-0.5,1576239553523,1,0,0
-0.5,1576239553973,1,0,0
-0.5,1576239554423,1,0,0
5.5,1576239554873,1,0,0
7.5,1576239555323,1,0,0
10.4,1576239555773,1,0,0
11.8,1576239556223,1,0,0
11.0,1576239556673,1,0,0
4.1,1576239557123,1,0,0
2.5,1576239557573,1,0,0
0.8,1576239558023,1,0,0
0.7,1576239558473,1,0,0
-0.7,1576239558923,1,0,0
-11.7,1576239559373,1,0,0
-12.4,1576239559823,1,0,0
-7.9,1576239560273,1,0,0
-0.5,1576239560723,1,0,0
6.0,1576239561173,1,0,0
16.0,1576239561623,1,0,0
15.4,1576239562072,1,0,0
15.5,1576239562522,1,0,0
16.1,1576239562972,1,0,0
35.7,1576239563422,1,0,0
17.6,1576239563872,1,0,0
-16.4,1576239564322,1,0,0
-19.7,1576239564772,1,0,0
-16.2,1576239565222,1,0,0
-10.2,1576239565677,1,0,0
0.9,1576239566133,1,0,0
0.9,1576239566582,1,0,0
0.6,1576239567032,1,0,0
3.7,1576239567482,1,0,0
2.3,1576239567933,1,0,0
1.3,1576239568382,1,0,0
1.6,1576239568832,1,0,0
3.3,1576239569282,1,0,0
6.0,1576239569733,1,0,0
5.4,1576239570182,1,0,0
2.6,1576239570632,1,0,0
1.8,1576239571082,1,0,0
1.8,1576239571533,1,0,0
-4.3,1576239571982,1,0,0
-10.9,1576239572432,1,0,0
-21.9,1576239572882,1,0,0
-70.8,1576239573333,3,0,0
-155.4,1576239573782,3,0,0
-286.5,1576239574232,3,0,0
-442.5,1576239574682,3,0,0
-494.5,1576239575133,3,0,0
-492.7,1576239575582,3,0,0
-490.9,1576239576032,3,0,0
-490.3,1576239576482,3,0,0
-489.7,1576239576933,3,0,0
-489.2,1576239577382,3,0,0
-470.4,1576239577832,3,0,0
-351.5,1576239578282,3,0,0
-208.4,1576239578733,3,0,0
-98.1,1576239579182,3,0,0
17.3,1576239579632,3,0,0
59.5,1576239580081,3,0,0
58.6,1576239580532,3,0,0
54.5,1576239580981,3,0,0
24.2,1576239581431,3,0,0
5.4,1576239581881,3,0,0
11.5,1576239582333,3,0,0
8.7,1576239582781,3,0,0
7.0,1576239583231,1,0,0
8.9,1576239583681,1,0,0
10.4,1576239584132,1,0,0
25.6,1576239584581,1,0,0
20.8,1576239585036,1,0,0
11.9,1576239585481,1,0,0
3.6,1576239585932,1,0,0
-14.4,1576239586381,1,0,0
-20.0,1576239586831,1,0,0
-23.5,1576239587281,1,0,0
-21.3,1576239587732,1,0,0
-8.6,1576239588181,1,0,0
14.0,1576239588631,1,0,0
35.7,1576239589081,1,0,0
48.7,1576239589532,1,0,0
74.0,1576239589981,2,0,0
113.1,1576239590431,2,0,0
150.9,1576239590881,2,0,0
172.3,1576239591332,2,0,0
173.6,1576239591781,2,0,0
169.5,1576239592231,2,0,0
134.9,1576239592681,2,0,0
52.1,1576239593132,2,0,0
11.6,1576239593581,2,0,0
3.0,1576239594031,2,0,0
0.6,1576239594481,2,0,0
0.9,1576239594932,2,0,0
1.1,1576239595381,2,0,0
2.9,1576239595831,2,0,0
3.5,1576239596286,1,0,0
1.9,1576239596732,1,0,0
1.0,1576239597181,1,0,0
-3.2,1576239597636,1,0,0
-3.1,1576239598081,1,0,0
0.4,1576239598536,1,0,0
3.5,1576239598980,1,0,0
-0.1,1576239599435,1,0,0
-2.0,1576239599880,1,0,0
-2.1,1576239600336,1,0,0
-2.1,1576239600780,1,0,0
-2.1,1576239601235,1,0,0
-2.1,1576239601685,1,0,0
-1.2,1576239602135,1,0,0
2.5,1576239602580,1,0,0
10.2,1576239603035,1,0,0
24.8,1576239603485,1,0,0
14.4,1576239603935,1,0,0
7.3,1576239604385,1,0,0
3.1,1576239604830,1,0,0
6.0,1576239605285,1,0,0
5.5,1576239605735,1,0,0
5.1,1576239606185,1,0,0
14.4,1576239606635,1,0,0
14.7,1576239607080,1,0,0
18.9,1576239607535,1,0,0
50.3,1576239607985,1,0,0
80.6,1576239608430,1,0,0
63.9,1576239608880,-1,0,0
55.6,1576239609331,-1,0,0
61.8,1576239609785,-1,0,0
38.9,1576239610230,-1,0,0
18.8,1576239610680,-1,0,0
-7.0,1576239611131,-1,0,0
-60.7,1576239611585,-1,0,0
-135.1,1576239612035,-1,0,0
-197.0,1576239612480,3,0,0
-209.5,1576239612931,3,0,0
-298.3,1576239613380,3,0,0
-365.1,1576239613830,3,0,0
-389.9,1576239614280,3,0,0
-361.6,1576239614735,3,0,0
-287.8,1576239615180,3,0,0
-177.2,1576239615635,3,0,0
11.8,1576239616080,3,0,0
47.9,1576239616531,3,0,0
-2.2,1576239616979,3,0,0
-0.4,1576239617429,3,0,0
-0.4,1576239617880,3,0,0
-0.4,1576239618331,3,0,0
-0.4,1576239618779,3,0,0
-0.4,1576239619230,3,0,0
-0.4,1576239619684,3,0,0
-0.4,1576239620130,0,0,0
-0.4,1576239620579,0,0,0
-0.4,1576239621034,0,0,0
