1619610542255 -0.200675 0.200000 0.000000
1619610542355 -0.200675 0.200000 0.000000
1619610542456 -0.200675 0.200000 0.000000
1619610542557 -0.200675 0.200000 0.000000
1619610542658 -0.200675 0.200000 0.000000
1619610542759 -0.200675 0.200000 0.000000
1619610542860 -0.200675 0.200000 0.000000
1619610542960 -0.200675 0.200000 0.000000
1619610543061 -0.200675 0.200000 0.000000
1619610543162 -0.200675 0.200000 0.000000
1619610543263 -0.200675 0.200000 0.000000
1619610543364 -0.200675 0.200000 0.000000
1619610543465 -0.200675 0.200000 0.000000
1619610543566 -0.200675 0.200000 0.000000
1619610543666 -0.200675 0.200000 0.000000
1619610543767 -0.200675 0.200000 0.000000
1619610543868 -0.200675 0.200000 0.000000
1619610543969 -0.200675 0.200000 0.000000
1619610544070 -0.200675 0.200000 0.000000
1619610544171 -0.200675 0.200000 0.000000
1619610544272 -0.200675 0.200000 0.000000
1619610544372 -0.200675 0.200000 0.000000
1619610544473 -0.200675 0.200000 0.000000
1619610544575 -0.200675 0.200000 0.000000
1619610544675 -0.200675 0.200000 0.000000
1619610544776 -0.200675 0.200000 0.000000
1619610544877 -0.200675 0.200000 0.000000
1619610544978 -0.200675 0.200000 0.000000
1619610545079 -0.200675 0.200000 0.000000
1619610545180 -0.200675 0.200000 0.000000
1619610545281 -0.200675 0.200000 0.000000
1619610545382 -0.200675 0.200000 0.000000
1619610545482 -0.200675 0.200000 0.000000
1619610545583 -0.200675 0.200000 0.000000
1619610545684 -0.200675 0.200000 0.000000
1619610545785 -0.200675 0.200000 0.000000
1619610545886 -0.200675 0.200000 0.000000
1619610545986 -0.200675 0.200000 0.000000
1619610546087 -0.200675 0.200000 0.000000
1619610546188 -0.200675 0.200000 0.000000
1619610546289 -0.200675 0.200000 0.000000
1619610546390 -0.200675 0.200000 0.000000
1619610546491 -0.200675 0.200000 0.000000
1619610546592 -0.200675 0.200000 0.000000
1619610546693 -0.200675 0.200000 0.000000
1619610546794 -0.200675 0.200000 0.000000
1619610546894 -0.200675 0.200000 0.000000
1619610546995 -0.200675 0.200000 0.000000
1619610547097 -0.200675 0.200000 0.000000
1619610547198 -0.200675 0.200000 0.000000
1619610547298 -0.200675 0.200000 0.000000
1619610547399 -0.200675 0.200000 0.000000
1619610547500 -0.200675 0.200000 0.000000
1619610547601 -0.200675 0.200000 0.000000
1619610547702 -0.200675 0.200000 0.000000
1619610547803 -0.200675 0.200000 0.000000
1619610547904 -0.200675 0.200000 0.000000
1619610548004 -0.200675 0.200000 0.000000
1619610548105 -0.200675 0.200000 0.000000
1619610548206 -0.200675 0.200000 0.000000
1619610548307 -0.200675 0.200000 0.000000
1619610548408 -0.200675 0.200000 0.000000
1619610548508 -0.200675 0.200000 0.000000
1619610548609 -0.200675 0.200000 0.000000
1619610548710 -0.200675 0.200000 0.000000
1619610548811 -0.200675 0.200000 0.000000
1619610548912 -0.200675 0.200000 0.000000
1619610549013 -0.200675 0.200000 0.000000
1619610549114 -0.200675 0.200000 0.000000
1619610549215 -0.200675 0.200000 0.000000
1619610549315 -0.200675 0.200000 0.000000
1619610549416 -0.200675 0.200000 0.000000
1619610549517 -0.200675 0.200000 0.000000
1619610549618 -0.200675 0.200000 0.000000
1619610549719 -0.200675 0.200000 0.000000
1619610549820 -0.200675 0.200000 0.000000
1619610549921 -0.200675 0.200000 0.000000
1619610550021 -0.200675 0.200000 0.000000
1619610550122 -0.200675 0.200000 0.000000
1619610550223 -0.200675 0.200000 0.000000
1619610550324 -0.200675 0.200000 0.000000
1619610550425 -0.200675 0.200000 0.000000
1619610550525 -0.200675 0.200000 0.000000
1619610550626 -0.200675 0.200000 0.000000
1619610550727 -0.200675 0.200000 0.000000
1619610550828 -0.200675 0.200000 0.000000
1619610550929 -0.200675 0.200000 0.000000
1619610551030 -0.200675 0.200000 0.000000
1619610551130 -0.200675 0.200000 0.000000
1619610551231 -0.200675 0.200000 0.000000
1619610551332 -0.200675 0.200000 0.000000
1619610551433 -0.200675 0.200000 0.000000
1619610551534 -0.200675 0.200000 0.000000
1619610551635 -0.200675 0.200000 0.000000
1619610551735 -0.200675 0.200000 0.000000
1619610551836 -0.200675 0.200000 0.000000
1619610551937 -0.200675 0.200000 0.000000
1619610552038 -0.200675 0.200000 0.000000
1619610552139 -0.200675 0.200000 0.000000
1619610552240 -0.200675 0.200000 0.000000
1619610552340 -0.200675 0.200000 0.000000
1619610552441 -0.200675 0.200000 0.000000
1619610552542 -0.200675 0.200000 0.000000
1619610552643 -0.200675 0.200000 0.000000
1619610552744 -0.200675 0.200000 0.000000
1619610552845 -0.200675 0.200000 0.000000
1619610552945 -0.200675 0.200000 0.000000
1619610553046 -0.200675 0.200000 0.000000
1619610553147 -0.200675 0.200000 0.000000
1619610553248 -0.200675 0.200000 0.000000
1619610553349 -0.200675 0.200000 0.000000
1619610553449 -0.200675 0.200000 0.000000
1619610553550 -0.200675 0.200000 0.000000
1619610553651 -0.200675 0.200000 0.000000
1619610553752 -0.200675 0.200000 0.000000
1619610553853 -0.200675 0.200000 0.000000
1619610553954 -0.200675 0.200000 0.000000
1619610554055 -0.200675 0.200000 0.000000
1619610554156 -0.200675 0.200000 0.000000
1619610554257 -0.200675 0.200000 0.000000
1619610554358 -0.200675 0.200000 0.000000
1619610554459 -0.200675 0.200000 0.000000
1619610554560 -0.200675 0.200000 0.000000
1619610554661 -0.200675 0.200000 0.000000
1619610554762 -0.200675 0.200000 0.000000
1619610554862 -0.200675 0.200000 0.000000
1619610554963 -0.200675 0.200000 0.000000
1619610555064 -0.200675 0.200000 0.000000
1619610555165 -0.200675 0.200000 0.000000
1619610555266 -0.200675 0.200000 0.000000
1619610555366 -0.200675 0.200000 0.000000
1619610555467 -0.200675 0.200000 0.000000
1619610555568 -0.200675 0.200000 0.000000
1619610555669 -0.200675 0.200000 0.000000
1619610555770 -0.200675 0.200000 0.000000
1619610555871 -0.200675 0.200000 0.000000
1619610555971 -0.200675 0.200000 0.000000
1619610556072 -0.200675 0.200000 0.000000
1619610556173 -0.200675 0.200000 0.000000
1619610556274 -0.200675 0.200000 0.000000
1619610556375 -0.200675 0.200000 0.000000
1619610556475 -0.200675 0.200000 0.000000
1619610556576 -0.200675 0.200000 0.000000
1619610556677 -0.200675 0.200000 0.000000
1619610556778 -0.200675 0.200000 0.000000
1619610556879 -0.200675 0.200000 0.000000
1619610556980 -0.200675 0.200000 0.000000
1619610557081 -0.200675 0.200000 0.000000
1619610557181 -0.200675 0.200000 0.000000
1619610557282 -0.200675 0.200000 0.000000
1619610557383 -0.200675 0.200000 0.000000
1619610557484 -0.200675 0.200000 0.000000
1619610557585 -0.200675 0.200000 0.000000
1619610557686 -0.200675 0.200000 0.000000
1619610557786 -0.200675 0.200000 0.000000
1619610557887 -0.200675 0.200000 0.000000
1619610557988 -0.200675 0.200000 0.000000
1619610558089 -0.200675 0.200000 0.000000
1619610558190 -0.200675 0.200000 0.000000
1619610558291 -0.200675 0.200000 0.000000
1619610558392 -0.200675 0.200000 0.000000
1619610558492 -0.200675 0.200000 0.000000
1619610558593 -0.200675 0.200000 0.000000
1619610558694 -0.200675 0.200000 0.000000
1619610558795 -0.200675 0.200000 0.000000
1619610558896 -0.200675 0.200000 0.000000
1619610558996 -0.200675 0.200000 0.000000
1619610559097 -0.200675 0.200000 0.000000
1619610559198 -0.200675 0.200000 0.000000
1619610559299 -0.200675 0.200000 0.000000
1619610559400 -0.200675 0.200000 0.000000
1619610559500 -0.200675 0.200000 0.000000
1619610559601 -0.200675 0.200000 0.000000
1619610559702 -0.200675 0.200000 0.000000
1619610559803 -0.200675 0.200000 0.000000
1619610559904 -0.200675 0.200000 0.000000
1619610560005 -0.200675 0.200000 0.000000
1619610560105 -0.200675 0.200000 0.000000
1619610560207 -0.200675 0.200000 0.000000
1619610560308 -0.200675 0.200000 0.000000
1619610560409 -0.200675 0.200000 0.000000
1619610560509 -0.200675 0.200000 0.000000
1619610560610 -0.200675 0.200000 0.000000
1619610560711 -0.200675 0.200000 0.000000
1619610560812 -0.200675 0.200000 0.000000
1619610560913 -0.200675 0.200000 0.000000
1619610561014 -0.200675 0.200000 0.000000
1619610561115 -0.200675 0.200000 0.000000
1619610561215 -0.200675 0.200000 0.000000
1619610561316 -0.200675 0.200000 0.000000
1619610561417 -0.200675 0.200000 0.000000
1619610561518 -0.200675 0.200000 0.000000
1619610561619 -0.200675 0.200000 0.000000
1619610561720 -0.200675 0.200000 0.000000
1619610561821 -0.200675 0.200000 0.000000
1619610561921 -0.200675 0.200000 0.000000
1619610562022 -0.200675 0.200000 0.000000
1619610562123 -0.200675 0.200000 0.000000
1619610562224 -0.200675 0.200000 0.000000
1619610562325 -0.200675 0.200000 0.000000
1619610562426 -0.200675 0.200000 0.000000
1619610562527 -0.200675 0.200000 0.000000
1619610562627 -0.200675 0.200000 0.000000
1619610562728 -0.200675 0.200000 0.000000
1619610562829 -0.200675 0.200000 0.000000
1619610562930 -0.200675 0.200000 0.000000
1619610563031 -0.200675 0.200000 0.000000
1619610563131 -0.200675 0.200000 0.000000
1619610563232 -0.200675 0.200000 0.000000
1619610563333 -0.200675 0.200000 0.000000
1619610563434 -0.200675 0.200000 0.000000
1619610563535 -0.200675 0.200000 0.000000
1619610563636 -0.200675 0.200000 0.000000
1619610563737 -0.200675 0.200000 0.000000
1619610563838 -0.200675 0.200000 0.000000
1619610563939 -0.200675 0.200000 0.000000
1619610564040 -0.200675 0.200000 0.000000
1619610564140 -0.200675 0.200000 0.000000
1619610564241 -0.200675 0.200000 0.000000
1619610564342 -0.200675 0.200000 0.000000
1619610564443 -0.200675 0.200000 0.000000
1619610564544 -0.200675 0.200000 0.000000
1619610564644 -0.200675 0.200000 0.000000
1619610564745 -0.200675 0.200000 0.000000
1619610564846 -0.200675 0.200000 0.000000
1619610564947 -0.200675 0.200000 0.000000
1619610565048 -0.200675 0.200000 0.000000
1619610565149 -0.200675 0.200000 0.000000
1619610565249 -0.200675 0.200000 0.000000
1619610565350 -0.200675 0.200000 0.000000
1619610565451 -0.200675 0.200000 0.000000
1619610565552 -0.200675 0.200000 0.000000
1619610565653 -0.200675 0.200000 0.000000
1619610565754 -0.200675 0.200000 0.000000
1619610565854 -0.200675 0.200000 0.000000
1619610565955 -0.200675 0.200000 0.000000
1619610566056 -0.200675 0.200000 0.000000
1619610566157 -0.200675 0.200000 0.000000
1619610566258 -0.200675 0.200000 0.000000
1619610566359 -0.200675 0.200000 0.000000
1619610566460 -0.200675 0.200000 0.000000
1619610566561 -0.200675 0.200000 0.000000
1619610566661 -0.200675 0.200000 0.000000
1619610566762 -0.200675 0.200000 0.000000
1619610566863 -0.200675 0.200000 0.000000
1619610566964 -0.200675 0.200000 0.000000
1619610567065 -0.200675 0.200000 0.000000
1619610567166 -0.200675 0.200000 0.000000
1619610567267 -0.200675 0.200000 0.000000
1619610567367 -0.200675 0.200000 0.000000
1619610567468 -0.200675 0.200000 0.000000
1619610567569 -0.200675 0.200000 0.000000
1619610567670 -0.200675 0.200000 0.000000
1619610567771 -0.200675 0.200000 0.000000
1619610567872 -0.200675 0.200000 0.000000
1619610567972 -0.200675 0.200000 0.000000
1619610568073 -0.200675 0.200000 0.000000
1619610568174 -0.200675 0.200000 0.000000
1619610568275 -0.200675 0.200000 0.000000
1619610568376 -0.200675 0.200000 0.000000
1619610568477 -0.200675 0.200000 0.000000
1619610568578 -0.200675 0.200000 0.000000
1619610568679 -0.200675 0.200000 0.000000
1619610568779 -0.200675 0.200000 0.000000
1619610568881 -0.200675 0.200000 0.000000
1619610568981 -0.200675 0.200000 0.000000
1619610569082 -0.200675 0.200000 0.000000
1619610569183 -0.200675 0.200000 0.000000
1619610569284 -0.200675 0.200000 0.000000
1619610569385 -0.200675 0.200000 0.000000
1619610569485 -0.200675 0.200000 0.000000
1619610569586 -0.200675 0.200000 0.000000
1619610569687 -0.200675 0.200000 0.000000
1619610569788 -0.200675 0.200000 0.000000
1619610569889 -0.200675 0.200000 0.000000
1619610569990 -0.200675 0.200000 0.000000
1619610570090 -0.200675 0.200000 0.000000
1619610570191 -0.200675 0.200000 0.000000
1619610570292 -0.200675 0.200000 0.000000
1619610570393 -0.200675 0.200000 0.000000
1619610570494 -0.200675 0.200000 0.000000
1619610570595 -0.200675 0.200000 0.000000
1619610570696 -0.200675 0.200000 0.000000
1619610570797 -0.200675 0.200000 0.000000
1619610570898 -0.200675 0.200000 0.000000
1619610570998 -0.200675 0.200000 0.000000
1619610571099 -0.200675 0.200000 0.000000
1619610571200 -0.200675 0.200000 0.000000
1619610571301 -0.200675 0.200000 0.000000
1619610571402 -0.200675 0.200000 0.000000
1619610571503 -0.200675 0.200000 0.000000
1619610571604 -0.200675 0.200000 0.000000
1619610571705 -0.200675 0.200000 0.000000
1619610571806 -0.200675 0.200000 0.000000
1619610571907 -0.200675 0.200000 0.000000
1619610572007 -0.200675 0.200000 0.000000
1619610572108 -0.200675 0.200000 0.000000
1619610572209 -0.200675 0.200000 0.000000
1619610572310 -0.200675 0.200000 0.000000
1619610572411 -0.200675 0.200000 0.000000
1619610572511 -0.200675 0.200000 0.000000
1619610572612 -0.200675 0.200000 0.000000
1619610572713 -0.200675 0.200000 0.000000
1619610572814 -0.200675 0.200000 0.000000
1619610572915 -0.200675 0.200000 0.000000
1619610573016 -0.200675 0.200000 0.000000
1619610573117 -0.200675 0.200000 0.000000
1619610573217 -0.200675 0.200000 0.000000
1619610573318 -0.200675 0.200000 0.000000
1619610573419 -0.200675 0.200000 0.000000
1619610573520 -0.200675 0.200000 0.000000
1619610573621 -0.200675 0.200000 0.000000
1619610573722 -0.200675 0.200000 0.000000
1619610573823 -0.200675 0.200000 0.000000
1619610573923 -0.200675 0.200000 0.000000
1619610574024 -0.200675 0.200000 0.000000
1619610574125 -0.200675 0.200000 0.000000
1619610574226 -0.200675 0.200000 0.000000
1619610574327 -0.200675 0.200000 0.000000
1619610574428 -0.200675 0.200000 0.000000
1619610574528 -0.200675 0.200000 0.000000
1619610574629 -0.200675 0.200000 0.000000
1619610574730 -0.200675 0.200000 0.000000
1619610574831 -0.200675 0.200000 0.000000
1619610574932 -0.200675 0.200000 0.000000
1619610575033 -0.200675 0.200000 0.000000
1619610575133 -0.200675 0.200000 0.000000
1619610575234 -0.200675 0.200000 0.000000
1619610575335 -0.200675 0.200000 0.000000
1619610575436 -0.200675 0.200000 0.000000
1619610575537 -0.200675 0.200000 0.000000
1619610575638 -0.200675 0.200000 0.000000
1619610575738 -0.200675 0.200000 0.000000
1619610575839 -0.200675 0.200000 0.000000
1619610575940 -0.200675 0.200000 0.000000
1619610576041 -0.200675 0.200000 0.000000
1619610576142 -0.200675 0.200000 0.000000
1619610576243 -0.200675 0.200000 0.000000
1619610576343 -0.200675 0.200000 0.000000
1619610576444 -0.200675 0.200000 0.000000
1619610576545 -0.200675 0.200000 0.000000
1619610576646 -0.200675 0.200000 0.000000
1619610576746 -0.200675 0.200000 0.000000
1619610576847 -0.200675 0.200000 0.000000
1619610576948 -0.200675 0.200000 0.000000
