1619609701669,0.65,0,0,0,0,-1.437
1619609701687,0.65,0,0,0,0,-1.426
1619609701706,0.643,0,0,0,0,-1.436
1619609701726,0.646,0,0,0,0,-1.427
1619609701746,0.643,0,0,0,0,-1.434
1619609701766,0.67,0,0,0,0,-1.412
1619609701786,0.67,0,0,0,0,-1.412
1619609701806,0.619,0,0,0,0,-1.421
1619609701826,0.646,0,0,0,0,-1.425
1619609701846,0.653,0,0,0,0,-1.438
1619609701867,0.646,0,0,0,0,-1.43
1619609701886,0.65,0,0,0,0,-1.419
1619609701906,0.68,0,0,0,0,-1.445
1619609701926,0.619,0,0,0,0,-1.435
1619609701946,0.65,0,0,0,0,-1.409
1619609701967,0.653,0,0,0,0,-1.369
1619609701986,0.653,0,0,0,0,-1.346
1619609702006,0.646,0,0,0,0,-1.396
1619609702026,0.65,0,0,0,0,-1.437
1619609702046,0.65,0,0,0,0,-1.437
1619609702066,0.65,0,0,0,0,-1.389
1619609702086,0.65,0,0,0,0,-1.359
1619609702106,0.646,0,0,0,0,-1.402
1619609702126,0.646,0,0,0,0,-1.41
1619609702146,0.646,0,0,0,0,-1.401
1619609702166,0.646,0,0,0,0,-1.389
1619609702186,0.646,0,0,0,0,-1.382
1619609702206,0.643,0,0,0,0,-1.392
1619609702226,0.65,0,0,0,0,-1.393
1619609702246,0.65,0,0,0,0,-1.407
1619609702266,0.646,0,0,0,0,-1.413
1619609702286,0.653,0,0,0,0,-1.415
1619609702306,0.663,0,0,0,0,-1.411
1619609702326,0.663,0,0,0,0,-1.411
1619609702346,0.633,0,0,0,0,-1.407
1619609702366,0.65,0,0,0,0,-1.399
1619609702386,0.653,0,0,0,0,-1.439
1619609702406,0.65,0,0,0,0,-1.422
1619609702426,0.639,0,0,0,0,-1.415
1619609702446,0.66,0,0,0,0,-1.396
1619609702466,0.629,0,0,0,0,-1.383
1619609702486,0.646,0,0,0,0,-1.401
1619609702506,0.643,0,0,0,0,-1.397
1619609702526,0.65,0,0,0,0,-1.4
1619609702546,0.65,0,0,0,0,-1.412
1619609702566,0.646,0,0,0,0,-1.43
1619609702586,0.646,0,0,0,0,-1.424
1619609702606,0.646,0,0,0,0,-1.424
1619609702626,0.65,0,0,0,0,-1.4
1619609702646,0.643,0,0,0,0,-1.432
1619609702666,0.653,0,0,0,0,-1.435
1619609702686,0.646,0,0,0,0,-1.418
1619609702706,0.643,0,0,0,0,-1.403
1619609702726,0.66,0,0,0,0,-1.386
1619609702746,0.622,0,0,0,0,-1.392
1619609702766,0.646,0,0,0,0,-1.41
1619609702786,0.646,0,0,0,0,-1.412
1619609702806,0.643,0,0,0,0,-1.402
1619609702826,0.646,0,0,0,0,-1.42
1619609702846,0.646,0,0,0,0,-1.411
1619609702866,0.667,0,0,0,0,-1.378
1619609702886,0.667,0,0,0,0,-1.378
1619609702906,0.616,0,0,0,0,-1.399
1619609702926,0.646,0,0,0,0,-1.391
1619609702946,0.643,0,0,0,0,-1.394
1619609702966,0.646,0,0,0,0,-1.39
1619609702986,0.656,0,0,0,0,-1.42
1619609703006,0.626,0,0,0,0,-1.405
1619609703026,0.639,0,0,0,0,-1.399
1619609703046,0.643,0,0,0,0,-1.402
1619609703066,0.646,0,0,0,0,-1.379
1619609703086,0.643,0,0,0,0,-1.357
1619609703106,0.643,0,0,0,0,-1.357
1619609703126,0.653,0,0,0,0,-1.357
1619609703146,0.626,0,0,0,0,-1.327
1619609703166,0.619,0,0,0,0,-1.322
1619609703186,0.629,0,0,0,0,-1.332
1619609703206,0.633,0,0,0,0,-1.374
1619609703226,0.639,0,0,0,0,-1.371
1619609703246,0.639,0,0,0,0,-1.375
1619609703266,0.626,0,0,0,0,-1.392
1619609703286,0.622,0,0,0,0,-1.396
1619609703306,0.633,0,0,0,0,-1.389
1619609703326,0.629,0,0,0,0,-1.363
1619609703346,0.643,0,0,0,0,-1.355
1619609703366,0.643,0,0,0,0,-1.355
1619609703387,0.65,0,0,0,0,-1.365
1619609703406,0.639,0,0,0,0,-1.376
1619609703426,0.619,0,0,0,0,-1.362
1619609703446,0.643,0,0,0,0,-1.391
1619609703466,0.639,0,0,0,0,-1.382
1619609703496,0.633,0,0,0,0,-1.336
1619609703506,0.653,0,0,0,0,-1.324
1619609703526,0.616,0,0,0,0,-1.389
1619609703546,0.629,0,0,0,0,-1.409
1619609703566,0.643,0,0,0,0,-1.34
1619609703587,0.633,0,0,0,0,-1.326
1619609703606,0.629,0,0,0,0,-1.322
1619609703626,0.629,0,0,0,0,-1.322
1619609703646,0.629,0,0,0,0,-1.343
1619609703666,0.653,0,0,0,0,-1.365
1619609703688,0.609,0,0,0,0,-1.358
1619609703706,0.629,0,0,0,0,-1.343
1619609703726,0.629,0,0,0,0,-1.372
1619609703746,0.629,0,0,0,0,-1.381
1619609703766,0.626,0,0,0,0,-1.358
1619609703786,0.636,0,0,0,0,-1.357
1619609703806,0.65,0,0,0,0,-1.383
1619609703826,0.605,0,0,0,0,-1.368
1619609703846,0.629,0,0,0,0,-1.332
1619609703866,0.636,0,0,0,0,-1.338
1619609703887,0.636,0,0,0,0,-1.356
1619609703906,0.639,0,0,0,0,-1.362
1619609703926,0.639,0,0,0,0,-1.362
1619609703946,0.633,0,0,0,0,-1.336
1619609703966,0.653,0,0,0,0,-1.321
1619609703988,0.605,0,0,0,0,-1.362
1619609704006,0.626,0,0,0,0,-1.379
1619609704026,0.639,0,0,0,0,-1.343
1619609704046,0.626,0,0,0,0,-1.314
1619609704066,0.629,0,0,0,0,-1.335
1619609704086,0.633,0,0,0,0,-1.346
1619609704106,0.622,0,0,0,0,-1.339
1619609704126,0.629,0,0,0,0,-1.342
1619609704146,0.626,0,0,0,0,-1.343
1619609704166,0.629,0,0,0,0,-1.336
1619609704186,0.629,0,0,0,0,-1.336
1619609704206,0.636,0,0,0,0,-1.347
1619609704226,0.633,0,0,0,0,-1.327
1619609704246,0.629,0,0,0,0,-1.335
1619609704266,0.629,0,0,0,0,-1.342
1619609704287,0.629,0,0,0,0,-1.334
1619609704306,0.629,0,0,0,0,-1.326
1619609704326,0.622,0,0,0,0,-1.332
1619609704346,0.643,0,0,0,0,-1.379
1619609704366,0.622,0,0,0,0,-1.374
1619609704386,0.626,0,0,0,0,-1.381
1619609704406,0.629,0,0,0,0,-1.338
1619609704426,0.629,0,0,0,0,-1.336
1619609704446,0.629,0,0,0,0,-1.336
1619609704466,0.629,0,0,0,0,-1.335
1619609704486,0.646,0,0,0,0,-1.364
1619609704506,0.619,0,0,0,0,-1.407
1619609704526,0.633,0,0,0,0,-1.414
1619609704546,0.636,0,0,0,0,-1.391
1619609704566,0.629,0,0,0,0,-1.387
1619609704586,0.633,0,0,0,0,-1.381
1619609704606,0.629,0,0,0,0,-1.338
1619609704626,0.653,0,0,0,0,-1.26
1619609704646,0.612,0,0,0,0,-1.278
1619609704666,0.636,0,0,0,0,-1.361
1619609704686,0.643,0,0,0,0,-1.371
1619609704706,0.629,0,0,0,0,-1.325
1619609704726,0.629,0,0,0,0,-1.325
1619609704746,0.639,0,0,0,0,-1.343
1619609704766,0.639,0,0,0,0,-1.348
1619609704786,0.653,0,0,0,0,-1.329
1619609704806,0.622,0,0,0,0,-1.367
1619609704826,0.626,0,0,0,0,-1.347
1619609704846,0.633,0,0,0,0,-1.346
1619609704866,0.639,0,0,0,0,-1.378
1619609704886,0.646,0,0,0,0,-1.361
1619609704906,0.633,0,0,0,0,-1.362
1619609704926,0.643,0,0,0,0,-1.391
1619609704946,0.639,0,0,0,0,-1.39
1619609704966,0.643,0,0,0,0,-1.385
1619609704986,0.65,0,0,0,0,-1.38
1619609705006,0.65,0,0,0,0,-1.38
1619609705026,0.639,0,0,0,0,-1.368
1619609705046,0.65,0,0,0,0,-1.375
1619609705066,0.646,0,0,0,0,-1.411
1619609705086,0.636,0,0,0,0,-1.407
1619609705106,0.633,0,0,0,0,-1.394
1619609705126,0.646,0,0,0,0,-1.396
1619609705146,0.633,0,0,0,0,-1.372
1619609705166,0.643,0,0,0,0,-1.361
1619609705186,0.643,0,0,0,0,-1.393
1619609705206,0.626,0,0,0,0,-1.402
1619609705226,0.633,0,0,0,0,-1.359
1619609705246,0.643,0,0,0,0,-1.369
1619609705266,0.643,0,0,0,0,-1.369
1619609705286,0.639,0,0,0,0,-1.372
1619609705306,0.639,0,0,0,0,-1.386
1619609705326,0.65,0,0,0,0,-1.371
1619609705346,0.629,0,0,0,0,-1.395
1619609705366,0.633,0,0,0,0,-1.367
1619609705386,0.636,0,0,0,0,-1.358
1619609705406,0.633,0,0,0,0,-1.384
1619609705426,0.639,0,0,0,0,-1.411
1619609705446,0.646,0,0,0,0,-1.404
1619609705466,0.619,0,0,0,0,-1.41
1619609705486,0.633,0,0,0,0,-1.374
1619609705506,0.629,0,0,0,0,-1.351
1619609705526,0.629,0,0,0,0,-1.351
1619609705546,0.639,0,0,0,0,-1.358
1619609705566,0.636,0,0,0,0,-1.359
1619609705586,0.646,0,0,0,0,-1.363
1619609705606,0.626,0,0,0,0,-1.413
1619609705626,0.633,0,0,0,0,-1.426
1619609705646,0.646,0,0,0,0,-1.413
1619609705666,0.636,0,0,0,0,-1.35
1619609705686,0.636,0,0,0,0,-1.346
1619609705706,0.639,0,0,0,0,-1.377
1619609705726,0.653,0,0,0,0,-1.33
1619609705746,0.622,0,0,0,0,-1.337
1619609705766,0.633,0,0,0,0,-1.359
1619609705786,0.646,0,0,0,0,-1.352
1619609705807,0.646,0,0,0,0,-1.352
1619609705826,0.643,0,0,0,0,-1.38
1619609705846,0.646,0,0,0,0,-1.399
1619609705866,0.646,0,0,0,0,-1.395
1619609705886,0.656,0,0,0,0,-1.372
1619609705907,0.612,0,0,0,0,-1.373
1619609705926,0.646,0,0,0,0,-1.417
1619609705946,0.633,0,0,0,0,-1.396
1619609705966,0.643,0,0,0,0,-1.328
1619609705986,0.639,0,0,0,0,-1.339
1619609706008,0.656,0,0,0,0,-1.378
1619609706026,0.609,0,0,0,0,-1.359
1619609706046,0.643,0,0,0,0,-1.354
1619609706066,0.643,0,0,0,0,-1.354
1619609706086,0.639,0,0,0,0,-1.344
1619609706106,0.639,0,0,0,0,-1.326
1619609706126,0.643,0,0,0,0,-1.337
1619609706146,0.646,0,0,0,0,-1.35
1619609706166,0.629,0,0,0,0,-1.338
1619609706186,0.643,0,0,0,0,-1.366
1619609706207,0.636,0,0,0,0,-1.409
1619609706226,0.633,0,0,0,0,-1.425
1619609706246,0.643,0,0,0,0,-1.402
1619609706266,0.643,0,0,0,0,-1.365
1619609706286,0.629,0,0,0,0,-1.391
1619609706307,0.629,0,0,0,0,-1.398
1619609706326,0.633,0,0,0,0,-1.394
1619609706346,0.633,0,0,0,0,-1.394
1619609706366,0.643,0,0,0,0,-1.387
1619609706386,0.633,0,0,0,0,-1.376
1619609706408,0.636,0,0,0,0,-1.401
1619609706426,0.65,0,0,0,0,-1.411
1619609706446,0.626,0,0,0,0,-1.401
1619609706466,0.643,0,0,0,0,-1.385
1619609706486,0.643,0,0,0,0,-1.411
1619609706509,0.643,0,0,0,0,-1.412
1619609706526,0.633,0,0,0,0,-1.404
1619609706546,0.646,0,0,0,0,-1.36
1619609706566,0.622,0,0,0,0,-1.337
1619609706586,0.629,0,0,0,0,-1.355
1619609706607,0.629,0,0,0,0,-1.355
1619609706627,0.629,0,0,0,0,-1.388
1619609706646,0.629,0,0,0,0,-1.364
1619609706666,0.636,0,0,0,0,-1.36
1619609706686,0.639,0,0,0,0,-1.369
1619609706706,0.653,0,0,0,0,-1.369
1619609706726,0.605,0,0,0,0,-1.368
1619609706746,0.629,0,0,0,0,-1.346
1619609706766,0.629,0,0,0,0,-1.338
1619609706786,0.636,0,0,0,0,-1.337
1619609706806,0.633,0,0,0,0,-1.326
1619609706826,0.65,0,0,0,0,-1.311
1619609706846,0.616,0,0,0,0,-1.332
1619609706866,0.636,0,0,0,0,-1.349
1619609706886,0.636,0,0,0,0,-1.349
1619609706906,0.629,0,0,0,0,-1.352
1619609706926,0.639,0,0,0,0,-1.336
1619609706946,0.643,0,0,0,0,-1.36
1619609706966,0.629,0,0,0,0,-1.369
1619609706986,0.656,0,0,0,0,-1.367
1619609707006,0.605,0,0,0,0,-1.365
1619609707026,0.629,0,0,0,0,-1.342
1619609707046,0.629,0,0,0,0,-1.306
1619609707066,0.639,0,0,0,0,-1.309
1619609707086,0.629,0,0,0,0,-1.333
1619609707106,0.636,0,0,0,0,-1.353
1619609707126,0.643,0,0,0,0,-1.36
1619609707146,0.643,0,0,0,0,-1.36
1619609707166,0.629,0,0,0,0,-1.377
1619609707186,0.629,0,0,0,0,-1.407
1619609707206,0.639,0,0,0,0,-1.396
1619609707226,0.633,0,0,0,0,-1.393
1619609707246,0.643,0,0,0,0,-1.375
1619609707266,0.629,0,0,0,0,-1.372
1619609707286,0.639,0,0,0,0,-1.411
1619609707306,0.639,0,0,0,0,-1.422
1619609707326,0.636,0,0,0,0,-1.371
1619609707346,0.639,0,0,0,0,-1.353
1619609707366,0.646,0,0,0,0,-1.398
1619609707386,0.626,0,0,0,0,-1.382
1619609707406,0.626,0,0,0,0,-1.382
1619609707426,0.643,0,0,0,0,-1.365
1619609707446,0.639,0,0,0,0,-1.381
1619609707466,0.643,0,0,0,0,-1.394
1619609707486,0.639,0,0,0,0,-1.379
1619609707506,0.629,0,0,0,0,-1.385
1619609707526,0.653,0,0,0,0,-1.368
1619609707546,0.622,0,0,0,0,-1.374
1619609707566,0.639,0,0,0,0,-1.377
1619609707586,0.639,0,0,0,0,-1.394
1619609707606,0.646,0,0,0,0,-1.347
1619609707626,0.639,0,0,0,0,-1.348
1619609707646,0.639,0,0,0,0,-1.352
1619609707666,0.653,0,0,0,0,-1.359
1619609707686,0.612,0,0,0,0,-1.35
1619609707706,0.612,0,0,0,0,-1.35
1619609707726,0.629,0,0,0,0,-1.325
1619609707746,0.629,0,0,0,0,-1.315
1619609707766,0.629,0,0,0,0,-1.335
1619609707786,0.629,0,0,0,0,-1.338
1619609707806,0.629,0,0,0,0,-1.368
1619609707826,0.653,0,0,0,0,-1.373
1619609707846,0.602,0,0,0,0,-1.398
1619609707866,0.626,0,0,0,0,-1.408
1619609707886,0.626,0,0,0,0,-1.38
1619609707906,0.633,0,0,0,0,-1.369
1619609707926,0.626,0,0,0,0,-1.359
1619609707946,0.633,0,0,0,0,-1.364
1619609707966,0.656,0,0,0,0,-1.384
1619609707986,0.656,0,0,0,0,-1.384
1619609708006,0.609,0,0,0,0,-1.38
1619609708026,0.639,0,0,0,0,-1.37
1619609708046,0.643,0,0,0,0,-1.405
1619609708066,0.636,0,0,0,0,-1.401
1619609708086,0.639,0,0,0,0,-1.376
1619609708106,0.646,0,0,0,0,-1.319
1619609708126,0.626,0,0,0,0,-1.362
1619609708146,0.643,0,0,0,0,-1.379
1619609708166,0.643,0,0,0,0,-1.304
1619609708186,0.639,0,0,0,0,-1.261
1619609708206,0.646,0,0,0,0,-1.298
1619609708227,0.643,0,0,0,0,-1.342
1619609708246,0.626,0,0,0,0,-1.334
1619609708266,0.626,0,0,0,0,-1.334
1619609708286,0.633,0,0,0,0,-1.336
1619609708306,0.639,0,0,0,0,-1.353
1619609708327,0.643,0,0,0,0,-1.358
1619609708346,0.633,0,0,0,0,-1.363
1619609708366,0.643,0,0,0,0,-1.344
1619609708386,0.626,0,0,0,0,-1.329
1619609708406,0.633,0,0,0,0,-1.363
1619609708426,0.633,0,0,0,0,-1.376
1619609708446,0.639,0,0,0,0,-1.352
1619609708466,0.633,0,0,0,0,-1.349
1619609708486,0.65,0,0,0,0,-1.362
1619609708506,0.65,0,0,0,0,-1.362
1619609708526,0.622,0,0,0,0,-1.335
1619609708546,0.633,0,0,0,0,-1.31
1619609708566,0.629,0,0,0,0,-1.312
1619609708586,0.639,0,0,0,0,-1.349
1619609708606,0.629,0,0,0,0,-1.372
1619609708627,0.653,0,0,0,0,-1.353
1619609708646,0.612,0,0,0,0,-1.348
1619609708666,0.633,0,0,0,0,-1.35
1619609708686,0.633,0,0,0,0,-1.37
1619609708706,0.629,0,0,0,0,-1.343
1619609708727,0.639,0,0,0,0,-1.32
1619609708746,0.629,0,0,0,0,-1.329
1619609708766,0.66,0,0,0,0,-1.34
1619609708786,0.66,0,0,0,0,-1.34
1619609708806,0.609,0,0,0,0,-1.347
1619609708826,0.629,0,0,0,0,-1.341
1619609708846,0.643,0,0,0,0,-1.328
1619609708866,0.639,0,0,0,0,-1.314
1619609708886,0.636,0,0,0,0,-1.307
1619609708906,0.633,0,0,0,0,-1.357
1619609708927,0.653,0,0,0,0,-1.365
1619609708946,0.609,0,0,0,0,-1.32
1619609708966,0.629,0,0,0,0,-1.34
1619609708986,0.633,0,0,0,0,-1.369
1619609709006,0.633,0,0,0,0,-1.34
1619609709027,0.633,0,0,0,0,-1.337
1619609709046,0.622,0,0,0,0,-1.362
1619609709066,0.636,0,0,0,0,-1.387
1619609709086,0.636,0,0,0,0,-1.387
1619609709106,0.629,0,0,0,0,-1.407
1619609709126,0.633,0,0,0,0,-1.417
1619609709146,0.643,0,0,0,0,-1.395
1619609709166,0.643,0,0,0,0,-1.393
1619609709186,0.636,0,0,0,0,-1.361
1619609709206,0.65,0,0,0,0,-1.308
1619609709226,0.622,0,0,0,0,-1.296
1619609709246,0.643,0,0,0,0,-1.325
1619609709266,0.639,0,0,0,0,-1.346
1619609709286,0.639,0,0,0,0,-1.348
1619609709306,0.65,0,0,0,0,-1.325
1619609709326,0.643,0,0,0,0,-1.317
1619609709346,0.643,0,0,0,0,-1.317
1619609709366,0.636,0,0,0,0,-1.363
1619609709386,0.646,0,0,0,0,-1.37
1619609709406,0.633,0,0,0,0,-1.352
1619609709426,0.633,0,0,0,0,-1.359
1619609709446,0.636,0,0,0,0,-1.417
1619609709466,0.653,0,0,0,0,-1.36
1619609709486,0.629,0,0,0,0,-1.344
1619609709506,0.643,0,0,0,0,-1.385
1619609709526,0.643,0,0,0,0,-1.356
1619609709546,0.646,0,0,0,0,-1.364
1619609709566,0.633,0,0,0,0,-1.397
1619609709586,0.663,0,0,0,0,-1.419
1619609709606,0.663,0,0,0,0,-1.419
1619609709626,0.629,0,0,0,0,-1.405
1619609709646,0.65,0,0,0,0,-1.417
1619609709666,0.646,0,0,0,0,-1.414
1619609709686,0.643,0,0,0,0,-1.401
1619609709706,0.653,0,0,0,0,-1.394
1619609709726,0.65,0,0,0,0,-1.422
1619609709746,0.663,0,0,0,0,-1.401
1619609709766,0.626,0,0,0,0,-1.377
1619609709786,0.633,0,0,0,0,-1.37
1619609709806,0.65,0,0,0,0,-1.369
1619609709826,0.646,0,0,0,0,-1.375
1619609709846,0.646,0,0,0,0,-1.371
1619609709866,0.65,0,0,0,0,-1.352
1619609709886,0.667,0,0,0,0,-1.377
1619609709906,0.667,0,0,0,0,-1.377
1619609709926,0.619,0,0,0,0,-1.399
1619609709946,0.653,0,0,0,0,-1.39
1619609709966,0.643,0,0,0,0,-1.397
1619609709986,0.646,0,0,0,0,-1.387
1619609710006,0.65,0,0,0,0,-1.38
1619609710026,0.663,0,0,0,0,-1.393
1619609710046,0.619,0,0,0,0,-1.382
1619609710066,0.639,0,0,0,0,-1.332
1619609710086,0.636,0,0,0,0,-1.342
1619609710106,0.643,0,0,0,0,-1.382
1619609710126,0.636,0,0,0,0,-1.367
1619609710146,0.643,0,0,0,0,-1.377
1619609710166,0.643,0,0,0,0,-1.377
1619609710186,0.633,0,0,0,0,-1.397
1619609710206,0.646,0,0,0,0,-1.405
1619609710227,0.633,0,0,0,0,-1.434
1619609710246,0.646,0,0,0,0,-1.445
1619609710266,0.643,0,0,0,0,-1.427
1619609710288,0.643,0,0,0,0,-1.338
1619609710306,0.633,0,0,0,0,-1.325
1619609710326,0.65,0,0,0,0,-1.359
1619609710356,0.633,0,0,0,0,-1.307
1619609710366,0.643,0,0,0,0,-1.343
1619609710386,0.643,0,0,0,0,-1.365
1619609710406,0.65,0,0,0,0,-1.362
1619609710427,0.65,0,0,0,0,-1.362
1619609710447,0.643,0,0,0,0,-1.378
1619609710468,0.633,0,0,0,0,-1.366
1619609710486,0.646,0,0,0,0,-1.38
1619609710506,0.639,0,0,0,0,-1.421
1619609710526,0.639,0,0,0,0,-1.372
1619609710546,0.653,0,0,0,0,-1.364
1619609710566,0.626,0,0,0,0,-1.348
1619609710586,0.643,0,0,0,0,-1.344
1619609710606,0.639,0,0,0,0,-1.349
1619609710626,0.633,0,0,0,0,-1.333
1619609710646,0.646,0,0,0,0,-1.324
1619609710667,0.653,0,0,0,0,-1.359
1619609710687,0.653,0,0,0,0,-1.359
1619609710706,0.629,0,0,0,0,-1.347
1619609710726,0.629,0,0,0,0,-1.337
1619609710746,0.639,0,0,0,0,-1.336
1619609710766,0.636,0,0,0,0,-1.368
1619609710786,0.639,0,0,0,0,-1.38
1619609710807,0.639,0,0,0,0,-1.394
1619609710826,0.656,0,0,0,0,-1.338
1619609710847,0.609,0,0,0,0,-1.368
1619609710866,0.643,0,0,0,0,-1.393
1619609710886,0.633,0,0,0,0,-1.371
1619609710906,0.639,0,0,0,0,-1.362
1619609710926,0.622,0,0,0,0,-1.382
1619609710946,0.643,0,0,0,0,-1.393
1619609710967,0.65,0,0,0,0,-1.386
1619609710986,0.65,0,0,0,0,-1.386
1619609711006,0.612,0,0,0,0,-1.368
1619609711026,0.636,0,0,0,0,-1.381
1619609711046,0.629,0,0,0,0,-1.368
1619609711067,0.639,0,0,0,0,-1.392
1619609711086,0.636,0,0,0,0,-1.396
1619609711106,0.643,0,0,0,0,-1.344
1619609711127,0.619,0,0,0,0,-1.341
1619609711146,0.629,0,0,0,0,-1.372
1619609711166,0.639,0,0,0,0,-1.367
1619609711186,0.626,0,0,0,0,-1.332
1619609711206,0.626,0,0,0,0,-1.32
1619609711226,0.636,0,0,0,0,-1.353
1619609711246,0.636,0,0,0,0,-1.353
1619609711267,0.622,0,0,0,0,-1.373
1619609711286,0.629,0,0,0,0,-1.369
1619609711306,0.626,0,0,0,0,-1.33
1619609711326,0.629,0,0,0,0,-1.341
1619609711346,0.629,0,0,0,0,-1.37
1619609711368,0.636,0,0,0,0,-1.301
1619609711386,0.622,0,0,0,0,-1.272
1619609711406,0.629,0,0,0,0,-1.286
1619609711426,0.636,0,0,0,0,-1.275
1619609711446,0.636,0,0,0,0,-1.276
1619609711466,0.636,0,0,0,0,-1.294
1619609711486,0.643,0,0,0,0,-1.321
1619609711507,0.643,0,0,0,0,-1.321
1619609711526,0.616,0,0,0,0,-1.342
1619609711546,0.629,0,0,0,0,-1.365
1619609711566,0.629,0,0,0,0,-1.359
1619609711586,0.629,0,0,0,0,-1.339
1619609711606,0.629,0,0,0,0,-1.315
1619609711626,0.643,0,0,0,0,-1.341
1619609711646,0.619,0,0,0,0,-1.344
1619609711666,0.626,0,0,0,0,-1.33
1619609711686,0.626,0,0,0,0,-1.305
1619609711706,0.633,0,0,0,0,-1.299
1619609711726,0.643,0,0,0,0,-1.353
1619609711746,0.636,0,0,0,0,-1.36
1619609711766,0.636,0,0,0,0,-1.36
1619609711786,0.612,0,0,0,0,-1.347
1619609711806,0.629,0,0,0,0,-1.343
1619609711826,0.633,0,0,0,0,-1.343
1619609711846,0.636,0,0,0,0,-1.355
1619609711866,0.643,0,0,0,0,-1.366
1619609711886,0.65,0,0,0,0,-1.376
1619609711906,0.636,0,0,0,0,-1.385
1619609711926,0.616,0,0,0,0,-1.385
1619609711946,0.639,0,0,0,0,-1.345
1619609711966,0.636,0,0,0,0,-1.341
1619609711986,0.639,0,0,0,0,-1.353
1619609712006,0.633,0,0,0,0,-1.371
1619609712026,0.663,0,0,0,0,-1.38
1619609712046,0.663,0,0,0,0,-1.38
1619609712066,0.616,0,0,0,0,-1.391
1619609712086,0.633,0,0,0,0,-1.376
1619609712106,0.639,0,0,0,0,-1.377
1619609712126,0.639,0,0,0,0,-1.381
1619609712146,0.639,0,0,0,0,-1.346
1619609712167,0.643,0,0,0,0,-1.327
1619609712187,0.643,0,0,0,0,-1.348
1619609712206,0.639,0,0,0,0,-1.352
1619609712226,0.639,0,0,0,0,-1.355
1619609712246,0.643,0,0,0,0,-1.359
1619609712268,0.633,0,0,0,0,-1.339
1619609712287,0.646,0,0,0,0,-1.389
1619609712306,0.646,0,0,0,0,-1.389
1619609712326,0.619,0,0,0,0,-1.37
1619609712346,0.633,0,0,0,0,-1.3
1619609712367,0.626,0,0,0,0,-1.28
1619609712387,0.629,0,0,0,0,-1.312
1619609712406,0.636,0,0,0,0,-1.355
1619609712426,0.639,0,0,0,0,-1.379
1619609712446,0.626,0,0,0,0,-1.368
1619609712467,0.629,0,0,0,0,-1.373
1619609712486,0.643,0,0,0,0,-1.387
1619609712506,0.643,0,0,0,0,-1.391
1619609712526,0.643,0,0,0,0,-1.373
1619609712546,0.65,0,0,0,0,-1.298
1619609712568,0.65,0,0,0,0,-1.298
1619609712586,0.622,0,0,0,0,-1.346
1619609712606,0.643,0,0,0,0,-1.421
1619609712626,0.639,0,0,0,0,-1.414
1619609712646,0.643,0,0,0,0,-1.39
1619609712666,0.639,0,0,0,0,-1.404
1619609712686,0.653,0,0,0,0,-1.365
1619609712706,0.619,0,0,0,0,-1.326
1619609712726,0.639,0,0,0,0,-1.321
1619609712746,0.643,0,0,0,0,-1.325
1619609712768,0.639,0,0,0,0,-1.33
1619609712787,0.646,0,0,0,0,-1.337
1619609712806,0.639,0,0,0,0,-1.335
1619609712826,0.653,0,0,0,0,-1.321
1619609712846,0.653,0,0,0,0,-1.321
1619609712867,0.619,0,0,0,0,-1.355
1619609712886,0.633,0,0,0,0,-1.357
1619609712906,0.633,0,0,0,0,-1.358
1619609712926,0.636,0,0,0,0,-1.377
1619609712946,0.639,0,0,0,0,-1.363
1619609712966,0.643,0,0,0,0,-1.372
1619609712986,0.653,0,0,0,0,-1.363
1619609713006,0.619,0,0,0,0,-1.355
1619609713026,0.633,0,0,0,0,-1.36
1619609713046,0.636,0,0,0,0,-1.372
1619609713066,0.639,0,0,0,0,-1.363
1619609713086,0.643,0,0,0,0,-1.345
1619609713106,0.646,0,0,0,0,-1.358
1619609713126,0.663,0,0,0,0,-1.37
1619609713146,0.663,0,0,0,0,-1.37
1619609713166,0.609,0,0,0,0,-1.338
1619609713186,0.639,0,0,0,0,-1.353
1619609713206,0.639,0,0,0,0,-1.388
1619609713226,0.639,0,0,0,0,-1.386
1619609713246,0.639,0,0,0,0,-1.383
1619609713266,0.646,0,0,0,0,-1.373
1619609713286,0.633,0,0,0,0,-1.348
1619609713306,0.643,0,0,0,0,-1.335
1619609713326,0.636,0,0,0,0,-1.336
1619609713346,0.639,0,0,0,0,-1.338
1619609713366,0.646,0,0,0,0,-1.355
1619609713386,0.643,0,0,0,0,-1.385
1619609713406,0.643,0,0,0,0,-1.385
1619609713426,0.633,0,0,0,0,-1.378
1619609713446,0.639,0,0,0,0,-1.355
1619609713466,0.643,0,0,0,0,-1.37
1619609713486,0.643,0,0,0,0,-1.35
1619609713506,0.633,0,0,0,0,-1.31
1619609713526,0.646,0,0,0,0,-1.347
1619609713546,0.626,0,0,0,0,-1.368
1619609713566,0.639,0,0,0,0,-1.372
1619609713586,0.639,0,0,0,0,-1.389
1619609713606,0.646,0,0,0,0,-1.391
1619609713626,0.646,0,0,0,0,-1.344
1619609713646,0.653,0,0,0,0,-1.356
1619609713666,0.653,0,0,0,0,-1.356
1619609713686,0.626,0,0,0,0,-1.397
1619609713706,0.633,0,0,0,0,-1.393
1619609713726,0.646,0,0,0,0,-1.401
1619609713746,0.639,0,0,0,0,-1.445
1619609713766,0.639,0,0,0,0,-1.464
1619609713786,0.639,0,0,0,0,-1.452
1619609713806,0.67,0,0,0,0,-1.329
1619609713826,0.612,0,0,0,0,-1.289
1619609713846,0.646,0,0,0,0,-1.317
1619609713866,0.643,0,0,0,0,-1.355
1619609713886,0.646,0,0,0,0,-1.333
1619609713906,0.643,0,0,0,0,-1.309
1619609713926,0.667,0,0,0,0,-1.361
1619609713946,0.667,0,0,0,0,-1.361
1619609713966,0.612,0,0,0,0,-1.345
1619609713986,0.636,0,0,0,0,-1.34
1619609714006,0.643,0,0,0,0,-1.342
1619609714026,0.643,0,0,0,0,-1.323
1619609714046,0.636,0,0,0,0,-1.318
1619609714066,0.643,0,0,0,0,-1.346
1619609714086,0.656,0,0,0,0,-1.33
1619609714106,0.609,0,0,0,0,-1.359
1619609714126,0.633,0,0,0,0,-1.395
1619609714146,0.636,0,0,0,0,-1.417
1619609714166,0.636,0,0,0,0,-1.384
1619609714186,0.636,0,0,0,0,-1.353
1619609714206,0.636,0,0,0,0,-1.353
1619609714226,0.646,0,0,0,0,-1.408
1619609714246,0.633,0,0,0,0,-1.388
1619609714266,0.646,0,0,0,0,-1.363
1619609714286,0.639,0,0,0,0,-1.361
1619609714306,0.639,0,0,0,0,-1.349
1619609714326,0.65,0,0,0,0,-1.347
1619609714346,0.643,0,0,0,0,-1.352
1619609714366,0.643,0,0,0,0,-1.348
1619609714386,0.643,0,0,0,0,-1.358
1619609714406,0.646,0,0,0,0,-1.352
1619609714426,0.643,0,0,0,0,-1.322
1619609714446,0.643,0,0,0,0,-1.33
1619609714466,0.643,0,0,0,0,-1.33
1619609714487,0.646,0,0,0,0,-1.353
1619609714507,0.629,0,0,0,0,-1.352
1619609714526,0.646,0,0,0,0,-1.35
1619609714546,0.633,0,0,0,0,-1.365
1619609714566,0.643,0,0,0,0,-1.353
1619609714588,0.643,0,0,0,0,-1.336
1619609714606,0.639,0,0,0,0,-1.345
1619609714626,0.646,0,0,0,0,-1.342
1619609714646,0.619,0,0,0,0,-1.324
1619609714666,0.636,0,0,0,0,-1.327
1619609714687,0.636,0,0,0,0,-1.315
1619609714706,0.633,0,0,0,0,-1.303
1619609714726,0.626,0,0,0,0,-1.349
1619609714746,0.626,0,0,0,0,-1.349
1619609714766,0.643,0,0,0,0,-1.397
1619609714787,0.616,0,0,0,0,-1.403
1619609714806,0.633,0,0,0,0,-1.394
1619609714826,0.633,0,0,0,0,-1.389
1619609714846,0.633,0,0,0,0,-1.366
1619609714866,0.629,0,0,0,0,-1.385
1619609714887,0.643,0,0,0,0,-1.407
1619609714906,0.643,0,0,0,0,-1.375
1619609714926,0.643,0,0,0,0,-1.279
1619609714946,0.643,0,0,0,0,-1.244
1619609714966,0.643,0,0,0,0,-1.278
1619609714988,0.639,0,0,0,0,-1.303
1619609715006,0.643,0,0,0,0,-1.344
1619609715026,0.643,0,0,0,0,-1.344
1619609715046,0.653,0,0,0,0,-1.329
1619609715066,0.619,0,0,0,0,-1.32
1619609715086,0.639,0,0,0,0,-1.365
1619609715106,0.643,0,0,0,0,-1.359
1619609715126,0.639,0,0,0,0,-1.35
1619609715146,0.639,0,0,0,0,-1.324
1619609715166,0.639,0,0,0,0,-1.297
1619609715187,0.667,0,0,0,0,-1.335
1619609715206,0.602,0,0,0,0,-1.329
1619609715226,0.646,0,0,0,0,-1.3
1619609715246,0.643,0,0,0,0,-1.313
1619609715266,0.643,0,0,0,0,-1.314
1619609715287,0.643,0,0,0,0,-1.314
1619609715306,0.633,0,0,0,0,-1.341
1619609715326,0.639,0,0,0,0,-1.344
1619609715346,0.646,0,0,0,0,-1.326
1619609715366,0.643,0,0,0,0,-1.309
1619609715386,0.639,0,0,0,0,-1.321
1619609715406,0.646,0,0,0,0,-1.315
1619609715426,0.633,0,0,0,0,-1.298
1619609715446,0.65,0,0,0,0,-1.337
1619609715466,0.629,0,0,0,0,-1.353
1619609715486,0.643,0,0,0,0,-1.349
1619609715506,0.643,0,0,0,0,-1.357
1619609715526,0.643,0,0,0,0,-1.345
1619609715546,0.643,0,0,0,0,-1.345
1619609715566,0.643,0,0,0,0,-1.377
1619609715586,0.646,0,0,0,0,-1.408
1619609715606,0.626,0,0,0,0,-1.404
1619609715626,0.633,0,0,0,0,-1.378
1619609715646,0.639,0,0,0,0,-1.361
1619609715666,0.646,0,0,0,0,-1.373
1619609715686,0.639,0,0,0,0,-1.39
1619609715706,0.643,0,0,0,0,-1.39
1619609715726,0.653,0,0,0,0,-1.365
1619609715746,0.629,0,0,0,0,-1.366
1619609715767,0.643,0,0,0,0,-1.367
1619609715786,0.646,0,0,0,0,-1.355
1619609715806,0.639,0,0,0,0,-1.304
1619609715826,0.639,0,0,0,0,-1.304
1619609715846,0.639,0,0,0,0,-1.301
1619609715866,0.639,0,0,0,0,-1.366
1619609715886,0.656,0,0,0,0,-1.393
1619609715906,0.619,0,0,0,0,-1.356
1619609715926,0.643,0,0,0,0,-1.343
1619609715946,0.643,0,0,0,0,-1.362
1619609715966,0.643,0,0,0,0,-1.361
1619609715986,0.65,0,0,0,0,-1.362
1619609716006,0.639,0,0,0,0,-1.304
1619609716026,0.663,0,0,0,0,-1.304
1619609716046,0.622,0,0,0,0,-1.343
1619609716066,0.639,0,0,0,0,-1.308
1619609716086,0.65,0,0,0,0,-1.296
1619609716106,0.639,0,0,0,0,-1.331
1619609716126,0.639,0,0,0,0,-1.331
1619609716146,0.646,0,0,0,0,-1.371
1619609716166,0.639,0,0,0,0,-1.374
1619609716186,0.663,0,0,0,0,-1.333
1619609716206,0.609,0,0,0,0,-1.322
1619609716226,0.643,0,0,0,0,-1.345
1619609716246,0.643,0,0,0,0,-1.34
1619609716266,0.633,0,0,0,0,-1.336
1619609716286,0.643,0,0,0,0,-1.308
1619609716306,0.65,0,0,0,0,-1.325
1619609716326,0.646,0,0,0,0,-1.376
1619609716346,0.626,0,0,0,0,-1.389
1619609716366,0.646,0,0,0,0,-1.399
1619609716386,0.646,0,0,0,0,-1.399
1619609716406,0.643,0,0,0,0,-1.407
1619609716426,0.639,0,0,0,0,-1.439
1619609716446,0.646,0,0,0,0,-1.457
1619609716466,0.633,0,0,0,0,-1.431
1619609716486,0.639,0,0,0,0,-1.389
1619609716506,0.65,0,0,0,0,-1.359
1619609716526,0.639,0,0,0,0,-1.335
1619609716546,0.646,0,0,0,0,-1.336
1619609716566,0.646,0,0,0,0,-1.329
1619609716586,0.633,0,0,0,0,-1.331
1619609716606,0.636,0,0,0,0,-1.373
1619609716626,0.633,0,0,0,0,-1.375
1619609716646,0.633,0,0,0,0,-1.375
1619609716666,0.639,0,0,0,0,-1.372
1619609716686,0.639,0,0,0,0,-1.393
1619609716707,0.653,0,0,0,0,-1.402
1619609716726,0.622,0,0,0,0,-1.389
1619609716746,0.639,0,0,0,0,-1.371
1619609716766,0.646,0,0,0,0,-1.317
1619609716786,0.643,0,0,0,0,-1.306
1619609716808,0.646,0,0,0,0,-1.334
1619609716826,0.643,0,0,0,0,-1.342
1619609716846,0.667,0,0,0,0,-1.333
1619609716866,0.616,0,0,0,0,-1.365
1619609716886,0.65,0,0,0,0,-1.378
1619609716907,0.65,0,0,0,0,-1.378
1619609716926,0.643,0,0,0,0,-1.353
1619609716946,0.646,0,0,0,0,-1.331
1619609716966,0.65,0,0,0,0,-1.349
1619609716986,0.663,0,0,0,0,-1.365
1619609717007,0.616,0,0,0,0,-1.334
1619609717026,0.639,0,0,0,0,-1.315
1619609717046,0.643,0,0,0,0,-1.274
1619609717066,0.633,0,0,0,0,-1.294
1619609717086,0.639,0,0,0,0,-1.364
1619609717107,0.639,0,0,0,0,-1.394
1619609717126,0.66,0,0,0,0,-1.372
1619609717146,0.616,0,0,0,0,-1.398
1619609717166,0.636,0,0,0,0,-1.421
1619609717186,0.636,0,0,0,0,-1.421
1619609717206,0.636,0,0,0,0,-1.428
1619609717226,0.636,0,0,0,0,-1.406
1619609717246,0.633,0,0,0,0,-1.38
1619609717266,0.667,0,0,0,0,-1.414
1619609717286,0.609,0,0,0,0,-1.397
1619609717306,0.639,0,0,0,0,-1.372
1619609717326,0.646,0,0,0,0,-1.339
1619609717346,0.643,0,0,0,0,-1.318
1619609717366,0.643,0,0,0,0,-1.291
1619609717386,0.65,0,0,0,0,-1.3
1619609717407,0.636,0,0,0,0,-1.319
1619609717426,0.643,0,0,0,0,-1.319
1619609717446,0.643,0,0,0,0,-1.319
1619609717466,0.646,0,0,0,0,-1.309
1619609717486,0.646,0,0,0,0,-1.329
1619609717506,0.639,0,0,0,0,-1.309
1619609717526,0.663,0,0,0,0,-1.314
1619609717546,0.612,0,0,0,0,-1.34
1619609717566,0.629,0,0,0,0,-1.371
1619609717586,0.633,0,0,0,0,-1.38
1619609717606,0.639,0,0,0,0,-1.355
1619609717626,0.643,0,0,0,0,-1.327
1619609717646,0.633,0,0,0,0,-1.309
1619609717666,0.643,0,0,0,0,-1.36
1619609717686,0.626,0,0,0,0,-1.375
1619609717706,0.629,0,0,0,0,-1.36
1619609717726,0.636,0,0,0,0,-1.341
1619609717746,0.636,0,0,0,0,-1.341
1619609717766,0.639,0,0,0,0,-1.345
1619609717786,0.639,0,0,0,0,-1.31
1619609717806,0.636,0,0,0,0,-1.299
1619609717826,0.646,0,0,0,0,-1.323
1619609717846,0.622,0,0,0,0,-1.343
1619609717866,0.633,0,0,0,0,-1.317
1619609717886,0.643,0,0,0,0,-1.339
1619609717906,0.639,0,0,0,0,-1.348
1619609717926,0.639,0,0,0,0,-1.342
1619609717946,0.646,0,0,0,0,-1.36
1619609717966,0.656,0,0,0,0,-1.358
1619609717986,0.616,0,0,0,0,-1.337
1619609718006,0.643,0,0,0,0,-1.365
1619609718026,0.643,0,0,0,0,-1.365
1619609718046,0.639,0,0,0,0,-1.368
1619609718066,0.646,0,0,0,0,-1.32
1619609718086,0.636,0,0,0,0,-1.301
1619609718106,0.643,0,0,0,0,-1.326
1619609718126,0.656,0,0,0,0,-1.334
1619609718146,0.616,0,0,0,0,-1.303
1619609718166,0.636,0,0,0,0,-1.264
1619609718186,0.643,0,0,0,0,-1.304
1619609718206,0.643,0,0,0,0,-1.345
1619609718226,0.646,0,0,0,0,-1.379
1619609718246,0.643,0,0,0,0,-1.394
1619609718266,0.67,0,0,0,0,-1.389
1619609718286,0.616,0,0,0,0,-1.376
1619609718306,0.616,0,0,0,0,-1.376
1619609718326,0.646,0,0,0,0,-1.414
1619609718346,0.636,0,0,0,0,-1.417
1619609718366,0.646,0,0,0,0,-1.398
1619609718386,0.646,0,0,0,0,-1.357
1619609718406,0.646,0,0,0,0,-1.393
1619609718426,0.643,0,0,0,0,-1.41
1619609718446,0.643,0,0,0,0,-1.387
1619609718466,0.65,0,0,0,0,-1.325
1619609718486,0.646,0,0,0,0,-1.315
1619609718506,0.65,0,0,0,0,-1.353
1619609718526,0.65,0,0,0,0,-1.367
1619609718546,0.639,0,0,0,0,-1.356
1619609718566,0.639,0,0,0,0,-1.356
1619609718586,0.643,0,0,0,0,-1.348
1619609718606,0.646,0,0,0,0,-1.352
1619609718626,0.65,0,0,0,0,-1.318
1619609718646,0.636,0,0,0,0,-1.304
1619609718666,0.653,0,0,0,0,-1.301
1619609718686,0.626,0,0,0,0,-1.333
1619609718706,0.639,0,0,0,0,-1.344
1619609718726,0.643,0,0,0,0,-1.352
1619609718746,0.643,0,0,0,0,-1.334
1619609718766,0.639,0,0,0,0,-1.364
1619609718786,0.656,0,0,0,0,-1.425
1619609718806,0.626,0,0,0,0,-1.429
1619609718826,0.626,0,0,0,0,-1.429
1619609718846,0.646,0,0,0,0,-1.404
1619609718866,0.636,0,0,0,0,-1.382
1619609718886,0.653,0,0,0,0,-1.391
1619609718906,0.646,0,0,0,0,-1.405
1619609718936,0.646,0,0,0,0,-1.354
1619609718946,0.626,0,0,0,0,-1.383
1619609718966,0.626,0,0,0,0,-1.383
1619609718986,0.653,0,0,0,0,-1.368
1619609719006,0.643,0,0,0,0,-1.363
1619609719027,0.646,0,0,0,0,-1.361
1619609719046,0.639,0,0,0,0,-1.378
1619609719066,0.646,0,0,0,0,-1.375
1619609719086,0.656,0,0,0,0,-1.363
1619609719106,0.622,0,0,0,0,-1.346
1619609719128,0.622,0,0,0,0,-1.346
1619609719146,0.643,0,0,0,0,-1.335
1619609719166,0.646,0,0,0,0,-1.318
1619609719186,0.643,0,0,0,0,-1.323
1619609719206,0.646,0,0,0,0,-1.317
1619609719227,0.643,0,0,0,0,-1.3
1619609719246,0.663,0,0,0,0,-1.334
1619609719266,0.622,0,0,0,0,-1.346
1619609719286,0.643,0,0,0,0,-1.324
1619609719306,0.639,0,0,0,0,-1.305
1619609719327,0.646,0,0,0,0,-1.334
1619609719346,0.636,0,0,0,0,-1.362
1619609719366,0.643,0,0,0,0,-1.388
1619609719386,0.643,0,0,0,0,-1.388
1619609719406,0.636,0,0,0,0,-1.419
1619609719428,0.639,0,0,0,0,-1.409
1619609719446,0.65,0,0,0,0,-1.404
1619609719466,0.636,0,0,0,0,-1.427
1619609719486,0.65,0,0,0,0,-1.397
1619609719506,0.65,0,0,0,0,-1.403
1619609719527,0.643,0,0,0,0,-1.406
1619609719546,0.653,0,0,0,0,-1.41
1619609719566,0.65,0,0,0,0,-1.347
1619609719586,0.653,0,0,0,0,-1.292
1619609719606,0.643,0,0,0,0,-1.303
1619609719627,0.65,0,0,0,0,-1.307
1619609719646,0.65,0,0,0,0,-1.307
1619609719666,0.639,0,0,0,0,-1.338
1619609719686,0.643,0,0,0,0,-1.347
1619609719706,0.646,0,0,0,0,-1.323
1619609719728,0.646,0,0,0,0,-1.321
1619609719746,0.643,0,0,0,0,-1.348
1619609719766,0.663,0,0,0,0,-1.369
1619609719786,0.626,0,0,0,0,-1.333
1619609719806,0.643,0,0,0,0,-1.32
1619609719826,0.65,0,0,0,0,-1.396
1619609719846,0.636,0,0,0,0,-1.385
1619609719866,0.65,0,0,0,0,-1.334
1619609719886,0.65,0,0,0,0,-1.338
1619609719906,0.667,0,0,0,0,-1.329
1619609719926,0.667,0,0,0,0,-1.329
1619609719946,0.619,0,0,0,0,-1.35
1619609719966,0.639,0,0,0,0,-1.354
1619609719986,0.656,0,0,0,0,-1.316
1619609720006,0.65,0,0,0,0,-1.272
1619609720026,0.646,0,0,0,0,-1.29
1619609720046,0.667,0,0,0,0,-1.323
1619609720066,0.622,0,0,0,0,-1.326
1619609720086,0.646,0,0,0,0,-1.343
1619609720106,0.646,0,0,0,0,-1.369
1619609720126,0.65,0,0,0,0,-1.385
1619609720146,0.646,0,0,0,0,-1.404
1619609720166,0.639,0,0,0,0,-1.378
1619609720186,0.663,0,0,0,0,-1.422
1619609720206,0.663,0,0,0,0,-1.422
1619609720226,0.612,0,0,0,0,-1.438
1619609720246,0.643,0,0,0,0,-1.395
1619609720266,0.646,0,0,0,0,-1.365
1619609720286,0.639,0,0,0,0,-1.338
1619609720306,0.653,0,0,0,0,-1.361
1619609720326,0.667,0,0,0,0,-1.394
1619609720346,0.616,0,0,0,0,-1.372
1619609720366,0.646,0,0,0,0,-1.332
1619609720386,0.646,0,0,0,0,-1.346
1619609720406,0.643,0,0,0,0,-1.37
1619609720426,0.643,0,0,0,0,-1.36
1619609720446,0.646,0,0,0,0,-1.313
1619609720466,0.646,0,0,0,0,-1.313
1619609720486,0.636,0,0,0,0,-1.339
1619609720506,0.643,0,0,0,0,-1.39
1619609720526,0.646,0,0,0,0,-1.403
1619609720546,0.643,0,0,0,0,-1.354
1619609720566,0.639,0,0,0,0,-1.328
1619609720586,0.646,0,0,0,0,-1.365
1619609720606,0.639,0,0,0,0,-1.386
1619609720626,0.636,0,0,0,0,-1.342
1619609720646,0.639,0,0,0,0,-1.299
1619609720666,0.639,0,0,0,0,-1.281
1619609720686,0.636,0,0,0,0,-1.326
1619609720706,0.646,0,0,0,0,-1.326
1619609720726,0.646,0,0,0,0,-1.307
1619609720746,0.646,0,0,0,0,-1.307
1619609720766,0.626,0,0,0,0,-1.312
1619609720786,0.639,0,0,0,0,-1.334
1619609720806,0.636,0,0,0,0,-1.349
1619609720826,0.633,0,0,0,0,-1.357
1619609720846,0.639,0,0,0,0,-1.333
1619609720866,0.653,0,0,0,0,-1.351
1619609720886,0.626,0,0,0,0,-1.371
1619609720906,0.633,0,0,0,0,-1.37
1619609720926,0.639,0,0,0,0,-1.358
1619609720946,0.639,0,0,0,0,-1.359
1619609720966,0.636,0,0,0,0,-1.356
1619609720986,0.646,0,0,0,0,-1.345
1619609721006,0.643,0,0,0,0,-1.395
1619609721026,0.643,0,0,0,0,-1.395
1619609721046,0.646,0,0,0,0,-1.394
1619609721066,0.653,0,0,0,0,-1.386
1619609721086,0.643,0,0,0,0,-1.406
1619609721106,0.646,0,0,0,0,-1.4
1619609721126,0.643,0,0,0,0,-1.359
1619609721146,0.67,0,0,0,0,-1.353
1619609721166,0.616,0,0,0,0,-1.356
1619609721186,0.646,0,0,0,0,-1.356
1619609721206,0.65,0,0,0,0,-1.352
1619609721226,0.643,0,0,0,0,-1.337
1619609721246,0.643,0,0,0,0,-1.351
1619609721266,0.646,0,0,0,0,-1.384
1619609721286,0.663,0,0,0,0,-1.384
1619609721306,0.663,0,0,0,0,-1.384
1619609721326,0.619,0,0,0,0,-1.357
1619609721347,0.646,0,0,0,0,-1.363
1619609721366,0.643,0,0,0,0,-1.351
1619609721386,0.646,0,0,0,0,-1.337
1619609721406,0.653,0,0,0,0,-1.324
1619609721426,0.629,0,0,0,0,-1.313
1619609721447,0.639,0,0,0,0,-1.334
1619609721466,0.646,0,0,0,0,-1.361
1619609721486,0.643,0,0,0,0,-1.351
1619609721506,0.646,0,0,0,0,-1.346
1619609721526,0.66,0,0,0,0,-1.392
1619609721546,0.66,0,0,0,0,-1.392
1619609721566,0.643,0,0,0,0,-1.375
1619609721586,0.639,0,0,0,0,-1.335
1619609721606,0.639,0,0,0,0,-1.292
1619609721626,0.65,0,0,0,0,-1.316
1619609721647,0.643,0,0,0,0,-1.348
1619609721666,0.656,0,0,0,0,-1.342
1619609721686,0.65,0,0,0,0,-1.284
1619609721706,0.612,0,0,0,0,-1.271
1619609721726,0.643,0,0,0,0,-1.292
1619609721747,0.639,0,0,0,0,-1.401
1619609721766,0.653,0,0,0,0,-1.358
1619609721786,0.653,0,0,0,0,-1.358
1619609721806,0.626,0,0,0,0,-1.344
1619609721826,0.646,0,0,0,0,-1.41
1619609721847,0.646,0,0,0,0,-1.409
1619609721866,0.65,0,0,0,0,-1.366
1619609721886,0.636,0,0,0,0,-1.336
1619609721906,0.66,0,0,0,0,-1.405
1619609721926,0.626,0,0,0,0,-1.427
1619609721946,0.646,0,0,0,0,-1.403
1619609721966,0.653,0,0,0,0,-1.354
1619609721986,0.646,0,0,0,0,-1.343
1619609722006,0.65,0,0,0,0,-1.349
1619609722026,0.643,0,0,0,0,-1.325
1619609722047,0.663,0,0,0,0,-1.335
1619609722066,0.663,0,0,0,0,-1.335
1619609722086,0.622,0,0,0,0,-1.339
1619609722106,0.646,0,0,0,0,-1.331
1619609722126,0.653,0,0,0,0,-1.302
1619609722147,0.643,0,0,0,0,-1.27
1619609722166,0.646,0,0,0,0,-1.277
1619609722186,0.643,0,0,0,0,-1.321
1619609722206,0.67,0,0,0,0,-1.386
1619609722226,0.616,0,0,0,0,-1.393
1619609722246,0.643,0,0,0,0,-1.353
1619609722266,0.653,0,0,0,0,-1.341
1619609722286,0.646,0,0,0,0,-1.343
1619609722306,0.646,0,0,0,0,-1.368
1619609722326,0.67,0,0,0,0,-1.362
1619609722346,0.67,0,0,0,0,-1.362
1619609722366,0.616,0,0,0,0,-1.343
1619609722386,0.65,0,0,0,0,-1.328
1619609722406,0.65,0,0,0,0,-1.346
1619609722426,0.65,0,0,0,0,-1.342
1619609722446,0.653,0,0,0,0,-1.342
1619609722466,0.646,0,0,0,0,-1.337
1619609722486,0.65,0,0,0,0,-1.327
1619609722506,0.646,0,0,0,0,-1.336
1619609722526,0.646,0,0,0,0,-1.354
1619609722546,0.646,0,0,0,0,-1.384
1619609722566,0.65,0,0,0,0,-1.397
1619609722586,0.643,0,0,0,0,-1.371
1619609722606,0.643,0,0,0,0,-1.371
1619609722626,0.636,0,0,0,0,-1.354
1619609722646,0.643,0,0,0,0,-1.353
1619609722666,0.646,0,0,0,0,-1.337
1619609722686,0.643,0,0,0,0,-1.333
1619609722706,0.646,0,0,0,0,-1.312
1619609722726,0.646,0,0,0,0,-1.313
1619609722746,0.626,0,0,0,0,-1.354
1619609722766,0.639,0,0,0,0,-1.338
1619609722786,0.639,0,0,0,0,-1.307
1619609722806,0.636,0,0,0,0,-1.292
1619609722826,0.636,0,0,0,0,-1.322
1619609722846,0.653,0,0,0,0,-1.351
1619609722866,0.653,0,0,0,0,-1.351
1619609722886,0.626,0,0,0,0,-1.327
1619609722906,0.646,0,0,0,0,-1.318
1619609722926,0.639,0,0,0,0,-1.329
1619609722946,0.639,0,0,0,0,-1.346
1619609722966,0.65,0,0,0,0,-1.369
1619609722986,0.643,0,0,0,0,-1.377
1619609723006,0.663,0,0,0,0,-1.372
1619609723026,0.622,0,0,0,0,-1.378
1619609723046,0.646,0,0,0,0,-1.411
1619609723066,0.639,0,0,0,0,-1.428
1619609723086,0.636,0,0,0,0,-1.41
1619609723106,0.65,0,0,0,0,-1.341
1619609723126,0.646,0,0,0,0,-1.32
1619609723146,0.667,0,0,0,0,-1.325
1619609723166,0.667,0,0,0,0,-1.325
1619609723186,0.612,0,0,0,0,-1.333
1619609723206,0.65,0,0,0,0,-1.325
1619609723226,0.646,0,0,0,0,-1.307
1619609723246,0.65,0,0,0,0,-1.305
1619609723266,0.639,0,0,0,0,-1.305
1619609723286,0.643,0,0,0,0,-1.316
1619609723306,0.663,0,0,0,0,-1.343
1619609723326,0.612,0,0,0,0,-1.347
1619609723346,0.643,0,0,0,0,-1.351
1619609723366,0.639,0,0,0,0,-1.352
1619609723386,0.643,0,0,0,0,-1.353
1619609723406,0.636,0,0,0,0,-1.337
1619609723426,0.639,0,0,0,0,-1.387
1619609723446,0.639,0,0,0,0,-1.387
1619609723466,0.633,0,0,0,0,-1.423
1619609723486,0.636,0,0,0,0,-1.398
1619609723506,0.643,0,0,0,0,-1.373
1619609723526,0.646,0,0,0,0,-1.387
1619609723546,0.646,0,0,0,0,-1.411
1619609723567,0.646,0,0,0,0,-1.388
1619609723586,0.636,0,0,0,0,-1.39
1619609723606,0.643,0,0,0,0,-1.4
1619609723626,0.65,0,0,0,0,-1.375
1619609723646,0.639,0,0,0,0,-1.347
1619609723667,0.646,0,0,0,0,-1.327
1619609723686,0.646,0,0,0,0,-1.359
1619609723706,0.646,0,0,0,0,-1.359
1619609723726,0.633,0,0,0,0,-1.366
1619609723746,0.646,0,0,0,0,-1.325
1619609723768,0.636,0,0,0,0,-1.306
1619609723786,0.646,0,0,0,0,-1.313
1619609723806,0.643,0,0,0,0,-1.326
1619609723826,0.646,0,0,0,0,-1.351
1619609723846,0.622,0,0,0,0,-1.36
1619609723867,0.633,0,0,0,0,-1.357
1619609723898,0.639,0,0,0,0,-1.336
1619609723906,0.643,0,0,0,0,-1.337
1619609723926,0.629,0,0,0,0,-1.314
1619609723946,0.65,0,0,0,0,-1.279
1619609723967,0.65,0,0,0,0,-1.279
1619609723986,0.612,0,0,0,0,-1.315
1619609724006,0.643,0,0,0,0,-1.327
1619609724026,0.633,0,0,0,0,-1.305
1619609724046,0.629,0,0,0,0,-1.335
1619609724067,0.636,0,0,0,0,-1.371
1619609724086,0.639,0,0,0,0,-1.389
1619609724106,0.656,0,0,0,0,-1.411
1619609724126,0.616,0,0,0,0,-1.39
1619609724146,0.639,0,0,0,0,-1.39
1619609724167,0.636,0,0,0,0,-1.421
1619609724186,0.646,0,0,0,0,-1.421
1619609724206,0.643,0,0,0,0,-1.397
1619609724226,0.643,0,0,0,0,-1.316
1619609724246,0.663,0,0,0,0,-1.273
1619609724266,0.663,0,0,0,0,-1.273
1619609724286,0.612,0,0,0,0,-1.307
1619609724306,0.643,0,0,0,0,-1.276
1619609724326,0.646,0,0,0,0,-1.297
1619609724346,0.633,0,0,0,0,-1.317
1619609724367,0.65,0,0,0,0,-1.322
1619609724387,0.663,0,0,0,0,-1.376
1619609724406,0.612,0,0,0,0,-1.355
1619609724426,0.643,0,0,0,0,-1.349
1619609724446,0.639,0,0,0,0,-1.33
1619609724466,0.636,0,0,0,0,-1.324
1619609724488,0.643,0,0,0,0,-1.348
1619609724506,0.646,0,0,0,0,-1.32
1619609724526,0.646,0,0,0,0,-1.32
1619609724546,0.629,0,0,0,0,-1.297
1619609724566,0.636,0,0,0,0,-1.323
1619609724586,0.639,0,0,0,0,-1.337
1619609724606,0.646,0,0,0,0,-1.337
1619609724626,0.639,0,0,0,0,-1.328
1619609724646,0.646,0,0,0,0,-1.345
1619609724666,0.639,0,0,0,0,-1.365
1619609724686,0.643,0,0,0,0,-1.336
1619609724706,0.646,0,0,0,0,-1.295
1619609724726,0.646,0,0,0,0,-1.297
1619609724746,0.639,0,0,0,0,-1.344
1619609724766,0.656,0,0,0,0,-1.375
1619609724786,0.656,0,0,0,0,-1.375
1619609724806,0.633,0,0,0,0,-1.376
1619609724826,0.643,0,0,0,0,-1.362
1619609724846,0.646,0,0,0,0,-1.361
1619609724866,0.646,0,0,0,0,-1.372
1619609724886,0.643,0,0,0,0,-1.382
1619609724906,0.66,0,0,0,0,-1.406
1619609724926,0.626,0,0,0,0,-1.407
1619609724946,0.646,0,0,0,0,-1.441
1619609724966,0.639,0,0,0,0,-1.394
1619609724986,0.65,0,0,0,0,-1.359
1619609725006,0.643,0,0,0,0,-1.369
1619609725026,0.643,0,0,0,0,-1.369
1619609725046,0.663,0,0,0,0,-1.377
1619609725066,0.626,0,0,0,0,-1.345
1619609725086,0.643,0,0,0,0,-1.325
1619609725106,0.653,0,0,0,0,-1.308
1619609725126,0.646,0,0,0,0,-1.316
1619609725146,0.643,0,0,0,0,-1.367
1619609725166,0.65,0,0,0,0,-1.383
1619609725186,0.663,0,0,0,0,-1.37
1619609725206,0.633,0,0,0,0,-1.372
1619609725226,0.639,0,0,0,0,-1.383
1619609725246,0.65,0,0,0,0,-1.355
1619609725266,0.643,0,0,0,0,-1.332
1619609725286,0.65,0,0,0,0,-1.323
1619609725306,0.65,0,0,0,0,-1.323
1619609725326,0.643,0,0,0,0,-1.314
1619609725346,0.673,0,0,0,0,-1.312
1619609725366,0.616,0,0,0,0,-1.293
1619609725386,0.65,0,0,0,0,-1.31
1619609725406,0.653,0,0,0,0,-1.357
1619609725426,0.65,0,0,0,0,-1.357
1619609725446,0.65,0,0,0,0,-1.312
1619609725466,0.65,0,0,0,0,-1.339
1619609725486,0.65,0,0,0,0,-1.342
1619609725506,0.646,0,0,0,0,-1.336
1619609725526,0.65,0,0,0,0,-1.329
1619609725546,0.639,0,0,0,0,-1.343
1619609725566,0.639,0,0,0,0,-1.343
1619609725586,0.65,0,0,0,0,-1.324
1619609725606,0.646,0,0,0,0,-1.322
1619609725626,0.643,0,0,0,0,-1.337
1619609725646,0.643,0,0,0,0,-1.364
1619609725666,0.646,0,0,0,0,-1.376
1619609725686,0.65,0,0,0,0,-1.382
1619609725706,0.646,0,0,0,0,-1.407
1619609725726,0.65,0,0,0,0,-1.428
1619609725746,0.629,0,0,0,0,-1.422
1619609725766,0.639,0,0,0,0,-1.415
1619609725786,0.653,0,0,0,0,-1.405
1619609725806,0.643,0,0,0,0,-1.383
1619609725826,0.643,0,0,0,0,-1.383
1619609725846,0.643,0,0,0,0,-1.356
1619609725866,0.656,0,0,0,0,-1.32
1619609725896,0.639,0,0,0,0,-1.314
1619609725906,0.65,0,0,0,0,-1.353
1619609725926,0.65,0,0,0,0,-1.353
1619609725946,0.65,0,0,0,0,-1.353
1619609725966,0.643,0,0,0,0,-1.368
1619609725987,0.667,0,0,0,0,-1.392
1619609726006,0.629,0,0,0,0,-1.391
1619609726026,0.643,0,0,0,0,-1.366
1619609726046,0.65,0,0,0,0,-1.338
1619609726066,0.646,0,0,0,0,-1.32
1619609726087,0.646,0,0,0,0,-1.32
1619609726106,0.656,0,0,0,0,-1.346
1619609726126,0.646,0,0,0,0,-1.361
1619609726146,0.673,0,0,0,0,-1.362
1619609726166,0.626,0,0,0,0,-1.378
1619609726188,0.646,0,0,0,0,-1.396
1619609726206,0.65,0,0,0,0,-1.365
1619609726226,0.646,0,0,0,0,-1.31
1619609726246,0.643,0,0,0,0,-1.282
1619609726266,0.646,0,0,0,0,-1.312
1619609726287,0.673,0,0,0,0,-1.313
1619609726306,0.619,0,0,0,0,-1.304
1619609726326,0.636,0,0,0,0,-1.277
1619609726346,0.65,0,0,0,0,-1.302
1619609726366,0.65,0,0,0,0,-1.302
1619609726387,0.653,0,0,0,0,-1.308
1619609726406,0.633,0,0,0,0,-1.35
1619609726426,0.653,0,0,0,0,-1.368
1619609726446,0.646,0,0,0,0,-1.378
1619609726466,0.646,0,0,0,0,-1.403
1619609726488,0.646,0,0,0,0,-1.421
1619609726506,0.636,0,0,0,0,-1.402
1619609726526,0.656,0,0,0,0,-1.379
1619609726546,0.626,0,0,0,0,-1.427
1619609726566,0.643,0,0,0,0,-1.42
1619609726586,0.643,0,0,0,0,-1.34
1619609726606,0.65,0,0,0,0,-1.314
1619609726626,0.65,0,0,0,0,-1.314
1619609726646,0.646,0,0,0,0,-1.336
1619609726666,0.66,0,0,0,0,-1.333
1619609726687,0.626,0,0,0,0,-1.277
1619609726706,0.626,0,0,0,0,-1.285
1619609726726,0.66,0,0,0,0,-1.336
1619609726746,0.629,0,0,0,0,-1.32
1619609726766,0.643,0,0,0,0,-1.304
1619609726786,0.646,0,0,0,0,-1.297
1619609726806,0.629,0,0,0,0,-1.329
1619609726826,0.622,0,0,0,0,-1.342
1619609726846,0.633,0,0,0,0,-1.36
1619609726866,0.633,0,0,0,0,-1.36
1619609726886,0.636,0,0,0,0,-1.351
1619609726906,0.633,0,0,0,0,-1.336
1619609726926,0.633,0,0,0,0,-1.322
1619609726946,0.65,0,0,0,0,-1.317
1619609726966,0.629,0,0,0,0,-1.314
1619609726986,0.633,0,0,0,0,-1.33
1619609727006,0.643,0,0,0,0,-1.327
1619609727026,0.633,0,0,0,0,-1.338
1619609727046,0.66,0,0,0,0,-1.354
1619609727066,0.646,0,0,0,0,-1.325
1619609727086,0.619,0,0,0,0,-1.325
1619609727106,0.646,0,0,0,0,-1.336
1619609727126,0.643,0,0,0,0,-1.326
1619609727146,0.643,0,0,0,0,-1.326
1619609727166,0.646,0,0,0,0,-1.333
1619609727186,0.643,0,0,0,0,-1.328
1619609727206,0.663,0,0,0,0,-1.353
1619609727226,0.643,0,0,0,0,-1.371
1619609727246,0.616,0,0,0,0,-1.385
1619609727266,0.646,0,0,0,0,-1.399
1619609727286,0.639,0,0,0,0,-1.396
1619609727306,0.643,0,0,0,0,-1.371
1619609727326,0.646,0,0,0,0,-1.347
1619609727346,0.66,0,0,0,0,-1.323
1619609727366,0.639,0,0,0,0,-1.314
1619609727386,0.619,0,0,0,0,-1.33
1619609727406,0.643,0,0,0,0,-1.333
1619609727426,0.639,0,0,0,0,-1.303
1619609727446,0.639,0,0,0,0,-1.303
1619609727466,0.643,0,0,0,0,-1.265
1619609727486,0.643,0,0,0,0,-1.259
1619609727506,0.643,0,0,0,0,-1.331
1619609727526,0.643,0,0,0,0,-1.369
1619609727546,0.643,0,0,0,0,-1.365
1619609727566,0.639,0,0,0,0,-1.329
1619609727586,0.643,0,0,0,0,-1.318
1619609727606,0.636,0,0,0,0,-1.366
1619609727626,0.646,0,0,0,0,-1.385
1619609727646,0.633,0,0,0,0,-1.377
1619609727666,0.636,0,0,0,0,-1.413
1619609727686,0.643,0,0,0,0,-1.413
1619609727706,0.643,0,0,0,0,-1.413
1619609727726,0.653,0,0,0,0,-1.392
1619609727746,0.646,0,0,0,0,-1.383
1619609727766,0.653,0,0,0,0,-1.291
1619609727786,0.633,0,0,0,0,-1.281
1619609727806,0.646,0,0,0,0,-1.34
1619609727826,0.65,0,0,0,0,-1.347
1619609727846,0.646,0,0,0,0,-1.334
1619609727866,0.646,0,0,0,0,-1.344
1619609727886,0.66,0,0,0,0,-1.384
1619609727906,0.636,0,0,0,0,-1.353
1619609727926,0.65,0,0,0,0,-1.309
1619609727946,0.643,0,0,0,0,-1.302
1619609727966,0.643,0,0,0,0,-1.302
1619609727986,0.646,0,0,0,0,-1.323
1619609728006,0.646,0,0,0,0,-1.348
1619609728026,0.646,0,0,0,0,-1.306
1619609728046,0.667,0,0,0,0,-1.323
1619609728066,0.639,0,0,0,0,-1.394
1619609728086,0.622,0,0,0,0,-1.404
1619609728106,0.646,0,0,0,0,-1.391
1619609728126,0.653,0,0,0,0,-1.37
1619609728146,0.646,0,0,0,0,-1.377
1619609728166,0.653,0,0,0,0,-1.396
1619609728186,0.667,0,0,0,0,-1.371
1619609728206,0.646,0,0,0,0,-1.365
1619609728226,0.622,0,0,0,0,-1.369
1619609728246,0.65,0,0,0,0,-1.376
1619609728266,0.65,0,0,0,0,-1.376
1619609728286,0.65,0,0,0,0,-1.361
1619609728307,0.65,0,0,0,0,-1.339
1619609728326,0.656,0,0,0,0,-1.341
1619609728346,0.65,0,0,0,0,-1.387
1619609728366,0.646,0,0,0,0,-1.42
1619609728386,0.65,0,0,0,0,-1.429
1619609728406,0.646,0,0,0,0,-1.413
1619609728426,0.65,0,0,0,0,-1.379
1619609728446,0.653,0,0,0,0,-1.36
1619609728466,0.67,0,0,0,0,-1.323
1619609728486,0.619,0,0,0,0,-1.289
1619609728507,0.643,0,0,0,0,-1.295
1619609728526,0.643,0,0,0,0,-1.295
1619609728546,0.65,0,0,0,0,-1.32
1619609728566,0.65,0,0,0,0,-1.293
1619609728586,0.65,0,0,0,0,-1.29
1619609728607,0.646,0,0,0,0,-1.334
1619609728626,0.65,0,0,0,0,-1.325
1619609728646,0.643,0,0,0,0,-1.328
1619609728666,0.643,0,0,0,0,-1.344
