1619610629384,4.6639,0.29688,13.80975,-0.00089,-0.06205,-0.76609
1619610629404,5.15711,-2.63362,9.99818,0.08219,0.15526,-0.84065
1619610629424,0.23463,2.91613,11.58793,0.03745,-0.11957,-0.77461
1619610629444,3.48116,2.99275,4.61123,0.05129,0.15419,-0.83426
1619610629464,2.70544,-1.58017,1.14442,0.0236,-0.02796,-0.80444
1619610629484,-1.10133,5.50187,9.23683,-0.05735,0.05406,-0.83107
1619610629504,-3.37103,3.84029,8.10197,0.06834,0.01145,-0.84705
1619610629524,4.41969,-0.38307,10.43871,-0.05842,-0.01411,-0.85237
1619610629544,-2.60967,6.38294,7.15387,-0.02113,0.10945,-0.93333
1619610629564,4.63517,-1.02471,3.9217,0.01614,-0.1217,-0.88326
1619610629584,-0.70389,0.38786,13.68046,0.00655,0.07856,-0.87155
1619610629604,-0.90021,-1.59453,7.32146,0.04171,0.03914,-0.78526
1619610629624,-3.23696,3.0119,10.07001,-0.07972,-0.07803,-0.7043
1619610629644,-4.2521,4.15633,9.06923,0.00762,0.03808,-0.83959
1619610629664,2.58573,1.08217,1.4844,0.12799,-0.15153,-0.77035
1619610629684,-10.97502,2.07337,11.96143,0.0236,0.0956,-0.85876
1619610629704,-2.07337,1.47003,4.19464,-0.09677,-0.02902,-0.82574
1619610629724,-1.79565,4.75488,-2.21224,0.08006,-0.02476,-0.81296
1619610629744,-7.50821,2.26012,5.80833,-0.06268,0.08175,-0.85876
1619610629764,-2.56658,9.45709,3.33272,-0.03498,-0.17923,-0.8332
1619610629784,0.18674,3.84029,3.24174,0.0204,0.01677,-0.88007
1619610629804,-0.20111,0.57939,-0.13886,0.02573,-0.03648,-0.87368
1619610629824,-4.07014,9.16021,2.07337,-0.01368,-0.18562,-0.90564
1619610629844,2.37983,2.69587,13.30218,0.09604,0.05725,-0.95783
1619610629864,6.7277,-4.44842,10.06043,-0.00089,-0.21438,-0.91842
1619610629884,-2.7629,2.05422,11.8896,-0.05522,-0.03115,-0.90031
1619610629904,-7.16823,5.3678,12.22479,0.11201,-0.07696,-0.92161
1619610629924,3.15555,1.34075,7.8434,-0.07866,-0.08442,-0.87155
1619610629944,-7.75242,6.01902,13.4171,0.05875,0.05725,-0.90883
1619610629964,-2.63841,1.83395,6.29675,-0.07227,-0.1707,-0.78206
1619610629984,-1.82917,5.70298,10.67335,0.09604,0.01677,-0.76928
1619610630004,0.60812,-0.98162,10.38604,-0.05416,-0.17283,-0.83107
1619610630024,-3.50032,2.75333,11.22401,-0.11701,0.05725,-0.78846
1619610630044,4.59686,-3.36624,9.49061,0.05982,0.0189,-0.79272
1619610630065,-3.44765,2.76769,14.96376,0.00229,-0.01731,-0.77248
1619610630084,-2.47081,-4.52982,13.42189,-0.03924,0.15313,-0.80124
1619610630104,0.18674,-4.25689,12.14817,0.00229,-0.02263,-0.81509
1619610630124,-2.25054,-0.55066,14.71955,0.08751,-0.07376,-0.81402
1619610630144,-1.01514,0.15322,19.6127,-0.05842,0.09028,-0.86942
1619610630165,2.20266,-3.06936,13.46499,0.05342,0.00932,-0.78313
1619610630184,6.84262,-5.70777,9.31344,-0.10849,-0.15472,-0.79591
1619610630204,6.09563,-3.78283,12.90474,0.00762,0.09028,-0.86302
1619610630224,-4.27604,0.06224,15.57188,0.09497,0.00612,-0.85876
1619610630244,2.58573,0.67516,4.23773,-0.03498,0.09986,-0.82574
1619610630265,7.21133,-1.01992,10.78827,-0.01794,-0.05672,-0.79911
1619610630284,8.43716,-2.73896,11.18092,0.01934,0.01464,-0.83
1619610630304,-1.61369,-0.87627,12.24394,0.07793,0.05406,-0.83426
1619610630324,3.9217,4.81234,6.68461,-0.10635,-0.03009,-0.81189
1619610630344,4.86501,-0.85712,13.51766,0.03318,-0.03115,-0.77354
1619610630364,9.09317,-1.88663,11.3102,0.10775,0.03808,-0.82468
1619610630384,5.3678,-1.34554,10.9798,0.00229,-0.00985,-0.8577
1619610630404,8.98304,-0.38307,11.07557,-0.09251,0.04767,-0.83852
1619610630424,4.10366,-1.77649,14.10184,0.08751,-0.03222,-0.84918
1619610630444,2.86346,-1.63284,5.78439,0.01934,-0.01731,-0.8332
1619610630465,1.87226,0.00957,4.38617,-0.06481,-0.00346,-0.82468
1619610630484,3.38061,-2.82515,9.36132,0.06195,0.06897,-0.83852
1619610630504,2.00155,3.86424,7.90086,0.03745,0.00932,-0.81722
1619610630524,-0.30166,4.95599,4.92247,-0.05735,0.04767,-0.76715
1619610630544,-6.67503,6.48828,6.04296,-0.06268,-0.01411,-0.80337
1619610630565,6.1914,-3.07894,2.21703,-0.05735,-0.00665,-0.75011
1619610630584,-13.7906,7.37892,5.64073,0.08858,-0.02689,-0.81296
1619610630604,-1.83874,4.60644,6.40209,0.01508,0.06791,-0.85344
1619610630624,-0.64643,-3.96958,9.16979,0.00655,-0.09507,-0.80337
1619610630644,-0.64164,2.60489,9.95509,-0.06907,0.14993,-0.81189
1619610630666,1.28808,0.2059,6.37336,0.16421,-0.01411,-0.86835
1619610630684,-4.58729,2.73417,5.12359,-0.08398,0.05512,-0.89818
1619610630704,-3.86424,2.09253,9.23683,-0.02966,-0.01091,-0.83639
1619610630724,-0.26336,0.83318,9.9072,0.02573,0.01784,-0.84172
1619610630744,2.71502,0.77093,4.93205,-0.00729,-0.06524,-0.86409
1619610630764,2.71502,0.77093,4.93205,-0.00729,-0.06524,-0.86409
1619610630784,-6.28238,4.3335,8.36055,-0.02113,-0.16431,-0.80017
1619610630804,-16.17043,8.94473,2.96402,0.09497,0.13715,-0.90244
1619610630824,-0.04309,2.6815,5.69341,-0.09038,-0.13235,-0.80017
1619610630844,-3.35667,-1.84353,10.83615,-0.03285,0.20639,-0.732
1619610630865,-0.46447,0.67516,11.47301,0.08432,0.06364,-0.86409
1619610630884,-6.54574,7.83861,12.9239,0.04171,-0.26445,-0.78846
1619610630904,-3.25611,0.07661,14.54238,-0.04777,0.10093,-0.84492
1619610630924,5.00388,-0.88585,9.81143,-0.03285,-0.1462,-0.7778
1619610630944,4.05098,-3.94564,10.91756,0.06195,0.11904,-0.72667
1619610630965,0.20111,0.12928,4.62559,0.04597,-0.22823,-0.71282
1619610630984,-4.44842,1.61369,19.6127,-0.10849,0.26391,-0.81615
1619610631004,-4.87938,3.78762,10.54406,0.13012,-0.09933,-0.781
1619610631024,-4.87938,3.78762,10.54406,0.13012,-0.09933,-0.781
1619610631044,7.09641,-15.37556,12.69405,0.02786,-0.15046,-0.72667
1619610631064,7.09641,-15.37556,12.69405,0.02786,-0.15046,-0.72667
1619610631084,4.91769,0.12928,10.80742,0.05982,-0.11318,-0.683
1619610631104,0.10055,-1.85311,9.01656,0.08219,0.02316,-0.69578
1619610631124,-2.64319,5.30076,7.00064,0.00549,-0.07057,-0.66702
1619610631144,-3.32315,-0.04788,12.25352,-0.019,-0.09507,-0.75011
1619610631164,-2.557,-1.79086,9.11712,0.13119,0.01464,-0.781
1619610631184,1.40779,-4.96078,15.17923,0.11628,-0.01944,-0.74372
1619610631204,0.19632,2.91134,19.6127,0.06621,0.02423,-0.81402
1619610631224,1.46046,0.40701,15.79694,-0.01048,-0.00239,-0.82041
1619610631244,-4.40533,7.50342,1.76692,0.01614,-0.11851,-0.85344
1619610631264,2.05901,2.13083,12.73715,0.08325,0.13715,-0.92055
1619610631284,1.80522,-0.15322,7.11077,0.06088,0.0711,-0.78206
1619610631304,-0.52672,0.59855,14.20719,-0.05309,-0.04926,-0.79165
1619610631324,-5.18584,0.36391,10.74517,0.05449,0.15313,-0.83107
1619610631344,-2.09732,5.56891,10.29506,0.0204,-0.26338,-0.83426
1619610631364,0.87627,0.83797,10.39562,-0.03498,0.15952,-0.86089
1619610631384,6.95755,-2.3942,9.28471,0.0694,-0.15046,-0.86302
1619610631404,1.19231,-1.37427,7.83861,-0.11168,0.38642,-0.82254
1619610631424,-0.50757,1.57059,13.46499,0.09284,0.07536,-0.90137
1619610631444,5.14274,-7.20654,13.03403,-0.12766,-0.25806,-0.77354
1619610631464,-0.06224,1.53228,11.71722,-0.00729,0.18295,-0.9035
1619610631484,-2.69108,0.92416,8.01099,0.00016,-0.15579,-0.89924
1619610631504,-0.35434,-1.91057,8.91121,0.12586,0.00079,-0.76396
1619610631524,-0.2059,0.37349,6.75643,0.08538,-0.24953,-0.86622
1619610631544,1.21625,1.01035,11.87524,0.07366,-0.03968,-0.87155
1619610631564,-7.29752,3.50032,-0.18674,-0.0957,0.03808,-0.9344
1619610631584,-1.81959,7.92001,4.56813,0.14717,-0.0727,-0.91416
1619610631604,2.08774,1.12048,9.31823,0.05449,0.0466,-0.95677
1619610631624,-0.43095,1.52271,6.01902,-0.14151,0.02636,-0.95464
1619610631644,-4.64953,5.09486,5.87537,-0.22247,-0.4775,-0.78952
1619610631664,-1.28329,0.2442,10.61589,-0.01155,0.33103,-0.87155
1619610631684,0.50757,4.97036,7.51779,0.06301,-0.06524,-0.86942
1619610631704,5.04697,1.35032,10.47223,-0.09144,0.08282,-0.7565
1619610631724,-1.23061,-0.82839,8.43237,-0.01687,0.02956,-0.84172
1619610631744,-0.21547,-3.50032,9.05008,-0.03072,-0.00772,-0.80657
1619610631764,-7.42202,7.99663,-0.32561,0.05982,0.09347,-0.79698
1619610631784,-2.49954,-0.95289,5.9855,0.00868,0.10732,-0.82041
1619610631804,-5.42526,-0.85712,6.02381,0.02679,-0.04713,-0.81296
1619610631824,-4.38617,3.28963,15.4426,0.03425,-0.06311,-0.83
1619610631844,-1.99676,-1.43652,15.17445,-0.0467,-0.03009,-0.86089
1619610631864,7.01979,1.58975,10.05085,0.07686,-0.0759,-0.74585
1619610631884,-3.10767,1.24019,19.23501,-0.03711,0.11158,-0.84385
1619610631904,-0.92416,1.42215,9.38048,0.02679,0.01677,-0.82681
1619610631924,1.03429,2.83473,6.13394,0.04384,-0.13235,-0.74585
1619610631944,-2.89698,2.20745,5.48272,-0.04777,0.14354,-0.84705
1619610631964,-2.20745,1.97761,13.12501,-0.02753,-0.16644,-0.77887
1619610631984,-1.00556,-2.13083,15.8113,0.01508,-0.00026,-0.77248
1619610632004,-3.15076,-2.06859,12.6318,-0.00089,-0.04713,-0.87261
1619610632024,-5.46356,4.73573,13.56075,-0.06694,-0.26977,-0.85344
1619610632044,-8.11155,-1.83874,13.56554,0.0758,0.16911,-0.86622
1619610632064,-2.65756,0.01915,16.85039,-0.06907,-0.03755,-0.81402
1619610632084,-3.57693,4.89374,7.58961,0.10669,0.03062,-0.74585
1619610632104,-6.32548,7.35977,6.65109,0.03318,0.06578,-0.83533
1619610632124,3.02148,-2.36547,16.92221,-0.22353,-0.08761,-0.85024
1619610632144,-6.2345,-8.44195,5.77002,-0.01581,-0.01837,-0.82894
1619610632164,3.83072,-3.04063,16.63491,0.10775,-0.13342,-0.81722
1619610632184,4.72136,-5.34864,8.45632,-0.06268,0.16165,-0.86196
1619610632204,-0.14844,-4.12281,10.51533,0.18552,0.02636,-0.92694
1619610632224,6.47392,-2.53785,15.93101,-0.06907,-0.13662,-0.81509
1619610632244,0.11492,-0.91937,10.9415,-0.00515,0.18189,-0.87261
1619610632264,5.25287,-3.28963,5.1188,0.10456,-0.13235,-0.79272
1619610632284,3.49074,0.59376,11.91354,-0.11807,0.08175,-0.88753
1619610632304,-1.2354,0.7422,13.94383,0.01934,0.04554,-0.83639
1619610632324,6.94318,3.9217,5.2816,0.01294,-0.10572,-0.79911
1619610632344,4.52504,2.08774,2.67671,0.00123,0.11052,-0.83959
1619610632364,-4.13239,11.42991,5.10443,0.07153,-0.38589,-0.72987
1619610632364,9.27034,-1.71903,9.88326,0.03105,0.2213,-0.80337
1619610632404,-3.45722,-3.2609,16.48168,-0.06907,-0.03542,-0.82681
1619610632424,6.58884,3.30399,8.47068,0.01188,-0.09827,-0.71921
1619610632444,-0.71347,3.22259,2.52348,0.04277,0.10626,-0.83213
1619610632464,-0.11971,4.63038,-0.7805,-0.11488,-0.22503,-0.66382
1619610632484,8.18816,1.03908,10.38125,-0.02433,0.08708,-0.9099
1619610632504,0.85712,-2.79642,12.76588,0.02892,0.03275,-0.93653
1619610632524,0.40701,4.68305,6.81389,-0.03818,-0.06631,-0.87155
1619610632544,-1.55144,-1.6089,8.58081,-0.05629,0.04447,-0.88326
1619610632564,0.07661,-2.69587,10.37646,-0.04031,-0.15366,-0.83426
1619610632585,-2.15957,-1.95845,10.66856,0.0694,0.04767,-0.88753
1619610632604,-1.37906,6.28717,2.52827,0.2782,0.21704,-1.04732
1619610632624,-4.31914,2.89698,7.08204,-0.06587,-0.13875,-0.879
1619610632644,3.18907,-1.64721,8.9591,-0.10103,0.00292,-0.88966
1619610632664,-1.10133,2.20745,9.92157,0.09497,0.08282,-0.96103
1619610632686,-0.79008,-0.09097,1.66636,-0.01261,-0.01091,-0.9099
1619610632704,-7.12514,4.63517,6.92403,0.01508,0.0221,-0.89924
1619610632724,-7.54173,6.86657,9.76834,-0.01155,0.0221,-0.91735
1619610632744,-2.52827,7.39808,8.45153,-0.11275,0.10306,-0.87794
1619610632764,0.07661,-0.61291,10.65419,-0.02007,-0.04926,-0.83107
1619610632785,1.37906,-0.19153,-2.73417,-0.13831,0.00186,-0.98979
1619610632804,-5.68862,2.58573,11.44907,0.12906,0.01571,-1.01003
1619610632824,-4.69263,1.43652,15.62934,-0.04457,0.00612,-1.0047
1619610632844,5.98071,-0.19153,9.20331,-0.00942,0.06258,-0.95144
1619610632864,-5.50666,5.09486,12.72278,-0.1202,-0.13875,-0.91735
1619610632885,-2.11168,0.66079,9.3278,0.05982,0.00506,-0.89498
1619610632904,2.4325,-0.22984,16.27099,-0.11488,-0.02902,-0.92268
1619610632924,5.15711,-4.98472,14.96376,-0.12553,-0.10679,-0.82574
1619610632944,-1.42215,4.07493,14.50407,0.05769,-0.02796,-0.88113
1619610632964,-10.92713,1.33596,12.99572,-0.10316,-0.0482,-0.93546
1619610632986,2.92571,2.71981,9.13148,0.05342,-0.32943,-0.75543
1619610633004,-7.17781,3.35188,10.87925,0.11095,0.11478,-0.7011
1619610633024,-5.72693,-0.61291,11.6023,-0.08931,-0.09933,-0.68726
1619610633044,3.07415,1.5275,13.74271,0.06408,0.00506,-0.61801
1619610633064,0.15322,-1.84832,15.4809,-0.08718,-0.00239,-0.76289
1619610633084,2.03985,-2.39899,17.78891,-0.0499,-0.05139,-0.65423
1619610633104,-1.87705,-0.93373,15.50006,0.10136,0.12756,-0.70004
1619610633124,7.34541,-10.87446,8.23126,-0.06268,-0.06844,-0.65636
1619610633144,-0.93373,-2.56179,13.03403,-0.00302,0.08282,-0.79804
1619610633164,0.4118,-2.66714,17.7123,0.0481,-0.07163,-0.75969
1619610633184,6.57447,-6.32548,15.5671,0.03532,0.04447,-0.76289
1619610633204,0.98641,4.68784,12.48336,0.07899,0.08602,-0.81296
1619610633224,7.07247,0.33518,3.39497,-0.01368,0.00932,-0.76396
1619610633244,10.35252,-1.96324,12.82334,0.1738,0.18935,-0.94505
1619610633264,8.22168,-5.5737,10.52969,-0.02326,-0.22929,-0.84492
1619610633285,-1.16358,5.90889,8.25041,-0.0467,0.11691,-0.81402
1619610633304,-2.28406,1.03429,7.71411,0.0481,0.04554,-0.85983
1619610633324,13.62779,-7.34541,11.07557,-0.01687,-0.08868,-0.81509
1619610633344,-3.49074,2.62404,7.3071,-0.00515,-0.00346,-0.85237
1619610633364,-0.37349,1.99676,5.09964,-0.09144,-0.02157,-0.83107
1619610633384,-1.73819,7.58483,6.11957,0.1216,0.06578,-0.78526
1619610633404,-2.37504,-4.0462,11.65497,0.03212,-0.03648,-0.78633
1619610633424,4.87459,-4.85065,5.97113,-0.08292,0.0498,-0.81615
1619610633444,0.01436,-4.92726,12.7994,0.03851,0.01784,-0.81509
1619610633464,2.65756,4.50588,7.60877,-0.08718,-0.12277,-0.85024
1619610633484,-2.59052,2.78206,5.78918,0.00336,0.12223,-0.81615
1619610633504,5.24809,5.75566,7.42202,0.09817,-0.05139,-0.86196
1619610633524,-1.42694,-0.59376,10.39562,-0.13512,0.00612,-0.85131
1619610633544,1.6903,2.95444,-3.53384,0.08645,-0.045,-0.91629
1619610633564,-5.3247,4.09887,6.47392,0.11947,0.03914,-0.93333
1619610633584,-6.51222,3.52905,3.61524,-0.11168,-0.01837,-0.85344
1619610633604,-5.43004,-1.8148,7.8003,0.01508,-0.05139,-0.78952
1619610633624,3.1795,0.47884,9.01656,0.01081,0.05512,-0.86196
1619610633644,-0.71347,-1.30244,6.53138,-0.02539,-0.04394,-0.81615
1619610633664,1.71424,-0.5363,9.414,0.09923,0.02636,-0.84278
1619610633684,-0.07661,2.13083,8.37012,-0.0957,-0.03542,-0.8332
1619610633704,4.44363,0.25857,5.75087,0.05236,0.03701,-0.86302
1619610633724,-4.41011,3.61045,8.74362,-0.01155,-0.03648,-0.92907
1619610633744,-1.24019,1.14921,4.82671,-0.06161,0.06258,-0.89392
1619610633764,-4.07971,1.60411,0.37349,-0.04457,-0.05033,-0.89072
1619610633784,-4.11802,-2.27449,13.74271,0.04171,0.04021,-0.86196
1619610633804,-7.28316,6.47392,10.65898,-0.04137,0.05725,-0.90244
1619610633824,-9.10754,7.35498,10.1131,0.03425,-0.09614,-0.78633
1619610633844,-6.7708,1.21146,13.90073,0.11095,0.08921,-0.86302
1619610633864,-1.98239,1.22583,7.25443,-0.12127,0.03275,-0.87368
1619610633884,0.42616,-3.77326,16.88869,-0.11062,-0.14727,-0.85663
1619610633904,-4.80276,4.69742,8.43237,0.08112,-0.01944,-0.82468
1619610633924,-2.92092,0.29688,1.7717,0.08006,-0.04181,-0.93546
1619610633944,-0.41659,-2.09732,13.69004,-0.07014,-0.06844,-0.91735
1619610633964,-4.02704,-1.38863,13.23514,0.03212,-0.10466,-0.8332
1619610633984,2.41814,-4.27604,10.64462,0.01721,-0.07057,-0.81296
1619610634004,-1.36948,2.3511,18.27254,-0.11381,-0.10998,-0.85131
1619610634024,3.28963,-0.44532,13.35485,0.00549,0.06151,-0.8055
1619610634044,-6.15788,0.77572,10.55364,0.03851,-0.05033,-0.83639
1619610634064,-2.76769,1.38384,8.37012,-0.07227,-0.05139,-0.80124
1619610634084,-3.5913,2.8491,10.62546,-0.08611,-0.10359,-0.80337
1619610634104,-2.18351,4.51067,8.16901,0.16741,-0.11744,-0.79272
1619610634124,-3.75889,-1.01035,11.17613,-0.13938,0.0988,-0.85344
1619610634144,-1.57059,1.67594,13.35485,-0.019,-0.04394,-0.82681
1619610634164,-0.6991,-0.23942,2.63841,0.10243,0.08495,-0.80763
1619610634184,1.27371,-2.26491,12.45463,-0.00622,-0.08122,-0.79591
1619610634204,-3.57214,5.05176,5.68383,-0.02007,0.08495,-0.78952
1619610634224,-3.74931,3.6727,13.43147,0.00336,-0.02263,-0.79911
1619610634244,-1.52271,6.27759,8.61912,-0.08931,-0.05246,-0.76396
1619610634264,0.37349,0.96725,11.49216,0.05556,0.08921,-0.7565
1619610634284,6.01423,-3.28484,12.44027,-0.06161,-0.15366,-0.80976
1619610634304,2.79642,3.56736,6.53138,0.0694,0.09028,-0.86516
1619610634324,-1.74776,3.57214,12.14817,0.10562,-0.05139,-0.95251
1619610634344,4.75488,3.5913,10.93671,-0.00302,-0.00026,-0.91629
1619610634364,-2.57616,3.11725,5.7796,0.06301,0.04021,-0.92161
1619610634384,-1.06781,2.87304,11.76989,-0.07972,-0.04074,-0.82574
1619610634404,2.20266,0.34476,6.72291,-0.03605,-0.06418,-0.8332
1619610634424,1.4844,6.73728,3.86424,0.00655,-0.03009,-0.77887
1619610634444,3.86903,-2.12126,10.45308,0.02892,0.03382,-0.75863
1619610634464,3.3854,-1.33596,6.36857,-0.03392,0.02743,-0.82574
1619610634484,2.92571,1.8962,10.09395,0.05662,0.05832,-0.84705
1619610634504,-2.23618,-0.84754,3.94564,-0.01261,0.0221,-0.78846
1619610634524,-2.26012,2.78206,7.80509,-0.04777,-0.03542,-0.8087
1619610634544,-1.01992,4.83628,2.48039,0.03851,0.07643,-0.77567
1619610634564,-3.83551,2.89219,4.22337,0.11521,-0.045,-0.76396
1619610634584,-2.86825,3.7158,7.1012,-0.11062,-0.00878,-0.74691
1619610634604,-9.19373,1.36948,3.20344,0.05769,0.07643,-0.77674
1619610634624,0.38786,4.36223,8.66222,0.10349,0.09241,-0.78739
1619610634644,-7.48906,5.3678,7.37414,-0.02539,-0.00452,-0.76609
1619610634664,0.34955,-0.66558,3.80199,0.0939,0.08069,-0.82574
1619610634684,1.154,-2.63362,8.78193,-0.10529,-0.03115,-0.8854
1619610634704,-2.61925,1.58496,8.2983,0.06088,0.02636,-0.88753
1619610634724,0.66079,2.93529,14.08269,-0.06268,-0.19414,-0.86089
1619610634744,-6.41167,0.79487,8.23126,0.08219,0.16911,-0.85557
1619610634764,0.38786,-0.07661,9.02614,-0.05948,-0.18349,-0.86622
1619610634784,0.42616,1.65199,9.69651,0.06514,0.1755,-0.89711
1619610634804,-9.39005,7.62313,3.94564,0.05662,0.0189,-0.85131
1619610634824,-1.54186,0.05267,6.5218,-0.11807,-0.02796,-0.81828
1619610634844,-3.28484,2.07337,3.97916,0.04384,0.07749,-0.87155
1619610634864,0.76614,-0.57939,13.9151,0.07899,-0.04713,-0.86942
1619610634884,0.5363,0.13886,13.26387,-0.00729,0.1265,-0.93227
1619610634904,-3.33272,-3.94085,13.35006,0.01401,-0.03648,-0.81935
1619610634924,-0.27293,-1.02471,14.72912,-0.01368,0.01358,-0.81509
1619610634944,-1.74297,-0.6991,11.1474,0.03638,0.03169,-0.74372
1619610634964,-0.58897,-2.57616,13.16332,-0.04137,-0.0727,-0.73626
1619610634984,3.11725,-5.89931,11.30542,0.05982,0.15419,-0.82041
1619610635006,2.06859,-6.61278,15.37077,-0.01155,-0.1984,-0.75437
1619610635024,-0.1628,0.37349,17.34838,-0.02433,0.03595,-0.77248
1619610635044,-2.6001,2.4325,14.11142,-0.2246,0.06258,-0.80337
1619610635064,-3.65355,2.53306,10.30943,0.01721,-0.00346,-0.79911
1619610635084,2.31279,-3.48595,8.2552,-0.01368,-0.02263,-0.79911
1619610635105,-2.37504,3.53384,10.4435,0.05982,0.04127,-0.86302
1619610635124,3.4237,-3.58651,7.23048,-0.03711,-0.08655,-0.74265
1619610635144,2.71502,4.13239,10.93671,0.07899,-0.14514,-0.85983
1619610635164,-2.05901,6.18182,5.67425,0.03958,-0.01731,-0.81722
1619610635184,-0.60333,-3.63439,15.08825,0.06301,-0.01731,-0.83107
1619610635204,-0.23942,5.46356,9.76355,-0.02113,0.10306,-0.879
1619610635224,-0.93852,2.69587,7.43639,0.00975,-0.03648,-0.79059
1619610635244,-3.54341,1.68551,5.05655,0.10349,0.09134,-0.84385
1619610635264,-0.99119,5.28639,11.77947,-0.03711,0.02103,-0.89498
1619610635284,5.4061,-1.61848,10.13226,-0.01474,-0.16005,-0.72134
1619610635306,1.71903,-0.26815,13.19205,-0.08398,0.22237,-0.8822
1619610635324,0.00957,1.75734,11.88002,-0.00089,-0.28895,-0.65849
1619610635344,1.39342,0.4501,15.59583,-0.01581,0.08282,-0.76715
1619610635364,6.85699,4.96078,5.65989,0.07153,0.01358,-0.76928
1619610635384,-2.71502,5.79875,8.66222,0.07793,0.06258,-0.69791
1619610635405,1.25935,2.11647,9.50976,-0.10422,0.08388,-0.77461
1619610635424,0.97683,7.91044,4.01747,0.15356,-0.09081,-0.72987
1619610635444,-4.74051,4.52025,-1.19231,-0.01368,-0.0482,-0.79698
1619610635464,2.99754,-3.4237,5.68862,-0.05948,0.03701,-0.82468
1619610635484,-6.81389,1.68072,3.64876,0.18232,0.00825,-0.77461
1619610635504,5.19541,4.28562,1.50834,0.03105,-0.09507,-0.70004
1619610635524,-6.82826,6.44997,12.80419,-0.02007,0.28309,-0.85876
1619610635544,-0.42137,-0.26815,8.34139,-0.00089,-0.17283,-0.79911
1619610635564,-0.39264,-0.62249,10.34773,-0.0467,-0.12703,-0.79378
1619610635584,2.27928,-6.98628,14.7387,0.00442,-0.05779,-0.9067
1619610635604,-7.56088,6.18182,5.14274,-0.03498,-0.07057,-0.76715
1619610635624,-9.68694,7.86734,2.46123,0.05342,0.03808,-0.85131
1619610635644,-1.97761,7.77157,6.85699,-0.09996,-0.21225,-0.88966
1619610635664,-4.09408,2.56658,7.9248,0.13865,0.17869,-0.9035
1619610635684,0.54108,1.43652,9.91678,-0.03498,-0.12809,-0.92161
1619610635705,-2.28885,-1.45567,6.18182,0.02999,0.03062,-0.85344
1619610635724,-0.84275,-3.25132,7.0581,0.05449,-0.00878,-0.90564
1619610635744,-0.02394,3.05021,13.04361,-0.16175,-0.23462,-0.87794
1619610635764,-5.33907,-6.0669,6.58884,-0.28212,-0.1462,-0.77461
1619610635784,-3.3423,3.4237,4.1276,0.00123,-0.03328,-0.81296
1619610635804,-5.63595,5.33428,10.14662,0.14504,-0.00239,-0.79272
1619610635824,3.69664,0.49799,10.17056,0.14504,0.02743,-0.8055
1619610635844,0.72783,-0.4501,16.51999,-0.02433,-0.00985,-0.86729
1619610635864,2.50433,-1.22583,11.02769,0.06195,0.04767,-0.88646
1619610635884,-6.91445,-4.65911,12.74194,-0.08185,-0.0205,-0.89179
1619610635904,5.38216,-8.38928,17.10896,-0.02326,0.09667,-0.88433
1619610635924,1.22104,-1.65199,10.27591,-0.03818,0.00612,-0.9099
1619610635944,-1.49877,-1.79565,13.64216,0.04064,-0.04926,-0.89924
1619610635964,-1.4844,-0.52193,15.3181,0.06514,0.14034,-0.90137
1619610635984,-4.12281,2.40856,12.70842,-0.08931,0.04021,-0.87794
1619610636004,0.29688,0.91458,14.46097,-0.01155,0.0743,-0.84598
1619610636024,-3.07415,1.03908,7.17302,-0.02007,0.11158,-1.00151
1619610636044,6.14352,-2.2697,14.54238,-0.00089,-0.12064,-0.94931
1619610636064,6.32548,-1.86268,13.85763,-0.02859,0.0711,-0.99725
1619610636084,-1.95845,2.53785,12.24394,-0.02859,0.03062,-0.99405
1619610636104,6.9336,2.39899,10.84094,0.02466,-0.04926,-0.91096
1619610636124,-1.4413,-1.61848,14.78659,0.01081,0.01251,-0.88753
1619610636144,4.85544,-4.88896,17.00841,-0.00302,-0.10892,-0.8822
1619610636164,4.72136,-4.32392,10.32858,-0.0712,-0.03861,-0.87155
1619610636184,0.90021,-0.79487,9.50976,0.05023,0.08495,-0.88859
1619610636204,3.02627,-1.39821,10.67335,-0.05842,-0.09187,-0.82787
1619610636224,0.32561,-2.55221,11.49695,-0.03392,0.05086,-0.89072
1619610636244,3.16034,-5.19062,12.20085,-0.13618,-0.1739,-0.88113
1619610636264,6.88093,1.00077,15.88313,-0.03498,0.1233,-0.88007
1619610636284,-4.87938,7.53215,8.96867,0.0236,0.07217,-0.83
1619610636304,3.26569,2.74375,5.42047,-0.06374,-0.08548,-0.80017
1619610636324,17.29571,6.83784,13.9534,0.00016,0.04127,-0.88113
1619610636344,3.11725,-7.63271,7.11077,-0.09038,0.12436,-0.76822
1619610636364,1.53228,0.00478,14.93503,-0.08505,-0.03968,-0.78633
1619610636384,3.51947,1.11569,7.28795,0.04703,0.04234,-0.78206
1619610636404,-2.26012,1.91057,3.65355,0.18126,-0.07057,-0.77248
1619610636424,9.20331,-5.861,12.22,-0.05735,0.07643,-0.84172
1619610636444,-4.86022,-0.26815,6.66066,0.05023,0.06578,-0.78952
1619610636464,0.2873,-3.48595,15.61019,0.01081,-0.02796,-0.73093
1619610636484,-7.90565,5.59764,6.79953,-0.0467,0.10093,-0.88753
1619610636504,6.10521,-5.05655,4.18027,0.09817,-0.05459,-0.82148
1619610636524,1.00556,2.08774,10.90319,-0.08611,0.02636,-0.85557
1619610636544,2.806,-0.68953,3.94085,0.03105,0.04127,-0.80763
1619610636564,0.91937,1.49398,11.48738,-0.02326,-0.06311,-0.74052
1619610636584,-0.55545,3.08373,8.72925,-0.10422,0.16804,-0.90244
1619610636604,0.00957,2.49475,4.42448,0.01294,-0.1494,-0.83426
1619610636624,-5.51624,2.86346,16.45295,0.07366,0.09134,-0.88326
1619610636644,3.65834,-3.95043,8.36534,0.02679,-0.04181,-0.8545
1619610636664,-4.38617,-0.42137,11.88002,0.00762,-0.02263,-0.75863
1619610636684,-3.64397,1.01514,10.68771,-0.03498,-0.08761,-0.81296
1619610636704,0.59855,1.39821,9.93114,0.01827,-0.00452,-0.79485
1619610636724,-4.11323,-3.94085,16.12734,0.04064,-0.06205,-0.77674
1619610636744,-5.37258,0.6177,5.65989,-0.10635,0.06258,-0.74372
1619610636764,-0.51714,1.84353,6.51222,0.16315,0.01251,-0.78846
1619610636784,-1.82917,0.56024,9.86411,0.07153,-0.01837,-0.79272
1619610636804,1.98718,-1.2354,12.87601,-0.18199,-0.02476,-0.85557
1619610636824,-1.81001,5.88015,6.15309,0.09071,-0.02689,-0.80124
1619610636844,1.10612,-0.72304,10.93671,-0.03498,0.01464,-0.77354
1619610636864,-3.97916,-1.83874,17.78891,-0.05735,-0.05992,-0.81828
1619610636884,0.03351,-1.84353,6.56011,-0.00302,0.05938,-0.79485
1619610636904,-4.30477,2.30322,11.98058,0.11414,-0.07163,-0.77248
1619610636924,4.09887,-4.06535,12.07156,-0.02113,0.01784,-0.732
1619610636944,0.45489,-2.91134,14.04917,0.0236,0.05832,-0.76715
1619610636964,8.02057,-4.79798,13.50808,0.01934,-0.04287,-0.79591
1619610636984,6.32548,-0.02394,16.0603,0.10456,0.03275,-0.77461
1619610637004,3.35667,-2.87304,13.78102,0.03638,0.00292,-0.74052
1619610637024,2.65756,2.91134,8.36534,0.00229,-0.00452,-0.80657
1619610637044,1.28329,-2.7246,15.42344,0.04171,-0.05459,-0.75756
1619610637064,2.01112,-7.36935,15.48569,-0.03285,0.07004,-0.85876
1619610637084,0.12449,-0.73262,10.47702,-0.01155,0.06578,-0.88326
1619610637104,7.80988,-1.07739,13.91031,0.00336,-0.0759,-0.85024
1619610637124,-3.46201,1.3599,6.74207,0.01934,0.07643,-0.87581
1619610637144,-0.70868,4.05577,12.31098,0.04171,0.0221,-0.87687
1619610637164,10.11789,-0.02873,8.27436,-0.05735,-0.13448,-0.8332
1619610637184,1.49877,-0.93373,11.74595,-0.00729,0.18189,-0.88113
1619610637204,0.63206,0.76135,10.98459,0.07899,-0.19947,-0.83213
1619610637204,2.69587,2.92092,14.73391,-0.00302,0.11691,-0.79165
1619610637244,0.75177,0.01436,10.65419,-0.03498,-0.00559,-0.86835
1619610637264,6.95276,2.66235,4.94163,0.04703,-0.05885,-0.7778
1619610637284,-0.39743,2.24097,12.06198,-0.00942,0.00825,-0.88326
1619610637304,3.22738,1.76213,8.90643,-0.12979,-0.10146,-0.83
1619610637325,1.81959,2.67192,4.90811,0.08538,-0.03222,-0.79804
1619610637344,-3.42849,5.86579,10.55364,0.07686,-0.11638,-0.85024
1619610637364,-1.0295,-1.78128,3.61524,0.04703,-0.03009,-0.86516
1619610637384,-8.54251,10.91756,0.91937,-0.03498,0.01571,-0.9589
1619610637404,-4.27604,5.88973,4.27604,0.01934,-0.21438,-0.83
1619610637424,5.00867,2.82515,8.03494,0.03318,0.05832,-0.87581
1619610637444,-2.99754,3.36624,5.7365,-0.09038,-0.17923,-0.89818
1619610637464,3.25611,1.53707,6.03338,-0.06055,-0.11211,-0.90031
1619610637484,0.14844,0.58897,10.83615,0.10882,-0.02263,-0.9099
1619610637504,-1.34554,1.02471,6.54574,-0.1756,-0.05139,-0.87687
1619610637524,-13.50329,6.71334,4.61602,0.05129,-0.06737,-0.8577
1619610637544,-4.59207,4.14675,3.48595,0.10136,-0.05033,-0.89392
1619610637564,3.96,0.8667,12.0955,-0.13299,0.05725,-0.92588
1619610637584,-0.9481,-1.12527,8.12113,0.07473,0.01464,-0.79698
1619610637604,-1.5658,-1.01035,17.50161,-0.0435,0.01571,-0.79911
1619610637625,-9.05965,4.52025,6.10521,-0.05309,0.01784,-0.78313
1619610637644,-1.93451,1.06302,1.26892,0.07153,-0.02476,-0.74265
1619610637664,-4.63038,2.71023,1.47482,0.05769,0.05299,-0.80444
1619610637684,-5.90889,-1.36469,17.86074,-0.06694,-0.01837,-0.83639
1619610637704,2.64319,-1.95366,10.55843,0.04916,-0.01091,-0.67341
1619610637725,6.67024,-0.19153,12.7563,0.05342,0.05299,-0.81828
1619610637744,3.93606,-2.57137,16.79771,-0.07227,-0.03115,-0.78846
1619610637764,5.31991,-2.22181,12.72757,0.08964,0.12543,-0.82361
1619610637784,-4.92247,-1.47961,15.81609,-0.01474,-0.09614,-0.8332
1619610637804,5.29118,-6.65109,19.42655,-0.0957,0.10412,-0.85024
1619610637825,2.67192,-4.0845,9.414,0.02679,-0.08974,-0.84811
1619610637844,-0.42137,-3.60566,8.43237,-0.02326,0.01784,-0.86196
1619610637864,-5.99508,-0.19153,14.62857,-0.03605,0.0711,-0.84385
1619610637884,-2.20745,1.53228,6.76122,0.07473,-0.08335,-0.78206
1619610637904,-5.25766,-0.80924,10.81221,0.05342,0.07217,-0.84705
1619610637924,1.65199,0.84275,15.98847,-0.06801,-0.01198,-0.91842
1619610637944,6.12436,-0.61291,12.87122,0.10456,0.06045,-0.77354
1619610637964,1.24977,-2.55221,10.319,0.00016,0.08495,-0.84918
1619610637984,2.86346,-0.86191,16.90785,-0.12233,-0.08974,-0.83746
1619610638004,4.51067,-5.31033,11.01811,0.1003,0.07536,-0.84172
1619610638025,0.64164,-3.57214,8.37491,-0.07972,-0.04287,-0.88859
1619610638044,-2.56179,-4.84586,15.79215,0.05023,0.1446,-0.81828
1619610638064,3.27047,-1.11569,6.54574,-0.01687,0.02423,-0.80017
1619610638084,2.71981,-0.84275,14.74828,0.07793,-0.08548,-0.72348
1619610638104,5.88973,-3.34709,10.16099,-0.08505,0.12543,-0.84598
1619610638124,2.23618,1.49877,10.98459,0.01721,-0.06844,-0.80976
1619610638144,2.12126,-0.72783,2.78206,-0.00515,0.0498,-0.82894
1619610638164,2.12605,-1.22583,6.36378,-0.00089,0.0743,-0.89072
1619610638184,4.5394,-0.59855,17.62611,-0.05096,-0.17177,-0.76502
1619610638204,-1.88184,2.34631,8.98783,-0.0467,0.08282,-0.81509
1619610638224,1.95845,1.71903,9.27034,0.08219,0.07962,-0.83213
1619610638244,2.5187,-9.56244,12.37323,0.03638,-0.11957,-0.79911
1619610638264,6.37336,-1.88663,8.0924,0.03212,0.01997,-0.88326
1619610638284,-2.01591,2.77248,14.9446,0.01188,-0.09507,-0.88433
1619610638304,2.96881,-2.03985,6.41167,-0.02859,-0.0205,-0.84278
1619610638324,-5.20978,-0.44053,6.50744,-0.01581,-0.01198,-0.92588
1619610638344,8.81545,3.44286,3.75889,0.02999,-0.05779,-0.86302
1619610638364,2.21224,-0.18195,6.29675,0.05662,0.07962,-0.87261
1619610638384,-1.06781,1.88184,9.53371,-0.16388,-0.11851,-0.81509
1619610638404,1.04866,3.64397,11.04205,0.00229,0.0988,-0.77674
1619610638424,-1.65678,6.33026,1.23061,0.08751,0.1265,-0.81402
1619610638444,-2.11647,5.19062,3.61524,-0.13192,-0.21864,-0.74691
1619610638464,-2.49475,9.88805,3.02627,0.06834,0.1233,-0.75224
1619610638484,-3.67749,2.65277,7.49863,-0.06268,-0.12703,-0.77035
1619610638504,-5.40131,0.44532,9.14585,0.08112,-0.06631,-0.7011
1619610638524,-4.51067,5.5306,7.48427,0.07686,0.01997,-0.74904
1619610638544,3.68707,-0.42137,8.13549,-0.00729,0.03382,-0.68832
1619610638564,2.59052,2.31279,9.73003,0.0758,0.0434,-0.71069
1619610638584,-4.16112,-1.2354,10.11789,0.05342,-0.09614,-0.71708
1619610638604,-5.93762,0.47884,7.11077,-0.05203,-0.03968,-0.83107
1619610638624,-4.13239,5.6982,5.62637,0.01081,-0.08655,-0.76076
1619610638644,-2.87304,-0.08619,0.07182,0.04703,-0.05139,-0.76502
1619610638664,0.34955,-4.72615,3.98874,-0.13938,-0.03115,-0.79591
1619610638684,1.5275,-1.31202,9.44273,0.04597,0.05193,-0.85663
1619610638704,-5.43004,1.5275,10.54406,0.13971,-0.07057,-0.84705
1619610638724,-1.94888,-0.19632,15.40908,-0.12659,-0.0237,-0.84492
1619610638744,-0.83318,1.61369,9.93114,0.22387,0.02636,-0.81935
1619610638764,-2.4756,-3.7158,16.54393,-0.00515,-0.08548,-0.79591
1619610638784,-6.07648,4.14196,8.15943,-0.13512,0.09134,-0.91522
1619610638804,-0.51714,5.88494,5.41568,0.12054,-0.04394,-0.83852
1619610638824,5.2816,0.72783,9.71088,0.08751,-0.11318,-0.82468
1619610638844,-3.41413,-3.06936,17.46809,0.10349,0.36405,-0.84918
1619610638864,3.0119,0.11492,12.53125,0.12267,-0.34008,-0.7533
1619610638884,5.81312,-6.95276,19.6127,0.00868,0.29907,-0.84918
1619610638904,2.78685,-3.85466,8.9591,0.10882,-0.10572,-0.83426
1619610638924,2.2266,0.95289,13.47456,-0.06055,-0.0759,-0.69365
1619610638944,0.79966,-0.90979,15.9358,0.02573,0.13928,-0.84385
1619610638964,2.91134,-2.2266,12.36365,-0.0499,-0.05352,-0.80657
1619610638984,9.02135,-5.612,12.66053,-0.00729,0.33848,-0.9312
1619610639004,-2.55221,-2.25054,16.26141,-0.05629,-0.24527,-0.87368
1619610639024,0.73741,0.01436,19.6127,-0.04777,0.05938,-0.94079
1619610639044,-3.69185,-1.55144,15.91665,0.05556,-0.01518,-0.96742
1619610639064,1.55623,-5.85621,16.77856,0.12054,-0.22184,-0.84385
1619610639084,0.09576,-0.43574,6.02381,0.05662,0.08602,-0.97701
1619610639104,2.94965,2.00155,6.55532,0.02999,-0.25592,-1.0047
1619610639124,3.03105,-1.62805,15.59583,0.18232,0.06258,-0.9035
1619610639144,5.26724,-2.44208,10.20887,-0.02966,0.0711,-0.94825
1619610639164,-4.93205,5.70298,9.94072,0.12054,-0.13342,-0.8822
1619610639184,15.23191,-5.99986,14.72434,0.00868,0.11158,-0.92801
1619610639204,0.00478,-1.25456,3.56736,-0.3748,-0.3241,-0.78313
1619610639224,1.84832,2.71502,5.34385,0.07899,0.09347,-0.76928
1619610639244,-3.2178,7.12035,9.63905,0.08645,0.07856,-0.90031
1619610639264,-0.40701,6.66066,-0.53151,-0.12446,-0.1494,-0.7533
1619610639284,-3.04542,0.5746,5.37737,0.00655,0.29374,-0.89285
1619610639304,-0.37349,3.2992,12.22479,-0.01794,-0.10892,-0.83639
1619610639324,4.27604,0.6991,7.91523,0.00549,0.0189,-0.81296
1619610639344,-0.97204,1.58975,11.38682,0.06514,0.16698,-0.8822
1619610639364,5.88973,1.73819,11.04205,0.00762,-0.1249,-0.79804
1619610639384,2.49954,4.09887,6.16746,-0.03498,0.00506,-0.87474
1619610639404,2.05422,1.13006,10.11789,0.05129,0.03382,-0.86196
1619610639424,-0.51714,2.64319,12.28225,-0.08398,-0.09294,-0.80017
1619610639444,-1.46046,8.6287,2.32237,0.00016,0.10199,-0.86196
1619610639464,2.29364,3.61045,-0.45489,0.13758,-0.02796,-0.87474
1619610639484,-0.10055,3.78283,2.14999,-0.00835,0.05299,-0.89818
1619610639504,-8.1307,0.13407,12.99572,-0.05309,0.00506,-0.85237
1619610639524,-1.81959,4.31435,8.45153,0.01614,-0.1494,-0.72454
1619610639524,-5.60722,5.46356,10.05085,0.05449,0.03701,-0.72774
1619610639564,-6.2345,-4.59686,15.12177,-0.02326,-0.06205,-0.78526
1619610639584,-1.38384,2.86346,2.50433,-0.06907,-0.02902,-0.84705
1619610639604,-2.6815,-1.70946,10.2807,0.03851,-0.08335,-0.83426
1619610639624,-3.05021,6.73249,9.9886,-0.00515,-0.00665,-0.85557
1619610639646,-3.49553,6.16267,3.24653,0.01827,-0.03435,-0.82148
1619610639664,-3.10288,7.24964,4.2521,0.01081,0.00719,-0.87048
1619610639684,-4.01268,-3.03584,16.86954,-0.19797,0.02103,-0.86302
1619610639704,-0.02873,0.05267,13.04361,0.09923,-0.06205,-0.77035
1619610639724,-1.83874,1.30244,14.61899,-0.0467,-0.11211,-0.83746
1619610639744,1.97761,-0.7422,9.71088,0.00442,0.12436,-0.85237
1619610639764,-12.74673,7.69975,8.73404,0.13225,0.00506,-0.8545
1619610639784,4.2904,-0.86191,-0.21547,-0.05203,-0.11957,-0.8023
1619610639804,-1.99676,-0.39264,11.3964,-0.01581,0.21598,-0.90564
1619610639824,0.33039,-1.67594,15.91665,0.00655,-0.13555,-0.85131
1619610639845,0.80924,-1.57059,13.62779,0.04597,0.08282,-0.91629
1619610639864,-1.8148,-3.24653,7.9248,-0.01048,0.07323,-0.90777
1619610639884,-7.14908,0.84754,17.42499,0.05129,-0.0205,-0.82041
1619610639904,-2.3942,-4.03183,19.6127,-0.04883,0.12969,-0.87794
1619610639924,3.78283,-1.69988,11.14261,0.10349,-0.42743,-0.75437
1619610639945,-0.2059,-1.6903,13.36922,-0.10103,0.24367,-0.79165
1619610639964,2.34152,-2.54743,14.48013,-0.06268,-0.00346,-0.84918
1619610639984,2.00155,-3.56736,9.05487,0.0758,-0.14407,-0.62973
1619610640004,2.31758,-1.39821,9.01177,-0.03711,0.21491,-0.8854
1619610640024,-3.055,-1.43652,14.48013,-0.03711,-0.18988,-0.72134
1619610640047,1.26892,-2.2266,14.36999,-0.03498,-0.0727,-0.86089
1619610640064,4.64475,-6.42124,11.1043,0.10456,-0.05033,-0.85237
1619610640084,-0.14844,3.99831,11.65976,0.04277,0.03382,-0.82787
1619610640104,-0.8667,-1.92493,6.90487,-0.00302,-0.1004,-0.84492
1619610640124,7.60398,-2.70544,8.06367,-0.08611,-0.04074,-0.79272
1619610640144,1.14442,-0.4932,7.40766,0.03958,-0.03009,-0.88966
1619610640165,-1.21146,2.18351,4.56334,0.29737,0.16804,-0.96316
1619610640184,-1.00077,1.97282,12.63659,-0.05203,0.16591,-1.04732
1619610640204,-0.15801,-0.32561,7.18739,-0.05416,-0.18668,-0.89072
1619610640224,8.30787,-3.10288,8.81066,0.03958,-0.04287,-1.00577
1619610640244,6.05733,-0.6991,7.73327,-0.07972,0.03808,-1.05371
1619610640264,-3.76368,-3.06936,11.3533,-0.0499,0.03275,-1.00257
1619610640284,1.93451,2.97359,10.76911,-0.00196,0.02103,-0.97488
1619610640304,5.18105,4.99909,-0.2442,-0.01794,0.05299,-1.02388
1619610640324,-2.04464,2.66714,14.59026,-0.23632,0.13608,-0.97381
1619610640344,-0.26815,2.62404,5.83706,0.03958,-0.05352,-0.79911
1619610640364,0.00957,2.02549,6.13394,-0.00729,0.03808,-0.87155
1619610640384,4.21858,-2.16914,2.35589,-0.08718,0.05086,-0.9312
1619610640404,0.47405,5.89452,5.96635,0.04384,-0.04926,-0.89605
1619610640424,1.14921,0.52672,13.32612,-0.11168,-0.12064,-0.84278
1619610640444,5.93762,9.26556,-2.48996,-0.02859,0.06791,-0.93653
1619610640464,-7.17302,7.02458,7.58961,0.05129,-0.0205,-0.83426
1619610640484,0.89543,3.73016,10.51054,-0.16707,-0.16964,-0.8023
1619610640504,-4.30477,3.55778,8.71489,-0.04883,0.03808,-0.90777
1619610640524,-0.15801,5.07091,8.12592,-0.02326,-0.13129,-0.8854
1619610640544,-2.00634,-2.11647,11.94227,-0.05629,-0.1462,-0.77887
1619610640564,-4.94163,-0.56503,12.77067,0.07899,0.00825,-0.74904
1619610640584,1.79565,-1.44609,16.31409,-0.25762,-0.22716,-0.71389
1619610640604,-5.34385,-1.93451,11.02769,0.05342,0.20319,-0.79272
1619610640624,-3.25132,-2.36068,14.4897,-0.03285,-0.21012,-0.72134
1619610640644,-3.76368,-0.38307,11.17134,-0.11381,0.19574,-0.75969
1619610640664,0.11013,-2.65756,16.17522,0.03958,-0.12064,-0.70856
1619610640684,-0.80924,-1.65199,7.01022,0.0449,0.10093,-0.71495
1619610640704,-6.3159,3.5482,6.51222,0.02466,-0.03435,-0.76182
1619610640724,-7.15387,5.15711,14.65251,0.01401,-0.04181,-0.68726
1619610640744,4.36702,-3.28005,10.80742,0.03532,0.12863,-0.71282
1619610640764,3.70622,-7.39329,18.88067,-0.08718,-0.01624,-0.67554
1619610640784,-7.3071,0.89064,16.26141,0.07473,0.11478,-0.81402
1619610640804,-0.91458,-1.31202,14.30296,0.05556,0.06684,-0.84065
1619610640824,2.03028,-7.11556,10.4866,0.11308,0.05832,-0.86622
1619610640844,2.30801,3.22259,13.73792,-0.10422,-0.12916,-0.80763
1619610640864,2.1883,0.4932,8.8777,0.01827,0.19574,-0.7842
1619610640884,-6.40688,1.2354,11.77947,0.11628,-0.18668,-0.87155
1619610640904,0.05746,1.79086,15.61498,-0.03605,0.14354,-0.82041
1619610640924,-2.42293,2.33674,2.08774,0.00442,-0.09294,-0.85131
1619610640944,11.07078,-2.80121,13.12501,0.09604,0.03701,-0.81189
1619610640964,7.96311,-7.13472,10.62546,0.00336,0.13076,-0.90031
1619610640984,7.06289,-3.78762,14.14973,-0.06694,-0.1952,-0.79165
1619610641004,7.12514,-6.83305,11.97579,0.03532,0.12436,-0.81402
1619610641024,11.13782,-4.68305,19.6127,-0.03605,-0.13981,-0.80337
1619610641044,11.13782,-4.68305,19.6127,-0.03605,-0.13981,-0.80337
1619610641064,0.06703,0.9481,2.89698,-0.04457,0.05406,-0.80976
1619610641084,1.96803,0.20111,7.65665,0.09284,0.08069,-0.83959
1619610641104,-1.53228,1.7334,4.18506,-0.02753,-0.03328,-0.81083
1619610641124,-0.84275,0.23463,4.97515,0.03745,0.05086,-0.85237
1619610641144,6.28238,-2.44687,11.7651,-0.04563,-0.05566,-0.8023
1619610641164,2.25054,0.74699,11.51611,0.02253,0.05193,-0.83746
1619610641184,2.01112,3.54341,1.35032,0.00975,-0.03755,-0.81828
1619610641204,6.09084,-5.93762,7.00064,0.05023,-0.02476,-0.88007
1619610641224,1.84353,5.69341,2.95444,-0.00515,0.06045,-0.87474
1619610641244,5.21457,-0.55066,9.11712,-0.02859,-0.17496,-0.8023
1619610641264,-1.10612,0.26815,7.96311,0.09923,0.19041,-0.87581
1619610641284,2.31279,-0.3687,10.06522,-0.08505,-0.03755,-0.81828
1619610641304,8.92079,2.66714,14.60463,0.02253,-0.03755,-0.81509
1619610641324,0.65601,3.79241,11.64539,-0.01368,0.02636,-0.85344
1619610641344,-0.49799,9.1219,12.9239,0.0236,0.0711,-0.88007
1619610641364,-3.58651,5.82269,10.67335,-0.03072,0.00079,-0.82254
1619610641384,-1.75734,2.17393,6.15309,0.03425,-0.02902,-0.8577
1619610641404,0.15322,-0.30166,6.2728,-0.00942,0.08602,-0.86942
1619610641424,0.47884,2.60967,6.08127,-0.02326,-0.1952,-0.86729
1619610641444,-0.97683,0.45968,4.84586,0.03212,-0.01518,-0.95996
1619610641464,-4.78361,3.61045,0.79008,0.04703,-0.05566,-0.94079
1619610641484,-2.4756,-1.67115,10.68771,-0.09783,-0.15153,-0.81083
1619610641504,-3.48116,2.56179,7.37892,-0.10849,0.03595,-0.83746
1619610641524,-1.07739,5.0757,5.97113,-0.01048,-0.23355,-0.69578
1619610641544,-5.18584,2.94486,9.9072,-0.05309,0.1446,-0.85024
1619610641564,-4.92726,-1.61369,9.43794,-0.03605,-0.16325,-0.82148
1619610641584,-10.91756,3.53863,6.72291,0.00229,0.00825,-0.76609
1619610641604,-6.63672,0.4932,6.54095,0.00975,-0.07376,-0.84811
1619610641624,-6.8953,4.75967,8.2169,0.03532,-0.1771,-0.76396
1619610641644,2.96881,-3.78762,10.74996,0.04171,0.01038,-0.86196
1619610641664,-4.1276,0.71826,10.75475,0.04384,-0.09081,-0.83
1619610641684,-8.74841,5.82748,12.51688,0.02786,0.15419,-0.84278
1619610641704,-3.03584,-0.0814,7.38371,-0.06587,-0.03009,-0.89072
1619610641724,10.53927,-6.76601,12.43548,0.05556,-0.05246,-0.81402
1619610641744,-3.92649,-0.35434,14.33647,-0.00515,0.18935,-0.95677
1619610641764,1.58496,0.65122,16.84081,-0.03392,-0.21971,-0.84492
1619610641784,6.33026,-1.0295,8.15465,-0.02646,0.06897,-0.86516
1619610641804,-2.23618,-1.45567,12.07635,0.01934,0.04447,-0.9035
1619610641824,-0.64164,-1.71903,14.06832,-0.03392,-0.02157,-0.86089
1619610641844,3.65355,10.03649,9.27034,0.0758,0.04234,-0.92161
1619610641864,-7.45075,3.05021,19.6127,-0.06907,-0.10253,-0.85663
1619610641884,2.48518,2.02549,6.29196,0.05449,0.07962,-0.80337
1619610641904,1.95366,0.02873,12.22479,0.00868,-0.13662,-0.781
1619610641924,0.56503,-0.31124,14.14015,-0.03179,0.05832,-0.7842
1619610641944,-2.81079,3.88818,13.42668,0.04064,-0.05459,-0.72241
1619610641965,-7.92001,5.39653,13.86721,0.00229,0.09134,-0.78739
1619610641984,1.56101,-3.61045,10.25197,-0.00942,-0.02263,-0.73839
1619610642004,1.71903,-0.74699,6.99106,0.10136,0.0189,-0.85663
1619610642024,-0.90021,-1.27371,9.71088,-0.10422,0.0221,-0.86302
1619610642044,1.58496,-1.1109,9.75397,0.07153,0.04554,-0.84918
1619610642066,-0.35434,2.81558,10.47223,-0.02326,-0.05992,-0.81935
1619610642084,1.37906,-2.00155,10.46266,-0.04457,0.0253,-0.77887
1619610642104,5.53539,1.06302,-0.33039,0.10349,0.09134,-0.87474
1619610642124,5.24809,-1.87705,9.75397,-0.04777,0.01571,-0.8577
1619610642144,7.80509,-6.62236,10.86967,-0.0467,0.02956,-0.8087
1619610642164,-1.39821,3.96479,14.60463,0.06195,0.06045,-0.92481
1619610642184,1.24498,-2.26491,10.3621,0.09817,-0.04287,-0.8577
1619610642204,3.76847,4.88417,7.82903,-0.11381,-0.04713,-0.86622
1619610642224,-1.11569,0.7422,4.7453,0.04597,0.05299,-0.80017
1619610642244,-4.97993,0.83797,3.69664,-0.00942,-0.03968,-0.81296
1619610642265,0.26815,-1.16358,2.36547,-0.03392,0.02956,-0.74158
1619610642284,2.46123,-0.30166,2.26491,0.06088,-0.03328,-0.77248
1619610642304,2.94486,3.34709,6.21534,-0.07227,0.04447,-0.8055
1619610642324,-8.48505,6.21055,1.30244,0.03105,0.05832,-0.87368
1619610642344,-2.15957,6.65109,7.08204,0.00975,-0.0972,-0.83852
1619610642365,-3.85945,7.89128,7.32146,-0.03711,0.11265,-0.89924
1619610642384,8.00621,1.43652,4.13718,0.06727,-0.08016,-0.90137
1619610642404,-4.02704,3.7541,8.00621,0.00762,0.15313,-0.85131
1619610642424,3.22738,-0.76135,2.15957,0.01081,-0.02689,-0.85024
1619610642444,-0.55066,2.85867,9.28471,-0.02646,-0.13555,-0.72241
1619610642466,-2.37983,-0.56024,9.00219,0.0236,0.1478,-0.83746
1619610642484,-4.17069,4.28083,9.72524,-0.01474,-0.11638,-0.79272
1619610642504,-3.11725,6.60799,10.78348,0.03851,0.08921,-0.82787
1619610642524,-1.27371,1.35032,11.19049,-0.0222,-0.05139,-0.76076
1619610642544,-5.69341,4.24252,10.72123,0.05556,-0.12596,-0.74798
1619610642564,-10.64462,1.02471,9.23204,0.03638,0.27137,-0.87581
1619610642584,-4.79319,-0.60333,10.01255,-0.1234,-0.15046,-0.8087
1619610642604,3.92649,-0.28251,3.40455,0.04277,-0.00559,-0.79059
1619610642624,-13.57512,5.30076,1.72861,0.16528,0.15632,-0.83746
1619610642644,-2.98317,-0.5363,16.98925,-0.15323,-0.15046,-0.76182
1619610642665,-4.52504,1.05344,12.72757,0.0481,0.06364,-0.84278
1619610642684,4.00789,-3.16034,10.58237,0.07153,-0.1771,-0.82468
1619610642704,2.62404,-0.3687,12.16733,-0.16921,0.10093,-0.86196
1619610642724,-6.22492,1.31202,14.80574,0.17913,0.06258,-0.89392
1619610642744,3.91691,1.80043,15.94538,-0.01261,-0.12383,-0.81083
1619610642764,1.35032,-2.17393,10.31422,0.10669,0.1233,-0.90777
1619610642784,0.5746,2.61446,9.83059,0.00549,-0.15792,-0.81935
1619610642804,4.88417,-4.51067,12.34929,-0.09464,-0.03861,-0.77141
1619610642824,7.16823,3.38061,6.73249,-0.05842,0.00079,-0.82041
1619610642844,8.8777,-3.63918,18.39704,0.01721,-0.05885,-0.74052
1619610642864,0.60333,-0.28251,16.07467,0.01827,0.06791,-0.7565
1619610642884,9.25119,1.34554,17.53513,-0.04137,-0.11957,-0.74691
1619610642904,4.29998,-2.81079,10.22802,0.02892,0.16058,-0.78526
1619610642924,1.84353,0.11971,7.37414,-0.02539,-0.02796,-0.83213
1619610642944,6.95276,-5.19541,12.60786,0.0939,0.11158,-0.81615
1619610642964,1.86268,-3.16513,14.59026,-0.07546,-0.13235,-0.80976
1619610642984,-0.23463,-2.31279,11.78904,0.0758,0.07004,-0.81296
1619610643004,4.86501,-0.63206,11.50174,0.07899,-0.00452,-0.78313
1619610643024,4.54898,-4.15154,8.79629,-0.05309,0.04021,-0.73945
1619610643044,-0.7422,1.97282,5.27203,0.07153,0.15419,-0.78633
1619610643064,-1.32638,0.38307,9.99818,-0.02966,-0.19947,-0.74691
1619610643084,-0.31124,-1.08217,9.20809,0.05449,0.24048,-0.84918
1619610643104,-4.17548,-0.29688,15.36119,0.0449,-0.12703,-0.81296
1619610643124,5.41089,-5.2002,11.3102,-0.02113,-0.09827,-0.73093
1619610643144,-1.16837,-3.97916,11.71722,0.10136,0.02636,-0.8822
1619610643164,7.36456,-0.0383,2.81079,0.03105,-0.26338,-0.78952
1619610643184,-3.82593,4.3335,11.33415,-0.06055,0.11371,-0.87794
1619610643204,-3.44765,2.54743,10.59194,0.03105,0.0988,-0.9035
1619610643224,-1.63763,-1.02471,6.53138,0.00868,-0.00133,-0.87048
1619610643244,11.17134,0.11013,8.46589,0.10669,-0.08761,-0.96955
1619610643264,-0.04788,1.35511,5.99986,-0.06055,-0.24847,-0.83107
1619610643284,0.28251,1.8148,3.88339,-0.03179,-0.18988,-0.84918
1619610643304,1.57538,0.27293,8.75799,0.05769,0.11584,-0.90777
1619610643324,0.42616,4.81234,8.9591,0.01827,-0.07696,-0.81189
1619610643344,-6.48828,4.30477,6.98628,-0.04244,0.04234,-0.96316
1619610643364,-0.6991,7.69017,0.64643,0.02466,0.00186,-0.94185
1619610643384,-3.59609,2.0638,9.48103,0.03318,0.01784,-0.9035
1619610643404,1.50834,0.17717,6.13394,-0.11488,0.02636,-0.85876
1619610643424,-0.96246,5.00867,4.14675,0.00762,0.01784,-0.82574
1619610643444,-5.12359,4.06056,4.33829,0.00229,-0.07803,-0.77248
1619610643464,-6.05254,1.43173,8.24084,0.05449,0.0956,-0.80976
1619610643484,-2.20745,6.67024,6.10042,0.00549,0.13608,-0.84065
1619610643504,-0.87627,0.25378,9.59596,-0.06374,0.18189,-0.81296
1619610643524,-7.30231,5.3247,5.88973,0.01294,-0.05566,-0.85983
1619610643544,-6.15788,-2.65756,11.46822,-0.07653,-0.01837,-0.92694
1619610643564,12.10029,-5.56891,14.21676,-0.05096,0.12436,-1.00577
1619610643584,-9.7013,-4.29519,7.47469,-0.03818,-0.10253,-0.96529
1619610643604,0.5363,4.88417,8.99262,0.05556,-0.01411,-0.87261
1619610643624,-6.74686,0.81881,16.58702,-0.02433,0.04234,-0.93653
1619610643644,-5.30076,-2.78685,13.43147,-0.06374,-0.14514,-0.8822
1619610643664,1.43652,-8.12592,13.38358,0.01294,-0.0237,-0.85983
1619610643684,-5.96156,-1.52271,9.3709,0.02466,0.1233,-0.92588
1619610643704,1.91536,-2.57137,17.78891,-0.05096,-0.08122,-0.81615
1619610643724,-5.49708,2.0207,15.67723,-0.01155,0.02316,-0.8577
1619610643744,-4.47236,0.09576,7.60877,-0.06268,-0.17603,-0.8023
1619610643764,-0.66079,-0.21068,7.9248,0.03851,0.03914,-0.8087
1619610643784,-0.21068,0.73262,7.78115,-0.03924,-0.05352,-0.781
1619610643804,0.27772,-2.17872,9.62947,-0.00835,-0.03861,-0.74052
1619610643824,0.04309,-0.40222,14.14494,-0.06268,0.09667,-0.81828
1619610643844,3.57693,-4.78361,15.82567,0.07473,0.10199,-0.74691
1619610643864,-2.96881,2.19308,10.50575,-0.01048,-0.0237,-0.81722
1619610643884,1.14442,-0.31603,10.0317,-0.04883,0.07536,-0.75224
1619610643904,2.52827,-2.98796,13.15853,0.11201,0.00399,-0.77035
1619610643924,3.55299,-0.91937,12.87122,-0.01581,-0.02157,-0.82787
1619610643944,3.57693,3.36624,3.55299,0.00336,0.00399,-0.85876
1619610643964,4.7453,-3.96958,13.69483,-0.07227,0.03595,-0.85983
1619610643984,5.6551,2.66714,6.73728,0.09284,0.01145,-0.78846
1619610644004,11.6837,-6.90966,9.24161,-0.04031,-0.06098,-0.86835
1619610644024,6.3973,-3.14598,4.87459,0.0204,0.0253,-0.86409
1619610644044,1.18752,3.21301,3.96,-0.09357,-0.05992,-0.83107
1619610644064,-3.29442,1.28329,13.06276,0.14397,0.04234,-0.79591
1619610644084,3.97916,2.30322,-1.7334,-0.08611,0.06897,-0.83959
1619610644104,-2.67671,1.92972,7.47469,0.07047,0.13076,-0.89285
1619610644124,0.79008,-1.91057,10.32858,-0.02646,-0.18136,-0.8055
1619610644144,9.76355,-0.6177,9.60553,0.06621,0.16698,-0.82468
1619610644164,1.8579,2.15957,8.63349,-0.08079,-0.21438,-0.73306
1619610644185,5.41568,-0.86191,10.13226,0.00549,0.13928,-0.70643
1619610644204,-2.33195,2.86825,5.5306,-0.0222,-0.06311,-0.81722
1619610644224,6.1914,-2.26491,-0.25857,-0.01368,-0.08229,-0.77567
1619610644244,-3.51947,-0.03351,5.82269,0.0236,0.10306,-0.82468
1619610644264,2.05422,4.07014,3.12682,-0.02113,-0.16857,-0.72134
1619610644285,-2.16914,2.76769,10.71644,0.10988,0.12436,-0.81083
1619610644304,-3.81635,1.69988,3.30878,-0.05842,-0.16964,-0.77354
1619610644324,-0.58418,2.97838,-0.02394,-0.01794,0.05512,-0.80017
1619610644344,1.63284,1.63763,1.403,0.01188,-0.02583,-0.75863
1619610644364,2.52348,8.07324,5.72693,0.10243,-0.08122,-0.71176
1619610644385,-1.68551,6.14352,7.40766,-0.01048,0.15206,-0.83533
1619610644404,-3.12682,1.82438,4.11323,0.10882,-0.10679,-0.74265
1619610644424,1.39821,-0.43095,15.49048,-0.08292,0.21385,-0.76822
1619610644444,0.7422,0.85233,9.03571,0.11841,-0.12383,-0.80763
1619610644464,4.90332,3.17471,14.88714,0.03851,0.16698,-0.77993
1619610644485,0.23463,0.79966,10.25197,0.02147,-0.02263,-0.83639
1619610644504,-2.58573,3.7158,11.08036,-0.02007,-0.03115,-0.8023
1619610644524,-2.08774,-2.11647,6.10521,0.08112,0.00719,-0.83639
1619610644544,-4.707,0.8667,11.92791,-0.06374,0.0466,-0.78313
1619610644564,-7.45075,1.65678,7.3885,-0.01474,0.01038,-0.76928
1619610644584,-14.25986,2.87783,12.74673,0.01827,-0.07696,-0.74691
1619610644604,-4.71657,0.86191,4.50588,0.04703,0.10626,-0.83746
1619610644624,-7.90565,2.40377,6.86657,-0.06481,-0.03009,-0.83639
1619610644644,-0.01436,2.07337,8.20253,0.15356,0.04447,-0.7842
1619610644664,-1.79565,1.09654,11.26711,-0.019,-0.08229,-0.83959
1619610644684,-4.21379,-0.28251,11.17613,-0.02113,0.02103,-0.88753
1619610644704,3.19865,1.98718,11.50653,0.07899,0.02743,-0.87581
1619610644724,6.81389,-6.78037,10.94629,0.00442,-0.0695,-0.84278
1619610644744,-1.26892,4.27604,4.52025,0.03638,-0.02902,-0.86302
1619610644764,-1.22583,-1.53228,14.33647,-0.00409,-0.05352,-0.92374
1619610644786,5.57849,-5.45878,15.16487,0.01934,0.15526,-0.91629
1619610644804,3.39497,-3.11246,7.48427,-0.05629,-0.16857,-0.83
1619610644824,6.57926,-5.31512,18.21987,-0.02646,-0.10679,-0.83213
1619610644844,4.54419,1.59453,-0.80924,0.05556,-0.01518,-0.93866
1619610644864,7.87213,-2.1021,14.50407,-0.11914,-0.09614,-0.88753
1619610644884,0.2442,-2.59531,16.68758,0.06514,0.01358,-0.91309
1619610644904,6.27759,-3.08852,11.23838,0.04277,-0.1217,-0.90564
1619610644924,-1.7334,3.7541,8.09719,0.00655,0.01358,-0.9344
1619610644944,-0.68474,-1.16837,5.87537,-0.01687,-0.18562,-0.83533
1619610644964,-5.21935,5.24809,10.6111,-0.05416,-0.14727,-0.81296
1619610644985,1.87226,0.52193,-0.10534,0.08432,0.02743,-0.82254
1619610645004,-3.06936,1.29765,11.5592,-0.09464,-0.0972,-0.87368
1619610645024,-0.58897,3.88818,4.50588,0.04064,-0.03648,-0.78846
1619610645044,1.7717,2.49954,6.11,0.01401,-0.02157,-0.86622
1619610645064,-0.18195,2.89698,8.77235,-0.06801,-0.0727,-0.83852
1619610645085,1.63284,-3.24653,16.48647,-0.05842,0.04447,-0.92588
1619610645104,8.38928,2.19308,10.08437,-0.01261,-0.03861,-0.83533
1619610645124,2.40856,1.18752,7.08204,0.00655,-0.01518,-0.80124
1619610645144,-1.99676,1.154,8.00621,-0.01155,0.07323,-0.86409
1619610645164,-2.30801,8.20732,0.13407,0.04064,-0.03009,-0.7778
1619610645184,0.52672,1.40779,4.30477,0.0481,0.0498,-0.87261
1619610645204,1.06781,-1.73819,6.43561,-0.04244,-0.0237,-0.85557
1619610645224,-0.65122,4.24731,2.54264,-0.02646,0.06791,-0.82254
1619610645244,-0.62249,3.94564,0.57939,0.00016,0.06258,-0.81935
1619610645264,-2.15478,6.24407,3.78762,0.00123,-0.14301,-0.71282
1619610645284,5.2433,1.77649,2.29843,-0.00729,-0.05459,-0.73413
1619610645304,-1.92493,8.33182,2.74375,0.07793,-0.08548,-0.77674
1619610645324,-4.02704,2.95923,9.80665,-0.00942,0.0956,-0.76715
1619610645344,-5.41568,-2.12126,5.861,0.05556,0.00506,-0.83107
1619610645364,-2.24576,8.84896,6.80432,-0.09144,-0.16218,-0.79059
1619610645384,-4.98472,4.35265,1.1109,0.12693,0.18402,-0.83746
1619610645404,-5.87537,8.57603,3.14119,-0.02326,-0.03115,-0.83533
1619610645424,-0.22026,1.19231,4.54898,-0.05309,-0.11638,-0.76396
1619610645444,3.10767,1.95845,7.74284,0.14291,0.11478,-0.83852
1619610645464,1.95366,-3.67749,10.93192,-0.07014,-0.0972,-0.79591
1619610645484,-1.64721,2.37504,14.11621,-0.04137,0.10626,-0.79485
1619610645504,-0.24899,-3.055,7.06289,-0.02859,-0.07803,-0.79591
1619610645524,-10.37168,-2.49954,10.25675,-0.02539,-0.03328,-0.79485
1619610645544,-10.10353,4.90811,8.97346,0.10349,0.03488,-0.84385
1619610645564,-5.60243,1.09654,8.16901,-0.06801,-0.01624,-0.85983
1619610645584,-3.3423,1.73819,15.773,0.01294,-0.05459,-0.81935
1619610645604,3.25611,-5.44441,7.11556,0.05662,-0.03861,-0.79911
1619610645624,2.69587,-5.36301,15.03079,-0.04031,0.07962,-0.83426
1619610645644,2.22181,-1.88184,12.47858,0.03851,-0.03542,-0.85876
1619610645664,3.66791,-0.5746,14.10184,0.04916,0.06578,-0.80763
1619610645684,3.25132,-2.37504,17.3819,0.03532,0.1755,-0.87687
1619610645704,1.18273,1.2785,10.37168,-0.00302,-0.0205,-0.84065
1619610645724,1.91057,1.81001,14.33169,-0.09357,-0.1217,-0.82894
1619610645744,-2.64798,-4.63517,11.98058,0.02573,0.0434,-0.85131
1619610645764,2.11168,4.3335,12.41154,-0.04031,0.0189,-0.87581
1619610645784,1.47482,3.24174,14.00129,-0.15855,0.00719,-0.75117
1619610645804,4.29998,0.89064,9.60553,0.0726,-0.00239,-0.79378
1619610645824,3.55299,-4.38617,11.83214,0.05662,-0.03435,-0.82894
1619610645844,4.14196,-2.73417,16.69237,-0.07866,-0.09294,-0.83746
1619610645864,2.83473,-4.24731,16.07467,0.06301,0.09773,-0.77035
1619610645884,5.26724,0.37828,15.62934,-0.09783,-0.13662,-0.77567
1619610645904,-0.32561,4.37181,13.24951,0.06301,0.10732,-0.84918
1619610645924,1.5275,3.76368,1.50834,-0.11275,-0.29427,-0.76609
1619610645944,2.54743,-3.30878,5.80354,0.03425,0.23196,-0.82254
1619610645964,-5.38216,3.84029,13.72835,0.06408,-0.13022,-0.78739
1619610645984,-4.13239,-2.6001,12.14817,-0.00409,0.02423,-0.70324
1619610646004,0.06224,-0.0814,12.5935,-0.12127,0.09347,-0.8055
1619610646024,-1.54665,1.62326,7.37414,-0.00089,-0.06418,-0.76715
1619610646044,4.47236,-1.05823,5.4492,0.0694,0.11584,-0.69258
1619610646064,-9.30865,1.53228,9.73003,0.11628,0.05725,-0.69897
1619610646084,0.74699,3.48595,-0.80924,0.08112,0.02103,-0.7565
1619610646104,5.22414,-5.87058,7.84819,-0.16601,0.00292,-0.77887
1619610646124,-4.01268,4.77403,8.42758,0.07793,-0.08122,-0.71921
1619610646144,-1.24498,2.41335,8.81066,0.04703,-0.01411,-0.7533
1619610646164,0.88106,-0.52672,2.86346,0.11841,-0.06844,-0.77567
1619610646184,1.07739,0.06703,8.45632,-0.07014,-0.06098,-0.732
1619610646204,2.57137,-4.38138,-2.26012,-0.01048,-0.05566,-0.76928
1619610646224,-5.49708,3.98395,3.97437,0.14291,-0.00239,-0.82787
1619610646244,4.14196,8.01099,-2.40856,-0.07227,-0.1494,-0.75756
1619610646264,-0.80445,4.69742,8.07803,-0.0467,0.06791,-0.83852
1619610646284,5.17147,3.90254,5.06134,0.10669,-0.16538,-0.75437
1619610646304,-0.68474,1.3599,5.88494,0.04916,0.11904,-0.87155
1619610646324,2.81079,8.68616,11.78426,-0.01474,-0.06418,-0.88433
1619610646344,-1.47961,3.76847,5.07091,0.10136,0.11371,-0.83852
1619610646364,-1.1109,5.17626,-0.90979,-0.06694,-0.16644,-0.90777
1619610646384,4.8698,4.59207,8.30787,0.07153,0.09347,-0.8854
1619610646404,3.15555,-2.69587,9.71088,0.01614,0.00719,-0.93333
1619610646424,-0.41659,5.58806,13.05797,0.03745,0.12543,-0.93546
1619610646444,-4.60644,5.0374,4.70221,0.13119,0.18402,-0.79591
1619610646464,3.42849,5.9424,7.27837,-0.12233,-0.07057,-0.67021
1619610646484,2.25533,-0.90979,12.02846,0.0236,0.08602,-0.76396
1619610646504,-4.48194,6.19619,1.41736,0.01508,-0.06524,-0.72348
1619610646524,-4.50109,3.59609,16.15607,-0.02859,-0.00239,-0.74585
1619610646544,-6.45955,0.37349,9.11233,0.06727,-0.01198,-0.74478
1619610646564,-1.05823,-2.53785,17.5878,-0.13618,0.22983,-0.71389
1619610646584,-10.77869,6.1914,13.82412,0.03425,-0.05139,-0.7533
1619610646604,-2.71981,3.18428,13.93425,0.09604,0.02316,-0.86196
1619610646624,-3.61524,-1.34075,14.7818,-0.07546,-0.02583,-0.90137
1619610646644,-2.74375,-0.11971,17.04192,-0.0744,-0.03435,-0.90137
1619610646664,5.38216,-4.89853,11.33415,0.12586,-0.08761,-0.81296
1619610646684,0.23942,-0.02394,12.19127,0.04171,-0.20905,-0.89285
1619610646705,0.67995,-2.74854,15.5671,-0.01687,0.0988,-0.97275
1619610646724,1.75255,-5.30076,9.39484,-0.00622,-0.16751,-0.94718
1619610646744,3.41892,-3.83551,17.12333,0.15995,0.02636,-0.93333
1619610646764,-4.9943,1.17315,12.16733,-0.05629,0.01038,-1.04092
1619610646784,4.15154,-1.62326,14.77222,-0.20542,-0.02796,-0.93866
1619610646806,1.01514,-1.83874,13.09149,0.03638,-0.26338,-0.8023
1619610646824,6.04296,2.78685,11.69807,0.08538,0.11904,-0.89924
1619610646844,0.92895,-0.11971,16.00763,-0.10849,-0.15686,-0.76076
1619610646864,9.50019,-1.2354,11.066,0.07473,0.10626,-0.76928
1619610646884,-0.54108,0.74699,16.3907,-0.02326,0.08602,-0.84385
1619610646904,6.34942,0.47884,13.05318,0.03532,0.05725,-0.7288
1619610646924,2.05901,-1.53707,4.96557,-0.03605,0.04447,-0.80657
1619610646944,0.81402,6.70376,6.7708,-0.019,0.08388,-0.8023
1619610646964,0.05267,-0.37349,10.24239,-0.06587,-0.15046,-0.81509
1619610646984,-2.3511,-3.65834,9.77313,0.15889,0.09028,-0.83746
1619610647004,4.06535,1.64721,19.6127,-0.15429,-0.13235,-0.85237
1619610647024,1.46046,-1.68072,6.7708,-0.08505,0.08495,-0.85131
1619610647044,1.403,0.14844,6.33984,0.11947,0.14887,-0.81189
1619610647064,-3.85466,2.04943,4.02225,-0.11062,-0.07483,-0.8055
1619610647084,7.75242,-0.26815,4.59686,-0.02646,0.08708,-0.85237
1619610647105,-1.45567,6.63672,8.36055,0.03532,-0.11744,-0.80337
1619610647124,8.49941,-3.77326,4.83628,-0.01155,-0.07696,-0.78633
1619610647144,-3.08852,-0.87148,9.30865,-0.00942,-0.11211,-0.85663
1619610647164,-2.04943,4.68784,1.81959,0.01508,-0.09294,-0.83107
1619610647184,-1.38384,3.29442,5.50187,0.06408,-0.04287,-0.84278
1619610647205,-0.56982,-3.63918,15.51921,-0.03605,-0.03328,-0.74798
1619610647224,2.04464,2.57616,2.38462,-0.04563,-0.03115,-0.80017
1619610647244,3.25611,2.59052,3.26569,0.04597,-0.0237,-0.79485
1619610647264,-7.89607,6.81389,5.34864,-0.13725,0.00825,-0.8332
1619610647284,3.37582,-0.44532,4.60644,-0.06161,-0.09294,-0.76396
1619610647304,4.79798,2.23618,9.43794,-0.0435,-0.04713,-0.81722
1619610647324,-3.90733,5.74608,2.45166,-0.08611,-0.02689,-0.77567
1619610647344,-3.56736,2.21224,10.15141,0.15889,0.06684,-0.79591
1619610647364,-2.38462,1.4844,9.54328,0.0204,-0.01731,-0.85557
1619610647384,-3.15076,-0.92895,8.84896,0.01508,0.0956,-0.86835
1619610647404,-1.47003,6.79474,6.08127,-0.03179,-0.02583,-0.86835
1619610647424,-3.72058,5.31033,6.03338,-0.05842,0.01464,-0.83107
1619610647444,-7.3071,1.5658,12.31098,-0.05309,-0.00878,-0.85876
1619610647464,-2.24097,-1.45088,8.15943,-0.04777,0.03382,-0.84811
1619610647484,-4.91769,4.56813,9.5385,0.02147,0.06578,-0.8332
1619610647504,-5.2816,1.98718,10.87925,0.00442,-0.03009,-0.85237
1619610647524,10.6925,-2.56658,10.1131,0.08219,-0.33902,-0.8055
1619610647544,-5.65989,1.22104,6.69897,0.0481,0.3225,-0.879
1619610647564,-3.79241,-2.1883,13.32133,-0.13405,-0.1494,-0.87048
1619610647584,-3.36624,3.50989,9.66778,0.0449,0.00932,-0.7075
1619610647604,-4.18506,1.06781,17.39626,-0.0435,0.03062,-0.83746
1619610647624,-9.05487,5.31512,15.74427,-0.04031,-0.02796,-0.77887
1619610647644,-0.84754,-1.80522,9.64384,-0.05203,-0.2229,-0.77567
1619610647664,-2.87783,-4.09408,10.45787,-0.08398,0.0498,-0.88966
1619610647684,-3.65834,2.67192,16.38591,0.10136,0.01677,-0.85237
1619610647704,2.806,-3.99352,14.48013,0.00868,-0.09081,-0.76076
1619610647724,-4.49152,-3.35667,12.15296,-0.12659,-0.03328,-0.85344
1619610647744,-1.65199,0.70389,9.56723,0.21108,0.10732,-0.84278
1619610647764,4.42448,0.90979,19.6127,0.17273,0.09454,-0.95783
1619610647784,-3.93127,-0.38307,13.78102,0.02573,-0.18029,-0.82148
1619610647804,11.65976,-6.94797,14.50886,-0.02433,0.10093,-0.88646
1619610647824,9.73003,-1.4413,18.14326,0.03532,0.04767,-0.96209
1619610647844,-1.95845,1.40779,10.03649,0.03532,-0.03009,-0.86622
1619610647864,1.18273,5.31512,4.56334,-0.03605,0.02423,-0.95783
1619610647884,5.09007,-3.2609,8.82023,-0.0499,0.05193,-0.99725
1619610647904,-1.62326,5.01345,14.57111,0.0449,-0.10253,-0.91948
1619610647924,4.29519,1.10133,6.81389,-0.24484,0.12863,-0.9557
1619610647944,11.71243,-1.57059,5.74129,-0.12127,0.04021,-0.94505
1619610647964,3.16992,-2.57137,9.63905,0.03745,-0.14088,-0.91948
1619610647984,-14.04917,-0.7422,2.85388,-0.06694,0.14354,-1.05158
1619610648004,-1.31681,2.35589,11.41076,0.03105,0.04234,-0.88753
1619610648024,5.41568,1.07739,11.07078,0.00016,-0.13448,-0.82041
1619610648044,3.39018,-2.17393,10.25197,-0.10955,-0.0237,-0.87687
1619610648064,1.41736,1.64721,10.57758,0.15249,0.02103,-0.86409
1619610648084,-1.15879,4.85065,8.56166,-0.07972,-0.10892,-0.84065
1619610648104,0.68474,-0.61291,10.02212,-0.09464,0.03488,-0.82894
1619610648124,-1.63284,7.33583,10.7739,0.00016,-0.13981,-0.85131
1619610648144,-7.33104,5.6982,7.20654,-0.07759,-0.08442,-0.84918
1619610648164,-3.36624,5.21935,7.68059,0.01934,-0.2474,-0.81615
1619610648184,-1.14442,4.98951,6.84741,0.00336,0.18295,-0.76715
1619610648204,3.06936,-0.54108,4.00789,-0.08398,-0.19414,-0.74265
1619610648224,-3.4668,-0.33997,10.61589,-0.06907,0.04554,-0.76076
1619610648244,-4.83149,4.63038,6.40688,-0.09251,-0.03755,-0.77887
1619610648264,0.38307,6.79953,5.43483,0.06301,-0.04181,-0.76609
1619610648284,-9.33738,10.41477,7.78594,0.09071,0.151,-0.77141
1619610648304,1.49398,-2.15957,6.18661,-0.1234,-0.13662,-0.75224
1619610648324,0.12449,-0.44053,12.22,0.00868,0.11478,-0.80763
1619610648344,-0.33997,-1.79565,5.91367,0.06834,-0.12703,-0.66595
1619610648364,-2.01112,4.46279,9.22246,0.06088,0.13289,-0.80763
1619610648384,-1.95366,0.97683,12.91911,0.01721,0.06151,-0.781
1619610648404,2.60967,0.93373,4.50588,0.08751,0.01251,-0.72667
1619610648424,-15.12656,10.63025,10.83615,0.177,0.24048,-0.86089
1619610648444,-1.92014,0.7805,3.76368,-0.06055,-0.21118,-0.73413
1619610648464,-3.73495,6.64151,13.35006,-0.08718,0.11691,-0.87261
1619610648484,1.8148,-0.91458,8.05409,0.11628,0.05938,-0.88646
1619610648504,-0.14844,-1.63284,7.35019,-0.04137,-0.14833,-0.74052
1619610648524,3.53384,-5.17147,15.08347,-0.00409,0.08708,-0.83213
1619610648544,-8.0924,4.0845,8.22168,-0.08931,-0.08229,-0.78313
1619610648564,-1.28808,-5.36301,16.2279,0.05129,-0.06205,-0.83
1619610648584,-2.14999,-3.20344,9.10275,0.05129,0.08921,-0.9099
1619610648604,-3.39018,1.2785,11.95185,-0.02113,-0.06524,-0.76928
1619610648624,-3.44286,-1.17315,17.40105,-0.05096,0.13182,-0.7842
1619610648644,3.99352,-2.44687,13.68525,0.02679,-0.01837,-0.83
1619610648664,11.21444,3.3854,10.39083,0.01081,-0.02157,-0.8055
1619610648684,0.81402,1.20667,6.88093,0.00336,-0.0759,-0.92268
1619610648704,-3.68707,0.90979,12.76588,-0.019,0.1201,-0.88646
1619610648724,-1.84832,-2.32237,6.96233,-0.03711,-0.11638,-0.83213
1619610648744,-3.4668,0.96725,16.55829,0.06514,0.08175,-0.82468
1619610648764,1.29286,-2.28406,15.71554,0.00123,-0.0205,-0.83426
1619610648784,3.98395,2.43729,15.43302,0.02466,0.09986,-0.84811
1619610648804,1.69988,-4.22337,19.6127,-0.06587,-0.07803,-0.80763
1619610648824,3.76847,1.77649,13.12501,0.02679,-0.00026,-0.89072
1619610648844,2.92092,0.68474,16.79771,0.05342,0.06791,-0.83426
1619610648864,3.1795,3.15555,14.4083,-0.1234,-0.1004,-0.78633
1619610648884,3.34709,-3.09809,11.48259,0.09817,0.02956,-0.80017
1619610648904,0.26815,-0.66558,16.82644,-0.01261,0.05938,-0.96742
1619610648924,-1.01992,3.68228,15.04995,-0.11701,-0.14194,-0.78739
1619610648944,3.41413,0.18195,12.90953,0.04916,0.08069,-0.84065
1619610648964,-5.31033,4.69742,10.07958,0.06408,0.04234,-0.86196
1619610648984,-6.63672,5.12359,9.15542,-0.01474,-0.01304,-0.84065
1619610649004,-0.57939,-1.4413,14.78659,-0.0467,0.05938,-0.85344
1619610649025,6.60799,4.51067,11.21444,0.01827,-0.03968,-0.85237
1619610649044,-19.6127,10.25197,8.44674,0.03532,-0.05672,-0.79698
1619610649065,0.5746,1.81959,5.59764,0.02679,-0.05779,-0.97062
1619610649084,1.43652,1.52271,10.81221,-0.01474,-0.01837,-0.96636
1619610649104,3.08373,1.98718,8.37012,-0.09357,-0.0759,-0.90244
1619610649126,-2.40377,-0.09576,9.36132,0.03318,-0.17283,-0.83107
1619610649144,-5.13795,4.15154,10.6111,-0.09464,0.01997,-0.79591
1619610649164,0.85712,-0.5363,6.67024,-0.01368,-0.03755,-0.79804
1619610649184,-0.96246,-0.38307,8.17859,-0.04137,-0.13448,-0.80763
1619610649204,1.23061,-4.54898,9.69651,-0.08398,-0.00026,-0.80444
1619610649224,1.30723,-4.32871,7.80509,0.0694,-0.15259,-0.79378
1619610649244,-9.06923,10.8984,3.2992,-0.02539,-0.05992,-0.7842
1619610649264,1.06781,0.63685,-1.04866,0.02253,-0.09933,-0.77674
1619610649284,5.22893,-3.57214,10.568,0.12054,0.01464,-0.88966
1619610649304,-2.37025,2.2266,9.93593,-0.04031,0.00079,-0.83959
1619610649324,-3.84508,4.49152,9.39484,0.10349,0.08282,-0.84492
1619610649344,-3.07894,3.45722,4.48194,-0.10849,-0.0237,-0.90031
1619610649364,-2.01112,2.26012,4.65911,0.08964,0.0711,-0.95357
1619610649384,-11.0229,4.85065,13.73792,-0.02859,-0.00878,-0.88753
1619610649404,-1.99197,3.15555,4.20421,0.00549,0.02849,-0.87794
1619610649425,-2.27928,0.43095,6.62236,-0.06694,-0.01411,-0.82148
1619610649444,1.98239,0.55066,13.06276,0.05236,0.00825,-0.88646
1619610649464,-0.08619,-2.83952,15.80173,-0.03711,0.00506,-0.94612
1619610649484,-4.7453,0.60333,10.99896,0.01827,-0.18349,-0.89392
1619610649504,4.50588,-6.53617,12.73715,0.08432,0.16165,-0.82148
1619610649525,-0.7805,-3.23696,14.63814,-0.09038,0.01464,-0.75117
1619610649544,-0.42616,-5.58327,17.5064,-0.05203,-0.05672,-0.7043
1619610649564,-0.46926,-5.37258,14.91587,-0.00302,0.04767,-0.78206
1619610649584,12.66053,-6.38294,19.13924,0.01294,-0.0205,-0.74478
1619610649604,4.36702,-6.98628,15.66765,-0.03498,0.02636,-0.76609
1619610649624,0.18674,-0.14365,8.86333,0.05875,-0.05992,-0.74798
1619610649644,-2.05422,0.59376,15.79215,0.08538,0.20426,-0.8332
1619610649664,1.99676,-7.52258,18.8663,-0.10103,-0.16857,-0.80337
1619610649684,6.52659,-9.1219,17.3388,0.14823,0.12863,-0.84278
1619610649704,1.68551,-3.08852,19.6127,-0.09144,0.03488,-0.85131
1619610649724,8.01099,-0.04788,6.47392,0.06195,-0.16857,-0.79911
1619610649744,0.84275,-4.13239,17.62611,-0.02113,0.1968,-0.9344
1619610649764,5.00388,-0.76135,16.78335,-0.13192,-0.20053,-0.84811
1619610649784,9.36132,-4.32392,12.17212,0.09177,0.11691,-0.85344
1619610649804,-2.6001,6.76601,11.03727,-0.00515,-0.06737,-0.82468
1619610649825,0.30166,7.46033,6.16267,-0.03498,0.05086,-0.781
1619610649844,-1.04866,2.31279,6.04296,0.10456,0.04021,-0.89498
1619610649864,1.19231,2.23618,12.10987,-0.0957,-0.00346,-0.80017
1619610649884,10.2807,-2.01591,7.27358,-0.04137,-0.07909,-0.80976
1619610649904,6.07648,1.83874,12.30619,0.1216,0.07643,-0.83107
1619610649924,7.03416,-2.55221,11.63103,-0.14044,-0.11318,-0.78952
1619610649944,3.71101,-0.32561,19.6127,0.09177,0.11052,-0.83426
1619610649964,1.78128,0.79487,9.67257,0.04916,0.06578,-0.81935
1619610649984,5.42526,-4.60644,9.63905,0.00123,-0.01944,-0.72667
1619610650004,1.98239,0.71826,11.6023,0.00442,0.13715,-0.83426
1619610650024,4.21858,-0.31603,12.28704,0.01934,-0.12916,-0.79378
1619610650044,-5.10443,6.33984,10.01734,0.01401,0.18082,-0.84065
1619610650064,3.83551,-2.51391,3.12682,-0.07546,-0.2229,-0.79591
1619610650084,-5.17147,1.58017,6.07169,0.0481,0.11052,-0.80976
1619610650104,-1.68551,3.27047,4.61123,0.01827,-0.04607,-0.79911
1619610650124,4.09408,1.99676,5.26245,-0.0435,-0.09933,-0.71069
1619610650144,-3.85945,0.46926,14.37478,0.00762,0.20959,-0.76182
1619610650164,-1.0726,7.71411,8.51378,-0.0499,-0.04926,-0.77887
1619610650184,-4.46279,4.50109,16.23747,0.12267,-0.07803,-0.74798
1619610650204,-6.2728,4.10366,0.40222,0.00549,0.03914,-0.90457
1619610650224,-3.84508,1.21146,7.47469,-0.03818,0.0189,-0.94079
1619610650244,-0.87627,0.11013,4.64475,0.06088,0.09347,-0.90244
1619610650264,4.45321,5.42047,0.73262,0.01614,-0.11638,-0.86302
1619610650284,4.09887,-1.25456,4.08929,-0.06374,0.13502,-0.82041
1619610650304,-2.58094,2.78206,1.01035,0.10243,0.03808,-0.86302
1619610650324,-4.5825,2.96402,13.54639,0.00229,-0.12809,-0.87155
1619610650344,-4.61602,4.27125,12.09071,0.06195,0.16058,-0.96209
1619610650364,-5.34385,0.9481,11.27669,-0.09677,-0.13235,-0.78952
1619610650384,0.08619,-0.65601,10.14662,-0.01368,-0.02902,-0.78633
1619610650404,-7.62792,5.38216,4.92726,-0.03924,-0.05139,-0.77141
1619610650424,1.35032,-4.40533,16.62533,0.02892,-0.02157,-0.81615
1619610650444,-7.71411,5.99508,9.88805,-0.03605,0.07962,-0.82787
1619610650464,1.93451,-9.13148,8.97825,0.00016,-0.05779,-0.69365
1619610650484,0.47405,1.34554,14.92545,-0.01687,-0.03755,-0.77674
1619610650504,3.30399,-3.89297,11.73637,0.08006,0.02423,-0.72454
1619610650524,0.67995,-4.81713,12.44027,-0.01794,0.03701,-0.77993
1619610650544,-1.57059,0.17238,9.80186,0.00123,0.00079,-0.79591
1619610650564,-2.32716,-4.458,17.70272,0.03638,-0.08229,-0.77035
1619610650584,-2.49475,-1.09654,17.53034,0.0481,0.07856,-0.79485
1619610650604,9.46667,-8.44195,19.6127,-0.06907,-0.10572,-0.81935
1619610650624,2.76769,-2.45645,14.80095,0.00442,0.43116,-0.85344
1619610650644,3.33272,-2.3511,15.7299,0.00442,-0.0695,-0.87368
1619610650664,-3.62482,1.05823,13.5416,0.05662,-0.17816,-0.74052
1619610650684,-6.0669,4.32871,7.19218,0.11201,0.16698,-0.88326
1619610650704,4.88896,-0.90021,5.32949,-0.05096,-0.23355,-0.8332
1619610650724,0.97683,-4.40533,17.17121,0.08538,0.05086,-0.84385
1619610650744,6.28717,0.93852,15.87355,0.00655,-0.14194,-0.8577
1619610650764,4.4149,-4.96557,15.30852,0.00123,0.01464,-0.82041
1619610650784,-1.42694,1.43173,7.25921,0.06195,-0.00985,-0.82681
1619610650804,2.03028,-4.87459,15.33725,-0.03924,0.05619,-0.81402
1619610650824,-6.97191,2.1452,14.96854,0.10562,0.01464,-0.91309
1619610650844,2.43729,-0.89543,10.29027,-0.24377,-0.1952,-0.83
1619610650864,10.93671,0.11492,17.88468,0.01934,-0.2229,-0.8577
1619610650884,-5.25766,2.6001,4.34308,0.09284,0.10199,-0.96316
1619610650904,0.37828,1.54186,7.70454,-0.09038,-0.06418,-0.87368
1619610650924,0.92416,3.2609,8.19774,0.02147,0.12117,-0.82148
1619610650944,-4.43406,-1.49398,10.29506,0.06088,0.06151,-0.84918
1619610650964,0.10055,1.5658,10.32379,-0.0989,-0.04287,-0.82468
1619610650984,2.97359,1.59453,2.557,0.04277,0.11371,-0.8854
1619610651004,1.37427,6.93839,6.69418,-0.0744,-0.04287,-0.93014
1619610651024,-2.64798,4.4149,11.61666,0.00336,0.01677,-0.8545
1619610651044,3.2992,2.12605,10.74996,0.07793,0.01145,-0.86302
1619610651064,5.29597,-4.46758,13.62779,0.02892,0.03275,-0.85131
1619610651084,-5.12837,2.12605,3.94564,-0.12659,0.13928,-0.85663
1619610651104,2.69587,4.87459,7.55131,0.07899,-0.03968,-0.75543
1619610651124,-1.63763,2.44687,3.84987,0.01294,0.05619,-0.74585
1619610651144,-11.0229,7.04852,7.42202,-0.02326,-0.05033,-0.80976
1619610651164,4.05098,4.98951,8.65264,-0.08718,-0.17283,-0.85024
1619610651184,-7.08204,3.28963,12.11466,0.06195,0.20852,-0.96849
1619610651204,-4.28562,1.38384,2.70065,0.06834,-0.15686,-0.8822
1619610651224,3.73974,-3.61524,7.42681,-0.1756,0.18722,-0.81828
1619610651244,-3.90733,4.87938,6.38294,0.09817,0.04127,-0.91522
1619610651264,-4.21858,5.83706,11.01811,-0.04031,-0.14407,-0.78739
1619610651284,-0.01915,1.89141,3.77805,0.02147,0.13715,-0.94931
1619610651304,-1.43173,2.19787,10.68292,-0.10422,-0.094,-0.89924
1619610651324,-8.83939,3.56736,6.63672,0.00336,-0.0695,-0.79804
1619610651324,-8.06845,0.4118,7.16345,0.17273,0.13928,-0.93759
1619610651364,-0.76135,3.91691,14.87756,-0.1724,-0.21758,-0.83426
1619610651384,3.01669,-4.93205,4.30956,0.0236,0.13608,-0.8055
1619610651404,1.78607,1.46046,10.26633,0.05129,-0.05459,-0.82041
1619610651424,2.32237,-1.10133,14.19282,-0.13512,0.10306,-0.74158
1619610651445,2.32237,-1.10133,14.19282,-0.13512,0.10306,-0.74158
1619610651464,-7.01979,0.39743,10.10353,0.02253,0.09773,-0.82681
1619610651484,-1.59932,2.44687,11.28626,-0.01155,-0.01518,-0.78206
1619610651504,0.87148,-5.18105,14.16888,0.03425,0.03701,-0.79165
1619610651524,-2.92571,0.32082,8.02536,-0.04563,0.09028,-0.80124
1619610651544,-1.66636,-3.23696,15.20796,0.00016,0.01251,-0.8087
1619610651564,-2.33195,-5.1188,12.94305,0.04703,-0.04607,-0.87261
1619610651584,0.43574,-2.2266,15.26064,-0.10849,-0.09614,-0.8577
1619610651604,0.43574,-2.2266,15.26064,-0.10849,-0.09614,-0.8577
1619610651624,0.43574,-2.2266,15.26064,-0.10849,-0.09614,-0.8577
1619610651645,-2.93529,0.20111,13.19683,0.06195,0.10839,-0.82254
1619610651664,-5.29597,1.78607,10.99896,-0.09038,-0.01518,-0.84065
1619610651684,3.21301,-4.09408,4.04141,-0.00835,-0.0237,-0.76289
1619610651704,1.54186,4.63517,1.77649,0.0726,-0.03222,-0.76076
1619610651724,-3.08373,0.02873,12.22479,-0.15749,-0.05352,-0.77887
1619610651747,9.61032,-3.29442,8.82981,0.16741,-0.03328,-0.80017
1619610651764,3.22738,-4.61123,13.31654,0.01401,0.05619,-0.74052
1619610651784,-2.10689,-0.60812,6.0669,-0.11062,-0.02689,-0.76396
1619610651804,0.67516,2.15957,8.32703,-0.02326,0.05512,-0.76928
1619610651824,-4.26646,6.44519,-1.03908,0.13652,0.03701,-0.82894
1619610651845,4.07014,-0.5363,12.47858,-0.11594,-0.12064,-0.76182
1619610651864,-0.89064,-1.04387,6.33026,0.0758,0.13289,-0.78952
1619610651884,11.45386,-1.46525,8.48983,-0.14683,-0.30493,-0.74691
1619610651904,-7.57525,3.61524,4.49631,-0.03605,0.24154,-0.77035
1619610651924,-0.98641,2.10689,9.7013,0.02253,-0.21438,-0.78633
1619610651944,7.69975,-0.76135,9.30865,0.09604,0.11371,-0.69578
1619610651964,3.34709,2.12126,4.41969,0.06834,0.00825,-0.81083
1619610651984,1.66636,1.73819,12.64138,-0.03924,0.0221,-0.73732
1619610652004,4.86022,2.11647,4.76925,0.04916,-0.05779,-0.76502
1619610652024,0.90021,2.36547,6.62236,-0.00089,0.05086,-0.75756
1619610652044,1.95366,5.15711,6.36378,0.03958,0.00612,-0.77141
1619610652064,-3.39976,-1.42215,13.72356,0.0204,-0.06098,-0.781
1619610652084,0.19153,0.99598,11.69328,0.06408,0.05938,-0.87155
1619610652104,-0.83797,2.24097,3.58172,-0.01048,-0.00665,-0.81935
1619610652124,3.41413,3.4668,4.87459,-0.02326,0.03169,-0.84598
1619610652145,-3.62003,0.86191,3.36145,-0.00196,0.10626,-0.84705
1619610652164,-3.35188,-1.32159,7.01501,-0.04457,-0.01624,-0.87261
1619610652184,0.85712,5.24809,13.35006,0.05769,-0.01304,-0.85131
1619610652204,-6.07169,7.73806,0.72304,0.03638,0.02743,-0.9035
1619610652224,-1.37427,2.64319,8.38449,-0.15855,-0.1739,-0.88113
1619610652244,-0.10534,-1.47482,9.98382,0.11414,0.14141,-0.84172
1619610652264,-1.67594,0.2442,7.83861,0.01721,-0.04074,-0.86196
1619610652284,0.63206,0.94331,6.40209,-0.03818,-0.05246,-0.75117
1619610652304,-7.32625,-0.62249,9.7444,0.02466,-0.04713,-0.8545
1619610652324,0.93373,-2.87783,12.08593,0.06088,0.02849,-0.83959
1619610652344,-6.00465,-1.17315,18.10974,-0.01261,0.03914,-0.84385
1619610652364,14.03481,-0.96725,10.55843,-0.02007,-0.13448,-0.79165
1619610652384,-4.10845,3.15555,8.5042,-0.02326,0.03595,-0.86516
1619610652404,-6.29196,4.57292,14.33169,0.04916,-0.0972,-0.91416
1619610652424,-3.4668,-0.02394,10.42914,-0.09144,-0.06524,-0.91629
1619610652444,8.05888,3.56257,9.43315,0.02466,0.03595,-0.97488
1619610652464,-1.5658,2.75333,11.16655,0.08006,-0.11638,-0.86942
1619610652484,-1.69988,-1.13485,4.75009,0.01934,-0.12596,-0.91842
1619610652504,-3.75889,0.91458,16.19916,-0.09783,-0.13875,-0.96103
1619610652524,3.66791,-3.86424,13.872,-0.00409,-0.01411,-0.98873
1619610652544,-2.96402,-4.09887,11.64539,-0.00409,-0.15686,-0.89818
1619610652564,-4.65911,8.05888,10.43871,0.01827,0.03808,-0.87048
1619610652584,0.67995,-7.29273,10.34773,-0.04244,-0.08655,-0.83426
1619610652604,2.84431,-1.94888,16.74504,-0.10849,-0.01518,-0.85557
1619610652624,3.49553,-2.49954,13.90073,0.03212,-0.03542,-0.80657
1619610652644,-1.19231,3.05021,9.73961,0.00442,-0.03009,-0.77993
1619610652664,4.54419,-5.26245,8.5042,-0.05629,0.06684,-0.76715
1619610652684,-0.62249,-3.08852,14.69082,-0.01687,-0.04926,-0.80017
1619610652704,1.65199,0.83797,10.97502,0.00016,0.09986,-0.78739
1619610652724,-5.56412,0.98641,9.04529,0.12693,-0.00133,-0.73945
1619610652744,3.6727,-3.07894,11.18092,0.03958,0.08282,-0.82254
1619610652764,3.57693,-4.90811,14.61899,-0.09783,0.02103,-0.85557
1619610652784,11.05163,-1.34075,12.38759,0.05769,-0.06098,-0.80124
1619610652804,-2.96402,1.40779,13.03882,-0.07866,0.02103,-0.87794
1619610652824,7.03416,0.10055,8.16901,-0.04777,0.03169,-0.78313
1619610652844,1.54665,2.57137,8.48983,0.04597,-0.00026,-0.79911
1619610652864,3.04063,2.61446,8.32224,-0.04883,-0.11105,-0.84385
1619610652884,7.09641,-4.0462,4.1276,0.07899,0.05299,-0.85024
1619610652904,-0.28251,-4.17069,3.2992,0.05023,0.03701,-0.86409
1619610652924,-3.70622,11.26232,6.16746,-0.02433,0.07323,-0.86942
1619610652944,1.64242,-2.95444,3.98395,0.02466,0.01145,-0.78952
1619610652964,2.46123,1.02471,12.87601,0.00868,-0.15472,-0.75756
1619610652984,5.83706,-3.25132,2.48996,0.06727,0.19893,-0.81083
1619610653004,1.66636,7.4699,6.38294,-0.00089,-0.01837,-0.80976
1619610653024,2.72939,-2.27928,8.2983,0.04597,-0.06311,-0.70217
1619610653044,1.16837,2.42772,5.93762,0.00123,0.09667,-0.79272
1619610653064,-2.83473,4.55377,10.19929,0.00229,-0.00346,-0.81935
1619610653084,3.63918,-0.98162,0.97683,-0.00942,-0.04287,-0.82468
1619610653104,7.76679,-2.88261,12.74194,0.09177,0.04767,-0.82894
1619610653124,-4.89853,3.96479,7.15387,-0.02859,-0.04926,-0.77567
1619610653144,4.25689,-0.21068,3.69185,-0.10209,-0.01091,-0.77887
1619610653164,-2.91134,4.68305,11.65018,0.15995,0.03488,-0.80657
1619610653184,-5.7796,3.4237,6.98628,0.01081,-0.0695,-0.78952
1619610653204,-5.63595,1.67115,8.03494,-0.1234,-0.01091,-0.82254
1619610653224,-6.60799,0.49799,7.40766,-0.03498,0.0189,-0.78206
1619610653244,-2.41335,0.37349,6.29675,0.08432,-0.03648,-0.87048
1619610653264,-4.31914,3.50032,10.05085,0.05662,0.12863,-0.93014
1619610653284,5.71735,-3.44765,9.89763,0.05129,-0.03222,-0.93546
1619610653304,-1.91057,1.38384,11.9327,-0.00196,-0.03009,-0.84065
1619610653324,-7.86255,-0.15322,5.04218,0.00442,0.13182,-0.87048
1619610653344,-6.20098,4.60644,3.17471,-0.03179,-0.07483,-0.84598
1619610653364,-7.21612,2.70544,7.02937,-0.05309,0.15419,-0.8854
1619610653384,-5.56412,2.62404,5.77002,0.01827,-0.06844,-0.86835
1619610653404,-0.47884,3.23696,7.46033,0.02147,-0.08016,-0.77141
1619610653424,-0.44532,-1.45567,5.66468,0.06301,-0.00559,-0.78206
1619610653444,-1.14921,2.77727,9.18894,0.01188,-0.10146,-0.76396
1619610653464,-6.25365,1.28329,10.46266,-0.00089,0.20746,-0.80976
1619610653484,-5.45878,1.18752,11.04684,0.03318,-0.28682,-0.72561
1619610653504,-0.55066,3.35188,11.08036,-0.13512,-0.11851,-0.77461
1619610653524,0.4118,-1.99197,10.87446,0.19617,0.18508,-0.8023
1619610653544,0.86191,-0.42616,14.62378,-0.0712,-0.25912,-0.71176
1619610653564,0.3687,0.42616,11.90875,0.05556,0.15526,-0.73093
1619610653584,5.50187,-4.78361,13.07234,-0.04457,-0.04926,-0.72134
1619610653604,3.52905,3.35188,11.20007,-0.03818,-0.05139,-0.61588
1619610653624,2.4756,-4.51067,14.75785,0.0726,0.24261,-0.84705
1619610653644,-1.73819,-1.28329,14.14015,0.04277,-0.41571,-0.71602
1619610653644,5.99508,-3.55299,13.13459,-0.04777,0.40346,-0.86089
1619610653684,2.95923,0.15322,7.47948,0.04171,-0.2229,-0.85557
1619610653704,7.39808,0.37349,11.09951,-0.04244,0.06897,-0.74158
1619610653724,7.82903,-6.22971,18.09058,0.08325,-0.05566,-0.89498
1619610653744,12.63659,-3.97437,12.51688,0.04597,-0.07376,-0.85131
1619610653764,6.9336,-3.83551,9.88326,-0.04883,-0.03328,-0.7842
1619610653784,3.97437,-0.60333,12.40196,0.12054,-0.05992,-0.83107
1619610653804,2.74854,-0.17238,13.35485,0.03958,0.0189,-0.80337
1619610653824,-2.76769,3.15555,6.66545,0.00442,-0.0482,-0.86516
1619610653844,4.80276,2.69108,8.69574,0.01401,-0.09614,-0.83426
1619610653866,-4.3335,-1.09654,7.06768,0.09177,-0.06418,-0.81935
1619610653884,-1.30244,6.21055,10.22802,-0.09996,0.03382,-0.81509
1619610653904,6.8522,4.31435,7.09641,0.11841,-0.13768,-0.7533
1619610653924,3.3423,3.1364,11.75553,-0.03285,0.06364,-0.87261
1619610653944,3.70143,1.96803,6.05254,-0.00942,0.08815,-0.89392
1619610653964,-4.29998,10.31422,5.27203,0.0971,-0.01624,-0.84811
1619610653984,-9.09796,4.3766,6.63672,-0.03924,0.05832,-0.87794
1619610654004,-0.17717,6.37336,10.13226,-0.16388,-0.045,-0.91416
1619610654024,-0.17717,-1.12048,8.8777,0.12267,0.07749,-0.86302
1619610654044,-11.45386,7.42202,3.66312,0.00123,0.17976,-0.82361
1619610654064,-5.59764,1.99676,10.33337,-0.0712,-0.15686,-0.71708
1619610654084,-2.31758,1.0726,8.77235,0.10669,0.22983,-0.76289
1619610654104,-15.02601,9.15063,2.84431,0.0236,-0.14301,-0.78952
1619610654124,-3.68228,6.78516,5.36301,-0.05735,0.01038,-0.71495
1619610654144,0.3687,1.6903,1.19231,-0.01155,-0.01837,-0.85131
1619610654165,-2.60489,-0.23463,3.81156,0.00123,0.32783,-0.82148
1619610654184,-2.87783,1.43652,1.26892,-0.05096,-0.3241,-0.72987
1619610654204,3.49553,-1.92972,7.67581,0.04916,0.17443,-0.88007
1619610654224,-0.91937,-0.37349,8.92079,-0.0499,-0.06098,-0.88966
1619610654244,1.33117,1.1971,5.38695,-0.0989,-0.08548,-0.79911
1619610654265,-5.95198,1.36469,8.82502,0.23772,0.01145,-0.81509
1619610654284,7.98226,-6.01902,14.62857,0.06834,-0.17816,-0.89818
1619610654304,-0.62249,0.48362,6.87135,-0.15003,0.03382,-0.95357
1619610654324,-2.63841,2.58573,13.39795,0.34637,-0.04394,-0.93866
1619610654344,-5.31991,5.31512,11.08994,-0.11914,-0.02476,-0.96742
1619610654364,-4.56813,-3.38061,12.04283,-0.02859,0.09986,-0.92907
1619610654384,-1.21146,3.94085,11.41076,-0.21501,-0.25912,-0.83213
1619610654404,-1.27371,2.26491,5.76044,0.0758,-0.00239,-0.80976
1619610654424,-8.57124,6.15309,15.01643,0.02573,0.21598,-1.02175
1619610654444,6.58884,-3.45722,10.67335,-0.09996,-0.16751,-0.79591
1619610654464,0.31124,2.46123,5.56412,-0.01581,0.09454,-0.73413
1619610654484,-2.99754,2.8491,12.00452,0.05236,0.08921,-0.81402
1619610654504,2.16435,-1.81001,9.73482,0.05556,0.08282,-0.78952
1619610654524,3.58651,-3.78762,14.30296,-0.04137,0.05832,-0.82041
1619610654544,-1.05823,1.32159,10.51054,-0.02539,0.01464,-0.7842
1619610654565,-3.71101,2.15478,7.97269,0.12799,-0.02689,-0.73413
1619610654584,1.33117,1.57538,11.02769,-0.12233,0.04021,-0.87581
1619610654604,-0.58418,-2.39899,12.61744,0.04277,-0.01091,-0.84172
1619610654624,1.1109,1.72861,4.86022,0.06834,-0.19734,-0.79059
1619610654644,1.38384,-4.03662,16.5966,-0.09038,0.2458,-0.81935
1619610654664,-3.53863,-0.07182,15.05952,0.01081,-0.12809,-0.74372
1619610654684,2.98317,0.27293,16.54393,-0.03072,0.03169,-0.81402
1619610654704,2.36547,-2.48518,14.96854,0.03851,-0.00026,-0.85663
1619610654724,-0.6991,1.99676,11.48738,-0.0499,-0.23888,-0.75756
1619610654744,2.7246,-3.57693,11.27669,0.0694,0.0466,-0.85983
1619610654764,0.00478,-0.96246,4.70221,-0.04457,-0.11851,-0.83107
1619610654784,2.98317,0.99598,14.1593,-0.0712,-0.10466,-0.82254
1619610654804,6.96233,-0.76614,9.63426,0.02466,-0.0237,-0.83639
1619610654824,11.36288,-3.1795,12.06198,0.03425,0.01251,-0.85237
1619610654844,-0.84275,4.97515,3.3423,0.03851,0.05193,-0.81828
1619610654864,-2.87304,-3.62482,17.46809,-0.04563,-0.06418,-0.79698
1619610654884,1.75734,1.92493,13.05797,-0.07972,0.09667,-0.79698
1619610654904,9.54807,3.17471,9.06923,0.10456,-0.0727,-0.8822
1619610654924,2.83952,1.84353,3.18907,-0.05948,0.01784,-0.80337
1619610654944,-0.53151,7.66144,10.1131,0.0694,0.00612,-0.79804
1619610654964,4.68305,-1.00077,11.37724,0.02892,0.0498,-0.8055
1619610654984,3.7541,2.27449,9.69172,-0.03711,-0.03328,-0.83213
1619610655004,2.36547,-2.06859,9.83059,-0.06694,0.12863,-0.82787
1619610655024,-2.81558,2.59531,7.80988,0.08006,0.01997,-0.79804
1619610655044,-12.48815,1.7334,5.1188,-0.0467,-0.00985,-0.79059
1619610655064,0.15322,-1.97761,1.59932,-0.06268,-0.00026,-0.84811
1619610655064,-3.76847,-0.58418,4.08929,0.05236,0.08495,-0.83639
1619610655104,-0.53151,-0.08619,7.09162,0.04703,-0.15153,-0.83213
1619610655124,-4.63038,2.42772,8.86333,-0.02326,-0.07163,-0.83213
1619610655124,-2.15478,1.68072,10.18014,0.0694,0.10839,-0.82254
1619610655164,-5.04218,-0.54108,12.9239,-0.08185,-0.11105,-0.71815
1619610655184,-0.92895,4.83149,10.44829,0.03425,0.13928,-0.84065
1619610655204,-1.04866,2.7629,6.7708,-0.02326,-0.17816,-0.781
1619610655224,-3.57693,3.45243,8.26478,-0.05416,0.12223,-0.84278
1619610655244,-2.82036,3.59609,2.96881,-0.04244,-0.30812,-0.82254
1619610655264,-3.39018,-8.14986,14.71955,-0.04457,0.11691,-0.95144
1619610655264,0.78529,-3.95043,9.56723,-0.01155,-0.17177,-0.93333
1619610655304,6.12915,-1.68551,7.50821,0.07366,0.05619,-0.80657
1619610655324,-5.75566,-2.63362,19.34993,-0.0499,0.00719,-0.81615
1619610655344,3.37582,-2.94486,9.54807,0.04064,0.10626,-0.84065
1619610655364,-3.80678,2.96881,17.37711,0.21215,0.27244,-1.00897
1619610655384,-9.48582,6.1914,11.19528,-0.0712,-0.3976,-0.76289
1619610655404,0.56024,-0.38307,17.40105,0.03638,0.13608,-0.9312
1619610655404,0.58418,-2.97359,12.77067,-0.0499,0.08495,-1.00897
1619610655444,1.46525,-1.96803,4.83149,-0.01687,-0.1494,-0.81828
1619610655464,1.48919,-2.08774,10.65898,0.08219,0.06151,-0.9834
1619610655484,-3.48116,-0.01915,13.98692,-0.05629,0.06684,-0.9589
1619610655504,4.14675,1.92014,3.19865,-0.0222,-0.05459,-0.95464
1619610655524,5.19062,-3.45243,16.40028,-0.05735,0.16804,-0.92374
1619610655544,-3.63439,1.91057,16.20874,-0.0744,-0.05352,-0.84278
1619610655564,-2.88261,-3.60566,14.43703,-0.09783,-0.08442,-0.90137
1619610655584,-0.39743,-4.48673,16.61575,-0.07972,0.09667,-1.01323
1619610655604,4.27604,-5.47793,13.05797,0.06088,-0.10892,-0.95251
1619610655624,4.39575,-13.46499,17.55907,-0.01261,-0.00133,-0.95677
1619610655644,-9.34217,-2.03507,13.623,-0.03605,0.09241,-0.94505
1619610655664,0.64164,0.55066,13.78102,-0.05629,-0.13555,-0.86942
1619610655684,1.4844,-2.85867,15.55273,-0.00942,-0.05885,-0.85876
1619610655704,4.64953,1.59932,8.41801,0.00123,-0.02583,-0.8577
1619610655724,4.64953,1.59932,8.41801,0.00123,-0.02583,-0.8577
1619610655744,0.97204,-3.71101,13.58948,-0.04883,-0.01944,-0.84492
1619610655764,-5.48751,-0.52672,11.54005,-0.03392,-0.10892,-0.81509
1619610655784,6.15788,1.68072,11.91354,-0.1756,-0.1249,-0.78526
1619610655805,-2.73417,-0.10055,14.33647,0.09497,0.18722,-0.77354
1619610655824,5.31512,-3.44286,13.77623,-0.17986,-0.20479,-0.75543
1619610655844,-1.43173,1.90099,8.15943,-0.04031,0.00932,-0.82468
1619610655864,3.78283,2.33674,-1.06302,0.07366,-0.01944,-0.81722
1619610655884,-3.08373,2.91613,8.40364,-0.07546,-0.05033,-0.82254
1619610655904,-1.42694,3.0933,5.84185,0.01188,0.03169,-0.81615
1619610655924,-0.12928,1.72861,7.12514,0.07793,-0.00452,-0.81828
1619610655944,-5.68383,1.39342,5.56412,-0.07014,-0.05033,-0.81083
1619610655964,3.48595,2.76769,-0.71826,0.07153,0.05832,-0.77674
1619610655984,0.04309,5.70777,9.05008,0.10562,0.11691,-0.79698
1619610656004,3.22259,1.09654,8.58081,-0.02753,0.03275,-0.76715
1619610656024,0.87627,2.46123,8.08761,0.0758,0.08921,-0.8023
1619610656044,0.80924,4.25689,11.96143,0.02573,0.11797,-0.88007
1619610656064,-3.82593,4.88417,5.84664,0.03851,-0.15366,-0.72987
1619610656084,-8.70052,-1.32159,12.56955,-0.08611,0.24794,-0.85557
1619610656104,-3.90254,0.25378,9.79228,0.04597,-0.11957,-0.879
1619610656124,-0.01436,-2.23618,7.49863,0.03105,0.04554,-0.7778
1619610656144,-3.70143,2.16914,4.1276,-0.09677,0.03595,-0.92481
1619610656164,-8.14028,4.78361,12.49773,0.01294,-0.18775,-0.83639
1619610656184,3.97916,-2.29364,14.0779,0.16102,0.20959,-0.90244
1619610656204,1.99197,-2.30322,7.03416,-0.15962,-0.20905,-0.88326
1619610656224,0.37349,-4.16112,5.57849,0.02466,0.01038,-0.84492
1619610656244,-4.85544,3.31357,7.97748,0.10456,-0.01624,-0.89285
1619610656264,0.18674,3.88339,1.63284,-0.12873,-0.10253,-0.75969
1619610656284,-3.90733,-1.41736,12.98615,0.13545,0.1723,-0.84811
1619610656305,-6.92881,2.34152,5.85621,-0.06481,-0.09187,-0.84598
1619610656324,-4.51067,-0.37828,6.03338,-0.00196,-0.00665,-0.84278
1619610656344,0.22505,-0.87148,11.45386,0.08964,0.08069,-0.94505
1619610656364,-5.91367,3.2178,13.15853,-0.01155,-0.04926,-0.81722
1619610656384,1.80522,-4.26646,7.14429,-0.00835,0.07323,-0.91096
