1619610574606 -0.200675 0.600000 0.000000
1619610574707 -0.200675 0.600000 0.000000
1619610574808 -0.200675 0.600000 0.000000
1619610574909 -0.200675 0.600000 0.000000
1619610575010 -0.200675 0.600000 0.000000
1619610575111 -0.200675 0.600000 0.000000
1619610575212 -0.200675 0.600000 0.000000
1619610575313 -0.200675 0.600000 0.000000
1619610575413 -0.200675 0.600000 0.000000
1619610575514 -0.200675 0.600000 0.000000
1619610575615 -0.200675 0.600000 0.000000
1619610575716 -0.200675 0.600000 0.000000
1619610575817 -0.200675 0.600000 0.000000
1619610575917 -0.200675 0.600000 0.000000
1619610576018 -0.200675 0.600000 0.000000
1619610576119 -0.200675 0.600000 0.000000
1619610576220 -0.200675 0.600000 0.000000
1619610576321 -0.200675 0.600000 0.000000
1619610576422 -0.200675 0.600000 0.000000
1619610576522 -0.200675 0.600000 0.000000
1619610576623 -0.200675 0.600000 0.000000
1619610576724 -0.200675 0.600000 0.000000
1619610576825 -0.200675 0.600000 0.000000
1619610576926 -0.200675 0.600000 0.000000
1619610577026 -0.200675 0.600000 0.000000
1619610577127 -0.200675 0.600000 0.000000
1619610577228 -0.200675 0.600000 0.000000
1619610577329 -0.200675 0.600000 0.000000
1619610577430 -0.200675 0.600000 0.000000
1619610577530 -0.200675 0.600000 0.000000
1619610577631 -0.200675 0.600000 0.000000
1619610577732 -0.200675 0.600000 0.000000
1619610577833 -0.200675 0.600000 0.000000
1619610577934 -0.200675 0.600000 0.000000
1619610578035 -0.200675 0.600000 0.000000
1619610578136 -0.200675 0.600000 0.000000
1619610578236 -0.200675 0.600000 0.000000
1619610578337 -0.200675 0.600000 0.000000
1619610578438 -0.200675 0.600000 0.000000
1619610578539 -0.200675 0.600000 0.000000
1619610578640 -0.200675 0.600000 0.000000
1619610578740 -0.200675 0.600000 0.000000
1619610578841 -0.200675 0.600000 0.000000
1619610578942 -0.200675 0.600000 0.000000
1619610579043 -0.200675 0.600000 0.000000
1619610579144 -0.200675 0.600000 0.000000
1619610579245 -0.200675 0.600000 0.000000
1619610579346 -0.200675 0.600000 0.000000
1619610579447 -0.200675 0.600000 0.000000
1619610579548 -0.200675 0.600000 0.000000
1619610579649 -0.200675 0.600000 0.000000
1619610579749 -0.200675 0.600000 0.000000
1619610579850 -0.200675 0.600000 0.000000
1619610579951 -0.200675 0.600000 0.000000
1619610580052 -0.200675 0.600000 0.000000
1619610580153 -0.200675 0.600000 0.000000
1619610580254 -0.200675 0.600000 0.000000
1619610580355 -0.200675 0.600000 0.000000
1619610580455 -0.200675 0.600000 0.000000
1619610580556 -0.200675 0.600000 0.000000
1619610580657 -0.200675 0.600000 0.000000
1619610580758 -0.200675 0.600000 0.000000
1619610580859 -0.200675 0.600000 0.000000
1619610580960 -0.200675 0.600000 0.000000
1619610581060 -0.200675 0.600000 0.000000
1619610581161 -0.200675 0.600000 0.000000
1619610581262 -0.200675 0.600000 0.000000
1619610581363 -0.200675 0.600000 0.000000
1619610581464 -0.200675 0.600000 0.000000
1619610581565 -0.200675 0.600000 0.000000
1619610581665 -0.200675 0.600000 0.000000
1619610581766 -0.200675 0.600000 0.000000
1619610581867 -0.200675 0.600000 0.000000
1619610581968 -0.200675 0.600000 0.000000
1619610582069 -0.200675 0.600000 0.000000
1619610582170 -0.200675 0.600000 0.000000
1619610582271 -0.200675 0.600000 0.000000
1619610582371 -0.200675 0.600000 0.000000
1619610582472 -0.200675 0.600000 0.000000
1619610582573 -0.200675 0.600000 0.000000
1619610582674 -0.200675 0.600000 0.000000
1619610582775 -0.200675 0.600000 0.000000
1619610582876 -0.200675 0.600000 0.000000
1619610582976 -0.200675 0.600000 0.000000
1619610583077 -0.200675 0.600000 0.000000
1619610583178 -0.200675 0.600000 0.000000
1619610583279 -0.200675 0.600000 0.000000
1619610583380 -0.200675 0.600000 0.000000
1619610583480 -0.200675 0.600000 0.000000
1619610583581 -0.200675 0.600000 0.000000
1619610583682 -0.200675 0.600000 0.000000
1619610583783 -0.200675 0.600000 0.000000
1619610583884 -0.200675 0.600000 0.000000
1619610583985 -0.200675 0.600000 0.000000
1619610584085 -0.200675 0.600000 0.000000
1619610584186 -0.200675 0.600000 0.000000
1619610584287 -0.200675 0.600000 0.000000
1619610584388 -0.200675 0.600000 0.000000
1619610584489 -0.200675 0.600000 0.000000
1619610584590 -0.200675 0.600000 0.000000
1619610584691 -0.200675 0.600000 0.000000
1619610584792 -0.200675 0.600000 0.000000
1619610584892 -0.200675 0.600000 0.000000
1619610584993 -0.200675 0.600000 0.000000
1619610585094 -0.200675 0.600000 0.000000
1619610585195 -0.200675 0.600000 0.000000
1619610585296 -0.200675 0.600000 0.000000
1619610585396 -0.200675 0.600000 0.000000
1619610585497 -0.200675 0.600000 0.000000
1619610585598 -0.200675 0.600000 0.000000
1619610585699 -0.200675 0.600000 0.000000
1619610585800 -0.200675 0.600000 0.000000
1619610585901 -0.200675 0.600000 0.000000
1619610586001 -0.200675 0.600000 0.000000
1619610586102 -0.200675 0.600000 0.000000
1619610586203 -0.200675 0.600000 0.000000
1619610586304 -0.200675 0.600000 0.000000
1619610586405 -0.200675 0.600000 0.000000
1619610586505 -0.200675 0.600000 0.000000
1619610586607 -0.200675 0.600000 0.000000
1619610586707 -0.200675 0.600000 0.000000
1619610586808 -0.200675 0.600000 0.000000
1619610586909 -0.200675 0.600000 0.000000
1619610587010 -0.200675 0.600000 0.000000
1619610587111 -0.200675 0.600000 0.000000
1619610587212 -0.200675 0.600000 0.000000
1619610587313 -0.200675 0.600000 0.000000
1619610587414 -0.200675 0.600000 0.000000
1619610587514 -0.200675 0.600000 0.000000
1619610587615 -0.200675 0.600000 0.000000
1619610587716 -0.200675 0.600000 0.000000
1619610587817 -0.200675 0.600000 0.000000
1619610587918 -0.200675 0.600000 0.000000
1619610588019 -0.200675 0.600000 0.000000
1619610588119 -0.200675 0.600000 0.000000
1619610588220 -0.200675 0.600000 0.000000
1619610588321 -0.200675 0.600000 0.000000
1619610588422 -0.200675 0.600000 0.000000
1619610588523 -0.200675 0.600000 0.000000
1619610588623 -0.200675 0.600000 0.000000
1619610588724 -0.200675 0.600000 0.000000
1619610588825 -0.200675 0.600000 0.000000
1619610588926 -0.200675 0.600000 0.000000
1619610589027 -0.200675 0.600000 0.000000
1619610589128 -0.200675 0.600000 0.000000
1619610589229 -0.200675 0.600000 0.000000
1619610589330 -0.200675 0.600000 0.000000
1619610589430 -0.200675 0.600000 0.000000
1619610589531 -0.200675 0.600000 0.000000
1619610589632 -0.200675 0.600000 0.000000
1619610589733 -0.200675 0.600000 0.000000
1619610589834 -0.200675 0.600000 0.000000
1619610589935 -0.200675 0.600000 0.000000
1619610590036 -0.200675 0.600000 0.000000
1619610590136 -0.200675 0.600000 0.000000
1619610590237 -0.200675 0.600000 0.000000
1619610590338 -0.200675 0.600000 0.000000
1619610590439 -0.200675 0.600000 0.000000
1619610590540 -0.200675 0.600000 0.000000
1619610590641 -0.200675 0.600000 0.000000
1619610590741 -0.200675 0.600000 0.000000
1619610590842 -0.200675 0.600000 0.000000
1619610590943 -0.200675 0.600000 0.000000
1619610591044 -0.200675 0.600000 0.000000
1619610591145 -0.200675 0.600000 0.000000
1619610591246 -0.200675 0.600000 0.000000
1619610591347 -0.200675 0.600000 0.000000
1619610591448 -0.200675 0.600000 0.000000
1619610591549 -0.200675 0.600000 0.000000
1619610591650 -0.200675 0.600000 0.000000
1619610591750 -0.200675 0.600000 0.000000
1619610591851 -0.200675 0.600000 0.000000
1619610591952 -0.200675 0.600000 0.000000
1619610592053 -0.200675 0.600000 0.000000
1619610592155 -0.200675 0.600000 0.000000
1619610592256 -0.200675 0.600000 0.000000
1619610592357 -0.200675 0.600000 0.000000
1619610592458 -0.200675 0.600000 0.000000
1619610592559 -0.200675 0.600000 0.000000
1619610592660 -0.200675 0.600000 0.000000
1619610592762 -0.200675 0.600000 0.000000
1619610592864 -0.200675 0.600000 0.000000
1619610592965 -0.200675 0.600000 0.000000
1619610593066 -0.200675 0.600000 0.000000
1619610593167 -0.200675 0.600000 0.000000
1619610593269 -0.200675 0.600000 0.000000
1619610593370 -0.200675 0.600000 0.000000
1619610593471 -0.200675 0.600000 0.000000
1619610593571 -0.200675 0.600000 0.000000
1619610593672 -0.200675 0.600000 0.000000
1619610593773 -0.200675 0.600000 0.000000
1619610593874 -0.200675 0.600000 0.000000
1619610593975 -0.200675 0.600000 0.000000
1619610594076 -0.200675 0.600000 0.000000
1619610594177 -0.200675 0.600000 0.000000
1619610594278 -0.200675 0.600000 0.000000
1619610594379 -0.200675 0.600000 0.000000
1619610594479 -0.200675 0.600000 0.000000
1619610594580 -0.200675 0.600000 0.000000
1619610594681 -0.200675 0.600000 0.000000
1619610594782 -0.200675 0.600000 0.000000
1619610594883 -0.200675 0.600000 0.000000
1619610594984 -0.200675 0.600000 0.000000
1619610595084 -0.200675 0.600000 0.000000
1619610595185 -0.200675 0.600000 0.000000
1619610595286 -0.200675 0.600000 0.000000
1619610595387 -0.200675 0.600000 0.000000
1619610595488 -0.200675 0.600000 0.000000
1619610595588 -0.200675 0.600000 0.000000
1619610595689 -0.200675 0.600000 0.000000
1619610595790 -0.200675 0.600000 0.000000
1619610595891 -0.200675 0.600000 0.000000
1619610595992 -0.200675 0.600000 0.000000
1619610596093 -0.200675 0.600000 0.000000
1619610596194 -0.200675 0.600000 0.000000
1619610596294 -0.200675 0.600000 0.000000
1619610596395 -0.200675 0.600000 0.000000
1619610596496 -0.200675 0.600000 0.000000
1619610596597 -0.200675 0.600000 0.000000
1619610596698 -0.200675 0.600000 0.000000
1619610596799 -0.200675 0.600000 0.000000
1619610596899 -0.200675 0.600000 0.000000
1619610597000 -0.200675 0.600000 0.000000
1619610597101 -0.200675 0.600000 0.000000
1619610597202 -0.200675 0.600000 0.000000
1619610597303 -0.200675 0.600000 0.000000
1619610597403 -0.200675 0.600000 0.000000
1619610597504 -0.200675 0.600000 0.000000
1619610597605 -0.200675 0.600000 0.000000
1619610597706 -0.200675 0.600000 0.000000
1619610597807 -0.200675 0.600000 0.000000
1619610597908 -0.200675 0.600000 0.000000
1619610598009 -0.200675 0.600000 0.000000
1619610598110 -0.200675 0.600000 0.000000
1619610598211 -0.200675 0.600000 0.000000
1619610598311 -0.200675 0.600000 0.000000
1619610598412 -0.200675 0.600000 0.000000
1619610598513 -0.200675 0.600000 0.000000
1619610598614 -0.200675 0.600000 0.000000
1619610598715 -0.200675 0.600000 0.000000
1619610598816 -0.200675 0.600000 0.000000
1619610598916 -0.200675 0.600000 0.000000
1619610599017 -0.200675 0.600000 0.000000
1619610599118 -0.200675 0.600000 0.000000
1619610599219 -0.200675 0.600000 0.000000
1619610599320 -0.200675 0.600000 0.000000
1619610599421 -0.200675 0.600000 0.000000
1619610599522 -0.200675 0.600000 0.000000
1619610599622 -0.200675 0.600000 0.000000
1619610599723 -0.200675 0.600000 0.000000
1619610599824 -0.200675 0.600000 0.000000
1619610599925 -0.200675 0.600000 0.000000
1619610600026 -0.200675 0.600000 0.000000
1619610600127 -0.200675 0.600000 0.000000
1619610600228 -0.200675 0.600000 0.000000
1619610600329 -0.200675 0.600000 0.000000
1619610600429 -0.200675 0.600000 0.000000
1619610600530 -0.200675 0.600000 0.000000
1619610600631 -0.200675 0.600000 0.000000
1619610600732 -0.200675 0.600000 0.000000
1619610600833 -0.200675 0.600000 0.000000
1619610600934 -0.200675 0.600000 0.000000
1619610601035 -0.200675 0.600000 0.000000
1619610601136 -0.200675 0.600000 0.000000
1619610601236 -0.200675 0.600000 0.000000
1619610601337 -0.200675 0.600000 0.000000
1619610601438 -0.200675 0.600000 0.000000
1619610601539 -0.200675 0.600000 0.000000
1619610601640 -0.200675 0.600000 0.000000
1619610601740 -0.200675 0.600000 0.000000
1619610601841 -0.200675 0.600000 0.000000
1619610601942 -0.200675 0.600000 0.000000
1619610602043 -0.200675 0.600000 0.000000
1619610602144 -0.200675 0.600000 0.000000
1619610602244 -0.200675 0.600000 0.000000
1619610602346 -0.200675 0.600000 0.000000
1619610602447 -0.200675 0.600000 0.000000
1619610602547 -0.200675 0.600000 0.000000
1619610602648 -0.200675 0.600000 0.000000
1619610602749 -0.200675 0.600000 0.000000
1619610602850 -0.200675 0.600000 0.000000
1619610602951 -0.200675 0.600000 0.000000
1619610603051 -0.200675 0.600000 0.000000
1619610603152 -0.200675 0.600000 0.000000
1619610603253 -0.200675 0.600000 0.000000
1619610603354 -0.200675 0.600000 0.000000
1619610603455 -0.200675 0.600000 0.000000
1619610603555 -0.200675 0.600000 0.000000
1619610603656 -0.200675 0.600000 0.000000
1619610603757 -0.200675 0.600000 0.000000
1619610603858 -0.200675 0.600000 0.000000
1619610603959 -0.200675 0.600000 0.000000
1619610604060 -0.200675 0.600000 0.000000
1619610604161 -0.200675 0.600000 0.000000
1619610604261 -0.200675 0.600000 0.000000
1619610604362 -0.200675 0.600000 0.000000
1619610604463 -0.200675 0.600000 0.000000
1619610604564 -0.200675 0.600000 0.000000
1619610604665 -0.200675 0.600000 0.000000
1619610604766 -0.200675 0.600000 0.000000
1619610604867 -0.200675 0.600000 0.000000
1619610604968 -0.200675 0.600000 0.000000
1619610605069 -0.200675 0.600000 0.000000
1619610605170 -0.200675 0.600000 0.000000
1619610605270 -0.200675 0.600000 0.000000
1619610605371 -0.200675 0.600000 0.000000
1619610605472 -0.200675 0.600000 0.000000
1619610605573 -0.200675 0.600000 0.000000
1619610605674 -0.200675 0.600000 0.000000
1619610605775 -0.200675 0.600000 0.000000
1619610605875 -0.200675 0.600000 0.000000
1619610605976 -0.200675 0.600000 0.000000
1619610606077 -0.200675 0.600000 0.000000
1619610606178 -0.200675 0.600000 0.000000
1619610606279 -0.200675 0.600000 0.000000
1619610606380 -0.200675 0.600000 0.000000
1619610606481 -0.200675 0.600000 0.000000
1619610606581 -0.200675 0.600000 0.000000
1619610606682 -0.200675 0.600000 0.000000
1619610606783 -0.200675 0.600000 0.000000
1619610606884 -0.200675 0.600000 0.000000
1619610606985 -0.200675 0.600000 0.000000
1619610607085 -0.200675 0.600000 0.000000
1619610607186 -0.200675 0.600000 0.000000
1619610607287 -0.200675 0.600000 0.000000
1619610607388 -0.200675 0.600000 0.000000
1619610607489 -0.200675 0.600000 0.000000
1619610607590 -0.200675 0.600000 0.000000
1619610607691 -0.200675 0.600000 0.000000
1619610607792 -0.200675 0.600000 0.000000
1619610607893 -0.200675 0.600000 0.000000
1619610607993 -0.200675 0.600000 0.000000
1619610608094 -0.200675 0.600000 0.000000
1619610608195 -0.200675 0.600000 0.000000
1619610608296 -0.200675 0.600000 0.000000
1619610608397 -0.200675 0.600000 0.000000
1619610608498 -0.200675 0.600000 0.000000
1619610608599 -0.200675 0.600000 0.000000
1619610608700 -0.200675 0.600000 0.000000
1619610608800 -0.200675 0.600000 0.000000
1619610608901 -0.200675 0.600000 0.000000
1619610609002 -0.200675 0.600000 0.000000
1619610609103 -0.200675 0.600000 0.000000
1619610609204 -0.200675 0.600000 0.000000
1619610609304 -0.200675 0.600000 0.000000
