1619610578784,-8.41322,2.99754,4.99909,-0.00156,0.01078,-0.85923
1619610578804,1.19231,-0.91458,0.1628,0.01974,-0.03075,-0.80064
1619610578824,-5.35343,0.89543,17.37232,0.03785,0.12796,-0.84751
1619610578844,3.91691,6.66066,3.84987,0.07833,0.01611,-0.75696
1619610578864,-2.05901,3.41413,12.44984,-0.00795,-0.25446,-0.7772
1619610578884,-9.0405,5.58806,6.94797,0.09643,0.24407,-0.87414
1619610578904,-2.36068,5.14753,4.55377,-0.01434,-0.16178,-0.80171
1619610578924,3.03584,-0.88585,8.8777,0.0208,0.0225,-0.81555
1619610578944,0.76135,-2.91613,2.75812,0.14757,0.13329,-0.79958
1619610578964,-1.98239,2.77727,7.15866,0.06341,-0.47603,-0.60676
1619610578984,-5.65989,-0.68953,11.23838,-0.20076,0.41132,-0.78999
1619610579004,-2.97838,-1.50355,11.17613,0.07193,-0.23102,-0.67068
1619610579024,3.44286,1.76213,9.5385,0.02719,0.1205,-0.74631
1619610579045,-0.4932,-1.69988,3.2609,0.03039,0.00865,-0.81023
1619610579064,-0.47405,6.79953,11.53526,0.00269,-0.06697,-0.71542
1619610579084,-4.69742,-0.74699,5.93762,0.06874,0.2217,-0.86243
1619610579104,0.38786,0.69431,1.26413,-0.10596,-0.29601,-0.77614
1619610579124,2.11647,-2.54264,13.64695,0.08791,0.3261,-0.76549
1619610579144,-1.92014,-0.75177,3.22738,0.11241,-0.10213,-0.85603
1619610579164,-0.48841,-1.84832,18.02834,0.08365,0.09068,-0.76229
1619610579184,-0.48841,-1.84832,18.02834,0.08365,0.09068,-0.76229
1619610579204,-3.99352,-1.7334,14.37478,0.03998,-0.03821,-0.8603
1619610579224,-2.19787,-1.63763,9.57201,0.09111,-0.03715,-0.87201
1619610579244,3.53384,-3.04063,10.14662,0.05169,-0.10958,-0.77614
1619610579264,-1.32638,-2.1452,16.95094,0.01121,0.0992,-0.78786
1619610579284,5.92325,-3.10288,11.26711,0.07087,-0.02862,-0.76442
1619610579304,5.92325,-3.10288,11.26711,0.07087,-0.02862,-0.76442
1619610579324,4.45321,1.44609,15.76821,0.08898,-0.05206,-0.76655
1619610579344,4.94642,-1.8579,13.14895,0.03785,0.06191,-0.78253
1619610579364,-2.88261,-1.82438,13.5416,-0.10596,0.0992,-0.73779
1619610579384,8.06845,-2.30801,10.28549,0.14544,-0.10532,-0.66003
1619610579404,-1.21625,1.74776,19.6127,-0.06121,0.14927,-0.8294
1619610579424,-1.21625,1.74776,19.6127,-0.06121,0.14927,-0.8294
1619610579444,1.56101,3.32794,11.17613,0.06341,0.07363,-0.87414
1619610579464,2.26491,-3.9217,6.76601,0.01015,0.04274,-0.87201
1619610579484,8.70531,-0.55066,13.53202,0.01334,-0.07869,-0.87734
1619610579504,4.6639,-1.84832,13.90073,0.07087,0.0225,-0.92421
1619610579524,-2.58573,3.87381,14.82968,0.01441,-0.09787,-0.99878
1619610579544,3.78283,8.65743,-0.57939,-0.01647,-0.22037,-0.90823
1619610579564,-0.29688,0.37349,15.43781,0.07833,0.1482,-0.85603
1619610579584,5.20499,0.98641,7.01022,-0.01221,-0.01371,-0.82834
1619610579604,6.75164,-1.59932,14.121,-0.10489,0.0502,-0.79531
1619610579624,2.95444,-0.51714,11.23359,0.05915,-0.00412,-0.91569
1619610579644,-1.88184,7.15387,8.73404,-0.03671,-0.13728,-0.83473
1619610579664,0.85233,1.53228,8.69095,0.06235,0.02676,-0.92954
1619610579684,1.45088,2.23618,7.47469,-0.08998,-0.13302,-0.93806
1619610579704,2.41335,-1.08217,5.44441,-0.10169,0.00972,-0.97215
1619610579724,0.13886,0.2442,6.26323,0.1252,-0.01904,-1.03713
1619610579744,-9.95987,11.40118,8.1738,-0.12726,-0.12769,-0.96363
1619610579764,0.73262,-6.42603,8.22647,0.06554,0.10239,-0.87095
1619610579784,-0.52672,5.45399,6.41167,-0.00156,0.11731,-1.01795
1619610579804,-7.00064,8.81066,6.68939,-0.12193,-0.26085,-0.83153
1619610579824,-3.20823,0.08619,10.74996,-0.0463,0.22383,-0.88054
1619610579844,-6.22971,10.16578,3.61524,0.10283,-0.07869,-0.88054
1619610579864,-3.95043,1.60411,5.54975,-0.0985,-0.06165,-0.73779
1619610579884,-7.48427,3.79241,6.11479,0.01761,0.09387,-0.95084
1619610579904,-1.43652,7.65665,7.40287,0.00269,-0.12237,-0.92102
1619610579924,-1.57059,-2.25054,14.22634,0.01547,0.12689,-0.99026
1619610579944,0.35913,0.33518,13.96777,-0.00156,-0.01265,-0.97534
1619610579964,6.01423,5.96635,4.60165,-0.00795,-0.05099,-0.86988
1619610579984,-5.6551,3.2992,3.1364,0.01121,0.23555,-0.99771
1619610580004,-2.80121,2.57137,9.4954,-0.03991,-0.18735,-0.85923
1619610580024,1.03429,-4.34308,12.82334,0.03358,-0.23209,-0.80597
1619610580044,-3.84987,0.38786,11.16176,-0.14217,0.17909,-0.87521
1619610580064,-0.59855,-0.77093,10.45308,0.01974,-0.07443,-0.82408
1619610580084,1.154,2.09253,14.95418,-0.10276,-0.00519,-0.78892
1619610580104,-7.97748,4.07493,11.3533,-0.16348,0.1482,-0.96789
1619610580124,0.2442,-2.50912,6.24886,0.04104,-0.15539,-0.88586
1619610580144,-1.79565,-2.71023,14.00129,0.04637,0.096,-0.88054
1619610580164,-3.73495,-4.7453,10.1131,-0.0218,-0.07337,-0.85816
1619610580184,1.97761,-1.23061,14.33647,-0.08358,-0.12237,-0.72607
1619610580204,1.2354,-6.06211,19.6127,-0.06654,0.18868,-0.89545
1619610580224,2.45645,-2.80121,11.76989,-0.00049,-0.27363,-0.73033
1619610580244,1.13006,-4.05577,13.80496,-0.03884,0.17696,-0.79958
1619610580264,-0.68474,-1.27371,13.80975,0.36275,0.14927,-1.05417
1619610580284,-1.32638,5.07091,19.6127,-0.19011,-0.13622,-0.9306
1619610580304,4.75488,-3.36145,1.72382,-0.13259,0.00865,-0.91675
1619610580324,1.18273,0.5746,12.05241,0.12626,-0.01051,-0.92528
1619610580344,4.52982,-2.66235,18.46887,-0.04524,-0.00519,-0.75057
1619610580364,0.56024,-7.62313,10.48181,-0.06548,0.10559,-0.84325
1619610580384,3.31357,-1.71903,7.44117,-0.08252,-0.10106,-0.76868
1619610580404,3.55778,1.29765,5.12359,0.10709,0.096,-0.8081
1619610580424,-2.18351,-4.06056,13.67089,-0.00369,-0.11278,-0.76975
1619610580444,5.06134,4.55856,1.90578,0.04424,-0.02117,-0.83473
1619610580464,-0.13407,2.05901,9.64384,0.09857,0.07683,-0.79425
1619610580484,0.73262,-0.68474,10.6111,-0.0708,-0.11385,-0.79425
1619610580504,-6.03817,3.66791,13.4602,0.04211,0.20679,-0.84006
1619610580524,2.23139,-6.09563,7.54173,-0.10809,-0.03608,-0.79531
1619610580544,3.53384,-1.66157,7.93438,0.03785,-0.07337,-0.8081
1619610580564,-4.16112,2.4325,11.79862,0.07939,0.11411,-0.91036
1619610580584,3.34709,2.8491,1.57538,-0.06015,-0.10213,-0.85603
1619610580604,-5.58806,3.90254,0.8236,-0.01541,0.06511,-0.83579
1619610580624,0.91458,-0.11492,7.36935,0.08898,-0.02223,-0.86562
1619610580644,2.09253,7.23048,9.30865,-0.07613,0.06831,-0.92315
1619610580665,-2.57616,4.78361,8.49462,0.16035,-0.13941,-0.8603
1619610580684,-0.09097,0.09097,-0.35913,-0.03671,0.09281,-0.83899
1619610580704,-7.2257,2.71023,8.2983,-0.02073,0.00652,-0.82408
1619610580724,1.77649,-0.85712,8.916,-0.09743,-0.00093,-0.7282
1619610580744,-4.36223,2.54264,6.40688,0.05169,0.07789,-0.74844
1619610580766,-9.77313,3.75889,8.60954,0.02187,-0.23422,-0.70477
1619610580784,-3.86903,6.01423,7.75242,-0.07187,0.19188,-0.78147
1619610580804,0.20111,1.96803,8.03494,0.01974,-0.09467,-0.74312
1619610580824,-3.47638,0.44532,7.78115,0.01228,0.06831,-0.76123
1619610580844,-1.36948,2.90177,4.77403,0.01974,0.03528,-0.81449
1619610580864,3.4668,1.47482,6.98149,0.03571,-0.04141,-0.78679
1619610580884,-2.48518,2.70544,4.4149,0.00163,0.16098,-0.79318
1619610580904,-6.80911,4.15633,7.37414,0.05809,0.04061,-0.78892
1619610580924,-6.23929,3.48116,10.9415,-0.00156,-0.04886,-0.82514
1619610580944,0.99119,3.62482,12.65096,0.10709,0.02356,-0.87201
1619610580965,-2.56179,-4.02704,9.40921,0.06874,0.00972,-0.88054
1619610580984,-7.24006,2.48039,14.63336,-0.12193,0.01717,-0.86882
1619610581004,-1.53228,-5.51624,7.78115,0.10176,-0.08189,-0.79318
1619610581024,-4.12281,1.78128,5.13316,-0.06548,0.03528,-0.83899
1619610581044,-1.7334,-3.32794,11.4347,0.01761,-0.00412,-0.83473
1619610581066,-0.11971,2.95923,14.11142,0.05489,0.01717,-0.7836
1619610581084,2.13083,-5.78439,15.03079,-0.00902,-0.02649,-0.71648
1619610581104,1.51313,-2.54264,10.43871,-0.11022,0.06511,-0.76442
1619610581124,-4.24252,-0.39743,11.13782,-0.01541,0.02996,-0.81662
1619610581144,-1.81001,1.95366,7.21612,0.02187,-0.07763,-0.81023
1619610581165,-0.77572,-0.2873,11.40597,0.04956,0.06617,-0.78786
1619610581184,-0.58418,1.90099,10.84573,-0.06548,0.12689,-0.81555
1619610581204,4.77403,-3.8786,13.93425,-0.03671,-0.05206,-0.82088
1619610581224,-0.98641,-2.25054,13.45541,0.05702,-0.11491,-0.92208
1619610581244,7.02937,-2.84431,14.68124,-0.01647,0.06191,-1.08826
1619610581264,-2.24097,1.97282,14.14973,0.03891,-0.04034,-1.04991
1619610581284,-0.01436,3.09809,13.9151,-0.09211,-0.19054,-0.92315
1619610581304,8.06845,-4.62559,5.85142,0.11667,0.02356,-0.98387
1619610581324,1.81001,-5.9424,5.99029,0.03891,0.00759,-0.9828
1619610581344,4.13718,-0.91458,15.79215,-0.15389,-0.21185,-0.87308
1619610581364,1.98718,2.53785,10.26154,0.10389,-0.01265,-0.8816
1619610581384,0.04309,-1.44609,14.16409,0.03145,-0.12237,-0.88799
1619610581404,-1.43173,5.7796,7.37892,-0.15389,-0.17989,-0.85923
1619610581424,4.82192,3.65834,7.23048,0.05276,-0.02117,-0.94445
1619610581444,7.56567,-0.87148,14.76743,0.03039,0.01398,-0.94445
1619610581464,-3.99352,2.04464,14.0779,-0.15922,-0.04567,-0.82621
1619610581484,2.28406,6.17704,12.87122,-0.0463,0.09813,-0.74951
1619610581504,7.15387,-0.49799,3.13161,0.05276,-0.08828,-0.72075
1619610581524,0.2442,4.03183,5.96635,0.02932,0.13861,-0.82834
1619610581544,-0.23942,2.39899,1.93451,-0.03565,-0.09574,-0.77507
1619610581564,2.34152,0.69431,5.54975,-0.02606,0.05659,-0.79531
1619610581584,0.26815,-1.64242,7.12993,0.06661,0.06724,-0.82088
1619610581604,4.47715,-2.98317,10.71165,-0.025,-0.14474,-0.76442
1619610581624,4.96557,4.12281,8.71968,-0.01541,0.20146,-0.89971
1619610581644,1.04387,3.54341,10.91756,0.04211,-0.10426,-0.80384
1619610581664,6.26802,1.45088,6.32548,-0.0708,-0.11171,-0.69944
1619610581684,-3.16992,1.09654,10.60152,0.05595,0.05446,-0.81023
1619610581704,2.30322,3.74931,2.58573,-0.07932,-0.19587,-0.76016
1619610581724,-4.10366,4.83149,4.06056,0.10176,0.20253,-0.83899
1619610581744,-1.41257,-0.65601,7.16345,-0.0186,-0.01904,-0.85923
1619610581764,-7.83861,2.59531,8.30309,-0.03565,-0.09041,-0.73246
1619610581784,-7.85777,1.06302,8.71968,0.06661,0.12796,-0.92741
1619610581804,-4.58729,4.94642,9.3709,-0.06654,-0.02117,-0.87627
1619610581824,2.35589,5.31512,5.06613,0.03571,0.047,-0.81449
1619610581844,-11.67891,3.69664,11.42991,0.05809,0.04913,-0.87308
1619610581864,-4.07493,2.88261,5.26245,-0.10809,-0.10213,-0.78999
1619610581884,-6.48828,4.18985,7.84819,0.05489,0.10026,-0.89758
1619610581904,-0.05746,5.22893,2.81558,0.01974,-0.07976,-0.84645
1619610581924,-5.39653,0.26815,10.80742,-0.00156,0.03422,-0.80384
1619610581944,-1.76692,0.57939,5.46835,0.00163,0.02037,-0.78679
1619610581964,-6.12915,5.00388,14.14494,0.08472,-0.06697,-0.74844
1619610581984,1.07739,-3.9217,6.90487,-0.02073,0.03741,-0.77934
1619610582004,-3.05021,0.10534,12.73236,-0.00369,-0.11917,-0.76762
1619610582024,-1.30723,1.91057,12.44984,0.0208,-0.01158,-0.77934
1619610582044,-4.29998,-1.50834,9.39963,-0.0463,0.18761,-0.76229
1619610582064,-4.23773,0.89543,16.09382,-0.02819,-0.30027,-0.66961
1619610582084,-5.13795,2.90656,11.83214,0.02506,0.2771,-0.80171
1619610582104,-0.47884,-1.403,10.04607,-0.03139,-0.04354,-0.78147
1619610582124,5.71735,-4.23773,16.05551,0.04104,-0.01584,-0.79212
1619610582144,-6.61278,-0.07182,12.90953,0.03891,0.07576,-0.77614
1619610582164,-0.48841,5.09007,12.6749,-0.02606,-0.12663,-0.79851
1619610582184,-1.2354,-4.65432,12.89995,0.0485,0.23342,-0.82195
1619610582204,-2.89219,3.1364,7.8003,0.02826,-0.10319,-0.86775
1619610582224,0.52672,-2.67192,12.69884,0.00802,0.04913,-0.82621
1619610582244,4.92726,-4.75009,14.99249,0.06128,0.16205,-0.89332
1619610582264,1.18273,-2.2266,19.10094,-0.09104,-0.08402,-0.84432
1619610582284,-3.72537,-1.29286,12.90953,0.17313,0.05659,-0.82301
1619610582304,-1.97282,6.56011,11.26232,-0.08039,-0.16285,-0.83473
1619610582324,3.15555,-3.1364,11.62624,0.024,0.09068,-0.73992
1619610582344,-0.4932,3.5482,4.35265,0.02613,-0.03821,-0.77081
1619610582364,4.15633,1.71903,9.10275,0.02826,-0.04247,-0.74738
1619610582384,1.00556,-0.52193,15.35162,-0.06654,0.00439,-0.74631
1619610582404,5.35343,2.34152,10.08916,-0.01115,-0.04886,-0.76229
1619610582424,7.65665,-4.37181,7.1826,0.06767,0.02463,-0.72927
1619610582444,-3.2992,3.19865,10.93192,0.04104,-0.05526,-0.76975
1619610582464,4.42448,0.42137,9.66299,-0.06654,-0.1767,-0.79212
1619610582484,3.34709,-1.9393,7.74284,-0.14857,-0.04034,-0.79531
1619610582504,3.10288,1.59932,7.73327,0.171,0.06617,-0.72714
1619610582524,4.43406,0.51235,8.30309,0.00376,0.02676,-0.66535
1619610582544,6.18182,-3.50511,18.49281,-0.08039,0.09174,-0.74418
1619610582564,-11.40597,2.38462,7.03416,0.14437,-0.04354,-0.6824
1619610582584,-0.68474,0.37828,5.99029,0.05595,0.02356,-0.69944
1619610582604,-0.33997,2.12605,6.80432,-0.00476,-0.02117,-0.71435
1619610582624,-4.98472,-2.45645,13.28303,0.00376,-0.00945,-0.68027
1619610582644,10.26154,6.68461,5.02782,0.05702,-0.07869,-0.72927
1619610582664,-0.12449,6.11957,10.96065,0.02932,-0.00838,-0.70477
1619610582684,3.06936,2.67671,4.35265,-0.15176,0.14713,-0.7591
1619610582704,-4.85544,6.32069,7.77157,0.10602,0.02356,-0.73246
1619610582724,1.42694,3.89776,6.91924,0.08685,0.11518,-0.82088
1619610582744,-4.46758,3.29442,-4.56334,-0.01541,-0.0691,-0.8603
1619610582764,4.76925,-1.4413,8.8777,0.08259,-0.10532,-0.95723
1619610582784,1.42694,-1.92014,2.0207,0.05915,0.10985,-0.98174
1619610582804,-3.07894,5.612,6.07169,0.10709,-0.20439,-0.90504
1619610582824,-2.32237,2.63841,9.50498,0.01974,0.13542,-0.99452
1619610582844,-3.7158,3.67749,12.48336,0.13159,-0.15113,-1.01902
1619610582864,3.93606,0.24899,16.93658,0.04637,-0.00945,-0.98493
1619610582884,-1.96324,-0.50278,12.7994,0.03358,0.1727,-1.05843
1619610582904,4.86501,-0.38786,11.55441,-0.10169,-0.26724,-0.84006
1619610582924,-8.93037,0.06703,11.24795,-0.00902,-0.0723,-0.95084
1619610582944,-0.91458,4.7884,9.88805,-0.00902,0.12263,-0.99878
1619610582964,3.16992,2.00155,3.41892,-0.12087,-0.18522,-0.79212
1619610582984,-7.07247,4.74051,10.319,0.07619,0.18229,-0.86243
1619610583004,-6.88093,4.90811,9.72524,0.03039,0.08002,-0.84538
1619610583024,0.40701,2.99275,5.35343,-0.123,-0.0691,-0.82408
1619610583044,-5.86579,0.26815,13.82412,0.03465,0.15566,-0.94765
1619610583064,-1.07739,-1.72382,11.20965,0.03571,-0.16498,-0.86562
1619610583084,-0.2059,-1.8148,11.94227,-0.04843,0.06617,-0.84006
1619610583104,3.7541,0.67995,12.12902,-0.0186,0.02356,-0.88267
1619610583124,-4.65911,2.57137,12.33971,0.09004,-0.01158,-0.82408
1619610583144,8.41322,-7.41723,15.01164,-0.03352,-0.03502,-0.82621
1619610583164,10.96544,-10.93192,15.72032,-0.05163,0.20892,-0.87734
1619610583185,7.69017,-5.48272,10.37168,0.02932,-0.01371,-0.78892
1619610583204,-1.37906,-2.97359,15.275,0.01121,-0.09574,-0.85497
1619610583224,-3.20344,0.29209,12.66532,-0.06334,0.00226,-0.95084
1619610583244,1.41736,2.25054,12.03804,-0.06228,-0.22144,-0.80703
1619610583264,6.68461,-9.33259,13.56075,0.04956,0.10133,-0.87627
1619610583284,-1.1971,-3.15555,10.19929,-0.08358,-0.05845,-0.74631
1619610583304,9.47146,-5.88015,11.03248,-0.09424,-0.09254,-0.84006
1619610583324,11.06121,-2.40856,9.23683,0.08685,0.20146,-0.91888
1619610583344,-1.13485,-0.60333,7.83861,-0.08358,-0.20226,-0.85923
1619610583364,0.04788,3.88818,8.48505,0.23172,-0.00306,-0.92634
1619610583384,-3.97437,3.34709,14.25028,-0.08039,-0.05419,-0.94871
1619610583404,2.85867,5.13316,8.66222,-0.04204,-0.22037,-0.76975
1619610583424,3.60087,4.98951,-0.11971,0.024,0.22383,-0.9093
1619610583444,-0.64164,1.58975,6.53138,-0.03245,-0.09041,-0.86775
1619610583464,4.05098,2.73896,8.66222,-0.00795,0.05659,-0.82514
1619610583485,-1.09175,-1.09654,5.22893,0.171,0.07683,-0.90397
1619610583504,-0.88585,4.85065,3.98395,0.00802,-0.01158,-0.82514
1619610583524,1.9393,5.87058,13.71877,-0.05589,-0.03715,-0.95617
1619610583544,-2.08774,-1.57538,11.09473,0.13265,-0.0201,-0.89225
1619610583564,1.65199,-0.48841,17.8751,-0.07506,0.04167,-0.89438
1619610583585,-2.86346,10.24239,-0.92416,0.02932,0.03954,-0.82088
1619610583604,1.24019,2.0207,10.07001,0.03998,0.02996,-0.83047
1619610583624,4.11802,2.97359,4.96078,-0.07506,-0.07869,-0.85816
1619610583644,-8.43237,3.61524,12.39717,-0.01115,0.16205,-0.83473
1619610583664,1.53707,2.32716,6.85699,-0.01221,-0.00093,-0.81236
1619610583684,1.48919,1.44609,3.63918,-0.09104,0.00013,-0.89651
1619610583704,-5.34864,0.97204,7.55131,0.14757,0.06511,-0.8816
1619610583724,-8.5473,3.81635,8.01099,-0.03032,-0.07763,-0.84964
1619610583744,-1.92972,4.74051,11.99495,0.03785,0.09707,-0.8294
1619610583764,-1.13964,-1.2785,-2.34152,0.0485,-0.06591,-0.82195
1619610583784,0.62728,1.99197,4.60644,0.06554,0.06404,-0.83899
1619610583804,-3.88339,1.5658,11.16176,0.00908,-0.01051,-0.79212
1619610583824,-1.57538,3.83072,9.75397,-0.04097,-0.08615,-0.7282
1619610583844,2.1883,-1.19231,8.51378,0.02187,0.05126,-0.74418
1619610583864,-5.7796,4.20421,12.87122,0.13265,0.09068,-0.83899
1619610583884,-1.2354,-2.8491,17.19994,-0.11448,-0.17563,-0.76868
1619610583904,-6.10042,0.50757,6.15309,-0.15389,0.01291,-0.81449
1619610583924,1.33117,1.05823,9.97424,0.03785,-0.01371,-0.86243
1619610583944,-1.83395,0.37828,14.52801,0.07833,0.05233,-0.87201
1619610583964,-0.47884,-1.56101,14.83926,0.05702,-0.1213,-0.8539
1619610583984,5.05176,0.40701,7.69496,-0.00262,0.0225,-0.9796
1619610584004,-12.24873,9.02135,4.57771,0.08046,0.05233,-0.95936
1619610584024,-5.01345,7.50821,15.98847,-0.04737,-0.09574,-0.89651
1619610584044,-1.25456,-2.9305,15.33725,0.00802,0.15459,-0.94871
1619610584064,8.1738,-3.72537,15.08825,0.03252,0.145,-0.97215
1619610584084,-2.65277,-5.24809,9.50976,-0.02393,-0.07123,-0.94339
1619610584104,8.86812,-4.47236,16.02678,-0.12726,0.06085,-0.9338
1619610584124,0.70868,-2.45645,11.14261,0.11774,-0.15433,-0.91782
1619610584144,-4.2904,1.15879,12.86165,-0.14111,-0.06165,-0.92102
1619610584164,0.15322,1.89141,17.36753,-0.00902,-0.05099,-0.91888
1619610584184,0.89543,-2.94965,16.06509,-0.04417,-0.05845,-0.88054
1619610584204,2.01112,-2.88261,15.55752,-0.00476,0.11092,-0.84645
1619610584224,3.97916,-4.47715,13.97734,-0.15176,-0.02756,-0.87521
1619610584244,-1.16358,-4.38138,12.37802,0.11135,0.13542,-0.83366
1619610584264,-0.43095,0.43574,15.37556,-0.05163,-0.11171,-0.8049
1619610584284,-1.24977,0.79966,0.45968,-0.12193,-0.05632,-0.84432
1619610584304,9.67736,-7.29273,8.56645,0.02506,0.04167,-0.90504
1619610584324,-3.1795,2.23618,2.87783,-0.03671,-0.09041,-0.85816
1619610584344,9.65821,-4.75488,8.44674,0.04211,-0.04247,-0.81982
1619610584364,-8.72447,2.00155,13.68525,0.02506,-0.00838,-0.85816
1619610584384,12.51688,-1.03429,10.73081,-0.08252,-0.06484,-0.83579
1619610584404,0.54108,4.5394,3.39018,0.09537,-0.03821,-0.8081
1619610584424,6.55532,-0.59376,0.48841,0.04956,-0.05632,-0.78573
1619610584444,-7.99184,7.84819,12.66053,-0.22526,-0.0478,-0.78892
1619610584464,7.15866,2.06859,1.29765,0.00908,-0.22676,-0.64298
1619610584484,2.32237,-2.1883,11.09473,-0.02393,0.15459,-0.87947
1619610584504,4.7453,5.16189,4.31435,0.00163,-0.02969,-0.74418
1619610584524,3.79241,0.90979,5.04218,0.01015,0.05446,-0.69305
1619610584544,-1.64721,6.71812,6.53138,0.03785,0.0225,-0.69624
1619610584564,0.8667,2.97359,1.14921,0.00269,0.08641,-0.76016
1619610584584,0.72783,0.96725,11.9327,0.01121,0.0438,-0.82088
1619610584604,2.12126,2.53306,9.82101,0.06554,-0.07976,-0.74205
1619610584624,0.01915,-1.98718,10.40998,0.0208,0.07576,-0.76975
1619610584644,-0.2442,3.60087,3.3854,0.073,0.02356,-0.80916
1619610584664,0,3.86903,6.76601,0.04956,-0.01371,-0.80916
1619610584684,-0.75656,-0.42616,0.23942,0.00695,-0.0691,-0.83792
1619610584704,-9.17458,0.22984,2.56179,0.08578,0.04913,-0.8816
1619610584724,0.32082,4.38617,4.6639,-0.04737,-0.07123,-0.80384
1619610584744,-4.34787,-0.21547,9.18415,-0.03245,-0.04247,-0.73246
1619610584764,0.52193,-1.63763,9.68694,0.05702,0.04274,-0.85177
1619610584784,-3.7972,3.52905,12.19127,-0.05376,-0.05952,-0.77614
1619610584804,-3.45722,5.51624,13.22557,0.01974,0.04487,-0.80171
1619610584824,-6.81868,0.72304,15.59583,-0.09637,0.05552,-0.76762
1619610584844,5.27203,1.12527,2.88261,0.05063,-0.03075,-0.84645
1619610584864,-4.76925,3.5482,13.70441,0.05915,-0.04354,-0.91462
1619610584884,-4.97993,2.40856,15.4426,-0.06441,-0.01691,-0.91462
1619610584904,-0.90021,2.1452,13.38837,0.07193,0.02996,-0.9093
1619610584924,3.50989,0.33039,11.12346,0.08365,-0.05419,-0.85816
1619610584944,-8.33182,-0.13407,4.58729,-0.01647,0.06617,-0.86669
1619610584964,-0.51235,1.42215,10.76911,-0.03884,-0.07017,-0.89651
1619610584984,1.41257,3.36624,10.58716,0.08472,0.11518,-0.78466
1619610585004,-1.01035,-0.8667,5.41089,-0.00262,0.05659,-0.84645
1619610585024,-0.02394,-4.15154,14.57111,0.08365,-0.08082,-0.81023
1619610585044,2.31279,0.49799,12.42111,-0.07826,-0.03182,-0.85923
1619610585064,4.35265,1.57538,18.05707,-0.00476,-0.16924,-0.8049
1619610585084,-2.14999,-2.69108,12.46421,0.01867,0.21425,-0.82195
1619610585104,0.09576,-6.59363,19.6127,0.06661,0.01398,-0.83047
1619610585124,1.64721,-6.37336,14.59984,-0.01754,-0.19267,-0.78892
1619610585144,2.01112,-1.76692,7.21612,-0.025,0.13329,-0.88054
1619610585164,-0.08619,2.70065,15.9789,-0.00795,-0.06271,-0.8049
1619610585184,-9.414,5.01824,9.03571,0.03571,0.13222,-0.76442
1619610585204,1.21625,-4.0031,8.84896,-0.02926,-0.00412,-0.82514
1619610585224,3.08373,-4.46758,14.69082,-0.06015,-0.09574,-0.84112
1619610585244,-1.41736,-3.28005,12.05241,-0.00902,0.00865,-0.8294
1619610585264,5.861,0.67516,13.24472,0.04104,-0.20865,-0.8816
1619610585284,-2.14041,0.67995,7.41244,0.02187,0.04593,-0.82301
1619610585304,2.02549,-1.11569,9.71088,-0.0463,-0.11278,-0.81236
1619610585324,1.90099,3.30878,10.12268,0.03678,-0.05099,-0.80384
1619610585344,-0.10055,4.69263,10.26633,0.02293,-0.10426,-0.78253
1619610585364,5.78918,4.13718,9.79228,-0.02393,-0.09041,-0.71009
1619610585384,3.05978,3.40934,3.85466,-0.05802,-0.03289,-0.71968
1619610585384,-8.23126,4.76446,10.53927,0.00056,-0.12982,-0.70583
1619610585424,-1.72382,9.89284,7.91044,-0.00156,-0.02649,-0.81662
1619610585444,-1.02471,3.28484,5.45878,0.01228,-0.0755,-0.73566
1619610585464,5.39653,4.83628,10.26154,0.02932,0.10346,-0.80384
1619610585484,0.42137,1.13964,6.56968,0.14224,-0.03395,-0.73886
1619610585504,6.88093,-2.42772,2.38941,-0.03565,-0.11278,-0.86775
1619610585524,3.23696,4.41011,14.04438,0.14437,0.12476,-0.95297
1619610585544,-8.93037,10.06043,8.96867,-0.07932,0.01185,-0.96469
1619610585564,0.74699,3.03105,-0.5746,0.01654,-0.11491,-0.79958
1619610585584,7.13472,-6.33984,3.96,0.11774,0.23236,-0.88693
1619610585604,2.16914,3.31357,-1.13964,-0.06974,-0.09574,-0.83686
1619610585624,-0.13407,4.35265,10.63983,0.06554,-0.00732,-0.88267
1619610585644,-2.1452,6.56011,9.15063,-0.05908,0.02037,-0.88693
1619610585664,1.33596,1.1971,7.19697,0.05595,-0.08828,-0.77827
1619610585684,-7.83861,5.22414,7.31189,-0.02073,0.08428,-0.8816
1619610585704,-5.60243,2.95444,0.26815,0.03891,0.05446,-0.81342
1619610585724,0.90021,-0.2059,5.22414,-0.05908,-0.11598,-0.82088
1619610585744,-5.04218,4.64475,9.3278,-0.02286,0.19507,-0.86988
1619610585764,-2.46123,-1.64721,12.05241,-0.02393,-0.10106,-0.78892
1619610585784,-7.53694,1.10133,5.2816,-0.04737,0.12263,-0.79851
1619610585805,4.85544,3.89776,10.96065,-0.00049,0.00759,-0.85816
1619610585824,-0.6177,-0.58418,6.70855,-0.01754,0.02676,-0.79851
1619610585844,-5.55933,0.8667,11.8082,0.03998,0.02783,-0.87201
1619610585864,0.5363,0.69431,8.68137,-0.05482,-0.00838,-0.83579
1619610585884,0.09097,-6.90008,13.75229,0.08046,0.06298,-0.90291
1619610585905,0.94331,-0.83797,8.03972,-0.07187,-0.16498,-0.94552
1619610585924,-5.01824,0.15322,13.40274,0.122,0.08428,-0.90717
1619610585944,-0.1628,9.15542,13.7475,-0.02393,-0.03715,-0.90717
1619610585964,-4.80755,4.18506,8.71968,0.024,-0.01584,-0.80916
1619610585984,-1.38863,-0.905,15.11698,-0.01541,-0.0201,-0.88373
1619610586006,1.93451,-2.12126,13.75229,-0.01115,-0.12343,-0.8571
1619610586024,2.07337,-3.74931,9.72045,0.02826,0.07576,-0.88586
1619610586044,-10.31422,-4.23773,18.18635,-0.01541,-0.02436,-0.84112
1619610586064,-3.75889,4.49152,9.63905,0.00908,0.1482,-0.79105
1619610586084,-9.0836,1.33596,10.61589,-0.07506,0.0438,-0.86988
1619610586104,0.5363,-3.04063,15.45217,0.00589,-0.05526,-0.78253
1619610586124,-0.35434,-2.61925,15.16008,0.04743,0.1237,-0.91888
1619610586144,5.37737,-1.00077,12.02368,-0.09104,-0.04247,-0.84858
1619610586164,2.22181,3.40455,7.11556,-0.04417,-0.06697,-0.81555
1619610586184,0.94331,-4.17548,7.98226,0.11241,0.23981,-0.84538
1619610586205,2.9305,-2.33195,12.77546,-0.10596,-0.30772,-0.82195
1619610586225,2.3942,-5.26245,19.6127,0.06341,0.30053,-0.80064
1619610586244,0.00478,4.18027,11.16655,0.11454,-0.0478,-0.87095
1619610586264,4.93684,1.1971,10.04607,-0.02393,-0.08295,-0.78147
1619610586284,-1.7717,-2.75812,9.27992,-0.08145,-0.02223,-0.8081
1619610586304,2.70065,-2.87783,13.60864,-0.05269,-0.03608,-0.74738
1619610586325,0.43095,-1.95366,19.32599,0.05915,0.15885,-0.80916
1619610586344,0.97204,1.88663,11.24317,-0.0431,-0.10426,-0.70583
1619610586364,3.80199,0.75177,16.00284,-0.03671,0.15033,-0.85816
1619610586384,3.97437,-0.16759,7.92959,0.18805,0.07576,-0.80384
1619610586404,0.17717,-0.46926,9.47625,-0.18798,-0.24594,-0.85923
1619610586424,-2.37983,2.96402,9.85453,0.171,0.19401,-0.86456
1619610586444,-3.95522,4.38617,6.04296,0.03891,-0.12343,-0.90184
1619610586464,3.04063,-4.92726,19.6127,-0.10915,-0.03715,-0.83047
1619610586484,8.80587,2.74375,3.03105,0.1955,0.21851,-0.80597
1619610586504,-1.20667,0.67037,12.45463,0.03252,-0.28961,-0.65044
1619610586524,-0.39743,3.90733,0.64643,-0.1262,0.30905,-0.69092
1619610586544,-6.53617,6.11479,4.15633,0.06128,-0.18309,-0.70157
1619610586564,-3.56736,5.75087,10.32379,0.03252,-0.03182,-0.69092
1619610586584,-7.1012,3.90254,5.78439,0.04104,0.05233,-0.73459
1619610586604,-2.62883,8.59518,5.70777,0.04637,-0.20333,-0.60357
1619610586624,-6.00944,-1.62326,10.26154,-0.05269,0.36764,-0.71648
1619610586644,-0.78529,-3.53384,2.00155,-0.00156,-0.28961,-0.66429
1619610586664,1.2785,2.55221,6.84741,-0.00689,0.28988,-0.87414
1619610586684,2.23139,1.23061,9.25119,0.04211,-0.10426,-0.82195
1619610586704,0.06224,3.99352,14.25028,0.05915,0.11092,-0.83366
1619610586724,0.40701,-2.46602,0.68953,0.15715,-0.09574,-0.8603
1619610586744,4.54419,-0.20111,8.7532,0.00269,-0.18202,-0.86456
1619610586764,-6.03817,3.48595,6.11479,0.14863,0.15459,-1.04565
1619610586784,-0.79966,-0.65601,0.42137,0.00163,-0.18735,-0.88693
1619610586804,-4.96078,0.11013,11.71243,0.01547,0.16311,-0.91569
1619610586824,-9.95509,5.06613,8.22168,0.12839,-0.11278,-0.94552
1619610586844,-3.6296,-3.28005,12.82813,-0.34564,-0.23742,-0.76868
1619610586864,-2.7246,5.25287,5.54018,0.15076,-0.02223,-0.85923
1619610586884,4.09887,-0.19153,19.6127,0.01441,0.06617,-0.74418
1619610586904,-2.65277,-3.87381,10.29506,-0.19331,0.04487,-0.69731
1619610586924,-3.07415,1.07739,9.04529,0.19444,0.04593,-0.71755
1619610586944,-6.16267,7.72369,13.03403,-0.01434,0.02889,-0.83047
1619610586964,-4.92726,1.58975,9.67257,0.01121,-0.01691,-0.82088
1619610586984,-4.16112,6.69418,9.43315,0.0698,0.01291,-0.79318
1619610587004,1.08696,-0.15801,11.3102,-0.01434,0.19294,-0.91356
1619610587024,0.07182,0.93852,17.47288,0.03571,-0.1735,-0.83473
1619610587044,2.16914,-3.49074,13.52245,-0.025,0.06831,-0.84964
1619610587064,-1.64242,-0.65601,13.0867,0.09324,0.00332,-0.96789
1619610587084,6.8522,1.57059,6.22013,-0.03778,-0.32157,-0.8816
1619610587104,0.43574,-1.71903,6.45955,0.08685,0.2739,-0.96895
1619610587124,6.8522,0.4501,4.41011,0.04104,-0.02756,-1.03713
1619610587144,7.96311,-2.98317,10.07001,-0.05376,-0.13089,-0.83366
1619610587164,-2.01112,0.75177,18.67477,-0.01328,0.05552,-0.986
1619610587184,1.35511,4.11802,10.40998,0.05809,-0.22676,-0.88373
1619610587204,7.58483,-5.08049,4.76446,0.03358,-0.03289,-0.92954
1619610587224,2.57616,0.6991,5.84185,-0.02819,-0.07337,-0.9615
1619610587244,-3.58172,0.31603,13.60385,-0.10596,-0.0755,-0.87734
1619610587264,4.38617,-2.90656,12.58392,-0.01221,0.07363,-0.91569
1619610587284,4.5394,4.40533,8.56166,0.01015,-0.03075,-0.88906
1619610587304,1.31202,0.67995,8.20253,-0.00262,0.12689,-0.90184
1619610587324,-0.40222,4.83149,13.47456,0.02613,0.12157,-0.93486
1619610587344,10.51533,0.38786,10.65419,-0.14217,-0.23209,-0.8081
1619610587364,-0.2873,-0.07182,13.52724,-0.03671,0.13222,-0.9615
1619610587384,2.11647,-3.00711,6.5218,0.06661,0.01504,-0.98067
1619610587404,1.65199,0.98162,8.8777,-0.02393,-0.06591,-0.94019
1619610587424,1.1109,-2.99275,6.03338,0.08365,0.05978,-0.99878
1619610587444,1.82917,6.85699,3.73016,-0.0186,-0.04673,-0.96789
1619610587464,1.24977,12.32535,3.6296,-0.00902,-0.02223,-0.93167
1619610587484,3.05978,-0.72304,6.84741,-0.00476,0.04807,-0.9093
1619610587504,3.2992,6.00465,6.59841,0.00482,-0.05739,-0.92528
1619610587524,4.46758,2.19308,7.35498,0.02932,0.09707,-0.91888
1619610587544,-0.26815,0.88106,6.16267,-0.05482,-0.0201,-0.90184
1619610587564,-6.11,0.15322,4.47236,-0.08252,-0.22889,-0.81129
1619610587584,9.42357,-2.2266,10.67335,-0.05376,0.10026,-0.89225
1619610587604,-0.52193,2.5187,5.96635,-0.06548,0.06085,-0.91569
1619610587624,12.65096,0.15322,4.84107,-0.04737,-0.03182,-0.84219
1619610587644,-10.91756,4.61123,11.51611,-0.00902,-0.00093,-0.91462
1619610587664,-0.32561,0.2873,9.00698,-0.06761,-0.01371,-0.86243
1619610587684,-12.38281,3.22738,7.36935,-0.06121,-0.01691,-0.90823
1619610587704,0.01436,4.22337,7.04374,0.02826,0.0193,-0.82834
1619610587724,-5.01824,2.17872,10.67335,0.02719,-0.08934,-0.75057
1619610587744,-3.93606,1.24019,4.99909,-0.11767,0.06831,-0.76975
1619610587764,-4.15154,2.01112,8.69574,0.03571,-0.03608,-0.71116
1619610587784,-6.04296,4.67348,10.6494,-0.00369,-0.15965,-0.73779
1619610587804,-5.50187,-1.47482,5.19541,0.18059,0.24301,-0.90291
1619610587825,-2.19787,-0.09576,15.02601,-0.14111,-0.11065,-0.93486
1619610587844,1.21146,0.79966,4.10845,0.04211,-0.12769,-0.73992
1619610587864,-11.88481,0.91937,16.81687,0.04743,0.18122,-0.93806
1619610587884,1.90099,-1.63763,11.77947,-0.13046,-0.13195,-0.7559
1619610587904,-3.90733,0.57939,10.57758,0.02187,0.17164,-0.84858
1619610587925,3.20344,-3.55778,13.5416,-0.04843,-0.11385,-0.84751
1619610587944,-0.06703,-0.01436,13.3357,-0.01008,0.14927,-0.85284
1619610587964,2.39899,4.33829,11.98537,0.02187,-0.03289,-0.85497
1619610587984,-0.96246,2.12126,11.04205,0.10602,-0.11491,-0.91995
1619610588004,1.00077,-7.62792,12.06198,0.07726,0.06511,-0.98174
1619610588024,2.50912,-1.64242,14.17367,-0.02819,-0.06484,-0.90717
1619610588044,-5.32949,-0.47405,13.69483,0.02613,0.08109,-0.89225
1619610588064,-2.32237,0.6991,5.75566,-0.04843,0.04593,-0.89545
1619610588084,-2.94486,-0.59855,16.92221,-0.00476,-0.07017,-0.82088
1619610588104,5.37258,-10.92713,14.73391,0.171,0.13648,-0.83366
1619610588124,6.71812,-3.67749,18.09537,-0.10809,-0.12024,-0.81449
1619610588144,11.18571,-7.56567,12.40675,-0.04843,0.08109,-0.77081
1619610588164,-3.20823,-1.0726,12.55998,0.10176,0.06085,-0.86456
1619610588184,4.50109,0.22505,17.72188,-0.0708,-0.05206,-0.81023
1619610588204,0.02394,0.18195,8.45153,-0.13259,-0.00732,-0.86669
1619610588224,6.18661,-3.36145,9.83059,0.05489,-0.11278,-0.82408
1619610588244,-4.92726,7.03895,12.5504,-0.03458,0.06404,-0.77081
1619610588264,1.68551,-0.23942,12.62702,-0.06015,0.02569,-0.79958
1619610588284,0.37828,-0.93852,16.2279,0.04211,-0.07656,-0.77934
1619610588304,6.51222,-0.86191,8.74362,0.01761,0.10133,-0.86669
1619610588325,1.99197,1.16358,11.45864,0.00376,-0.00838,-0.84538
1619610588344,5.9855,-2.23139,17.84159,0.03358,-0.01371,-0.77081
1619610588364,4.6639,-2.09732,11.64539,0.03998,0.04913,-0.80384
1619610588384,3.96479,3.66312,15.07389,0.03571,-0.13302,-0.77294
1619610588404,5.50187,2.34152,9.50976,0.02293,0.19507,-0.73566
1619610588424,2.98317,2.28406,5.31991,0.00908,-0.07763,-0.77081
1619610588444,-1.95366,7.4699,6.90008,-0.00369,0.08002,-0.7836
1619610588464,-4.83628,4.91769,7.24964,0.08365,-0.01371,-0.81768
1619610588484,-0.39743,1.80043,7.42681,0.09643,0.08855,-0.8603
1619610588504,-1.60411,3.48595,0.57939,-0.01434,-0.04354,-0.76762
1619610588524,1.21146,3.60087,10.16578,-0.05908,0.14181,-0.76762
1619610588544,-2.86346,3.61045,11.09473,0.05702,0.14607,-0.88267
1619610588564,-0.19153,4.81713,1.47482,-0.10702,-0.23102,-0.78999
1619610588584,-3.055,-3.00232,6.56011,0.0943,0.05765,-0.91249
1619610588604,-2.53306,-0.19153,9.73961,0.05595,0.03102,-1.00943
1619610588625,3.01669,4.17548,4.69263,-0.06867,-0.11065,-0.8049
1619610588644,-4.48673,5.76044,4.2904,0.03678,0.14287,-0.85816
1619610588664,-4.64475,2.21224,2.95444,0.00802,-0.01478,-0.78679
1619610588684,-6.35421,2.42772,12.38281,0.00908,-0.10745,-0.78679
1619610588704,-3.54341,3.52426,3.83551,-0.03884,0.08322,-0.82727
1619610588724,-1.38384,-0.47405,0.27293,0.024,-0.09147,-0.86243
1619610588744,-0.29688,-0.96725,10.01734,-0.00369,0.00119,-0.94445
1619610588764,-1.2785,2.3942,11.63582,-0.10596,-0.10213,-0.95084
1619610588784,-7.45554,-0.43095,8.19295,0.01547,-0.0723,-0.9093
1619610588804,-1.21625,-2.88261,9.93593,0.01121,0.00119,-0.86882
1619610588824,-4.87938,-0.78529,11.34372,-0.00262,-0.10745,-0.83792
1619610588844,-1.75255,-1.31202,9.04529,0.06874,-0.06804,-0.89758
1619610588864,-4.98951,-1.18273,2.50912,-0.03032,-0.01691,-0.9551
1619610588884,-2.37983,0.99598,8.44674,-0.03778,-0.16072,-0.87521
1619610588904,0.77093,-1.68551,9.01656,0.00802,-0.00412,-0.90078
1619610588924,-3.14598,-3.97437,15.27979,-0.02606,-0.0723,-0.87308
1619610588944,15.47133,-4.09408,13.85763,0.02506,-0.02756,-0.89864
1619610588964,-7.09162,7.12035,12.07156,-0.07932,-0.03289,-0.82834
1619610588984,8.20732,-1.07739,9.69172,0.03039,-0.0691,-0.86136
1619610589004,-5.88015,3.5482,13.4171,0.04637,-0.06804,-0.7591
1619610589024,8.02536,-2.557,16.15607,-0.02286,0.03741,-0.83579
1619610589044,2.25054,-5.50187,13.48893,0.01121,0.10239,-0.8081
1619610589064,1.01035,-1.95366,11.03727,-0.0463,-0.06697,-0.78466
1619610589084,0.82839,0.91937,9.62469,-0.03991,0.03528,-0.84858
1619610589104,-12.77067,3.95043,7.91044,0.08259,-0.00412,-0.81023
1619610589124,1.6089,2.41814,7.15866,-0.08039,0.05446,-0.85284
1619610589144,-2.28406,6.63672,8.03972,0.04743,-0.02969,-0.90078
1619610589164,5.05176,-4.707,18.72265,-0.08358,-0.08295,-0.85177
1619610589184,3.10767,-2.48039,15.92623,-0.00689,0.07363,-0.86775
1619610589204,-1.6903,1.85311,13.06755,0.04637,-0.00945,-0.88906
1619610589224,12.04283,-7.52258,10.91756,0.02506,0.02889,-0.81768
1619610589244,-4.10366,3.21301,10.47223,0.02293,0.01078,-0.84325
1619610589264,8.66222,0.7422,10.99896,-0.01754,-0.07763,-0.80064
1619610589284,-1.30244,-1.24977,5.85621,0.03465,-0.09893,-0.7559
1619610589304,3.89297,-3.73974,9.65342,-0.00476,0.11837,-0.8571
1619610589324,9.89284,-3.1364,12.61744,0.07087,-0.02117,-0.88054
1619610589344,0.42616,5.76523,11.98058,-0.06334,-0.08295,-0.86349
1619610589364,11.29105,-7.58961,6.31111,-0.05695,0.096,-0.91675
1619610589384,-6.65109,5.71735,7.87692,0.13159,-0.06591,-0.75483
1619610589404,0.7422,0.53151,10.20887,-0.0431,0.00759,-0.82195
1619610589424,5.13795,-2.81079,3.98395,-0.16561,0.05233,-0.8816
1619610589444,-2.04464,6.17225,2.70544,0.08152,-0.12343,-0.82301
1619610589464,-2.6815,1.83395,14.42745,0.06128,0.04167,-0.88054
1619610589484,-2.30801,6.57926,4.95599,-0.14004,0.01185,-0.81342
1619610589504,-0.62728,6.98149,3.46201,0.10709,-0.04993,-0.81342
1619610589524,0.98641,9.60074,-0.60812,0.03358,0.16098,-0.91995
1619610589544,-3.11725,6.4404,4.2904,-0.09637,-0.18096,-0.79212
1619610589564,2.81558,4.19464,5.04218,0.05595,0.21638,-0.81236
1619610589584,6.33026,1.64242,5.62158,0.01974,-0.06271,-0.82088
1619610589604,4.61602,2.56179,7.02458,0.04211,-0.05526,-0.76016
1619610589624,-1.06302,-2.51391,10.47223,0.05595,0.10133,-0.82301
1619610589644,-4.52025,2.70065,4.31914,0.01228,-0.00306,-0.71755
1619610589664,-6.67982,4.68784,4.63038,0.10389,0.11305,-0.80597
1619610589684,-0.0383,-4.43885,7.58004,0.02826,0.00545,-0.81129
1619610589704,-0.0383,-4.43885,7.58004,0.02826,0.00545,-0.81129
1619610589724,-2.80121,3.45722,13.05797,-0.04737,0.03102,-0.88693
1619610589744,-2.80121,3.45722,13.05797,-0.04737,0.03102,-0.88693
1619610589764,-6.90487,-1.24977,-0.96725,0.05595,-0.02862,-0.88586
1619610589784,-6.90487,-1.24977,-0.96725,0.05595,-0.02862,-0.88586
1619610589804,-6.75643,1.94409,6.33026,0.0943,0.00972,-0.88906
1619610589824,3.83551,2.36547,11.01332,0.08046,-0.08082,-0.89545
1619610589844,-3.73016,-4.77403,16.17522,-0.0495,0.01824,-0.85497
1619610589864,-1.29286,-4.51067,14.25986,0.01015,-0.08189,-0.86669
1619610589884,0.33039,1.76213,10.32379,0.05595,-0.00625,-0.83579
1619610589904,6.49307,-3.26569,9.77792,-0.00902,-0.12769,-0.80277
1619610589924,0.94331,-1.31681,13.48893,0.01121,-0.04034,-0.73459
1619610589944,-5.19062,2.14041,6.96712,0.07513,-0.01051,-0.8326
1619610589964,3.89297,-2.19308,4.21379,-0.07293,0.00119,-0.69518
1619610589984,5.14753,-1.20188,12.1386,0.00802,0.08215,-0.7591
1619610590004,-8.89685,4.15154,12.30619,-0.04524,-0.11917,-0.63766
1619610590024,-0.39743,6.00465,13.18247,0.01228,0.06404,-0.73886
1619610590044,-2.10689,-1.47961,13.65173,0.12626,0.08641,-0.69305
1619610590064,1.30244,-4.63038,13.39316,0.03145,0.05126,-0.71968
1619610590084,2.806,-1.29286,17.23346,-0.14217,0.02676,-0.70051
1619610590104,-8.95431,0.29688,10.42435,0.11454,-0.00199,-0.75164
1619610590124,3.61524,-4.19464,17.51598,0.03252,0.12689,-0.75164
1619610590144,-2.20745,2.61446,13.44104,-0.05695,-0.08189,-0.73779
1619610590164,0.04788,2.66714,13.10586,0.17846,0.01717,-0.81768
1619610590184,0.77572,0.42137,7.12035,-0.03671,0.06298,-0.85497
1619610590204,-3.13161,-1.57538,15.21754,-0.0463,-0.08508,-0.82514
1619610590224,4.13718,-0.46926,9.61511,0.10815,-0.09467,-0.81129
1619610590244,5.88015,-1.2785,15.90228,0.22853,0.01611,-0.89758
1619610590264,0.4118,3.48595,8.70052,-0.01221,-0.03289,-0.94871
1619610590284,6.78037,-1.52271,1.73819,-0.05269,-0.00519,-0.85816
1619610590304,6.70376,1.18273,9.38527,0.03571,0.04807,-0.92634
1619610590324,11.65976,0.52193,5.97113,0.02719,-0.01265,-0.90291
1619610590346,5.91846,-0.96246,9.99339,-0.11128,-0.04354,-0.83792
1619610590364,1.76692,-2.07816,10.96544,0.03891,0.06831,-0.87095
1619610590384,-3.85466,5.88494,17.84159,0.07193,0.00119,-0.91462
1619610590404,1.63284,2.80121,6.24407,-0.03139,-0.02543,-0.87947
1619610590424,-3.70622,8.60476,6.41167,0.11241,0.05233,-0.80064
1619610590444,2.91134,-2.66235,12.47379,-0.12406,-0.01904,-0.8784
1619610590464,-3.36145,2.03507,5.21935,0.0943,0.03954,-0.94552
1619610590484,-3.43328,8.02057,4.60644,-0.04417,-0.12237,-0.99558
1619610590504,6.2728,8.84896,5.09486,-0.00476,0.06724,-0.8848
1619610590524,-9.96466,-1.99197,9.50498,0.01761,-0.01691,-0.89864
1619610590544,-6.95276,3.7972,2.94965,-0.08252,-0.05526,-0.8326
1619610590564,-1.50355,3.62482,1.96803,0.05915,0.12263,-0.80384
1619610590584,-1.39821,5.44441,3.90733,0.01015,-0.13515,-0.81129
1619610590604,-4.73573,0.20111,5.5737,-0.06441,0.12583,-0.7527
1619610590624,-11.31978,4.44363,6.40209,0.08259,0.13435,-0.8294
1619610590645,-1.49398,-0.33039,-0.56503,-0.1443,-0.04886,-0.8848
1619610590664,-4.71178,-1.21625,11.38682,0.073,0.00332,-0.95191
1619610590684,-4.6208,5.14753,12.65096,0.01761,-0.18948,-0.88054
1619610590704,4.45321,3.75889,6.3973,-0.02926,0.07789,-0.89971
1619610590724,-6.80432,0.90021,11.13303,-0.0463,-0.11171,-0.82088
1619610590746,0.96725,-3.4237,16.62054,-0.03991,0.00119,-0.77188
1619610590764,-2.56658,-0.87627,13.86721,0.04424,-0.01691,-0.80597
1619610590784,-1.82438,1.40779,8.64785,0.05595,-0.07656,-0.80171
1619610590804,1.81001,-6.74686,8.81066,0.16142,-0.10319,-0.81449
1619610590824,4.69263,-4.51546,15.88313,-0.0218,-0.04354,-0.92421
1619610590844,-0.16759,-0.0814,10.1131,-0.12087,-0.16604,-0.79638
1619610590864,-0.40701,2.70065,5.10922,0.07193,-0.03821,-0.8326
1619610590884,-1.2785,-4.21858,11.07078,0.03998,0.00972,-0.84006
1619610590904,-3.90254,2.26012,12.33971,-0.15602,0.02037,-0.80277
1619610590924,1.8579,-4.39096,12.24394,0.0975,0.0438,-0.82621
1619610590945,-0.02873,-0.75177,10.71165,0.03145,0.11837,-0.8539
1619610590964,3.45243,-0.30645,6.69418,0.01974,0.04274,-0.92421
1619610590984,-4.75009,1.53228,15.1936,0.05702,-0.05313,-0.89864
1619610591004,8.19295,-6.08127,14.70039,0.00056,0.05339,-0.8848
1619610591024,-2.87783,2.58573,10.53927,0.04637,-0.00945,-0.94445
1619610591044,9.76834,-2.82515,15.33725,0.03465,0.06298,-1.01902
1619610591064,5.69341,-10.74038,19.6127,-0.09743,-0.07443,-0.90397
1619610591084,2.75812,4.48673,10.9798,-0.0186,0.06724,-0.88586
1619610591104,-8.02536,4.87459,10.17056,-0.025,0.12157,-0.84964
1619610591124,-3.05978,3.85945,8.19295,0.03998,-0.07337,-0.79958
1619610591144,-10.63983,8.60476,9.0405,-0.02926,0.11944,-0.79531
1619610591164,4.02225,-8.90643,11.88002,0.00908,-0.04247,-0.75164
1619610591184,1.91057,0.04788,10.26633,-0.00689,-0.00945,-0.74312
1619610591204,3.07894,0.43095,6.24407,0.01015,0.03741,-0.79212
1619610591224,-0.7422,0.60333,13.24472,-0.01328,-0.0755,-0.79851
1619610591244,1.62326,1.58975,11.86087,-0.01754,0.10026,-0.83579
1619610591264,4.91769,1.7717,-1.46525,-0.07293,-0.15006,-0.73566
1619610591284,-0.78529,1.37906,14.26465,0.00163,0.05339,-0.81555
1619610591304,-5.60722,4.7453,5.02303,0.09537,0.05872,-0.90823
1619610591324,5.09964,0.33997,2.8491,-0.11128,-0.12876,-0.83366
1619610591344,8.99262,-2.70065,6.34942,-0.0463,0.03315,-0.91995
1619610591364,7.20175,-4.11323,6.3973,0.00269,-0.01371,-0.87414
1619610591384,0.4118,6.31111,11.59272,0.00163,-0.08402,-0.80384
1619610591404,-0.05746,1.6903,3.36624,0.04637,0.00332,-0.88693
1619610591424,2.41814,4.03662,1.57059,0.10922,-0.03715,-0.98387
1619610591444,-7.98705,4.87459,3.8786,-0.04843,-0.05526,-0.90504
1619610591464,6.58405,3.54341,2.3511,0.06022,0.13542,-0.92954
1619610591484,-5.11401,7.04374,2.34152,-0.03565,0.01398,-0.89438
1619610591504,3.7972,4.22816,9.65821,-0.24444,0.06085,-0.8326
1619610591524,-1.71903,6.04775,-0.18674,0.17633,-0.02117,-0.92315
1619610591544,-5.43483,3.00232,11.84172,-0.01754,0.01824,-0.91356
1619610591564,1.87226,2.85867,10.12747,-0.10489,0.01398,-0.93699
1619610591584,-4.94163,3.3423,8.64785,0.04424,-0.03075,-0.8326
1619610591604,1.84832,-5.54018,11.58314,0.01654,-0.06484,-0.90078
1619610591624,1.69988,4.38617,1.99197,-0.08998,0.10665,-0.9615
1619610591644,-5.62637,2.82515,5.77002,-0.00902,-0.05099,-0.94765
1619610591664,5.11401,-0.76135,5.3678,0.05382,0.09813,-0.89012
1619610591684,-12.76109,-5.14753,14.2838,-0.19118,-0.00625,-0.91782
1619610591704,4.36223,-3.12682,14.71476,-0.02606,-0.04034,-0.85284
1619610591724,-7.46512,1.4413,10.49139,0.06235,0.03102,-0.8784
1619610591744,-5.98071,0.13407,15.14093,-0.10809,-0.04247,-0.80703
1619610591764,-4.84586,-4.73094,10.09874,-0.06015,-0.09361,-0.76016
1619610591784,-6.94797,-0.66558,10.42914,0.03891,0.03315,-0.82834
1619610591804,-1.64242,-2.25533,11.31978,-0.01008,-0.14048,-0.8539
1619610591824,-9.33738,-2.14041,7.07726,-0.05056,0.02996,-0.84432
1619610591844,-2.05901,-3.2609,15.99805,0.00269,-0.04247,-0.84538
1619610591864,0.8236,3.31836,17.84159,0.01547,0.0193,-0.77081
1619610591884,5.99029,-1.81001,14.86799,-0.06974,-0.21718,-0.68666
1619610591904,4.43885,-0.33039,9.8258,0.03678,0.145,-0.80597
1619610591924,-0.74699,-4.42927,10.0317,-0.01647,0.02463,-0.7559
1619610591944,3.2178,-4.31435,9.67736,0.04211,-0.05845,-0.68666
1619610591964,0.5363,0.14365,13.43147,0.00589,-0.02649,-0.81129
1619610591984,2.02549,2.67671,12.50731,0.03145,-0.02862,-0.76549
1619610592004,2.57137,-5.75566,18.30606,0.13159,0.10239,-0.79744
1619610592024,3.89776,0.61291,8.1307,0.01654,0.01078,-0.80703
1619610592044,3.89776,0.61291,8.1307,0.01654,0.01078,-0.80703
1619610592064,-3.35667,0.63685,12.28225,0.16142,-0.0233,-0.8049
1619610592084,-0.06224,-3.04063,11.96622,0.08791,-0.02756,-0.82088
1619610592104,-0.23942,1.47482,10.88882,-0.05163,-0.14261,-0.82621
1619610592124,-1.78607,0.89543,5.61679,0.08472,0.14074,-0.84858
1619610592144,0.5363,-1.64721,4.69742,0.02932,0.02569,-0.81982
1619610592144,4.73573,4.44363,11.13782,-0.07613,-0.05632,-0.83366
1619610592184,-1.3599,1.0295,8.4228,0.02932,0.16844,-0.89438
1619610592204,9.19852,-2.34631,12.78024,-0.05163,-0.2715,-0.82408
1619610592224,1.37427,0.32082,17.19994,0.09111,0.23342,-0.86562
1619610592245,1.06302,0.76614,6.88093,-0.10809,-0.12556,-0.85923
1619610592264,-5.44441,5.48272,1.11569,0.07726,0.10133,-0.86882
1619610592285,-0.79008,3.30878,4.3335,0.00908,-0.0723,-0.93486
1619610592304,2.29843,-5.36301,7.49863,0.04637,-0.16817,-0.78892
1619610592331,0.29209,-1.64242,8.34139,0.04637,0.20785,-0.87095
1619610592344,-4.18027,5.33907,3.58651,0.06874,-0.07976,-0.79212
1619610592364,-4.18027,5.33907,3.58651,0.06874,-0.07976,-0.79212
1619610592384,2.43729,-1.69509,7.96311,-0.02819,0.06085,-0.90717
1619610592404,-0.72304,0.22505,10.12747,0.03998,-0.13941,-0.83579
1619610592424,2.65756,-2.00634,6.11,-0.01328,0.13861,-0.82514
1619610592444,-1.42694,7.32146,8.25041,0.05382,-0.05632,-0.89012
1619610592464,-1.42694,7.32146,8.25041,0.05382,-0.05632,-0.89012
1619610592484,-2.63362,6.21534,-1.17794,-0.09211,0.06724,-0.8848
1619610592504,6.55532,1.69509,-3.22259,0.11561,-0.08082,-0.78999
1619610592524,-4.1276,9.25598,-4.33829,0.03358,0.09813,-0.84538
1619610592544,3.28005,-3.02148,10.99417,-0.01328,-0.05419,-0.91462
1619610592564,-3.37582,2.48996,4.10845,-0.01647,-0.02117,-0.90823
1619610592584,4.11802,-3.27047,-2.59531,0.03039,0.04913,-0.96043
1619610592604,-8.09719,0.0383,8.07324,-0.04843,-0.01051,-0.82621
1619610592624,-0.91937,-1.16837,8.72447,0.01974,0.06404,-0.77507
1619610592644,3.86424,-3.62003,14.36521,-0.03352,-0.09467,-0.7591
1619610592664,-2.40856,-0.93852,12.9239,0.09324,0.06298,-0.75377
1619610592664,2.86346,-0.44053,18.08101,-0.06441,-0.07656,-0.7804
1619610592704,-4.80276,-1.90578,13.17289,-0.03565,-0.05099,-0.74312
1619610592724,-1.71903,0.11013,10.58716,0.05382,-0.10106,-0.70264
1619610592744,-0.18195,-1.69988,10.86967,0.00163,-0.06804,-0.83366
1619610592764,-9.36611,-2.14041,13.71877,-0.10276,-0.03075,-0.84112
1619610592784,7.43639,-2.84431,10.71644,0.11667,-0.2012,-0.79851
1619610592804,0.64164,-3.56257,9.0836,0.05276,0.06191,-0.84858
1619610592824,0.23942,-0.88106,7.42681,-0.09104,-0.10532,-0.83473
1619610592824,-3.19386,1.67594,11.53047,0.03571,-0.06484,-0.78786
1619610592864,-1.66636,2.78206,8.14028,-0.04204,-0.01158,-0.88799
1619610592885,4.29998,-2.53306,5.37737,0.02719,-0.12343,-0.79105
1619610592904,2.08295,1.75255,9.84016,0.07193,0.01824,-0.82514
1619610592924,3.08373,-2.77727,12.15296,0.12094,-0.1703,-0.8294
1619610592944,4.5394,-6.8953,15.76821,-0.02073,0.14394,-0.9061
1619610592964,3.7541,-0.71826,14.98291,-0.02926,-0.10958,-0.83579
1619610592984,5.36301,-2.71502,11.23838,0.07406,0.17164,-0.83366
1619610593004,8.96389,-0.06224,10.23281,0.0453,0.02143,-0.78147
1619610593024,-1.76692,5.18105,8.09719,-0.13152,-0.01051,-0.81129
1619610593044,-2.14041,2.85388,5.82269,0.0485,0.10559,-0.85923
1619610593065,3.20344,-5.77002,9.02614,-0.0431,-0.17883,-0.77934
1619610593084,2.45645,-4.23773,17.27656,-0.01434,0.15353,-0.80597
1619610593104,-2.52827,-0.42137,9.18894,0.00376,-0.02543,-0.8049
1619610593124,-0.6991,3.73495,10.47223,0.06874,-0.03928,-0.83686
1619610593144,6.54095,-6.41167,11.37245,0.05382,0.13435,-0.91675
1619610593164,1.58017,-3.00711,12.25831,0.00376,-0.21824,-0.84964
1619610593184,6.43561,-1.80522,10.05564,0.02932,0.21212,-0.87947
1619610593204,0.7422,-5.31512,13.59427,-0.05056,-0.08295,-0.84751
1619610593224,3.51947,-2.38941,13.23035,-0.03778,0.08855,-0.79212
1619610593244,-0.43095,4.7884,8.68616,0.03678,0.0225,-0.83579
1619610593264,5.02782,-1.91536,11.51611,0.05276,0.06937,-0.76762
1619610593284,-1.03429,4.03183,4.22337,-0.05163,0.11624,-0.86669
1619610593304,2.07816,-3.08373,11.06121,0.03358,-0.13089,-0.79851
1619610593324,2.71502,-0.81881,11.3964,-0.0953,0.14074,-0.86669
1619610593344,5.17147,0.45489,6.7277,0.09217,0.06937,-0.93912
1619610593364,2.76769,2.73417,11.85129,-0.06015,-0.14048,-0.79744
1619610593384,1.36469,4.98951,6.03817,-0.01754,0.15992,-0.84964
1619610593404,-2.21703,9.15542,7.87213,-0.07293,0.03315,-0.8571
1619610593404,-3.98395,10.52969,2.0638,0.10176,-0.12237,-0.90291
1619610593444,8.52814,6.0669,8.49941,0.122,0.07683,-0.90397
1619610593464,3.52426,-1.2354,7.0581,-0.12833,-0.09574,-0.90823
1619610593484,-3.82114,2.02549,6.24886,0.13052,0.03102,-0.83579
1619610593504,1.72861,2.06859,9.19852,-0.11022,-0.09787,-0.82621
1619610593524,-5.02303,6.81389,5.78918,-0.02606,0.01611,-0.86775
1619610593544,1.00077,-1.26413,11.69807,0.16355,0.04274,-0.82834
1619610593564,-1.92493,5.48272,4.94642,-0.08998,-0.05952,-0.79744
1619610593584,2.00155,2.8874,4.93684,0.01334,-0.10745,-0.76442
1619610593604,-3.77805,3.98395,8.38449,0.04743,0.02463,-0.86882
1619610593624,-3.71101,7.81946,10.4052,-0.05695,0.0438,-0.8784
1619610593644,-3.05021,3.26569,7.23048,-0.04737,-0.08508,-0.75696
1619610593664,-9.05965,1.8148,12.61744,0.00482,0.09281,-0.80064
1619610593684,-3.33272,-1.22583,2.86825,-0.06334,-0.02436,-0.80384
1619610593704,-1.01035,0.15322,7.43639,0.12094,0.13648,-0.94765
1619610593724,-1.09175,-8.55687,12.47858,0.01334,-0.10213,-0.88906
1619610593744,-6.42603,-5.88973,10.20887,-0.03991,0.047,-0.86775
1619610593764,0.52672,-1.0295,14.62378,-0.0186,-0.0233,-0.81342
1619610593784,1.80043,-5.23851,16.55351,-0.01434,0.06831,-0.73353
1619610593804,1.86747,-3.69185,15.01643,0.05915,0.07683,-0.87414
1619610593824,1.40779,-4.6639,19.6127,-0.16241,-0.11278,-0.77081
1619610593844,0.90979,1.46046,7.43639,0.01547,0.10346,-0.79958
1619610593864,1.91057,0.96725,14.23113,0.21148,-0.20759,-0.68879
1619610593884,-1.06302,-2.73896,10.80263,-0.09956,-0.23635,-0.74099
1619610593904,2.29364,-4.42448,13.10107,0.00482,-0.06165,-0.81662
1619610593924,-3.03584,0.1628,9.26556,-0.00369,0.0438,-0.74951
1619610593944,0.92895,-1.74776,8.81545,0.00269,-0.04141,-0.74205
1619610593964,-2.99754,-3.32315,13.2543,0.04424,0.00439,-0.7836
1619610593984,-1.04866,4.19464,15.07389,-0.00476,0.11518,-0.76123
1619610594004,1.66157,-0.33039,18.64604,0.13265,-0.23955,-0.7069
1619610594024,0.70868,-0.23942,15.05474,-0.01115,0.13755,-0.73992
1619610594044,4.93684,0.47405,8.48026,-0.20609,-0.09574,-0.70157
1619610594064,-0.79966,3.94085,10.38125,0.23598,-0.00412,-0.67174
1619610594084,2.62404,-0.30166,12.59829,0.01867,0.05765,-0.71116
1619610594104,6.44519,0.5746,11.6837,-0.06867,0.16737,-0.77081
1619610594124,-0.55066,3.4668,6.43082,-0.00689,0.04061,-0.79212
1619610594144,2.85867,-6.98628,14.59505,-0.10063,0.01611,-0.76762
1619610594164,9.48103,-2.75333,4.69742,-0.01008,-0.02649,-0.79531
1619610594184,-1.96324,-0.48362,10.64462,0.07193,0.02996,-0.75057
1619610594204,1.96324,3.10767,2.77248,0.08152,-0.04567,-0.76549
1619610594224,0.05746,4.91769,6.33984,0.1742,-0.17457,-0.84538
1619610594244,1.87226,0.02394,9.7444,0.03785,0.08002,-0.81982
1619610594264,0.81402,-1.2354,8.5473,-0.11448,-0.18202,-0.77081
1619610594285,-4.34787,0.93373,11.40118,0.15502,0.16205,-0.83792
1619610594304,1.47482,6.40209,-1.89141,0.09004,-0.10958,-0.86882
1619610594324,3.52905,4.73094,15.01164,-0.34244,-0.04567,-0.84858
1619610594344,1.53228,4.39575,-5.95198,0.07087,-0.22676,-0.78999
1619610594364,6.67982,0,9.24161,-0.02926,0.23768,-0.79531
1619610594384,0.59376,4.25689,2.99754,-0.06441,-0.20333,-0.79318
1619610594404,2.61446,1.66636,5.34864,0.07726,0.03848,-0.76016
1619610594424,3.53384,3.24174,8.61433,0.05276,0.19401,-0.87734
1619610594444,-4.07971,5.35822,0.89064,0.15183,-0.13728,-0.8081
1619610594464,1.82917,0.31603,5.32949,0.04637,0.19081,-0.90078
1619610594484,-11.41555,8.75799,6.66545,0.16568,0.09068,-0.88693
1619610594504,6.94318,0.76135,11.99495,0.01867,-0.00732,-0.74951
1619610594524,0.80924,1.05344,5.49229,-0.03671,0.01824,-0.84219
1619610594544,-1.23061,2.03985,2.61446,0.15183,-0.04141,-0.8603
1619610594564,-5.29118,-0.42616,10.62546,-0.17413,-0.04354,-0.86988
1619610594585,-5.06134,6.22492,7.39329,0.06874,-0.05632,-0.89119
1619610594604,-1.05344,2.23139,9.21288,0.01547,-0.09041,-0.86988
1619610594624,-6.05733,6.87614,12.11944,-0.1262,-0.00625,-0.82088
1619610594644,-7.78594,5.45878,9.34217,0.07513,0.05233,-0.92634
1619610594664,-4.64475,-4.52982,12.83292,0.00482,-0.10852,-0.91782
1619610594685,-4.87459,2.59531,2.92092,-0.03458,-0.12876,-0.94978
1619610594704,-9.73482,2.76769,8.23126,-0.03245,-0.09467,-0.92315
1619610594724,-2.94007,3.68707,6.26802,-0.06015,-0.11917,-0.88054
1619610594744,0.60333,-1.43652,14.40351,-0.03884,0.01398,-0.93486
1619610594764,-7.513,3.33272,11.56399,-0.06334,0.00013,-0.87627
1619610594784,4.42927,2.49954,10.57758,0.00482,-0.01051,-0.92634
1619610594804,-1.16837,1.28329,11.53526,0.13159,0.096,-0.93486
1619610594824,-3.53863,-2.81558,12.18648,-0.16135,-0.00732,-0.8848
1619610594844,-0.96246,-2.60967,17.22867,-0.09317,-0.11811,-0.81023
1619610594864,-1.01035,-2.42772,8.39885,-0.04204,0.08641,-0.92634
1619610594885,1.18273,-0.1628,7.53215,0.00908,-0.12343,-0.86136
1619610594885,-3.40934,-1.77649,12.16733,0.04956,0.07789,-0.89012
1619610594924,0.03351,1.01992,18.46887,0.073,0.05978,-0.92954
1619610594944,6.16267,-1.89141,15.22712,-0.02926,0.06191,-0.99665
1619610594964,4.94642,-2.43729,13.45541,-0.00795,-0.04886,-0.96576
1619610594984,-5.01345,-0.96725,17.59738,-0.03778,-0.01797,-0.94232
1619610595004,0.5746,6.51222,14.91108,0.01974,0.09174,-0.9615
1619610595024,10.18493,-0.75177,13.88637,-0.03991,0.00865,-0.90823
1619610595044,0.77572,1.66157,12.83771,-0.06228,-0.05526,-0.95404
1619610595064,3.10767,-4.81713,0.91937,0.11561,-0.28855,-0.86349
1619610595084,4.60644,-4.10366,13.85763,-0.05269,0.14287,-0.85284
1619610595104,-8.26478,5.19541,9.54328,-0.12087,-0.1767,-0.74951
1619610595124,-2.50912,3.89776,7.9679,-0.03032,-0.16604,-0.74418
1619610595144,-0.98162,3.69664,8.52814,0.01441,0.1972,-0.8848
1619610595164,2.60967,0.37349,9.27513,-0.11235,-0.11065,-0.8848
1619610595184,6.25844,-0.67516,11.74595,0.08578,0.05765,-0.79744
1619610595204,-5.16668,3.6727,5.58806,0.06128,-0.07443,-0.77827
1619610595224,-1.33117,3.40934,10.34295,-0.0708,-0.19907,-0.79958
1619610595244,-2.13562,2.4756,3.24174,0.02613,0.11411,-0.8571
1619610595264,1.35032,-2.15478,7.19218,-0.04737,-0.16924,-0.93486
1619610595284,-0.52672,-0.87627,9.62947,0.07833,0.10346,-0.84751
1619610595304,-1.18752,7.20175,4.98472,0.24877,0.11944,-0.94978
1619610595324,-3.07894,0.84754,11.65018,-0.18798,-0.1213,-0.90397
1619610595344,-0.70868,2.06859,5.03261,-0.03458,0.00972,-0.83366
1619610595364,-6.20577,3.47638,13.19205,0.04424,0.05339,-0.92954
1619610595384,-5.0374,2.02549,4.05577,-0.05163,-0.11278,-0.73566
1619610595404,0.92416,0.32082,7.68059,-0.08785,0.09281,-0.76975
1619610595424,-0.62249,0.7805,9.54328,0.03678,-0.10639,-0.69305
1619610595444,-4.96078,6.55053,1.53228,0.00695,0.02676,-0.79105
1619610595464,2.07816,-1.56101,7.99184,0.00163,-0.05313,-0.73992
1619610595484,-2.76769,6.20098,0,0.073,0.00439,-0.83792
1619610595504,-4.0031,2.08295,8.73404,0.024,-0.0478,-0.83366
1619610595524,-3.39976,-2.54264,14.18325,-0.0463,0.07896,-0.83579
1619610595544,-7.46033,7.73806,7.74763,-0.03458,0.03954,-0.83686
1619610595564,-6.3159,5.56412,4.63038,0.06874,0.06191,-0.8603
1619610595584,0.84275,-2.94007,10.86967,-0.13152,-0.11491,-0.79638
1619610595604,1.53228,-1.58017,16.23747,0.04743,0.11305,-0.91356
1619610595624,-2.29364,4.2904,12.60786,0.00482,-0.11491,-0.83686
1619610595644,-1.80043,0.37349,6.76601,0.03465,0.00439,-0.88586
1619610595664,-3.41892,-0.51235,9.05487,-0.03458,0.04487,-0.87201
1619610595684,5.11401,-0.73262,14.93024,0.01867,0.10346,-0.83899
1619610595704,-3.39976,-2.65277,10.10353,0.07087,-0.0446,-0.81129
1619610595724,5.18584,-4.35744,12.93826,-0.00262,-0.18522,-0.69411
1619610595744,-7.35019,-0.08619,13.65652,0.01334,0.19294,-0.78147
1619610595764,4.20421,-2.69587,14.0779,-0.025,-0.20013,-0.71542
1619610595784,-2.60967,-4.50588,17.68836,-0.07719,0.17803,-0.77614
1619610595804,-1.1971,-1.65678,15.02122,-0.0218,-0.10745,-0.73246
1619610595824,2.45166,1.12048,13.35964,-0.01647,0.06511,-0.70903
1619610595844,5.89931,-5.36301,13.02924,-0.04097,0.05126,-0.79425
1619610595864,4.35265,-2.06859,17.21909,-0.03991,-0.03715,-0.73672
1619610595884,-3.49074,3.3854,7.01022,0.07513,0.01824,-0.83153
1619610595904,5.93283,-4.03183,10.29506,0.02293,0.00119,-0.82301
1619610595924,-3.7541,4.36223,14.96854,0.03785,0.01504,-0.78573
1619610595944,2.53306,-1.92014,14.0779,0.01121,0.06085,-0.86988
1619610595964,-8.25999,9.93114,3.36145,0.12733,-0.00945,-0.81129
1619610595984,-0.71347,1.10612,10.38604,0.01015,0.05552,-0.84964
1619610596004,7.69496,3.4668,7.53694,-0.02606,-0.10106,-0.79744
1619610596024,1.12527,-2.48518,15.30852,0.00908,0.10239,-0.90291
1619610596044,5.19062,-1.87226,11.66933,0.06128,-0.09574,-0.79531
1619610596064,-2.65277,-2.30322,16.99404,-0.12193,0.14074,-0.82408
1619610596084,2.85388,-5.29597,14.36999,0.03145,-0.04567,-0.79105
1619610596104,10.2376,-8.89685,15.65329,-0.03884,-0.05099,-0.82408
1619610596124,9.61511,-8.19774,15.43781,0.01121,0.06511,-0.80916
1619610596144,9.05965,-5.18584,12.02846,0.00695,0.08961,-0.78147
1619610596164,-8.43716,7.71411,10.29985,-0.07506,0.11092,-0.77188
1619610596184,7.87692,-1.71424,5.83706,-0.03778,-0.0968,-0.84751
1619610596204,2.64319,1.94409,16.73068,0.03252,-0.01904,-0.81768
1619610596224,1.61848,-0.33039,3.77805,0.01015,0.11198,-0.83686
1619610596244,0.31124,2.69587,2.57137,0.00482,-0.16817,-0.80064
1619610596264,1.68072,-1.67115,2.99754,-0.00689,0.06937,-0.92954
1619610596284,2.44687,-1.62326,0.4932,-0.03565,-0.05419,-0.91675
1619610596304,-1.78607,-0.82839,5.34864,0.0208,-0.11278,-0.8848
1619610596324,-0.21068,0.31124,-0.62249,0.024,-0.01371,-0.9583
1619610596344,0.22505,1.66157,13.36922,0.0208,-0.10106,-0.84858
1619610596364,-3.40455,4.18506,4.44842,-0.06441,-0.05526,-0.92208
1619610596384,-6.0286,6.62236,-2.49954,0.15502,-0.06165,-0.92634
1619610596404,-5.58806,4.4149,7.08683,-0.20929,-0.09574,-0.9306
1619610596424,-1.18273,7.00064,2.62883,0.00695,-0.09787,-0.92741
1619610596444,-2.18351,1.0726,10.13226,0.06554,-0.03821,-0.94658
1619610596464,1.54665,1.36469,2.24576,-0.06228,-0.0233,-0.92741
1619610596484,-5.71256,5.93762,9.59117,-0.01115,-0.05526,-0.94658
1619610596504,-1.04866,-1.47961,11.94227,-0.03884,-0.00945,-0.81768
1619610596524,-5.21935,2.63362,8.93516,-0.06548,-0.00412,-0.83047
1619610596544,2.00634,3.81635,2.21703,0.04956,-0.12237,-0.76229
1619610596564,1.58017,-2.07816,11.95664,0.00163,0.24088,-0.87947
1619610596584,-6.00944,5.37258,10.2807,-0.03671,-0.13409,-0.81768
1619610596584,-6.07169,3.50511,9.43794,0.07939,0.09387,-0.78892
1619610596624,-8.89206,4.44842,13.33091,-0.0431,0.03954,-0.84751
1619610596644,2.99275,0.15801,15.01164,0.03145,-0.11065,-0.8081
1619610596664,-17.40584,8.3797,5.78918,0.02293,0.04807,-0.79531
1619610596684,-0.03351,-3.14598,8.94473,-0.05802,-0.08402,-0.79105
1619610596705,-4.72136,-0.24899,16.67322,-0.00049,0.10879,-0.87201
1619610596724,2.84431,-2.74375,-2.04943,-0.02073,-0.17137,-0.78147
1619610596744,1.25935,-4.84586,15.14093,0.03891,0.20466,-0.97321
1619610596764,7.78115,-5.72693,9.99818,-0.06121,0.00652,-0.84219
1619610596784,2.44208,-4.81713,11.64539,-0.03884,-0.0446,-0.84112
1619610596804,0.71826,-0.85712,8.64306,-0.01434,0.06191,-0.91036
1619610596824,6.84741,-5.9855,9.75397,0.03145,-0.06378,-0.88267
1619610596844,1.29286,-2.00155,7.53215,0.05276,0.10879,-0.91462
1619610596864,2.52348,-2.20745,16.47689,-0.00902,-0.04673,-0.89545
1619610596884,2.74854,2.48518,19.6127,-0.05908,-0.06697,-0.83686
1619610596904,-1.66157,0.07661,12.99572,0.0943,0.1205,-0.82408
1619610596924,4.55377,2.86825,16.63012,0.01228,-0.07656,-0.78253
1619610596944,2.95923,-1.2785,9.1219,0.07087,-0.00412,-0.74844
1619610596964,4.82192,-3.59609,11.79383,-0.0463,-0.06591,-0.7836
1619610596984,-1.58975,1.68551,11.86087,0.03571,-0.05632,-0.75164
1619610597005,4.15154,-5.36301,16.74025,0.14544,0.20999,-0.84432
1619610597024,4.27125,-4.37181,5.49708,-0.13685,-0.23529,-0.78786
1619610597044,3.04542,1.67594,4.97036,-0.00689,0.19401,-0.79744
1619610597064,-1.53228,-0.5746,9.34217,0.073,-0.00306,-0.82621
1619610597084,4.73094,-1.86747,10.71644,-0.15176,-0.13728,-0.75164
1619610597106,-7.25921,7.15866,3.18907,0.12094,0.23555,-0.87201
1619610597124,0.2059,0.2873,3.80199,0.00908,-0.06591,-0.84325
1619610597144,-1.13964,5.15711,15.8113,0.00269,0.0438,-0.89758
1619610597164,0.2442,0.68474,7.91044,0.024,0.06511,-0.8848
1619610597184,-4.05098,3.11246,5.48751,0.02826,-0.05739,-0.83579
1619610597204,4.77403,4.88896,12.11466,0.03465,0.23023,-0.92315
1619610597224,7.31189,-1.51792,9.15542,0.10709,-0.07763,-0.8049
1619610597244,0.37349,-4.07014,11.63103,-0.12193,0.00652,-0.8294
1619610597264,-3.76847,3.4237,4.50109,0.04956,0.01717,-0.81129
1619610597284,4.12281,4.59686,5.27203,0.05169,-0.09893,-0.76123
1619610597305,-2.02549,-1.76213,9.30865,-0.02286,0.13435,-0.85497
1619610597324,2.53785,2.43729,7.92959,-0.08145,0.00332,-0.82727
1619610597344,-6.67503,8.14507,1.96324,0.10602,-0.03928,-0.84538
1619610597364,-4.27604,3.45243,14.17367,-0.00476,-0.08189,-0.80597
1619610597384,0.40701,3.12203,3.37582,-0.11341,0.05552,-0.83473
1619610597404,1.09654,6.14352,8.88248,0.07087,-0.06484,-0.89332
1619610597424,6.12436,-4.73094,7.89128,0.00482,-0.17883,-0.80064
1619610597444,-3.62482,4.70221,5.3247,-0.05056,0.06298,-0.9093
1619610597464,-1.61848,3.25611,11.13782,0.03252,-0.16604,-0.78573
1619610597484,10.25675,-3.81156,8.44674,0.06874,0.02676,-0.72181
1619610597504,0.63206,0.54587,9.27992,0.01654,0.06511,-0.82514
1619610597524,0.14844,-3.03105,16.7211,-0.01541,-0.0446,-0.75057
1619610597544,-1.04387,1.11569,9.56244,-0.04097,-0.07976,-0.76016
1619610597564,-0.58897,-3.08852,12.65096,0.03678,0.08428,-0.6824
1619610597584,-1.34075,0.57939,1.69509,0.13478,0.02889,-0.67281
1619610597604,-1.00077,-0.93373,10.44829,-0.02926,0.06404,-0.7527
1619610597624,-4.8698,5.99029,14.52322,0.04317,-0.1213,-0.6579
1619610597644,-2.92571,2.44208,7.09641,-0.18052,0.32716,-0.71116
1619610597664,-2.39899,-6.68939,13.93425,0.24344,0.00652,-0.71648
1619610597684,-2.65756,4.68305,15.53358,-0.05695,-0.01265,-0.71755
1619610597704,2.85388,-2.98317,10.83615,-0.0463,0.00119,-0.86243
1619610597724,-4.03662,3.00711,19.46964,0.13372,-0.11704,-0.79425
1619610597744,-4.81713,-0.49799,12.74194,0.00482,0.09813,-0.84751
1619610597764,-4.70221,0.07182,8.2169,0.05063,-0.05845,-0.84645
1619610597784,5.45399,-1.09175,10.86967,0.10709,-0.02543,-0.93912
1619610597804,-7.00543,3.55299,9.14585,0.13052,0.08002,-0.96682
1619610597824,7.31668,-3.19865,17.15206,-0.05802,-0.22783,-0.92741
1619610597844,-9.30386,3.43807,12.45463,0.07513,0.18229,-0.94232
1619610597864,0.06224,-0.85233,15.09304,0.00163,-0.12237,-0.91143
1619610597884,6.33984,-1.33596,16.54872,-0.05163,-0.14154,-0.79958
1619610597904,-2.59531,-1.04866,19.6127,0.01441,0.13542,-0.93806
1619610597924,6.57926,-0.77093,14.69561,-0.04737,-0.31411,-0.79531
1619610597944,4.55377,-6.19619,14.69082,0.03785,0.38575,-0.92954
1619610597964,1.85311,2.46602,15.7299,0.22001,-0.13835,-0.83366
1619610597984,7.77157,-3.3854,17.3819,-0.25403,0.05659,-0.95191
1619610598004,2.26012,-3.83551,7.75242,0.14118,0.00759,-0.986
1619610598024,8.88248,-0.55545,15.41387,-0.03991,-0.15752,-0.91675
1619610598044,1.16837,1.33596,6.39251,-0.05376,0.13009,-0.93806
1619610598064,1.1109,3.10288,8.24084,0.09963,-0.08295,-0.8816
1619610598084,1.80522,-1.49398,13.05797,-0.0463,0.13009,-0.81982
1619610598104,5.37258,0.45489,10.37646,0.04637,-0.06484,-0.8049
1619610598124,6.54574,3.35188,10.52012,0.01867,0.11198,-0.75696
1619610598144,-2.04464,0.68474,9.03571,-0.01328,0.05126,-0.7804
1619610598164,3.98874,1.41257,10.1131,-0.06121,-0.0691,-0.81982
1619610598184,1.13964,3.2609,-3.00711,0.05489,0.00439,-0.89758
1619610598204,7.4699,-3.65355,8.56645,0.03039,-0.1458,-0.91462
1619610598224,1.59932,-4.22816,10.70208,-0.10063,0.01717,-0.91782
1619610598244,1.154,6.54095,8.92079,0.05489,-0.07976,-0.8326
1619610598264,0.46447,5.29118,6.17225,-0.10276,-0.04886,-0.78679
1619610598284,0.04309,1.88184,7.18739,-0.09956,0.14287,-0.87947
1619610598304,1.82917,5.26245,12.40675,0.10815,0.00119,-0.79851
1619610598324,1.86268,-3.19386,11.21444,0.12413,-0.19481,-0.85284
1619610598344,-5.32949,5.56412,1.70946,-0.00476,0.0715,-0.9796
1619610598364,7.16823,3.71101,10.60631,-0.08572,-0.21505,-0.96789
1619610598384,-1.12527,3.73974,4.86022,-0.05802,-0.0478,-0.92315
1619610598404,-8.78193,7.1395,11.04684,0.00802,0.01398,-0.97215
1619610598424,1.87705,2.58573,5.23372,0.05063,-0.09147,-0.75377
1619610598444,1.58975,-5.38216,0.64643,0.04211,0.21531,-0.8848
1619610598464,-1.8148,4.90811,3.05978,0.01441,-0.08508,-0.84432
1619610598484,-0.6177,4.80276,10.76911,0.02506,0.02037,-0.82088
1619610598504,2.39899,-0.89064,11.44907,0.12733,0.13648,-0.89758
1619610598524,-4.52025,1.72382,17.94693,-0.08358,-0.10319,-0.84751
1619610598544,3.89776,-1.07739,4.74051,0.03891,0.20146,-0.87734
1619610598564,-7.58483,0.91937,3.55299,-0.05589,-0.06271,-0.88373
1619610598584,2.44687,-0.63685,11.00853,-0.00582,-0.07017,-0.81023
1619610598604,-0.9481,-0.12928,10.53927,0.01015,0.17057,-0.98387
1619610598624,-11.70764,7.97269,5.78918,-0.05589,-0.00199,-0.89651
1619610598644,7.09641,-8.74362,11.62145,-0.05269,0.06511,-0.87734
1619610598664,4.47236,5.28639,5.95677,0.03465,0.04807,-0.9061
1619610598684,-4.68784,0.39743,7.77636,-0.03458,-0.09254,-0.84751
1619610598704,-0.11013,2.65756,8.00621,0.01867,0.03741,-0.89332
1619610598724,0.81881,-1.69988,13.24951,0.00376,-0.03395,-0.87521
1619610598744,0.89543,-4.02225,13.69483,-0.02926,-0.1,-0.85177
1619610598764,9.09796,-5.34864,14.52801,0.00163,-0.03075,-0.84858
1619610598784,-4.03662,0.83318,19.20149,-0.09956,0.01398,-0.86988
1619610598804,-0.71347,3.21301,7.18739,-0.00369,-0.10639,-0.74738
1619610598824,-1.77649,-2.16435,19.6127,0.07406,0.23555,-0.86882
1619610598844,0.90979,-3.20823,13.23035,-0.11767,-0.17776,-0.84219
1619610598864,3.4668,-4.5825,8.83939,-0.13152,0.00013,-0.7804
1619610598884,5.51145,-0.51714,16.85996,0.073,0.08855,-0.87414
1619610598904,2.30322,-6.84262,13.02924,-0.08572,-0.06804,-0.81236
1619610598924,1.34554,1.17794,15.08825,-0.06441,0.16631,-0.88586
1619610598944,1.28808,4.56813,10.45787,-0.12939,-0.14261,-0.91569
1619610598964,-1.91536,-8.97825,16.95094,-0.08785,0.01611,-0.89651
1619610598984,14.14015,0.5746,8.07324,0.09963,0.06085,-0.97321
1619610599004,2.33674,2.00634,14.121,-0.0463,-0.03395,-0.8603
1619610599024,2.58094,-0.70868,6.10042,-0.05376,0.04487,-0.91036
1619610599044,-0.76614,-4.52025,11.6023,0.11135,0.0502,-0.92634
1619610599064,3.60566,-3.81156,13.35964,-0.0463,-0.07656,-0.8784
1619610599084,10.2807,-2.87783,7.08683,0.01334,-0.00093,-0.89545
1619610599104,4.72615,-3.06936,12.54561,-0.0186,-0.13302,-0.8326
1619610599124,8.62391,-0.30166,3.12682,-0.10276,0.10346,-0.86882
1619610599144,-6.13394,9.9886,6.11,0.01974,-0.03608,-0.91782
1619610599164,-3.04063,0.09097,17.67878,0.02613,-0.03928,-0.8294
1619610599184,9.64863,-4.47715,7.33583,-0.15709,0.05339,-0.8848
1619610599204,-2.93529,2.35589,12.95742,0.0208,-0.00306,-0.7836
1619610599224,-0.96246,-0.04309,7.38371,-0.08465,0.01291,-0.77294
1619610599244,2.38462,-0.73741,5.94719,-0.05802,-0.12982,-0.75803
1619610599264,-3.7541,5.45399,-1.47961,0.01761,0.09813,-0.78466
1619610599284,1.88663,1.5658,-0.52193,-0.02073,-0.05313,-0.74631
1619610599304,-4.44363,1.61848,4.40533,-0.03991,0.00759,-0.77294
1619610599324,0.83318,3.27047,9.28471,0.11987,0.02783,-0.8049
1619610599344,-3.56736,1.64242,1.65678,0.03252,-0.14261,-0.73246
1619610599364,4.69742,1.11569,14.63336,-0.08678,0.12903,-0.86775
1619610599384,4.36702,3.47638,2.32716,0.10815,-0.21398,-0.69624
1619610599404,3.84029,-2.44208,11.13303,-0.11554,-0.0691,-0.82621
1619610599426,-6.24886,1.06302,6.10042,0.03465,0.09494,-0.84432
1619610599444,-6.14831,5.41568,11.1043,0.01121,-0.00093,-0.82408
1619610599464,-2.82036,1.78128,7.39329,-0.03991,0.02569,-0.84964
1619610599484,1.18752,1.94409,0.59855,0.06341,-0.0201,-0.77827
1619610599504,-4.56334,-3.94085,5.16668,-0.01967,0.10985,-0.82834
1619610599524,-8.99262,4.60165,9.66778,0.05915,-0.02969,-0.7836
1619610599544,-4.50109,6.76122,1.72382,-0.06228,0.06298,-0.77081
1619610599564,1.24498,1.06781,6.98628,0.10389,0.06724,-0.77188
1619610599584,-3.67749,-2.30322,12.03804,0.02932,-0.04247,-0.80064
1619610599604,-4.3335,0.70868,12.06198,0.00908,0.00545,-0.86136
1619610599624,-1.69988,2.46123,5.01824,0.00376,0.02037,-0.84006
1619610599644,-2.53306,-1.71424,3.81156,0.00269,-0.08189,-0.76549
1619610599664,-3.0933,3.33751,11.7268,-0.025,0.12796,-0.7772
1619610599684,-4.30956,1.32638,11.85129,0.07833,-0.07763,-0.77827
1619610599704,-0.7805,-3.90733,17.44415,0.07619,-0.01691,-0.79851
1619610599725,3.48116,-6.22971,10.37646,-0.07932,0.03209,-0.79531
1619610599744,-0.63206,2.71502,12.86165,0.0698,-0.08082,-0.80703
1619610599764,0.96725,-6.32069,12.28225,-0.04843,0.12583,-0.76229
1619610599784,0.5746,0.06224,14.121,-0.00156,-0.17137,-0.8603
1619610599804,4.6639,-3.14119,15.4809,0.05276,0.18868,-0.8539
1619610599824,4.06535,-5.34864,17.40105,0.01334,-0.00732,-0.95297
1619610599844,0.26815,-3.2609,17.80328,-0.09743,-0.02436,-0.89545
1619610599864,3.59609,-2.98796,14.24071,0.13585,-0.0691,-0.89545
1619610599884,0.39264,5.18584,5.30555,0.01654,-0.04354,-0.91462
1619610599904,-7.55131,-1.40779,12.39717,-0.01541,0.11624,-0.94339
1619610599924,2.03028,1.74297,10.12747,0.04211,0.04593,-0.92634
1619610599945,-0.87148,2.69587,8.98783,-0.04097,-0.01158,-0.8816
1619610599964,6.47392,-2.25054,5.03261,0.01121,-0.08189,-0.8081
1619610599984,5.00867,-0.83797,11.96622,0.00269,-0.00306,-0.90078
1619610600004,1.42215,-0.42137,7.82903,0.03998,0.02676,-0.84219
1619610600024,9.2464,-1.4844,12.97178,0.04104,-0.10745,-0.86243
1619610600044,4.05577,-4.71178,3.93127,-0.00902,0.03209,-0.80384
1619610600064,7.60877,-2.66714,19.6127,-0.0218,0.05978,-0.84006
1619610600084,0.08619,0.60812,9.38048,-0.03032,-0.0201,-0.82301
1619610600104,3.68707,4.97515,2.55221,0.09217,-0.05632,-0.81662
1619610600124,-1.30723,2.96881,10.37646,-0.06441,0.17483,-0.91036
1619610600144,-4.21858,5.74608,9.63426,-0.02926,-0.1767,-0.77188
1619610600164,4.64475,0.64164,10.1562,-0.00476,-0.09147,-0.81342
1619610600184,3.0933,-3.00232,4.41969,0.02826,0.0438,-0.91995
1619610600204,-0.82839,3.72537,9.44273,-0.0953,-0.28109,-0.80703
1619610600224,-1.72861,1.67115,7.82903,0.06128,0.09068,-0.84751
1619610600244,-4.11323,-3.09809,13.37879,0.01974,-0.11811,-0.85284
1619610600264,0.73262,0.26815,10.66856,-0.00902,-0.13835,-0.78786
1619610600284,-4.8698,5.19062,3.96479,0.08152,0.01504,-0.86349
1619610600304,-7.81946,9.13148,10.44829,-0.04737,-0.09041,-0.78679
1619610600324,-2.41335,-1.9393,6.23929,-0.025,-0.07443,-0.76016
1619610600344,-2.57616,7.95353,2.93529,-0.01647,-0.00838,-0.72075
1619610600364,0.09097,2.74375,3.81635,0.05169,-0.13515,-0.77401
1619610600384,-4.88896,-3.50989,3.7158,-0.09317,0.00013,-0.79425
1619610600404,-4.68784,5.28639,5.56412,0.13798,-0.07763,-0.81449
1619610600424,-8.36055,4.3335,3.90733,0.02506,0.08002,-0.82195
1619610600444,4.13718,-2.48996,15.3995,-0.1443,0.05978,-0.83792
1619610600464,-3.94564,2.28406,8.33661,0.0975,-0.03395,-0.83792
1619610600484,-3.33272,5.09486,3.48595,0.11667,0.0502,-0.84538
1619610600504,-9.68215,2.99275,19.43134,-0.03778,0.11092,-0.89758
1619610600524,2.40856,1.72382,10.71644,-0.00262,-0.10745,-0.78892
1619610600544,-1.19231,3.94564,9.00219,-0.00369,-0.03715,-0.87521
1619610600564,-6.36857,4.43885,10.91756,0.00269,0.02889,-0.86775
1619610600584,-2.78206,-1.00556,11.76989,0.03785,0.03954,-0.89225
1619610600604,1.01035,2.1883,9.61511,0.01761,-0.06804,-0.88373
1619610600624,-5.91367,-2.63841,17.00841,0.04637,0.06298,-0.8848
1619610600644,7.86734,0.4932,8.0924,-0.04843,-0.07869,-0.8326
1619610600664,0.35913,1.79565,16.64448,0.01974,0.12583,-0.89971
1619610600684,-3.48116,-1.7717,13.45062,-0.11767,-0.01478,-0.8326
1619610600704,3.39976,-3.70143,17.23346,0.09643,0.06831,-0.73672
1619610600724,5.19541,-2.81079,17.66441,-0.05056,0.1205,-0.82408
1619610600744,4.27604,-6.4404,15.63413,-0.06654,0.05339,-0.82088
1619610600764,-2.21703,-3.85945,12.59829,-0.0463,-0.11917,-0.80597
1619610600784,2.61446,-1.88663,12.15296,0.09963,0.08855,-0.81662
1619610600804,-1.49398,-3.5482,14.91587,0.06661,0.05872,-0.85177
1619610600824,0.4501,-1.16837,18.51196,-0.17733,-0.12556,-0.79638
1619610600844,7.42681,1.19231,11.55441,0.10389,0.10026,-0.85071
1619610600864,7.01501,-2.20266,18.93813,0.10283,-0.14474,-0.87947
1619610600884,2.00155,-1.67594,5.60722,-0.01328,0.10879,-0.88267
1619610600904,-0.69431,-6.64151,15.40908,-0.05802,-0.00199,-0.87308
1619610600924,1.90099,-0.51714,11.30063,0.14011,-0.08934,-0.81768
1619610600944,-3.99831,2.4756,13.31176,-0.01434,-0.02436,-0.90184
1619610600964,4.0462,4.39096,0.91458,-0.12833,0.00013,-0.87521
1619610600984,3.16513,1.68072,5.23372,0.14331,-0.02969,-0.86882
1619610601004,0.91458,7.35019,9.52892,-0.10169,0.00759,-0.83899
1619610601024,2.54743,-1.74776,12.27267,-0.19331,0.04593,-0.85603
1619610601044,2.53306,2.13083,14.21198,0.18059,0.01824,-0.89864
1619610601064,-2.00634,3.91691,10.05564,-0.14111,0.02996,-0.88906
1619610601084,4.60644,1.89141,10.58716,-0.00582,0.01717,-0.88373
1619610601104,-0.63206,6.93839,1.59453,-0.04204,-0.01051,-0.81555
1619610601124,8.40843,0.5746,7.17302,-0.04737,0.00332,-0.75483
1619610601144,2.34631,-1.83874,11.41076,0.04424,0.01291,-0.83686
1619610601164,-0.89543,4.91769,8.36534,-0.03245,-0.03502,-0.79638
1619610601184,4.92247,0.19153,4.79798,-0.00902,0.12796,-0.85603
1619610601204,-0.07182,2.81558,10.75475,0.08365,-0.00412,-0.80171
1619610601224,3.15076,-2.31758,7.94874,0.00908,-0.08295,-0.8294
1619610601245,-1.64242,3.46201,1.84353,-0.20183,0.08215,-0.84006
1619610601264,-3.63918,1.13006,5.26724,0.13372,-0.02649,-0.79425
1619610601284,-3.20823,5.57849,11.50174,-0.03991,-0.05526,-0.82195
1619610601304,2.806,3.31836,0.6991,0.01015,0.05446,-0.83153
1619610601324,-0.96246,3.43328,9.98382,-0.123,-0.1735,-0.75483
1619610601345,-4.69742,2.41335,9.14585,-0.03458,0.10133,-0.84112
1619610601364,-3.40455,1.77649,0.21068,0.15715,-0.0478,-0.81449
1619610601384,-6.67024,5.03261,5.93283,-0.13578,-0.11811,-0.79105
1619610601404,-2.29843,1.54186,3.31357,0.01121,0.09813,-0.86349
1619610601424,-3.37582,-1.26413,-1.41257,0.05702,-0.22037,-0.76762
1619610601444,-7.3885,5.32949,10.85531,0.02187,0.29414,-0.80916
1619610601464,0.55066,-3.04542,13.9534,-0.00795,-0.02117,-0.71755
1619610601484,5.81791,-4.49631,19.6127,0.024,-0.19267,-0.56628
1619610601504,-0.39264,-2.8874,10.73081,-0.11235,0.0193,-0.74631
1619610601524,-5.612,0.71826,8.5473,0.06767,-0.00093,-0.60676
1619610601544,-2.42772,4.90332,14.03481,0.15183,-0.11598,-0.63979
1619610601564,0.14844,2.1452,4.63038,0.01121,-0.03289,-0.68666
1619610601584,5.01345,-1.74776,13.68525,-0.02393,0.39534,-0.78147
1619610601604,-0.30166,-2.69587,9.64384,-0.08145,-0.21611,-0.74205
1619610601624,-0.34955,-1.47482,14.45618,0.14224,0.21531,-0.75803
1619610601645,-3.83551,-0.91937,18.75138,-0.00369,-0.06271,-0.79744
1619610601664,-8.20253,2.86825,10.65419,0.05169,0.13116,-0.79531
1619610601684,3.76847,-9.38048,13.7475,0.15396,-0.24487,-0.82834
1619610601704,-3.055,-4.18985,11.90875,-0.03778,0.01824,-0.94871
1619610601724,-5.76044,1.05344,14.36999,0.2019,-0.0446,-0.95297
1619610601745,1.21146,2.27928,9.7444,-0.16028,-0.09467,-0.76868
1619610601764,0.34476,-3.40934,14.92545,0.14863,0.01291,-0.90504
1619610601784,-4.49152,-2.69587,16.54393,0.14224,-0.03928,-0.91356
1619610601804,6.47392,0.27772,11.98537,-0.34351,-0.1735,-0.8539
1619610601824,13.39316,-5.16668,7.28795,0.12626,-0.09147,-0.70264
1619610601844,5.35343,-3.93127,19.6127,-0.07932,0.04487,-0.70051
1619610601864,0.22505,1.42215,11.36288,-0.0431,-0.02649,-0.69411
1619610601884,7.63271,-3.71101,12.11466,0.05809,0.08961,-0.79212
1619610601904,1.22104,-0.96246,10.16578,0.04211,-0.19481,-0.72181
1619610601924,3.87381,2.36547,8.10197,-0.03991,0.21851,-0.84112
1619610601947,6.15788,4.85065,6.23929,0.06661,-0.13835,-0.74951
1619610601964,5.31512,-4.3335,11.40597,0.01974,0.02783,-0.95404
1619610601984,0.11013,1.43173,10.01255,-0.01008,-0.20546,-0.89971
1619610602004,-1.37427,4.08929,7.11077,-0.0218,0.03954,-0.91143
1619610602024,1.39342,4.06535,7.35019,0.20083,0.13542,-0.97854
1619610602044,-5.80354,-0.55066,17.37711,-0.03991,-0.21824,-0.90717
1619610602064,-1.50355,3.96958,6.50744,-0.0186,0.0438,-0.99132
1619610602084,-2.1021,2.1452,9.72524,0.07193,0.12689,-1.03287
1619610602104,-6.80911,9.91199,6.3159,-0.03565,-0.11385,-0.9306
1619610602124,-0.13407,-0.47884,2.9305,-0.01967,0.0193,-0.91782
1619610602144,-1.60411,5.94719,6.45955,-0.07187,-0.13622,-0.85497
1619610602164,2.79163,-0.4118,9.77313,0.03465,-0.0723,-0.86775
1619610602184,1.94409,-1.76692,-0.55545,0.03998,-0.02223,-0.91143
1619610602204,-1.5275,-1.30723,7.2257,-0.12939,-0.04673,-0.91462
1619610602224,-2.20266,4.17548,3.91212,-0.02393,0.01504,-0.86669
1619610602244,0.08619,-0.19153,-0.22026,0.024,-0.02862,-0.8326
1619610602264,3.66312,-3.43328,9.05487,-0.07293,0.08961,-0.88054
1619610602284,-2.20266,4.29519,6.13394,-0.06654,0.03741,-0.95723
1619610602304,-1.07739,4.48194,15.14093,-0.06228,-0.05099,-0.80277
1619610602324,3.25132,-1.83395,4.02225,-0.10915,0.05446,-0.91356
1619610602344,-8.63828,3.75889,10.07001,0.04104,-0.11065,-0.84432
1619610602364,-4.87938,5.04697,9.63905,-0.02073,-0.06378,-0.95084
1619610602384,-3.95522,4.15154,8.87291,0.19231,0.12903,-1.0595
1619610602404,-6.78037,5.26724,13.68046,-0.05908,-0.16817,-0.97747
1619610602424,-7.45075,2.09732,6.81389,-0.0463,0.10026,-0.97534
1619610602444,-9.29429,5.2816,13.5847,0.01867,0.00545,-0.94126
1619610602464,0.50278,-1.68072,12.48336,-0.11341,-0.08189,-0.88267
1619610602484,0.60812,10.568,3.22259,0.06767,0.14927,-1.02115
1619610602504,-7.16823,3.09809,6.11,-0.06121,0.01717,-0.96043
1619610602524,-4.27125,6.25844,7.94396,0.024,-0.24487,-0.84432
1619610602544,5.09964,0.26336,10.85052,-0.21781,0.00119,-0.89758
1619610602564,-3.34709,-3.51468,19.25895,0.09537,0.08002,-0.94552
1619610602584,3.6296,-2.25533,13.03882,-0.08891,-0.11385,-0.83899
1619610602604,-2.05422,1.8148,14.36999,-0.09743,0.05233,-0.94232
1619610602624,8.51378,-1.42215,12.36844,0.11028,0.05978,-0.92102
1619610602644,-0.23942,-0.36391,18.80884,-0.1443,-0.05419,-0.8816
1619610602664,5.38216,-1.76692,11.17134,0.11135,0.25579,-0.93912
1619610602684,-7.67581,-0.67995,11.84651,-0.11448,-0.15113,-0.83792
1619610602704,4.89853,-7.46033,17.89426,-0.15602,0.03741,-0.77934
1619610602724,-0.19153,-2.14041,19.25895,0.03998,0.13542,-0.8571
1619610602744,2.28406,3.21301,12.85686,-0.0431,-0.27257,-0.73672
1619610602764,1.42694,-5.50187,12.81376,0.16568,0.25047,-0.89758
1619610602784,-0.61291,-5.6551,19.6127,0.04211,0.08641,-0.9828
1619610602804,7.03895,-3.35667,14.60463,-0.11341,-0.28109,-0.72501
1619610602824,-4.33829,-1.4413,14.36521,0.09857,0.19507,-0.97854
1619610602844,0.65601,-0.81881,18.76575,-0.17946,-0.19374,-0.94339
1619610602864,8.38449,-3.43328,0.79487,-0.06121,-0.07976,-0.78573
1619610602884,-8.33661,4.28083,15.07868,0.01121,0.15779,-0.93273
1619610602904,0.65601,4.18027,8.4611,-0.17307,-0.20759,-0.73779
1619610602924,5.13316,-0.22984,7.27358,0.05595,0.10665,-0.82195
1619610602944,0.67037,1.02471,12.49773,0.07513,-0.03182,-0.91675
1619610602964,0.23463,3.91212,10.7356,-0.05802,-0.08508,-0.88054
1619610602984,-2.50433,-2.74375,10.71644,0.14437,0.16631,-0.90291
1619610603004,-0.71347,-2.15478,8.93994,-0.09956,-0.10426,-0.74738
1619610603024,3.7541,-0.47405,2.09253,-0.01967,0.11411,-0.79638
1619610603044,5.43962,-4.09887,6.79953,0.10602,0.02676,-0.79425
1619610603064,-3.08373,4.8698,1.83395,-0.07506,-0.13195,-0.74525
1619610603084,4.7453,-0.98641,10.80742,0.03358,0.13861,-0.82301
1619610603104,-0.83318,5.65031,12.27267,-0.00156,-0.03821,-0.82727
1619610603124,-1.50834,6.78995,15.3995,0.02932,-0.02649,-0.76868
1619610603144,4.91769,-0.25857,10.6925,0.02187,-0.00093,-0.78786
1619610603164,6.65588,-1.58496,12.32535,-0.03139,0.1727,-0.88267
1619610603184,-2.32716,5.63595,8.61433,0.00376,-0.1245,-0.84325
1619610603204,4.52504,0.90979,9.33738,0.07406,-0.12556,-0.80384
1619610603224,1.06302,2.65756,7.77157,-0.00795,0.11624,-0.89545
1619610603244,2.4756,1.45088,9.9503,-0.10382,-0.14048,-0.78892
1619610603264,0.46926,-3.85945,13.27824,-0.04524,0.17803,-0.77507
1619610603284,-3.10288,-1.8962,5.84664,0.04956,-0.03289,-0.73459
1619610603304,-0.87627,5.47793,6.46434,-0.1262,-0.02223,-0.76549
1619610603324,-5.54975,1.55623,-2.52348,0.11348,0.08002,-0.82514
1619610603344,-4.31435,1.57538,5.04218,-0.00369,-0.16924,-0.84538
1619610603364,-5.37258,4.31435,5.71256,0.08365,0.0747,-0.80597
1619610603384,1.58975,4.40533,6.17704,-0.00369,-0.10852,-0.77401
1619610603404,3.2992,-1.05823,14.4897,0.02719,0.07044,-0.75057
1619610603424,-4.84586,5.29597,8.04451,0.05063,0.11944,-0.78786
1619610603444,0.32561,3.4668,12.41633,0.07726,-0.00838,-0.81023
1619610603464,-0.81402,0.09576,11.16176,-0.0431,0.04487,-0.74205
1619610603484,-0.10534,3.61045,13.55597,0.00695,0.03209,-0.81129
1619610603504,7.15866,-3.44765,14.55674,-0.04204,-0.04993,-0.83579
1619610603524,-2.41814,-4.98951,10.4052,0.00908,0.03528,-0.84538
1619610603544,-0.52672,1.37427,12.11466,0.01654,0.02356,-0.87095
1619610603564,-0.59855,2.11647,5.72214,0.01015,-0.01904,-0.78786
1619610603584,-1.82917,-1.46525,12.92868,-0.03991,-0.03395,-0.87627
1619610603604,-0.67037,1.2785,10.05564,0.03891,-0.02862,-0.82834
1619610603624,-2.77248,-2.61925,12.50731,0.06874,0.05872,-0.90823
1619610603644,-2.86346,1.12048,17.95172,-0.11874,0.02143,-0.81662
1619610603664,6.57926,2.61925,7.01022,0.04211,-0.03608,-0.76123
1619610603684,2.55221,-2.87783,11.98537,-0.0218,-0.03075,-0.82088
1619610603704,3.64397,-9.36611,15.31331,-0.03778,0.13542,-0.85071
1619610603724,-3.72058,-1.36948,11.42513,0.0698,-0.01371,-0.8603
1619610603744,0.52672,0.20111,19.53668,-0.08039,-0.10426,-0.83686
1619610603765,-1.14442,-6.99106,17.66441,-0.01434,0.047,-0.87201
1619610603784,3.97916,-1.18273,17.65484,-0.06228,-0.16711,-0.86349
1619610603804,3.41413,-2.61446,13.53202,0.122,0.00226,-0.95723
1619610603824,-4.3335,1.29286,6.96712,-0.06974,-0.11598,-0.91356
1619610603844,1.51313,-4.80276,13.97734,-0.01115,-0.06058,-0.86882
1619610603865,4.39096,-2.87783,13.14895,0.05489,0.0715,-0.89225
1619610603884,3.44765,-1.59932,17.28134,-0.16454,-0.26937,-0.87521
1619610603904,6.7277,-2.45166,9.48103,0.11241,0.01291,-0.86562
1619610603924,-4.93205,0.99119,9.50019,0.03465,-0.04354,-0.96469
1619610603944,-1.21625,1.09175,11.6837,-0.03991,-0.10213,-0.88054
1619610603964,2.49954,0.42137,6.18661,0.03678,-0.02223,-0.89119
1619610603984,-3.26569,0.31124,15.32289,-0.07719,-0.11385,-0.88373
1619610604004,8.63349,-5.56891,11.48738,-0.02926,-0.04886,-0.86456
1619610604024,1.29286,-0.55545,7.12514,0.01654,-0.00732,-0.80703
1619610604044,-0.67516,4.0462,11.1474,0.00482,0.1759,-0.81555
1619610604064,2.2266,2.32237,11.46822,0.00056,-0.02862,-0.84112
1619610604084,5.28639,-2.58573,10.37168,-0.0218,-0.02117,-0.87095
1619610604104,6.38773,2.2697,12.3014,-0.0953,0.03741,-0.98387
1619610604124,4.27125,0.4932,7.34062,0.07939,-0.05313,-0.85816
1619610604144,0.51714,2.89698,6.21055,0.02613,0.08641,-0.84219
1619610604165,-2.89219,5.4061,13.13937,-0.06974,-0.09041,-0.83579
1619610604184,2.23618,0.21547,6.73249,0.06235,0.03422,-0.7836
1619610604204,-7.11077,4.58729,1.81959,-0.00262,0.05233,-0.88267
1619610604224,-1.64721,0.92416,1.20188,-0.02713,-0.01265,-0.86349
1619610604244,-1.91536,0.27293,4.93205,0.04956,0.03209,-0.75483
1619610604266,-3.46201,1.24977,9.84974,-0.00795,-0.1213,-0.75483
1619610604284,-8.14028,0.42137,3.19386,-0.02926,0.10452,-0.84219
1619610604304,-0.7422,1.45567,-0.90979,0.07406,0.08002,-0.85603
1619610604324,-5.43962,1.75734,12.84249,-0.0463,-0.07443,-0.86669
1619610604344,-3.93606,3.73495,7.55131,0.03358,-0.05845,-0.85071
1619610604364,4.458,4.90332,5.12359,0.0485,0.04487,-0.94126
1619610604384,-8.7101,0.14365,8.23605,-0.0463,-0.00945,-0.88693
1619610604404,-0.59855,-2.80121,14.21676,-0.04417,0.10985,-0.84325
1619610604424,0.38307,-0.33518,10.6494,-0.03032,-0.17457,-0.7772
1619610604444,0.46926,-0.54587,9.27513,-0.01328,-0.01691,-0.78147
1619610604464,-3.13161,-3.9217,13.36443,0.03252,0.04593,-0.88906
1619610604484,0.5363,-2.99275,18.05707,-0.01115,0.0193,-0.79318
1619610604504,0.905,-2.29843,7.762,-0.01328,0.00972,-0.86456
1619610604524,1.8962,2.54743,15.07389,0.04956,0.04061,-0.78466
1619610604544,-0.73262,2.14999,9.38048,-0.00369,-0.0446,-0.78892
1619610604564,-4.07493,1.03429,9.43794,0.0208,-0.00093,-0.73353
1619610604584,2.05901,3.52426,18.84236,0.07087,0.03315,-0.79212
1619610604604,2.4756,-6.48828,14.19282,-0.00156,0.09281,-0.73459
1619610604624,-1.73819,-1.92972,16.04594,0.06767,-0.01478,-0.76549
1619610604644,5.09964,-6.3159,19.6127,0.00163,0.14074,-0.86136
1619610604664,4.90811,-3.35667,11.09473,0.03358,-0.06484,-0.81129
1619610604684,2.48518,-3.59609,9.64384,0.02293,0.16844,-0.83899
1619610604704,-3.08852,-1.4844,10.76911,0.00056,-0.00093,-0.83686
1619610604724,-4.56334,1.21146,11.07557,0.01121,-0.05952,-0.80064
1619610604744,-2.73896,-3.77805,8.55208,-0.06761,0.04913,-0.94552
1619610604764,5.72214,-5.10922,13.21599,-0.03671,-0.05632,-0.91888
1619610604784,-2.56658,0.34476,16.1417,0.00376,-0.04034,-0.90397
1619610604804,-1.80043,-1.11569,9.16979,0.10496,-0.03715,-0.85603
1619610604824,4.37181,-1.47482,12.38281,-0.12087,-0.00945,-0.84964
1619610604844,1.68551,-0.30645,14.47534,-0.07826,-0.07869,-0.89545
1619610604864,6.10521,1.44609,16.57745,-0.025,-0.04034,-0.90291
1619610604884,0.23942,-1.34554,11.3964,0.04211,-0.01478,-0.8539
1619610604904,4.68305,-6.29675,11.26232,0.01867,-0.08934,-0.84751
1619610604924,-2.17393,0.33518,10.71644,-0.01647,0.08002,-0.75696
1619610604944,1.30244,-2.94965,14.9446,0.01547,-0.06591,-0.72607
1619610604964,10.70687,0.75656,10.48181,-0.00369,-0.08402,-0.71542
1619610604984,2.98796,-6.01902,10.02691,-0.00369,0.17803,-0.74312
1619610605004,1.05344,-0.08619,6.70855,0.07619,-0.19267,-0.64724
1619610605024,2.8491,3.66312,5.79396,-0.05163,0.21212,-0.81768
1619610605044,-0.84275,2.04464,8.55208,-0.02393,-0.16498,-0.68772
1619610605064,2.23618,4.48673,4.96078,-0.02286,0.05339,-0.7069
1619610605084,3.07894,3.3854,2.557,0.20935,-0.01158,-0.72288
1619610605104,-3.82593,3.7541,5.49229,-0.14004,0.11198,-0.70583
1619610605124,-0.93373,0.02394,12.11944,0.1742,0.0992,-0.7559
1619610605144,-9.11712,-0.61291,9.15542,0.09217,-0.09574,-0.68666
1619610605164,-4.76925,2.3942,5.67904,-0.08998,0.20679,-0.90504
1619610605184,-1.57059,4.26167,3.8786,0.13478,-0.28855,-0.74418
1619610605204,-1.18273,1.86268,7.86255,0.05063,0.16311,-0.82195
1619610605224,7.70454,-1.92972,8.25041,-0.0431,-0.07337,-0.83579
1619610605244,-5.3247,0.38307,3.60087,0.00802,0.04593,-0.79744
1619610605264,2.7246,5.08049,10.88404,0.07087,-0.07869,-0.97428
1619610605284,0.13407,3.20823,1.71424,0.04104,-0.00199,-0.96895
1619610605304,-1.69988,1.87226,10.24718,-0.12833,0.0715,-0.92954
1619610605324,-1.06302,2.53785,10.23281,-0.07506,-0.03821,-0.90823
1619610605344,-1.87705,0.65122,12.66532,-0.06121,-0.18096,-0.83686
1619610605364,-1.1971,1.36948,5.87058,0.04956,0.09813,-0.86349
1619610605384,-0.25857,0.95289,9.39484,-0.01967,-0.01478,-0.80277
1619610605404,-5.30555,8.10676,4.41011,0.01228,-0.09147,-0.81449
1619610605424,2.59531,3.14119,8.75799,0.16355,0.19507,-0.93167
1619610605444,1.42694,1.04387,5.82748,-0.03778,-0.21611,-0.84112
1619610605464,3.60087,-6.54095,12.86165,0.02613,0.01291,-0.84751
1619610605484,0.44532,1.82917,11.09473,0.00163,0.02889,-0.90823
1619610605504,-1.28329,3.61045,9.15542,0.07087,-0.20972,-0.85816
1619610605524,9.73961,-2.09732,8.15465,0.0485,0.13968,-0.97321
1619610605544,-7.5944,5.96156,11.58314,-0.06015,0.02037,-0.8848
1619610605564,1.70946,-0.55066,3.73495,0.16887,-0.10319,-0.73353
1619610605584,-4.44842,2.37983,11.11388,-0.02819,0.19614,-0.8784
1619610605604,-5.42047,4.03183,14.9877,-0.13259,-0.00945,-0.85497
1619610605624,1.67594,0.79008,13.24951,0.00802,0.11731,-0.81555
1619610605644,3.4237,-4.36223,19.6127,-0.01967,0.01504,-0.94339
1619610605664,0.07182,-3.53863,13.66131,-0.05163,-0.08189,-0.93699
1619610605684,2.12605,-2.45166,16.13213,0.03039,-0.12024,-0.91888
1619610605704,-6.37815,1.9393,17.18079,0.0453,0.0502,-0.90504
1619610605724,3.30878,-1.72861,16.13691,-0.11554,-0.09041,-0.87627
1619610605744,-1.69988,0.22026,15.4426,0.05809,-0.03395,-0.77934
1619610605764,-1.93451,0.60333,10.29985,0.02719,0.17377,-0.78466
1619610605784,2.27449,-1.64721,16.27099,0.06874,-0.22463,-0.7282
