1619612471346 -0.296650 0.800000 0.000000
1619612471447 -0.296650 0.800000 0.000000
1619612471548 -0.296650 0.800000 0.000000
1619612471648 -0.296650 0.800000 0.000000
1619612471749 -0.296650 0.800000 0.000000
1619612471850 -0.296650 0.800000 0.000000
1619612471951 -0.296650 0.800000 0.000000
1619612472051 -0.296650 0.800000 0.000000
1619612472152 -0.296650 0.800000 0.000000
1619612472253 -0.296650 0.800000 0.000000
1619612472354 -0.296650 0.800000 0.000000
1619612472455 -0.296650 0.800000 0.000000
1619612472556 -0.296650 0.800000 0.000000
1619612472657 -0.296650 0.800000 0.000000
1619612472757 -0.296650 0.800000 0.000000
1619612472858 -0.296650 0.800000 0.000000
1619612472959 -0.296650 0.800000 0.000000
1619612473060 -0.296650 0.800000 0.000000
1619612473161 -0.296650 0.800000 0.000000
1619612473261 -0.296650 0.800000 0.000000
1619612473362 -0.296650 0.800000 0.000000
1619612473463 -0.296650 0.800000 0.000000
1619612473564 -0.296650 0.800000 0.000000
1619612473665 -0.296650 0.800000 0.000000
1619612473766 -0.296650 0.800000 0.000000
1619612473867 -0.296650 0.800000 0.000000
1619612473968 -0.296650 0.800000 0.000000
1619612474068 -0.296650 0.800000 0.000000
1619612474169 -0.296650 0.800000 0.000000
1619612474270 -0.296650 0.800000 0.000000
1619612474371 -0.296650 0.800000 0.000000
1619612474472 -0.296650 0.800000 0.000000
1619612474572 -0.296650 0.800000 0.000000
1619612474673 -0.296650 0.800000 0.000000
1619612474774 -0.296650 0.800000 0.000000
1619612474875 -0.296650 0.800000 0.000000
1619612474976 -0.296650 0.800000 0.000000
1619612475077 -0.296650 0.800000 0.000000
1619612475177 -0.296650 0.800000 0.000000
1619612475278 -0.296650 0.800000 0.000000
1619612475379 -0.296650 0.800000 0.000000
1619612475480 -0.296650 0.800000 0.000000
1619612475581 -0.296650 0.800000 0.000000
1619612475682 -0.296650 0.800000 0.000000
1619612475782 -0.296650 0.800000 0.000000
1619612475883 -0.296650 0.800000 0.000000
1619612475984 -0.296650 0.800000 0.000000
1619612476085 -0.296650 0.800000 0.000000
1619612476186 -0.296650 0.800000 0.000000
1619612476287 -0.296650 0.800000 0.000000
1619612476387 -0.296650 0.800000 0.000000
1619612476488 -0.296650 0.800000 0.000000
1619612476589 -0.296650 0.800000 0.000000
1619612476690 -0.296650 0.800000 0.000000
1619612476791 -0.296650 0.800000 0.000000
1619612476892 -0.296650 0.800000 0.000000
1619612476992 -0.296650 0.800000 0.000000
1619612477093 -0.296650 0.800000 0.000000
1619612477194 -0.296650 0.800000 0.000000
1619612477295 -0.296650 0.800000 0.000000
1619612477396 -0.296650 0.800000 0.000000
1619612477497 -0.296650 0.800000 0.000000
1619612477598 -0.296650 0.800000 0.000000
1619612477698 -0.296650 0.800000 0.000000
1619612477799 -0.296650 0.800000 0.000000
1619612477900 -0.296650 0.800000 0.000000
1619612478001 -0.296650 0.800000 0.000000
1619612478102 -0.296650 0.800000 0.000000
1619612478203 -0.296650 0.800000 0.000000
1619612478303 -0.296650 0.800000 0.000000
1619612478404 -0.296650 0.800000 0.000000
1619612478505 -0.296650 0.800000 0.000000
1619612478606 -0.296650 0.800000 0.000000
1619612478707 -0.296650 0.800000 0.000000
1619612478808 -0.296650 0.800000 0.000000
1619612478909 -0.296650 0.800000 0.000000
1619612479009 -0.296650 0.800000 0.000000
1619612479110 -0.296650 0.800000 0.000000
1619612479211 -0.296650 0.800000 0.000000
1619612479312 -0.296650 0.800000 0.000000
1619612479413 -0.296650 0.800000 0.000000
1619612479513 -0.296650 0.800000 0.000000
1619612479614 -0.296650 0.800000 0.000000
1619612479715 -0.296650 0.800000 0.000000
1619612479816 -0.296650 0.800000 0.000000
1619612479917 -0.296650 0.800000 0.000000
1619612480017 -0.296650 0.800000 0.000000
1619612480118 -0.296650 0.800000 0.000000
1619612480219 -0.296650 0.800000 0.000000
1619612480320 -0.296650 0.800000 0.000000
1619612480421 -0.296650 0.800000 0.000000
1619612480522 -0.296650 0.800000 0.000000
1619612480623 -0.296650 0.800000 0.000000
1619612480723 -0.296650 0.800000 0.000000
1619612480825 -0.296650 0.800000 0.000000
1619612480925 -0.296650 0.800000 0.000000
1619612481026 -0.296650 0.800000 0.000000
1619612481127 -0.296650 0.800000 0.000000
1619612481228 -0.296650 0.800000 0.000000
1619612481328 -0.296650 0.800000 0.000000
1619612481429 -0.296650 0.800000 0.000000
1619612481530 -0.296650 0.800000 0.000000
1619612481631 -0.296650 0.800000 0.000000
1619612481732 -0.296650 0.800000 0.000000
1619612481833 -0.296650 0.800000 0.000000
1619612481934 -0.296650 0.800000 0.000000
1619612482034 -0.296650 0.800000 0.000000
1619612482135 -0.296650 0.800000 0.000000
1619612482236 -0.296650 0.800000 0.000000
1619612482337 -0.296650 0.800000 0.000000
1619612482438 -0.296650 0.800000 0.000000
1619612482538 -0.296650 0.800000 0.000000
1619612482639 -0.296650 0.800000 0.000000
1619612482740 -0.296650 0.800000 0.000000
1619612482841 -0.296650 0.800000 0.000000
1619612482942 -0.296650 0.800000 0.000000
1619612483043 -0.296650 0.800000 0.000000
1619612483145 -0.296650 0.800000 0.000000
1619612483246 -0.296650 0.800000 0.000000
1619612483347 -0.296650 0.800000 0.000000
1619612483448 -0.296650 0.800000 0.000000
1619612483549 -0.296650 0.800000 0.000000
1619612483650 -0.296650 0.800000 0.000000
1619612483750 -0.296650 0.800000 0.000000
1619612483852 -0.296650 0.800000 0.000000
1619612483953 -0.296650 0.800000 0.000000
1619612484054 -0.296650 0.800000 0.000000
1619612484155 -0.296650 0.800000 0.000000
1619612484256 -0.296650 0.800000 0.000000
1619612484357 -0.296650 0.800000 0.000000
1619612484458 -0.296650 0.800000 0.000000
1619612484558 -0.296650 0.800000 0.000000
1619612484659 -0.296650 0.800000 0.000000
1619612484760 -0.296650 0.800000 0.000000
1619612484861 -0.296650 0.800000 0.000000
1619612484961 -0.296650 0.800000 0.000000
1619612485062 -0.296650 0.800000 0.000000
1619612485163 -0.296650 0.800000 0.000000
1619612485264 -0.296650 0.800000 0.000000
1619612485365 -0.296650 0.800000 0.000000
1619612485466 -0.296650 0.800000 0.000000
1619612485567 -0.296650 0.800000 0.000000
1619612485668 -0.296650 0.800000 0.000000
1619612485769 -0.296650 0.800000 0.000000
1619612485870 -0.296650 0.800000 0.000000
1619612485971 -0.296650 0.800000 0.000000
1619612486071 -0.296650 0.800000 0.000000
1619612486172 -0.296650 0.800000 0.000000
1619612486273 -0.296650 0.800000 0.000000
1619612486374 -0.296650 0.800000 0.000000
1619612486475 -0.296650 0.800000 0.000000
1619612486575 -0.296650 0.800000 0.000000
1619612486676 -0.296650 0.800000 0.000000
1619612486777 -0.296650 0.800000 0.000000
1619612486878 -0.296650 0.800000 0.000000
1619612486979 -0.296650 0.800000 0.000000
1619612487080 -0.296650 0.800000 0.000000
1619612487180 -0.296650 0.800000 0.000000
1619612487281 -0.296650 0.800000 0.000000
1619612487382 -0.296650 0.800000 0.000000
1619612487483 -0.296650 0.800000 0.000000
1619612487584 -0.296650 0.800000 0.000000
1619612487685 -0.296650 0.800000 0.000000
1619612487786 -0.296650 0.800000 0.000000
1619612487886 -0.296650 0.800000 0.000000
1619612487987 -0.296650 0.800000 0.000000
1619612488088 -0.296650 0.800000 0.000000
1619612488189 -0.296650 0.800000 0.000000
1619612488290 -0.296650 0.800000 0.000000
1619612488391 -0.296650 0.800000 0.000000
1619612488491 -0.296650 0.800000 0.000000
1619612488592 -0.296650 0.800000 0.000000
1619612488693 -0.296650 0.800000 0.000000
1619612488794 -0.296650 0.800000 0.000000
1619612488895 -0.296650 0.800000 0.000000
1619612488996 -0.296650 0.800000 0.000000
1619612489096 -0.296650 0.800000 0.000000
1619612489197 -0.296650 0.800000 0.000000
1619612489298 -0.296650 0.800000 0.000000
1619612489399 -0.296650 0.800000 0.000000
1619612489500 -0.296650 0.800000 0.000000
1619612489601 -0.296650 0.800000 0.000000
1619612489702 -0.296650 0.800000 0.000000
1619612489803 -0.296650 0.800000 0.000000
1619612489903 -0.296650 0.800000 0.000000
1619612490004 -0.296650 0.800000 0.000000
1619612490105 -0.296650 0.800000 0.000000
1619612490206 -0.296650 0.800000 0.000000
1619612490307 -0.296650 0.800000 0.000000
1619612490408 -0.296650 0.800000 0.000000
1619612490508 -0.296650 0.800000 0.000000
1619612490609 -0.296650 0.800000 0.000000
1619612490710 -0.296650 0.800000 0.000000
1619612490811 -0.296650 0.800000 0.000000
1619612490912 -0.296650 0.800000 0.000000
1619612491012 -0.296650 0.800000 0.000000
1619612491113 -0.296650 0.800000 0.000000
1619612491215 -0.296650 0.800000 0.000000
1619612491316 -0.296650 0.800000 0.000000
1619612491416 -0.296650 0.800000 0.000000
1619612491517 -0.296650 0.800000 0.000000
1619612491618 -0.296650 0.800000 0.000000
1619612491719 -0.296650 0.800000 0.000000
1619612491820 -0.296650 0.800000 0.000000
1619612491921 -0.296650 0.800000 0.000000
1619612492021 -0.296650 0.800000 0.000000
1619612492122 -0.296650 0.800000 0.000000
1619612492223 -0.296650 0.800000 0.000000
1619612492324 -0.296650 0.800000 0.000000
1619612492425 -0.296650 0.800000 0.000000
1619612492526 -0.296650 0.800000 0.000000
1619612492626 -0.296650 0.800000 0.000000
1619612492727 -0.296650 0.800000 0.000000
1619612492828 -0.296650 0.800000 0.000000
1619612492929 -0.296650 0.800000 0.000000
1619612493030 -0.296650 0.800000 0.000000
1619612493131 -0.296650 0.800000 0.000000
1619612493232 -0.296650 0.800000 0.000000
1619612493333 -0.296650 0.800000 0.000000
1619612493434 -0.296650 0.800000 0.000000
1619612493535 -0.296650 0.800000 0.000000
1619612493636 -0.296650 0.800000 0.000000
1619612493736 -0.296650 0.800000 0.000000
1619612493837 -0.296650 0.800000 0.000000
1619612493938 -0.296650 0.800000 0.000000
1619612494039 -0.296650 0.800000 0.000000
1619612494140 -0.296650 0.800000 0.000000
1619612494240 -0.296650 0.800000 0.000000
1619612494341 -0.296650 0.800000 0.000000
1619612494442 -0.296650 0.800000 0.000000
1619612494543 -0.296650 0.800000 0.000000
1619612494644 -0.296650 0.800000 0.000000
1619612494745 -0.296650 0.800000 0.000000
1619612494845 -0.296650 0.800000 0.000000
1619612494946 -0.296650 0.800000 0.000000
1619612495047 -0.296650 0.800000 0.000000
1619612495148 -0.296650 0.800000 0.000000
1619612495249 -0.296650 0.800000 0.000000
1619612495350 -0.296650 0.800000 0.000000
1619612495451 -0.296650 0.800000 0.000000
1619612495552 -0.296650 0.800000 0.000000
1619612495653 -0.296650 0.800000 0.000000
1619612495754 -0.296650 0.800000 0.000000
1619612495854 -0.296650 0.800000 0.000000
1619612495955 -0.296650 0.800000 0.000000
1619612496056 -0.296650 0.800000 0.000000
1619612496157 -0.296650 0.800000 0.000000
1619612496258 -0.296650 0.800000 0.000000
1619612496358 -0.296650 0.800000 0.000000
1619612496459 -0.296650 0.800000 0.000000
1619612496560 -0.296650 0.800000 0.000000
1619612496661 -0.296650 0.800000 0.000000
1619612496762 -0.296650 0.800000 0.000000
1619612496862 -0.296650 0.800000 0.000000
1619612496963 -0.296650 0.800000 0.000000
1619612497064 -0.296650 0.800000 0.000000
1619612497165 -0.296650 0.800000 0.000000
1619612497266 -0.296650 0.800000 0.000000
1619612497366 -0.296650 0.800000 0.000000
1619612497468 -0.296650 0.800000 0.000000
1619612497569 -0.296650 0.800000 0.000000
1619612497670 -0.296650 0.800000 0.000000
1619612497771 -0.296650 0.800000 0.000000
1619612497872 -0.296650 0.800000 0.000000
1619612497973 -0.296650 0.800000 0.000000
1619612498073 -0.296650 0.800000 0.000000
1619612498174 -0.296650 0.800000 0.000000
1619612498275 -0.296650 0.800000 0.000000
1619612498376 -0.296650 0.800000 0.000000
1619612498476 -0.296650 0.800000 0.000000
1619612498577 -0.296650 0.800000 0.000000
1619612498678 -0.296650 0.800000 0.000000
1619612498779 -0.296650 0.800000 0.000000
1619612498880 -0.296650 0.800000 0.000000
1619612498981 -0.296650 0.800000 0.000000
1619612499081 -0.296650 0.800000 0.000000
1619612499182 -0.296650 0.800000 0.000000
1619612499283 -0.296650 0.800000 0.000000
1619612499384 -0.296650 0.800000 0.000000
1619612499485 -0.296650 0.800000 0.000000
1619612499586 -0.296650 0.800000 0.000000
1619612499687 -0.296650 0.800000 0.000000
1619612499787 -0.296650 0.800000 0.000000
1619612499888 -0.296650 0.800000 0.000000
1619612499989 -0.296650 0.800000 0.000000
1619612500090 -0.296650 0.800000 0.000000
1619612500191 -0.296650 0.800000 0.000000
1619612500292 -0.296650 0.800000 0.000000
1619612500392 -0.296650 0.800000 0.000000
1619612500493 -0.296650 0.800000 0.000000
1619612500594 -0.296650 0.800000 0.000000
1619612500695 -0.296650 0.800000 0.000000
1619612500796 -0.296650 0.800000 0.000000
1619612500896 -0.296650 0.800000 0.000000
1619612500997 -0.296650 0.800000 0.000000
1619612501098 -0.296650 0.800000 0.000000
1619612501199 -0.296650 0.800000 0.000000
1619612501300 -0.296650 0.800000 0.000000
1619612501401 -0.296650 0.800000 0.000000
1619612501502 -0.296650 0.800000 0.000000
1619612501602 -0.296650 0.800000 0.000000
1619612501703 -0.296650 0.800000 0.000000
1619612501804 -0.296650 0.800000 0.000000
1619612501905 -0.296650 0.800000 0.000000
1619612502006 -0.296650 0.800000 0.000000
1619612502107 -0.296650 0.800000 0.000000
1619612502208 -0.296650 0.800000 0.000000
1619612502309 -0.296650 0.800000 0.000000
1619612502409 -0.296650 0.800000 0.000000
1619612502510 -0.296650 0.800000 0.000000
1619612502611 -0.296650 0.800000 0.000000
1619612502712 -0.296650 0.800000 0.000000
1619612502813 -0.296650 0.800000 0.000000
1619612502914 -0.296650 0.800000 0.000000
1619612503015 -0.296650 0.800000 0.000000
1619612503116 -0.296650 0.800000 0.000000
1619612503217 -0.296650 0.800000 0.000000
1619612503317 -0.296650 0.800000 0.000000
1619612503418 -0.296650 0.800000 0.000000
1619612503519 -0.296650 0.800000 0.000000
1619612503620 -0.296650 0.800000 0.000000
1619612503721 -0.296650 0.800000 0.000000
1619612503821 -0.296650 0.800000 0.000000
1619612503922 -0.296650 0.800000 0.000000
1619612504023 -0.296650 0.800000 0.000000
1619612504124 -0.296650 0.800000 0.000000
1619612504225 -0.296650 0.800000 0.000000
1619612504326 -0.296650 0.800000 0.000000
1619612504427 -0.296650 0.800000 0.000000
1619612504528 -0.296650 0.800000 0.000000
1619612504629 -0.296650 0.800000 0.000000
1619612504730 -0.296650 0.800000 0.000000
1619612504831 -0.296650 0.800000 0.000000
1619612504932 -0.296650 0.800000 0.000000
1619612505033 -0.296650 0.800000 0.000000
1619612505133 -0.296650 0.800000 0.000000
1619612505234 -0.296650 0.800000 0.000000
1619612505335 -0.296650 0.800000 0.000000
1619612505436 -0.296650 0.800000 0.000000
1619612505537 -0.296650 0.800000 0.000000
1619612505637 -0.296650 0.800000 0.000000
1619612505738 -0.296650 0.800000 0.000000
1619612505839 -0.296650 0.800000 0.000000
1619612505940 -0.296650 0.800000 0.000000
1619612506041 -0.296650 0.800000 0.000000
