1619612138691 -0.200675 0.600000 0.000000
1619612138792 -0.200675 0.600000 0.000000
1619612138893 -0.200675 0.600000 0.000000
1619612138994 -0.200675 0.600000 0.000000
1619612139095 -0.200675 0.600000 0.000000
1619612139195 -0.200675 0.600000 0.000000
1619612139296 -0.200675 0.600000 0.000000
1619612139397 -0.200675 0.600000 0.000000
1619612139498 -0.200675 0.600000 0.000000
1619612139599 -0.200675 0.600000 0.000000
1619612139700 -0.200675 0.600000 0.000000
1619612139801 -0.200675 0.600000 0.000000
1619612139901 -0.200675 0.600000 0.000000
1619612140002 -0.200675 0.600000 0.000000
1619612140103 -0.200675 0.600000 0.000000
1619612140204 -0.200675 0.600000 0.000000
1619612140305 -0.200675 0.600000 0.000000
1619612140406 -0.200675 0.600000 0.000000
1619612140506 -0.200675 0.600000 0.000000
1619612140607 -0.200675 0.600000 0.000000
1619612140708 -0.200675 0.600000 0.000000
1619612140809 -0.200675 0.600000 0.000000
1619612140910 -0.200675 0.600000 0.000000
1619612141011 -0.200675 0.600000 0.000000
1619612141112 -0.200675 0.600000 0.000000
1619612141212 -0.200675 0.600000 0.000000
1619612141313 -0.200675 0.600000 0.000000
1619612141414 -0.200675 0.600000 0.000000
1619612141515 -0.200675 0.600000 0.000000
1619612141615 -0.200675 0.600000 0.000000
1619612141716 -0.200675 0.600000 0.000000
1619612141817 -0.200675 0.600000 0.000000
1619612141918 -0.200675 0.600000 0.000000
1619612142019 -0.200675 0.600000 0.000000
1619612142120 -0.200675 0.600000 0.000000
1619612142220 -0.200675 0.600000 0.000000
1619612142321 -0.200675 0.600000 0.000000
1619612142422 -0.200675 0.600000 0.000000
1619612142523 -0.200675 0.600000 0.000000
1619612142624 -0.200675 0.600000 0.000000
1619612142725 -0.200675 0.600000 0.000000
1619612142825 -0.200675 0.600000 0.000000
1619612142926 -0.200675 0.600000 0.000000
1619612143027 -0.200675 0.600000 0.000000
1619612143128 -0.200675 0.600000 0.000000
1619612143229 -0.200675 0.600000 0.000000
1619612143330 -0.200675 0.600000 0.000000
1619612143431 -0.200675 0.600000 0.000000
1619612143532 -0.200675 0.600000 0.000000
1619612143633 -0.200675 0.600000 0.000000
1619612143734 -0.200675 0.600000 0.000000
1619612143834 -0.200675 0.600000 0.000000
1619612143935 -0.200675 0.600000 0.000000
1619612144036 -0.200675 0.600000 0.000000
1619612144137 -0.200675 0.600000 0.000000
1619612144238 -0.200675 0.600000 0.000000
1619612144338 -0.200675 0.600000 0.000000
1619612144439 -0.200675 0.600000 0.000000
1619612144540 -0.200675 0.600000 0.000000
1619612144641 -0.200675 0.600000 0.000000
1619612144742 -0.200675 0.600000 0.000000
1619612144843 -0.200675 0.600000 0.000000
1619612144943 -0.200675 0.600000 0.000000
1619612145044 -0.200675 0.600000 0.000000
1619612145145 -0.200675 0.600000 0.000000
1619612145246 -0.200675 0.600000 0.000000
1619612145347 -0.200675 0.600000 0.000000
1619612145448 -0.200675 0.600000 0.000000
1619612145548 -0.200675 0.600000 0.000000
1619612145649 -0.200675 0.600000 0.000000
1619612145750 -0.200675 0.600000 0.000000
1619612145851 -0.200675 0.600000 0.000000
1619612145952 -0.200675 0.600000 0.000000
1619612146053 -0.200675 0.600000 0.000000
1619612146154 -0.200675 0.600000 0.000000
1619612146254 -0.200675 0.600000 0.000000
1619612146355 -0.200675 0.600000 0.000000
1619612146456 -0.200675 0.600000 0.000000
1619612146557 -0.200675 0.600000 0.000000
1619612146658 -0.200675 0.600000 0.000000
1619612146759 -0.200675 0.600000 0.000000
1619612146859 -0.200675 0.600000 0.000000
1619612146960 -0.200675 0.600000 0.000000
1619612147061 -0.200675 0.600000 0.000000
1619612147162 -0.200675 0.600000 0.000000
1619612147263 -0.200675 0.600000 0.000000
1619612147364 -0.200675 0.600000 0.000000
1619612147464 -0.200675 0.600000 0.000000
1619612147565 -0.200675 0.600000 0.000000
1619612147666 -0.200675 0.600000 0.000000
1619612147767 -0.200675 0.600000 0.000000
1619612147868 -0.200675 0.600000 0.000000
1619612147969 -0.200675 0.600000 0.000000
1619612148070 -0.200675 0.600000 0.000000
1619612148171 -0.200675 0.600000 0.000000
1619612148271 -0.200675 0.600000 0.000000
1619612148372 -0.200675 0.600000 0.000000
1619612148473 -0.200675 0.600000 0.000000
1619612148574 -0.200675 0.600000 0.000000
1619612148674 -0.200675 0.600000 0.000000
1619612148775 -0.200675 0.600000 0.000000
1619612148876 -0.200675 0.600000 0.000000
1619612148977 -0.200675 0.600000 0.000000
1619612149078 -0.200675 0.600000 0.000000
1619612149179 -0.200675 0.600000 0.000000
1619612149280 -0.200675 0.600000 0.000000
1619612149380 -0.200675 0.600000 0.000000
1619612149482 -0.200675 0.600000 0.000000
1619612149583 -0.200675 0.600000 0.000000
1619612149684 -0.200675 0.600000 0.000000
1619612149785 -0.200675 0.600000 0.000000
1619612149885 -0.200675 0.600000 0.000000
1619612149986 -0.200675 0.600000 0.000000
1619612150087 -0.200675 0.600000 0.000000
1619612150188 -0.200675 0.600000 0.000000
1619612150289 -0.200675 0.600000 0.000000
1619612150390 -0.200675 0.600000 0.000000
1619612150491 -0.200675 0.600000 0.000000
1619612150591 -0.200675 0.600000 0.000000
1619612150692 -0.200675 0.600000 0.000000
1619612150793 -0.200675 0.600000 0.000000
1619612150894 -0.200675 0.600000 0.000000
1619612150995 -0.200675 0.600000 0.000000
1619612151096 -0.200675 0.600000 0.000000
1619612151197 -0.200675 0.600000 0.000000
1619612151298 -0.200675 0.600000 0.000000
1619612151399 -0.200675 0.600000 0.000000
1619612151500 -0.200675 0.600000 0.000000
1619612151600 -0.200675 0.600000 0.000000
1619612151701 -0.200675 0.600000 0.000000
1619612151802 -0.200675 0.600000 0.000000
1619612151903 -0.200675 0.600000 0.000000
1619612152004 -0.200675 0.600000 0.000000
1619612152105 -0.200675 0.600000 0.000000
1619612152206 -0.200675 0.600000 0.000000
1619612152307 -0.200675 0.600000 0.000000
1619612152408 -0.200675 0.600000 0.000000
1619612152508 -0.200675 0.600000 0.000000
1619612152609 -0.200675 0.600000 0.000000
1619612152710 -0.200675 0.600000 0.000000
1619612152811 -0.200675 0.600000 0.000000
1619612152912 -0.200675 0.600000 0.000000
1619612153013 -0.200675 0.600000 0.000000
1619612153113 -0.200675 0.600000 0.000000
1619612153214 -0.200675 0.600000 0.000000
1619612153315 -0.200675 0.600000 0.000000
1619612153416 -0.200675 0.600000 0.000000
1619612153517 -0.200675 0.600000 0.000000
1619612153618 -0.200675 0.600000 0.000000
1619612153718 -0.200675 0.600000 0.000000
1619612153819 -0.200675 0.600000 0.000000
1619612153920 -0.200675 0.600000 0.000000
1619612154021 -0.200675 0.600000 0.000000
1619612154122 -0.200675 0.600000 0.000000
1619612154222 -0.200675 0.600000 0.000000
1619612154323 -0.200675 0.600000 0.000000
1619612154424 -0.200675 0.600000 0.000000
1619612154525 -0.200675 0.600000 0.000000
1619612154626 -0.200675 0.600000 0.000000
1619612154727 -0.200675 0.600000 0.000000
1619612154828 -0.200675 0.600000 0.000000
1619612154928 -0.200675 0.600000 0.000000
1619612155029 -0.200675 0.600000 0.000000
1619612155130 -0.200675 0.600000 0.000000
1619612155231 -0.200675 0.600000 0.000000
1619612155332 -0.200675 0.600000 0.000000
1619612155433 -0.200675 0.600000 0.000000
1619612155534 -0.200675 0.600000 0.000000
1619612155635 -0.200675 0.600000 0.000000
1619612155736 -0.200675 0.600000 0.000000
1619612155836 -0.200675 0.600000 0.000000
1619612155937 -0.200675 0.600000 0.000000
1619612156038 -0.200675 0.600000 0.000000
1619612156139 -0.200675 0.600000 0.000000
1619612156240 -0.200675 0.600000 0.000000
1619612156341 -0.200675 0.600000 0.000000
1619612156441 -0.200675 0.600000 0.000000
1619612156542 -0.200675 0.600000 0.000000
1619612156643 -0.200675 0.600000 0.000000
1619612156744 -0.200675 0.600000 0.000000
1619612156845 -0.200675 0.600000 0.000000
1619612156946 -0.200675 0.600000 0.000000
1619612157046 -0.200675 0.600000 0.000000
1619612157147 -0.200675 0.600000 0.000000
1619612157248 -0.200675 0.600000 0.000000
1619612157349 -0.200675 0.600000 0.000000
1619612157450 -0.200675 0.600000 0.000000
1619612157551 -0.200675 0.600000 0.000000
1619612157652 -0.200675 0.600000 0.000000
1619612157752 -0.200675 0.600000 0.000000
1619612157853 -0.200675 0.600000 0.000000
1619612157954 -0.200675 0.600000 0.000000
1619612158055 -0.200675 0.600000 0.000000
1619612158156 -0.200675 0.600000 0.000000
1619612158257 -0.200675 0.600000 0.000000
1619612158357 -0.200675 0.600000 0.000000
1619612158458 -0.200675 0.600000 0.000000
1619612158559 -0.200675 0.600000 0.000000
1619612158660 -0.200675 0.600000 0.000000
1619612158761 -0.200675 0.600000 0.000000
1619612158861 -0.200675 0.600000 0.000000
1619612158962 -0.200675 0.600000 0.000000
1619612159063 -0.200675 0.600000 0.000000
1619612159164 -0.200675 0.600000 0.000000
1619612159265 -0.200675 0.600000 0.000000
1619612159366 -0.200675 0.600000 0.000000
1619612159467 -0.200675 0.600000 0.000000
1619612159567 -0.200675 0.600000 0.000000
1619612159668 -0.200675 0.600000 0.000000
1619612159769 -0.200675 0.600000 0.000000
1619612159870 -0.200675 0.600000 0.000000
1619612159970 -0.200675 0.600000 0.000000
1619612160071 -0.200675 0.600000 0.000000
1619612160172 -0.200675 0.600000 0.000000
1619612160273 -0.200675 0.600000 0.000000
1619612160374 -0.200675 0.600000 0.000000
1619612160475 -0.200675 0.600000 0.000000
1619612160575 -0.200675 0.600000 0.000000
1619612160676 -0.200675 0.600000 0.000000
1619612160777 -0.200675 0.600000 0.000000
1619612160878 -0.200675 0.600000 0.000000
1619612160979 -0.200675 0.600000 0.000000
1619612161079 -0.200675 0.600000 0.000000
1619612161180 -0.200675 0.600000 0.000000
1619612161281 -0.200675 0.600000 0.000000
1619612161382 -0.200675 0.600000 0.000000
1619612161483 -0.200675 0.600000 0.000000
1619612161583 -0.200675 0.600000 0.000000
1619612161684 -0.200675 0.600000 0.000000
1619612161785 -0.200675 0.600000 0.000000
1619612161886 -0.200675 0.600000 0.000000
1619612161987 -0.200675 0.600000 0.000000
1619612162088 -0.200675 0.600000 0.000000
1619612162189 -0.200675 0.600000 0.000000
1619612162290 -0.200675 0.600000 0.000000
1619612162390 -0.200675 0.600000 0.000000
1619612162491 -0.200675 0.600000 0.000000
1619612162592 -0.200675 0.600000 0.000000
1619612162693 -0.200675 0.600000 0.000000
1619612162794 -0.200675 0.600000 0.000000
1619612162894 -0.200675 0.600000 0.000000
1619612162995 -0.200675 0.600000 0.000000
1619612163096 -0.200675 0.600000 0.000000
1619612163197 -0.200675 0.600000 0.000000
1619612163298 -0.200675 0.600000 0.000000
1619612163399 -0.200675 0.600000 0.000000
1619612163500 -0.200675 0.600000 0.000000
1619612163600 -0.200675 0.600000 0.000000
1619612163701 -0.200675 0.600000 0.000000
1619612163802 -0.200675 0.600000 0.000000
1619612163903 -0.200675 0.600000 0.000000
1619612164004 -0.200675 0.600000 0.000000
1619612164105 -0.200675 0.600000 0.000000
1619612164206 -0.200675 0.600000 0.000000
1619612164306 -0.200675 0.600000 0.000000
1619612164407 -0.200675 0.600000 0.000000
1619612164508 -0.200675 0.600000 0.000000
1619612164609 -0.200675 0.600000 0.000000
1619612164710 -0.200675 0.600000 0.000000
1619612164811 -0.200675 0.600000 0.000000
1619612164912 -0.200675 0.600000 0.000000
1619612165013 -0.200675 0.600000 0.000000
1619612165113 -0.200675 0.600000 0.000000
1619612165214 -0.200675 0.600000 0.000000
1619612165315 -0.200675 0.600000 0.000000
1619612165416 -0.200675 0.600000 0.000000
1619612165517 -0.200675 0.600000 0.000000
1619612165618 -0.200675 0.600000 0.000000
1619612165719 -0.200675 0.600000 0.000000
1619612165820 -0.200675 0.600000 0.000000
1619612165921 -0.200675 0.600000 0.000000
1619612166022 -0.200675 0.600000 0.000000
1619612166123 -0.200675 0.600000 0.000000
1619612166223 -0.200675 0.600000 0.000000
1619612166324 -0.200675 0.600000 0.000000
1619612166425 -0.200675 0.600000 0.000000
1619612166526 -0.200675 0.600000 0.000000
1619612166627 -0.200675 0.600000 0.000000
1619612166728 -0.200675 0.600000 0.000000
1619612166829 -0.200675 0.600000 0.000000
1619612166930 -0.200675 0.600000 0.000000
1619612167031 -0.200675 0.600000 0.000000
1619612167132 -0.200675 0.600000 0.000000
1619612167232 -0.200675 0.600000 0.000000
1619612167333 -0.200675 0.600000 0.000000
1619612167434 -0.200675 0.600000 0.000000
1619612167535 -0.200675 0.600000 0.000000
1619612167636 -0.200675 0.600000 0.000000
1619612167737 -0.200675 0.600000 0.000000
1619612167837 -0.200675 0.600000 0.000000
1619612167938 -0.200675 0.600000 0.000000
1619612168039 -0.200675 0.600000 0.000000
1619612168140 -0.200675 0.600000 0.000000
1619612168242 -0.200675 0.600000 0.000000
1619612168343 -0.200675 0.600000 0.000000
1619612168445 -0.200675 0.600000 0.000000
1619612168545 -0.200675 0.600000 0.000000
1619612168646 -0.200675 0.600000 0.000000
1619612168747 -0.200675 0.600000 0.000000
1619612168848 -0.200675 0.600000 0.000000
1619612168950 -0.200675 0.600000 0.000000
1619612169052 -0.200675 0.600000 0.000000
1619612169153 -0.200675 0.600000 0.000000
1619612169254 -0.200675 0.600000 0.000000
1619612169355 -0.200675 0.600000 0.000000
1619612169455 -0.200675 0.600000 0.000000
1619612169556 -0.200675 0.600000 0.000000
1619612169657 -0.200675 0.600000 0.000000
1619612169758 -0.200675 0.600000 0.000000
1619612169859 -0.200675 0.600000 0.000000
1619612169959 -0.200675 0.600000 0.000000
1619612170060 -0.200675 0.600000 0.000000
1619612170161 -0.200675 0.600000 0.000000
1619612170262 -0.200675 0.600000 0.000000
1619612170363 -0.200675 0.600000 0.000000
1619612170464 -0.200675 0.600000 0.000000
1619612170565 -0.200675 0.600000 0.000000
1619612170665 -0.200675 0.600000 0.000000
1619612170766 -0.200675 0.600000 0.000000
1619612170867 -0.200675 0.600000 0.000000
1619612170968 -0.200675 0.600000 0.000000
1619612171069 -0.200675 0.600000 0.000000
1619612171170 -0.200675 0.600000 0.000000
1619612171271 -0.200675 0.600000 0.000000
1619612171371 -0.200675 0.600000 0.000000
1619612171472 -0.200675 0.600000 0.000000
1619612171573 -0.200675 0.600000 0.000000
1619612171674 -0.200675 0.600000 0.000000
1619612171775 -0.200675 0.600000 0.000000
1619612171876 -0.200675 0.600000 0.000000
1619612171977 -0.200675 0.600000 0.000000
1619612172078 -0.200675 0.600000 0.000000
1619612172179 -0.200675 0.600000 0.000000
1619612172280 -0.200675 0.600000 0.000000
1619612172381 -0.200675 0.600000 0.000000
1619612172481 -0.200675 0.600000 0.000000
1619612172582 -0.200675 0.600000 0.000000
1619612172683 -0.200675 0.600000 0.000000
1619612172784 -0.200675 0.600000 0.000000
1619612172885 -0.200675 0.600000 0.000000
1619612172986 -0.200675 0.600000 0.000000
1619612173086 -0.200675 0.600000 0.000000
1619612173187 -0.200675 0.600000 0.000000
1619612173288 -0.200675 0.600000 0.000000
1619612173389 -0.200675 0.600000 0.000000
