1619611999253 -0.150070 0.800000 0.000000
1619611999353 -0.150070 0.800000 0.000000
1619611999454 -0.150070 0.800000 0.000000
1619611999555 -0.150070 0.800000 0.000000
1619611999656 -0.150070 0.800000 0.000000
1619611999758 -0.150070 0.800000 0.000000
1619611999859 -0.150070 0.800000 0.000000
1619611999960 -0.150070 0.800000 0.000000
1619612000060 -0.150070 0.800000 0.000000
1619612000161 -0.150070 0.800000 0.000000
1619612000262 -0.150070 0.800000 0.000000
1619612000363 -0.150070 0.800000 0.000000
1619612000464 -0.150070 0.800000 0.000000
1619612000565 -0.150070 0.800000 0.000000
1619612000666 -0.150070 0.800000 0.000000
1619612000767 -0.150070 0.800000 0.000000
1619612000867 -0.150070 0.800000 0.000000
1619612000968 -0.150070 0.800000 0.000000
1619612001069 -0.150070 0.800000 0.000000
1619612001170 -0.150070 0.800000 0.000000
1619612001271 -0.150070 0.800000 0.000000
1619612001371 -0.150070 0.800000 0.000000
1619612001472 -0.150070 0.800000 0.000000
1619612001573 -0.150070 0.800000 0.000000
1619612001674 -0.150070 0.800000 0.000000
1619612001775 -0.150070 0.800000 0.000000
1619612001876 -0.150070 0.800000 0.000000
1619612001977 -0.150070 0.800000 0.000000
1619612002077 -0.150070 0.800000 0.000000
1619612002178 -0.150070 0.800000 0.000000
1619612002279 -0.150070 0.800000 0.000000
1619612002380 -0.150070 0.800000 0.000000
1619612002481 -0.150070 0.800000 0.000000
1619612002581 -0.150070 0.800000 0.000000
1619612002682 -0.150070 0.800000 0.000000
1619612002783 -0.150070 0.800000 0.000000
1619612002884 -0.150070 0.800000 0.000000
1619612002985 -0.150070 0.800000 0.000000
1619612003086 -0.150070 0.800000 0.000000
1619612003187 -0.150070 0.800000 0.000000
1619612003288 -0.150070 0.800000 0.000000
1619612003389 -0.150070 0.800000 0.000000
1619612003489 -0.150070 0.800000 0.000000
1619612003590 -0.150070 0.800000 0.000000
1619612003691 -0.150070 0.800000 0.000000
1619612003792 -0.150070 0.800000 0.000000
1619612003893 -0.150070 0.800000 0.000000
1619612003993 -0.150070 0.800000 0.000000
1619612004095 -0.150070 0.800000 0.000000
1619612004195 -0.150070 0.800000 0.000000
1619612004296 -0.150070 0.800000 0.000000
1619612004397 -0.150070 0.800000 0.000000
1619612004498 -0.150070 0.800000 0.000000
1619612004599 -0.150070 0.800000 0.000000
1619612004700 -0.150070 0.800000 0.000000
1619612004800 -0.150070 0.800000 0.000000
1619612004901 -0.150070 0.800000 0.000000
1619612005002 -0.150070 0.800000 0.000000
1619612005103 -0.150070 0.800000 0.000000
1619612005204 -0.150070 0.800000 0.000000
1619612005305 -0.150070 0.800000 0.000000
1619612005406 -0.150070 0.800000 0.000000
1619612005507 -0.150070 0.800000 0.000000
1619612005608 -0.150070 0.800000 0.000000
1619612005708 -0.150070 0.800000 0.000000
1619612005809 -0.150070 0.800000 0.000000
1619612005910 -0.150070 0.800000 0.000000
1619612006011 -0.150070 0.800000 0.000000
1619612006112 -0.150070 0.800000 0.000000
1619612006213 -0.150070 0.800000 0.000000
1619612006314 -0.150070 0.800000 0.000000
1619612006414 -0.150070 0.800000 0.000000
1619612006515 -0.150070 0.800000 0.000000
1619612006616 -0.150070 0.800000 0.000000
1619612006717 -0.150070 0.800000 0.000000
1619612006818 -0.150070 0.800000 0.000000
1619612006919 -0.150070 0.800000 0.000000
1619612007019 -0.150070 0.800000 0.000000
1619612007120 -0.150070 0.800000 0.000000
1619612007221 -0.150070 0.800000 0.000000
1619612007322 -0.150070 0.800000 0.000000
1619612007423 -0.150070 0.800000 0.000000
1619612007524 -0.150070 0.800000 0.000000
1619612007625 -0.150070 0.800000 0.000000
1619612007725 -0.150070 0.800000 0.000000
1619612007826 -0.150070 0.800000 0.000000
1619612007927 -0.150070 0.800000 0.000000
1619612008028 -0.150070 0.800000 0.000000
1619612008129 -0.150070 0.800000 0.000000
1619612008230 -0.150070 0.800000 0.000000
1619612008331 -0.150070 0.800000 0.000000
1619612008431 -0.150070 0.800000 0.000000
1619612008532 -0.150070 0.800000 0.000000
1619612008633 -0.150070 0.800000 0.000000
1619612008734 -0.150070 0.800000 0.000000
1619612008835 -0.150070 0.800000 0.000000
1619612008936 -0.150070 0.800000 0.000000
1619612009037 -0.150070 0.800000 0.000000
1619612009137 -0.150070 0.800000 0.000000
1619612009238 -0.150070 0.800000 0.000000
1619612009339 -0.150070 0.800000 0.000000
1619612009440 -0.150070 0.800000 0.000000
1619612009541 -0.150070 0.800000 0.000000
1619612009641 -0.150070 0.800000 0.000000
1619612009742 -0.150070 0.800000 0.000000
1619612009843 -0.150070 0.800000 0.000000
1619612009944 -0.150070 0.800000 0.000000
1619612010045 -0.150070 0.800000 0.000000
1619612010146 -0.150070 0.800000 0.000000
1619612010247 -0.150070 0.800000 0.000000
1619612010347 -0.150070 0.800000 0.000000
1619612010448 -0.150070 0.800000 0.000000
1619612010549 -0.150070 0.800000 0.000000
1619612010650 -0.150070 0.800000 0.000000
1619612010751 -0.150070 0.800000 0.000000
1619612010852 -0.150070 0.800000 0.000000
1619612010953 -0.150070 0.800000 0.000000
1619612011054 -0.150070 0.800000 0.000000
1619612011154 -0.150070 0.800000 0.000000
1619612011255 -0.150070 0.800000 0.000000
1619612011356 -0.150070 0.800000 0.000000
1619612011457 -0.150070 0.800000 0.000000
1619612011557 -0.150070 0.800000 0.000000
1619612011658 -0.150070 0.800000 0.000000
1619612011759 -0.150070 0.800000 0.000000
1619612011860 -0.150070 0.800000 0.000000
1619612011961 -0.150070 0.800000 0.000000
1619612012061 -0.150070 0.800000 0.000000
1619612012162 -0.150070 0.800000 0.000000
1619612012263 -0.150070 0.800000 0.000000
1619612012364 -0.150070 0.800000 0.000000
1619612012465 -0.150070 0.800000 0.000000
1619612012566 -0.150070 0.800000 0.000000
1619612012667 -0.150070 0.800000 0.000000
1619612012767 -0.150070 0.800000 0.000000
1619612012868 -0.150070 0.800000 0.000000
1619612012969 -0.150070 0.800000 0.000000
1619612013070 -0.150070 0.800000 0.000000
1619612013171 -0.150070 0.800000 0.000000
1619612013272 -0.150070 0.800000 0.000000
1619612013373 -0.150070 0.800000 0.000000
1619612013473 -0.150070 0.800000 0.000000
1619612013574 -0.150070 0.800000 0.000000
1619612013675 -0.150070 0.800000 0.000000
1619612013776 -0.150070 0.800000 0.000000
1619612013877 -0.150070 0.800000 0.000000
1619612013978 -0.150070 0.800000 0.000000
1619612014078 -0.150070 0.800000 0.000000
1619612014179 -0.150070 0.800000 0.000000
1619612014280 -0.150070 0.800000 0.000000
1619612014381 -0.150070 0.800000 0.000000
1619612014482 -0.150070 0.800000 0.000000
1619612014583 -0.150070 0.800000 0.000000
1619612014684 -0.150070 0.800000 0.000000
1619612014785 -0.150070 0.800000 0.000000
1619612014886 -0.150070 0.800000 0.000000
1619612014987 -0.150070 0.800000 0.000000
1619612015088 -0.150070 0.800000 0.000000
1619612015189 -0.150070 0.800000 0.000000
1619612015289 -0.150070 0.800000 0.000000
1619612015390 -0.150070 0.800000 0.000000
1619612015491 -0.150070 0.800000 0.000000
1619612015592 -0.150070 0.800000 0.000000
1619612015693 -0.150070 0.800000 0.000000
1619612015794 -0.150070 0.800000 0.000000
1619612015895 -0.150070 0.800000 0.000000
1619612015996 -0.150070 0.800000 0.000000
1619612016097 -0.150070 0.800000 0.000000
1619612016197 -0.150070 0.800000 0.000000
1619612016298 -0.150070 0.800000 0.000000
1619612016399 -0.150070 0.800000 0.000000
1619612016500 -0.150070 0.800000 0.000000
1619612016601 -0.150070 0.800000 0.000000
1619612016702 -0.150070 0.800000 0.000000
1619612016802 -0.150070 0.800000 0.000000
1619612016903 -0.150070 0.800000 0.000000
1619612017004 -0.150070 0.800000 0.000000
1619612017105 -0.150070 0.800000 0.000000
1619612017206 -0.150070 0.800000 0.000000
1619612017307 -0.150070 0.800000 0.000000
1619612017409 -0.150070 0.800000 0.000000
1619612017510 -0.150070 0.800000 0.000000
1619612017610 -0.150070 0.800000 0.000000
1619612017711 -0.150070 0.800000 0.000000
1619612017812 -0.150070 0.800000 0.000000
1619612017913 -0.150070 0.800000 0.000000
1619612018014 -0.150070 0.800000 0.000000
1619612018115 -0.150070 0.800000 0.000000
1619612018215 -0.150070 0.800000 0.000000
1619612018316 -0.150070 0.800000 0.000000
1619612018417 -0.150070 0.800000 0.000000
1619612018518 -0.150070 0.800000 0.000000
1619612018619 -0.150070 0.800000 0.000000
1619612018719 -0.150070 0.800000 0.000000
1619612018820 -0.150070 0.800000 0.000000
1619612018921 -0.150070 0.800000 0.000000
1619612019022 -0.150070 0.800000 0.000000
1619612019123 -0.150070 0.800000 0.000000
1619612019224 -0.150070 0.800000 0.000000
1619612019325 -0.150070 0.800000 0.000000
1619612019426 -0.150070 0.800000 0.000000
1619612019527 -0.150070 0.800000 0.000000
1619612019628 -0.150070 0.800000 0.000000
1619612019729 -0.150070 0.800000 0.000000
1619612019830 -0.150070 0.800000 0.000000
1619612019931 -0.150070 0.800000 0.000000
1619612020032 -0.150070 0.800000 0.000000
1619612020132 -0.150070 0.800000 0.000000
1619612020233 -0.150070 0.800000 0.000000
1619612020334 -0.150070 0.800000 0.000000
1619612020435 -0.150070 0.800000 0.000000
1619612020536 -0.150070 0.800000 0.000000
1619612020637 -0.150070 0.800000 0.000000
1619612020737 -0.150070 0.800000 0.000000
1619612020838 -0.150070 0.800000 0.000000
1619612020939 -0.150070 0.800000 0.000000
1619612021040 -0.150070 0.800000 0.000000
1619612021141 -0.150070 0.800000 0.000000
1619612021242 -0.150070 0.800000 0.000000
1619612021343 -0.150070 0.800000 0.000000
1619612021445 -0.150070 0.800000 0.000000
1619612021545 -0.150070 0.800000 0.000000
1619612021646 -0.150070 0.800000 0.000000
1619612021747 -0.150070 0.800000 0.000000
1619612021848 -0.150070 0.800000 0.000000
1619612021949 -0.150070 0.800000 0.000000
1619612022050 -0.150070 0.800000 0.000000
1619612022150 -0.150070 0.800000 0.000000
1619612022251 -0.150070 0.800000 0.000000
1619612022352 -0.150070 0.800000 0.000000
1619612022453 -0.150070 0.800000 0.000000
1619612022554 -0.150070 0.800000 0.000000
1619612022655 -0.150070 0.800000 0.000000
1619612022755 -0.150070 0.800000 0.000000
1619612022856 -0.150070 0.800000 0.000000
1619612022957 -0.150070 0.800000 0.000000
1619612023058 -0.150070 0.800000 0.000000
1619612023159 -0.150070 0.800000 0.000000
1619612023260 -0.150070 0.800000 0.000000
1619612023361 -0.150070 0.800000 0.000000
1619612023462 -0.150070 0.800000 0.000000
1619612023562 -0.150070 0.800000 0.000000
1619612023663 -0.150070 0.800000 0.000000
1619612023764 -0.150070 0.800000 0.000000
1619612023865 -0.150070 0.800000 0.000000
1619612023966 -0.150070 0.800000 0.000000
1619612024067 -0.150070 0.800000 0.000000
1619612024167 -0.150070 0.800000 0.000000
1619612024268 -0.150070 0.800000 0.000000
1619612024369 -0.150070 0.800000 0.000000
1619612024470 -0.150070 0.800000 0.000000
1619612024571 -0.150070 0.800000 0.000000
1619612024671 -0.150070 0.800000 0.000000
1619612024772 -0.150070 0.800000 0.000000
1619612024873 -0.150070 0.800000 0.000000
1619612024974 -0.150070 0.800000 0.000000
1619612025075 -0.150070 0.800000 0.000000
1619612025176 -0.150070 0.800000 0.000000
1619612025276 -0.150070 0.800000 0.000000
1619612025377 -0.150070 0.800000 0.000000
1619612025478 -0.150070 0.800000 0.000000
1619612025579 -0.150070 0.800000 0.000000
1619612025680 -0.150070 0.800000 0.000000
1619612025781 -0.150070 0.800000 0.000000
1619612025881 -0.150070 0.800000 0.000000
1619612025982 -0.150070 0.800000 0.000000
1619612026083 -0.150070 0.800000 0.000000
1619612026184 -0.150070 0.800000 0.000000
1619612026285 -0.150070 0.800000 0.000000
1619612026386 -0.150070 0.800000 0.000000
1619612026487 -0.150070 0.800000 0.000000
1619612026588 -0.150070 0.800000 0.000000
1619612026689 -0.150070 0.800000 0.000000
1619612026790 -0.150070 0.800000 0.000000
1619612026891 -0.150070 0.800000 0.000000
1619612026992 -0.150070 0.800000 0.000000
1619612027093 -0.150070 0.800000 0.000000
1619612027193 -0.150070 0.800000 0.000000
1619612027294 -0.150070 0.800000 0.000000
1619612027395 -0.150070 0.800000 0.000000
1619612027496 -0.150070 0.800000 0.000000
1619612027597 -0.150070 0.800000 0.000000
1619612027698 -0.150070 0.800000 0.000000
1619612027798 -0.150070 0.800000 0.000000
1619612027899 -0.150070 0.800000 0.000000
1619612028000 -0.150070 0.800000 0.000000
1619612028101 -0.150070 0.800000 0.000000
1619612028202 -0.150070 0.800000 0.000000
1619612028303 -0.150070 0.800000 0.000000
1619612028404 -0.150070 0.800000 0.000000
1619612028505 -0.150070 0.800000 0.000000
1619612028606 -0.150070 0.800000 0.000000
1619612028707 -0.150070 0.800000 0.000000
1619612028808 -0.150070 0.800000 0.000000
1619612028909 -0.150070 0.800000 0.000000
1619612029009 -0.150070 0.800000 0.000000
1619612029110 -0.150070 0.800000 0.000000
1619612029211 -0.150070 0.800000 0.000000
1619612029312 -0.150070 0.800000 0.000000
1619612029413 -0.150070 0.800000 0.000000
1619612029514 -0.150070 0.800000 0.000000
1619612029615 -0.150070 0.800000 0.000000
1619612029715 -0.150070 0.800000 0.000000
1619612029816 -0.150070 0.800000 0.000000
1619612029917 -0.150070 0.800000 0.000000
1619612030018 -0.150070 0.800000 0.000000
1619612030119 -0.150070 0.800000 0.000000
1619612030220 -0.150070 0.800000 0.000000
1619612030320 -0.150070 0.800000 0.000000
1619612030421 -0.150070 0.800000 0.000000
1619612030522 -0.150070 0.800000 0.000000
1619612030623 -0.150070 0.800000 0.000000
1619612030724 -0.150070 0.800000 0.000000
1619612030824 -0.150070 0.800000 0.000000
1619612030925 -0.150070 0.800000 0.000000
1619612031026 -0.150070 0.800000 0.000000
1619612031127 -0.150070 0.800000 0.000000
1619612031228 -0.150070 0.800000 0.000000
1619612031329 -0.150070 0.800000 0.000000
1619612031430 -0.150070 0.800000 0.000000
1619612031530 -0.150070 0.800000 0.000000
1619612031631 -0.150070 0.800000 0.000000
1619612031732 -0.150070 0.800000 0.000000
1619612031833 -0.150070 0.800000 0.000000
1619612031934 -0.150070 0.800000 0.000000
1619612032034 -0.150070 0.800000 0.000000
1619612032135 -0.150070 0.800000 0.000000
1619612032236 -0.150070 0.800000 0.000000
1619612032337 -0.150070 0.800000 0.000000
1619612032438 -0.150070 0.800000 0.000000
1619612032539 -0.150070 0.800000 0.000000
1619612032639 -0.150070 0.800000 0.000000
1619612032740 -0.150070 0.800000 0.000000
1619612032841 -0.150070 0.800000 0.000000
1619612032942 -0.150070 0.800000 0.000000
1619612033043 -0.150070 0.800000 0.000000
1619612033144 -0.150070 0.800000 0.000000
1619612033244 -0.150070 0.800000 0.000000
1619612033345 -0.150070 0.800000 0.000000
1619612033446 -0.150070 0.800000 0.000000
1619612033547 -0.150070 0.800000 0.000000
1619612033648 -0.150070 0.800000 0.000000
1619612033749 -0.150070 0.800000 0.000000
1619612033850 -0.150070 0.800000 0.000000
1619612033950 -0.150070 0.800000 0.000000
1619612034052 -0.150070 0.800000 0.000000
