1619610783914,-7.44596,19.6127,-5.5306,0.00093,0.00792,-1.10977
1619610783954,-0.84275,-7.80988,19.6127,0.04354,-0.03788,-1.2099
1619610783974,18.35873,19.6127,0.83797,-0.11305,0.17836,-1.16516
1619610783994,-1.71903,1.53707,14.01086,-0.29521,-0.02829,-1.29619
1619610784014,-2.0207,10.95107,5.35822,0.08721,0.15919,-1.22055
1619610784036,-5.5737,-1.29765,11.82735,0.08828,-0.17317,-1.25038
1619610784054,13.49851,-7.10599,-0.01915,0.04673,-0.07623,-1.16836
1619610784074,4.00789,9.69172,8.18338,0.12663,-0.02936,-1.26316
1619610784094,1.86268,-13.9965,13.623,0.0968,-0.01977,-1.13001
1619610784114,-9.30386,19.6127,-4.37181,-0.05978,-0.07942,-1.1641
1619610784134,-5.18105,-0.4932,3.4668,-0.02569,-0.02403,-1.13853
1619610784154,4.96078,12.23437,17.70751,-0.01824,-0.0251,-1.10231
1619610784174,-0.76135,8.05888,11.50174,-0.07363,0.06225,-1.14705
1619610784194,-13.07712,18.54548,2.46123,-0.07044,0.01644,-1.11935
1619610784214,9.72045,-16.5966,14.46576,-0.06937,-0.06771,-1.1641
1619610784235,2.28406,-0.76614,6.14831,0.16604,-0.33083,-1.11403
1619610784254,0.75656,-19.6133,19.6127,-0.26431,0.43402,-1.43787
1619610784274,-12.55519,12.08593,18.21029,0.00625,-0.6781,-1.21736
1619610784294,1.48919,4.61602,13.8289,0.36205,0.39354,-1.3356
1619610784314,-1.33117,10.45787,6.82826,-0.45713,-0.49062,-1.38567
1619610784337,-16.17522,19.6127,-5.6551,0.49201,0.20819,-1.24932
1619610784354,5.03261,-4.54898,7.12514,0.0446,-0.23389,-1.07568
1619610784374,4.22337,1.20188,8.40843,-0.35593,0.13895,-1.09272
1619610784394,-0.34476,-6.08127,6.47392,-0.23768,0.05159,-1.27169
1619610784414,4.84586,-4.85544,18.55506,0.01158,-0.11032,-1.19712
1619610784437,4.67827,-6.12436,4.12281,0.05845,-0.03788,-1.18966
1619610784454,1.72861,-12.95742,19.6127,-0.19933,0.15812,-1.18007
1619610784474,4.01747,1.67115,9.88326,0.22037,-0.1199,-1.12575
1619610784494,8.5042,-2.31279,15.58625,-0.32823,-0.06558,-1.11403
1619610784514,5.51624,4.28083,11.81778,0.11917,0.16877,-1.21416
1619610784534,-11.20007,-5.25287,19.6127,-0.08535,0.06012,-1.29619
1619610784554,11.42991,4.21379,-3.34709,-0.2462,-0.16891,-0.94785
1619610784574,3.00711,19.6127,9.78749,0.1767,-0.13482,-1.17581
1619610784594,-9.36132,10.81221,19.6127,0.05206,0.08888,-1.09166
1619610784614,3.39497,-12.55519,16.8456,-0.1514,0.0207,-1.15557
1619610784635,-15.23191,-5.87058,19.6127,-0.3538,0.10912,-1.21523
1619610784654,-11.74595,-19.40261,14.79137,-0.25899,0.16771,-1.22268
1619610784674,-1.66157,-0.46447,19.6127,-0.20253,0.03881,-1.15131
1619610784694,-5.12359,13.9534,17.70272,-0.13861,0.10805,-1.25571
1619610784714,-8.03972,16.29014,15.78736,-0.0193,-0.06558,-1.24932
1619610784735,-9.54328,-6.90487,16.24705,0.08615,-0.05705,-1.18327
1619610784754,-0.4501,1.17794,5.19062,0.0233,0.04414,-1.1886
1619610784774,-9.34696,13.77623,2.14041,-0.12796,0.01005,-1.24506
1619610784794,-9.00698,-3.53863,7.72369,-0.13435,0.07183,-1.23547
1619610784814,11.94706,2.46602,7.01022,-0.02143,0.08462,-1.25997
1619610784834,2.71023,12.33013,5.99508,-0.20253,0.00579,-1.10231
1619610784834,-17.4633,-0.33039,19.6127,0.13089,0.23588,-1.18434
1619610784874,3.22259,-9.10275,13.62779,-0.01078,-0.11245,-1.17475
1619610784894,11.62145,-5.17626,3.79241,-0.04487,0.04946,-1.18753
1619610784914,7.83382,17.43936,0.62249,0.05313,-0.00379,-1.23547
1619610784934,-10.04607,0.15322,14.69561,0.28855,-0.07516,-1.20244
1619610784954,3.67749,19.6127,10.23281,-0.20572,0.08568,-1.09805
1619610784974,-3.05978,5.80833,9.58159,-0.16098,0.14214,-1.16942
1619610784994,-15.79215,-9.79707,1.6903,-0.26644,0.09847,-1.16516
1619610785014,1.05344,12.29183,-4.47236,-0.10026,0.06438,-1.14492
1619610785034,-3.93127,2.25533,0.52193,-0.23981,-0.15399,-1.14705
1619610785054,5.29118,-0.46447,19.6127,-0.27497,-0.05918,-1.1119
1619610785075,4.67827,-10.93192,18.94771,-0.01185,-0.00912,-1.23866
1619610785094,-2.77248,5.62158,8.49462,0.09574,-0.26798,-1.05011
1619610785114,10.48181,-19.41218,19.6127,0.02649,0.04733,-1.23973
1619610785134,-2.56179,19.6127,9.01177,-0.18548,-0.06664,-1.1886
1619610785154,-8.09719,12.64617,12.63659,-0.10346,0.13042,-1.25997
1619610785174,7.69017,-2.68629,-1.42215,-0.06937,-0.09008,-1.25038
1619610785194,2.90656,8.39407,4.14675,0.10532,-0.00166,-1.3143
1619610785214,-1.92014,-6.54574,9.14585,0.01478,-0.06344,-1.31643
1619610785234,-4.48194,-3.40934,6.09084,0.05632,0.06864,-1.27062
1619610785254,16.83123,-12.53125,12.90953,0.12237,-0.03788,-1.23227
1619610785274,13.2543,-11.69328,19.6127,-0.19188,0.1219,-1.30578
1619610785294,-4.4149,1.20667,7.06768,-0.16098,0.01751,-1.32708
1619610785314,1.71424,-12.34929,7.9679,-0.01185,-0.02829,-1.20777
1619610785334,-1.8962,-5.54018,13.10586,-0.13648,0.15173,-1.24825
1619610785354,-0.39264,14.67645,8.31745,-0.06724,-0.06451,-1.20884
1619610785374,3.81156,19.6127,-11.50653,0.57084,-0.08688,-1.07035
1619610785394,14.72434,9.54328,11.42034,0.14048,-0.33935,-1.10231
1619610785414,-6.33505,-12.02846,14.9877,-0.06085,0.06757,-1.13427
1619610785434,-3.72058,-12.38281,12.15296,-0.2771,0.25293,-1.23547
1619610785454,-2.43729,9.16979,9.87847,-0.1205,-0.10925,-1.11616
1619610785474,5.27682,14.98291,10.7739,-0.24301,-0.03788,-1.08207
1619610785495,7.03416,10.14183,13.46977,0.10106,-0.03042,-1.19818
1619610785514,-13.32612,19.6127,4.41011,0.03715,-0.18169,-1.07887
1619610785534,-1.3599,16.61575,7.81946,-0.0438,-0.19234,-1.23866
1619610785554,-0.58418,0.00478,11.65976,-0.16844,0.29021,-1.31217
1619610785574,2.12605,-19.6133,16.86475,-0.06191,0.04307,-1.27169
1619610785594,-2.44687,9.03571,19.6127,0.10319,-0.03575,-1.35265
1619610785614,1.08696,9.7013,19.6127,0.07443,0.05692,-1.30471
1619610785634,-7.50342,-2.2697,11.56399,0.2779,0.15919,-1.35691
1619610785654,-3.40455,-18.31564,8.54251,-0.05872,0.27636,-1.42295
1619610785674,-2.59052,5.28639,12.92868,0.07763,-0.06025,-1.40911
1619610785694,4.28562,8.02057,4.81713,-0.14394,0.17623,-1.4155
1619610785714,-5.06134,0.23463,10.42914,-0.14713,0.31897,-1.38567
1619610785734,5.68862,-1.98718,9.18894,0.1458,0.08142,-1.40591
1619610785754,2.0207,0.63206,19.6127,0.05313,0.11764,-1.34626
1619610785774,6.76601,-14.96376,19.6127,0.10745,-0.24028,-1.31217
1619610785794,-10.04128,17.88468,4.67348,-0.10879,0.35732,-1.41017
1619610785814,4.33829,-6.89051,19.6127,-0.07576,-0.00912,-1.34626
1619610785834,3.46201,-0.27293,4.17069,0.03502,-0.11245,-1.25677
1619610785854,4.97993,1.52271,14.03002,0.11171,0.01431,-1.30258
1619610785874,1.80522,-19.6133,8.57124,-0.11092,0.05053,-1.21629
1619610785894,-1.01992,-5.35822,9.99818,0.12769,-0.11138,-1.19818
1619610785914,3.15076,-4.07014,8.86333,-0.15885,-0.01231,-1.17262
1619610785934,-18.1241,19.6127,9.84016,-0.18335,0.44894,-1.37928
1619610785954,4.22337,-6.54574,11.2719,0.34288,-0.30632,-1.17049
1619610785974,-6.96233,4.9129,12.49773,-0.00226,-0.15612,-1.20458
1619610785994,-3.18428,-14.81532,-0.85712,-0.3229,0.06651,-0.99259
1619610786014,-19.6127,11.16176,0.98641,-0.01398,0.19647,-1.22908
1619610786034,-13.87679,-1.70467,16.69716,-0.34314,-0.14654,-0.98513
1619610786054,-16.68279,-3.37103,10.4866,-0.01291,0.23695,-1.08633
1619610786074,16.89827,-11.75074,19.6127,-0.13648,0.14214,-1.07994
1619610786094,-10.12747,19.6127,1.91536,0.00625,-0.02723,-0.96915
1619610786114,-12.10987,19.6127,4.05577,0.26511,-0.1231,-0.96596
1619610786134,8.94473,3.77805,9.46188,0.04354,-0.08582,-1.03946
1619610786134,14.16409,-12.55998,16.5966,0.30346,-0.11777,-1.07142
1619610786174,2.54743,-6.59363,10.92234,-0.01824,0.3733,-1.21097
1619610786194,4.26646,1.94888,6.41167,-0.23662,0.03668,-1.04479
1619610786214,4.84586,-0.94331,3.02148,-0.2984,-0.03788,-1.07355
1619610786234,-4.50109,3.34709,12.36365,-0.23342,0.19327,-1.05118
1619610786256,7.3885,4.42448,7.97269,-0.18655,-0.09434,-1.14279
1619610786274,-2.96881,11.03248,17.76018,0.10319,0.06438,-1.17794
1619610786294,-0.30166,7.73806,9.84495,0.08082,0.0207,-1.17262
1619610786314,-3.69185,7.65186,12.26788,-0.22703,-0.03894,-1.09592
1619610786334,-0.25857,-5.81791,3.50511,0.07656,0.01324,-1.20458
1619610786354,3.04542,4.06535,19.6127,-0.00652,-0.03788,-1.20244
1619610786374,-3.4668,19.6127,10.2376,0.08082,0.06331,-1.16303
1619610786394,-3.86424,-13.49851,12.46421,-0.2217,-0.16145,-1.21523
1619610786414,11.30542,-19.6133,7.66623,0.11491,0.01324,-1.21629
1619610786434,14.8632,-2.8874,9.80665,-0.05233,-0.31378,-1.29193
1619610786455,-2.60967,1.82438,12.3445,-0.1205,0.68436,-1.24292
1619610786474,-2.60967,1.82438,12.3445,-0.1205,0.68436,-1.24292
1619610786494,-17.07544,18.54548,13.67089,0.29814,0.19753,-1.19712
1619610786514,-6.21055,11.34851,10.817,-0.00759,-0.20086,-1.23653
1619610786534,19.6133,-19.6133,-13.01488,0.13941,-0.1263,-1.23866
1619610786555,-12.04283,19.6127,0.03351,-0.13648,0.02922,-1.27595
1619610786574,-12.04283,19.6127,0.03351,-0.13648,0.02922,-1.27595
1619610786594,3.84508,1.1109,19.6127,-0.10772,0.05266,-1.2653
1619610786614,3.12203,5.27682,11.75553,0.07976,-0.11777,-1.2344
1619610786634,-2.96881,-7.48427,-2.67192,-0.05978,0.03561,-1.19605
1619610786656,-6.08606,-6.96712,13.8289,-0.10559,0.07609,-1.31856
1619610786674,3.91691,9.06923,11.25753,-0.08748,0.08994,-1.29086
1619610786694,5.43004,-10.13704,5.88973,0.03395,-0.09966,-1.19392
1619610786714,13.81933,-9.94072,17.83201,-0.11837,-0.12523,-1.12575
1619610786734,17.29092,-19.6133,17.60695,0.28322,0.24441,-1.46024
1619610786756,17.32444,-13.91988,19.6127,-0.22277,-0.32976,-1.24186
1619610786774,13.18247,-0.76135,12.17691,0.04673,0.14747,-1.31536
1619610786794,-4.6639,-7.50342,4.92247,-0.17909,0.05692,-1.24825
1619610786814,14.77222,-14.4897,0.46447,0.09787,-0.06984,-1.16196
1619610786835,14.51843,-17.83201,-3.57693,0.08295,-0.09647,-1.24612
1619610786857,9.9072,-3.63918,12.45463,-0.00332,-0.01444,-1.25358
1619610786874,3.45722,-3.89297,13.97734,0.08615,0.11338,-1.21949
1619610786894,-0.53151,6.78995,13.60385,0.09787,-0.04001,-1.24932
1619610786914,4.77403,1.55144,14.02044,-0.1514,0.0729,-1.15664
1619610786934,-3.79241,16.86954,14.29338,-0.18335,-0.01018,-1.24186
1619610786955,-10.38125,15.99805,-1.26413,-0.0502,0.15386,-1.21416
1619610786974,-0.34955,11.96143,13.36443,-0.11731,-0.01338,-1.17155
1619610786994,13.96298,6.03817,-8.2552,-0.12583,0.18262,-1.22695
1619610787014,7.50821,-19.6133,10.13704,-0.31545,0.01751,-1.20138
1619610787034,-6.37815,-4.18506,11.66455,-0.03102,0.14214,-1.20671
1619610787054,6.57926,12.54561,9.31344,-0.17483,-0.03894,-1.17901
1619610787074,6.61278,13.48414,1.31681,0.04034,0.10805,-1.14812
1619610787094,-4.5394,-2.71023,4.80755,-0.02463,-0.11564,-1.17049
1619610787114,-5.84185,9.9503,8.68616,-0.14394,0.04201,-1.12148
1619610787134,-14.68124,-1.79565,2.94007,-0.30266,0.18582,-1.16942
1619610787154,13.46499,-19.6133,3.02627,-0.14181,0.13255,-1.22055
1619610787174,15.53358,4.55856,6.54574,0.32264,-0.13801,-1.16729
1619610787194,-0.59855,-11.79862,3.82114,-0.12583,-0.11884,-1.16836
1619610787214,12.81855,-2.66714,15.74427,-0.13755,-0.04427,-1.2376
1619610787234,1.13485,-14.76743,18.17199,-0.1482,0.20712,-1.31217
1619610787254,6.48349,16.3093,-5.98071,-0.00332,-0.06984,-1.22801
1619610787274,2.63841,-2.34152,16.39549,-0.1237,0.16345,-1.20671
1619610787294,3.21301,14.33169,8.06845,0.05845,-0.11777,-1.19286
1619610787314,-10.96544,-12.50731,13.623,0.02436,0.00579,-1.1822
1619610787334,15.50963,4.9943,-0.61291,-0.16951,-0.18275,-1.28234
1619610787354,-1.05823,-4.79319,5.9424,0.16498,-0.16997,-1.27062
1619610787374,4.05098,-9.25598,18.51196,-0.06831,0.06544,-1.26316
1619610787394,-1.1109,-3.00711,12.32056,-0.12263,-0.04747,-1.26103
1619610787414,-5.18584,1.45088,11.13303,-0.03528,-0.21152,-1.25251
1619610787434,-3.39018,-13.75229,17.60217,-0.12263,0.04946,-1.27595
1619610787454,7.56088,-19.6133,19.00517,-0.12583,0.10805,-1.26423
1619610787474,-8.37012,-1.56101,17.9996,-0.07363,-0.15612,-1.23334
1619610787494,-11.37724,6.75643,-2.94486,-0.04807,-0.02829,-1.18434
1619610787514,19.58457,-5.35343,14.79616,-0.1972,-0.12416,-1.19392
1619610787534,1.25456,-7.28795,0.37349,-0.29201,0.16238,-1.19392
1619610787554,-2.95923,-14.06832,0.17238,0.1703,0.17836,-1.27701
1619610787574,19.6133,2.32716,-0.2442,0.06697,-0.07623,-1.30578
1619610787594,-10.32379,-14.62857,6.40688,0.10106,-0.05705,-1.24932
1619610787614,5.88494,-14.59505,1.16837,0.01051,0.24441,-1.24186
1619610787634,8.93516,-1.67594,15.59104,-0.39428,0.13255,-1.15451
1619610787654,8.20253,-19.6133,19.6127,-0.2494,0.12723,-1.09379
1619610787674,-0.32082,-5.67904,12.90474,0.04034,-0.06877,-1.22695
1619610787694,-1.49877,7.13472,11.06121,0.06378,-0.00379,-1.08846
1619610787714,2.73417,-4.98951,4.88896,0.25126,-0.24667,-1.07035
1619610787734,-0.80924,-7.24485,13.95819,0.12982,-0.06025,-1.04372
1619610787754,-2.90656,10.20887,-0.63685,-0.16737,0.00685,-1.05118
1619610787774,3.51468,8.19295,19.6127,-0.08109,-0.05173,-1.13533
1619610787794,1.48919,-3.37582,6.30153,-0.25473,-0.03149,-1.2131
1619610787814,-16.92221,19.25895,19.6127,-0.08535,0.30406,-1.10338
1619610787834,14.13057,-0.57939,17.95651,-0.03102,-0.13375,-1.1577
1619610787854,-14.03959,9.43315,19.6127,0.06058,-0.03042,-0.94359
1619610787874,-1.8148,-2.42293,8.31745,-0.00652,0.01857,-1.21736
1619610787894,-7.9679,6.98628,5.85142,-0.047,-0.06025,-1.03733
1619610787914,-7.39329,-14.64293,10.97023,-0.00545,0.1464,-1.15664
1619610787934,-11.52089,-8.01099,19.6127,-0.16418,-0.05599,-1.14386
1619610787954,-1.4844,-1.34075,12.37323,-0.15779,0.24228,-1.13214
1619610787974,2.98317,-1.74776,14.89193,-0.04913,0.07609,-1.15557
1619610787994,2.42772,-10.19451,17.31007,-0.18655,-0.02936,-1.28447
1619610788014,5.49708,6.74207,-10.74996,0.19054,-0.08582,-1.26743
1619610788034,0.25378,10.76433,3.25611,0.02649,-0.12097,-1.13746
1619610788054,0.19153,-4.97993,4.61602,0.00199,0.02177,-1.25677
1619610788074,-1.62805,6.84262,3.8786,-0.15459,-0.0464,-1.25784
1619610788094,4.74051,11.7268,10.58716,-0.11518,-0.09434,-1.32175
1619610788114,3.33751,1.6089,8.53293,0.12024,0.05479,-1.2834
1619610788135,-1.38863,13.1298,-11.85129,0.09041,-0.20406,-1.23653
1619610788154,-19.6127,19.6127,17.70751,-0.04274,0.17303,-1.2653
1619610788174,-16.18959,-14.10663,16.47689,-0.05659,0.23056,-1.34626
1619610788194,12.42111,-7.73327,4.08929,-0.09281,-0.00059,-1.30897
1619610788214,-6.83784,3.5913,2.77727,-0.00226,0.12616,-1.18753
1619610788235,8.87291,1.00556,13.17768,0.06165,-0.04747,-1.20138
1619610788254,-7.73327,3.1364,8.90164,-0.07363,-0.11671,-1.11722
1619610788274,-4.67827,6.47871,1.54186,-0.15246,-0.09327,-1.16623
1619610788294,6.94797,1.00556,11.73637,0.02117,-0.10392,-1.20671
1619610788314,0.98641,16.07467,17.73145,-0.11837,0.06651,-1.15877
1619610788334,-1.47961,-2.29364,0.76614,0.25233,-0.10179,-1.15451
1619610788354,-3.18907,-4.32392,6.04296,-0.06724,-0.21897,-1.14172
1619610788374,-2.93529,-10.01734,9.25119,0.07763,-0.03894,-1.15131
1619610788394,-6.11479,-19.6133,0.87148,-0.2739,0.09847,-1.27914
1619610788414,-2.69587,8.99262,-0.70389,0.02649,-0.2275,-1.13427
1619610788434,2.37983,-12.79461,19.6127,-0.10772,-0.01764,-1.08846
1619610788454,-11.36288,2.557,19.6127,-0.18229,0.13149,-1.24079
1619610788474,0.87148,-4.14675,3.78762,-0.08109,-0.11671,-1.17368
1619610788494,-1.82917,12.43548,-3.18428,0.1245,-0.08901,-1.09166
1619610788514,3.58172,-8.60954,16.44337,0.22996,-0.07516,-1.30045
1619610788534,3.99352,1.46046,9.15063,0.03289,0.11338,-1.20031
1619610788554,2.57137,13.80017,-1.51792,-0.01185,-0.05812,-1.23866
1619610788575,-2.97838,-3.08852,9.83059,-0.18975,0.03242,-1.13746
1619610788594,-4.0845,-11.08994,7.68059,-0.08535,0.07183,-1.25571
1619610788614,3.27526,-15.30852,19.6127,-0.14074,0.21564,-1.1886
1619610788634,1.4413,-19.6133,11.51132,-0.3229,0.21138,-1.16303
1619610788654,4.69742,-16.7642,19.6127,-0.15779,0.07396,-1.28234
1619610788675,-9.32302,3.80678,12.95263,-0.12583,0.07503,-1.14705
1619610788694,9.414,-12.62702,-2.19787,0.01478,0.08462,-1.17368
1619610788714,-9.39484,14.54717,5.31512,0.07763,0.02496,-1.22162
1619610788734,7.66144,-6.5649,0.31603,-0.05765,-0.16571,-1.1822
1619610788754,2.95923,15.69159,6.35421,0.05419,-0.03362,-1.15664
1619610788774,0.90021,-13.87679,10.74517,0.13409,0.00898,-1.15557
1619610788794,2.95444,-19.6133,10.03649,-0.07896,0.12403,-1.21203
1619610788814,-16.04115,6.56968,19.11051,-0.16311,0.08249,-1.21523
1619610788834,-1.5275,1.40779,19.6127,-0.20253,0.11764,-1.18007
1619610788854,-0.92416,-3.88818,18.67477,-0.15033,0.06118,-1.22375
1619610788875,10.55843,-1.7717,0.95289,-0.00119,-0.0496,-1.17794
1619610788894,-8.8777,10.33816,5.84664,0.19481,-0.0187,-1.20884
1619610788914,-5.24809,9.93593,11.23359,-0.00119,0.03455,-1.20884
1619610788934,11.00853,6.60799,19.6127,-0.02569,0.01111,-1.22482
1619610788954,8.82023,-11.31499,6.54095,-0.15033,0.01537,-1.29619
1619610788975,-4.21858,-19.27811,16.88869,-0.15459,0.31258,-1.25464
1619610788994,-7.94874,3.54341,19.1153,0.06697,-0.2275,-1.30151
1619610789014,-6.78037,12.32535,13.37879,0.17137,-0.18062,-1.12148
1619610789034,6.59841,9.75876,6.96233,0.02649,-0.01338,-1.25784
1619610789054,3.46201,4.42927,2.88261,-0.15033,-0.09327,-1.13427
1619610789076,1.8962,14.17846,9.93593,-0.00119,0.08675,-1.19073
1619610789094,-4.76925,6.89051,8.08282,-0.10985,0.03668,-1.07781
1619610789114,2.50912,14.87278,9.79707,0.05206,0.01644,-1.13533
1619610789134,10.66856,7.19218,17.23825,-0.02783,-0.04427,-1.19286
1619610789154,16.62533,-5.10443,8.83939,0.15859,-0.00059,-1.17049
1619610789154,-19.6127,-5.29118,11.19049,-0.37404,0.26784,-1.16303
1619610789194,7.54173,-4.86501,11.94227,-0.08002,0.19114,-1.30258
1619610789214,1.43652,13.29739,8.25041,-0.01504,-0.26052,-1.16196
1619610789234,0.96246,-4.65911,7.44596,0.16604,-0.09434,-1.09485
1619610789254,2.09732,-18.97165,13.43625,0.14474,-0.18702,-1.10657
1619610789274,-12.27746,14.93981,-3.14598,0.03715,0.13575,-1.1822
1619610789294,-7.25443,-6.59363,17.1329,-0.00332,-0.02936,-1.10657
1619610789314,-6.5218,-13.61343,18.97165,-0.2771,0.10805,-1.12788
1619610789334,3.74453,-4.20421,19.6127,-0.25792,0.00792,-1.19073
1619610789354,-3.94085,15.65807,-9.62947,0.03289,0.02496,-1.16516
1619610789376,5.26724,3.05021,-9.11712,0.18309,-0.4299,-1.14599
1619610789394,-6.66066,7.69496,19.6127,-0.13435,0.27423,-1.33986
1619610789414,4.76925,-14.08748,19.6127,-0.29521,0.30513,-1.24932
1619610789434,-3.79241,10.00297,7.99184,0.06697,-0.37131,-1.20458
1619610789454,-6.37336,9.65342,11.3964,0.05206,0.18369,-1.30578
1619610789474,-9.97903,2.78206,19.6127,-0.03741,-0.08582,-1.26956
1619610789494,-19.16319,-2.20266,11.68849,0.01158,0.03668,-1.30471
1619610789515,1.69509,-19.6133,19.25417,-0.28775,0.08994,-1.27595
1619610789534,-1.70946,15.275,4.7884,-0.15885,-0.06558,-1.24612
1619610789554,14.02044,-5.3247,6.73249,0.06804,-0.08795,-1.18753
1619610789574,-1.03908,-0.24899,-1.35511,0.00412,-0.05386,-1.12255
1619610789594,-6.59841,11.58793,3.9217,0.02862,0.07503,-1.20884
1619610789614,3.51468,-17.9613,8.92558,-0.18122,0.16132,-1.15344
1619610789634,-10.95586,1.24977,6.30632,-0.15992,0.04414,-1.24506
1619610789654,3.43328,7.01501,-6.15788,-0.06298,0.18688,-1.23334
1619610789674,-6.65588,12.02846,18.55985,-0.28668,-0.22963,-1.13001
1619610789694,15.27979,1.57059,16.56308,-0.24407,0.04946,-1.22375
1619610789714,0.42137,13.85763,5.33907,-0.08109,-0.04107,-1.20244
1619610789734,8.25041,-1.22104,2.0638,-0.11944,-0.08475,-1.03839
1619610789754,-11.98058,9.44273,16.17522,-0.00119,-0.1231,-1.13107
1619610789774,-2.53306,-10.59194,9.48103,0.0691,-0.03788,-1.13746
1619610789794,-2.99754,-6.27759,14.04917,-0.13968,0.00366,-1.17688
1619610789814,12.49773,-7.36456,15.58625,-0.08322,0.01964,-1.20138
1619610789834,-3.73974,8.89685,7.93917,-0.13755,-0.01764,-1.24719
1619610789854,7.47948,-19.55584,-4.7884,-0.00972,-0.01657,-1.20244
1619610789874,14.2024,2.56179,11.89918,0.28961,-0.00592,-1.23014
1619610789894,-6.5649,-3.93127,9.28471,0.11491,-0.03149,-1.1854
1619610789914,-0.6177,2.61446,16.3093,0.03182,-0.09434,-1.12575
1619610789934,-9.71567,-1.32159,14.25507,-0.05978,0.04946,-1.22695
1619610789954,-5.39174,-7.46512,19.6127,-0.26538,0.10912,-1.24612
1619610789974,-4.0845,8.94473,18.35873,-0.36764,0.24015,-1.22268
1619610789994,11.55441,-0.8236,8.00142,0.09361,-0.08049,-1.22375
1619610790014,0.0383,0.20111,12.56955,0.15433,0.08036,-1.17368
1619610790034,-4.28083,-1.24019,10.65898,-0.03102,-0.07516,-1.25145
1619610790054,-9.38048,-4.01268,19.43134,-0.2462,0.04946,-1.19179
1619610790074,3.13161,12.84249,12.61744,-0.30266,0.04307,-1.17581
1619610790094,10.78827,-6.5649,14.7387,0.23529,0.00472,-1.27169
1619610790114,2.05901,-19.6133,19.6127,0.02543,-0.06025,-1.21629
1619610790134,-14.17846,10.09395,17.90383,-0.43263,0.24121,-1.1641
1619610790154,6.19619,3.96479,8.75799,-0.37936,0.17729,-1.32282
1619610790174,2.6815,12.90953,1.61369,-0.14607,0.14321,-1.1087
1619610790194,9.01177,-11.92312,16.46732,-0.0502,0.05905,-1.26316
1619610790214,-3.25132,7.73327,10.13226,0.14474,-0.27543,-1.20564
1619610790234,-13.30218,8.32224,16.51999,0.10106,-0.0432,-1.13427
1619610790254,2.12126,4.50109,11.95185,-0.00652,0.01644,-1.15557
1619610790274,-12.02368,-1.72861,12.76588,0.18522,-0.05279,-1.10977
1619610790294,6.20577,-6.12436,0.60812,-0.09494,0.04307,-1.20351
1619610790314,-4.15154,0.23942,7.20175,-0.2526,0.06225,-1.17794
1619610790334,-11.04684,13.46499,3.92649,0.02117,-0.22323,-1.16303
1619610790354,3.85945,17.20473,19.6127,-0.07363,-0.16678,-1.09698
1619610790374,-11.57357,12.61744,-10.88404,-0.07789,0.23908,-1.24292
1619610790394,2.78206,1.81001,1.85311,-0.28881,-0.06877,-1.14705
1619610790414,1.71424,-15.37556,19.6127,0.04886,0.03775,-1.29619
1619610790434,-3.2178,-12.47379,6.53138,-0.0225,0.06651,-1.25145
1619610790454,-0.37349,19.6127,-8.18816,0.0233,-0.0464,-1.24506
1619610790474,-10.6494,19.6127,0.52672,0.02756,0.03135,-1.24186
1619610790494,19.6133,3.47159,0.31124,-0.05339,0.01005,-1.1822
1619610790514,-2.42772,2.50912,12.55998,0.01371,0.04307,-1.25145
1619610790534,0.56982,-8.55687,5.54018,0.03289,-0.01338,-1.24719
1619610790554,6.25365,0.76135,8.7532,-0.10346,-0.0219,-1.24292
1619610790574,-4.40533,-7.15866,-14.86799,-0.22383,0.36585,-1.24079
1619610790594,4.6639,19.6127,19.6127,0.30879,-0.39261,-1.28767
1619610790614,-4.0845,-5.6551,8.03494,0.28535,-0.2456,-1.07355
1619610790634,-0.93373,-6.01423,-0.83797,0.25553,0.02603,-1.23547
1619610790654,-1.18752,-4.83628,14.47534,-0.45819,0.00046,-1.14492
1619610790674,-10.10353,2.86346,17.6309,-0.08215,0.24654,-1.20564
1619610790694,-9.21767,7.50342,9.47625,-0.10665,-0.26371,-1.22588
1619610790714,-10.41956,8.70531,1.96324,0.09574,0.10273,-1.13533
1619610790734,12.02846,-2.04464,8.85375,-0.0747,-0.16784,-1.16303
1619610790754,-4.8698,-19.6133,13.08191,0.11491,0.21351,-1.22695
1619610790774,-6.24886,19.6127,10.99417,-0.07896,-0.27437,-1.15877
1619610790794,0.33518,-2.50912,14.88714,-0.00972,-0.0251,-1.19073
1619610790814,5.67904,5.04697,14.71476,0.06378,-0.15719,-1.23653
1619610790834,0.57939,8.05888,11.99973,0.03608,0.22843,-1.29512
1619610790854,-4.02704,8.12113,-5.4492,0.05206,0.15919,-1.37076
1619610790874,-4.69263,-2.31758,18.73223,0.1213,0.21351,-1.36863
1619610790894,-1.98718,-3.31836,19.6127,0.10852,-0.18488,-1.32815
1619610790914,7.14429,-12.70363,8.03972,-0.03209,0.17516,-1.55292
1619610790934,3.76847,4.26167,19.6127,0.06378,-0.02296,-1.40591
1619610790954,6.24886,-19.6133,15.1505,-0.43476,0.09314,-1.52202
1619610790975,7.39329,13.22557,12.95263,0.36205,-0.14014,-1.37608
1619610790995,-15.52879,-13.79539,9.46188,-0.00226,-0.08049,-1.37076
1619610791014,-19.6127,19.6127,12.9622,-0.08855,0.21138,-1.47409
1619610791034,3.95043,11.78904,-6.90008,0.14687,-0.12523,-1.35158
1619610791054,-0.35913,5.43962,9.78749,0.07123,0.05053,-1.40804
1619610791074,9.02614,-19.6133,11.38203,0.0723,-0.10925,-1.29725
1619610791094,-2.14041,-6.43082,14.58547,-0.05872,0.02816,-1.35265
1619610791116,2.36068,-19.6133,19.6127,-0.07576,-0.29887,-1.25997
1619610791134,-4.71178,7.41244,16.38112,-0.18016,0.23269,-1.27595
1619610791154,6.07169,9.27513,7.25921,0.08615,-0.0219,-1.1577
1619610791174,4.40054,-4.61123,-1.84832,0.02649,0.01111,-1.0874
1619610791194,-19.6127,-19.6133,19.6127,-0.23023,0.42763,-1.16729
1619610791214,6.62236,-18.53591,8.35097,-0.17377,-0.03575,-1.11083
1619610791234,11.59751,8.23605,0.77093,-0.0715,0.00579,-1.0597
1619610791255,6.37815,-0.42616,11.38203,-0.30799,0.11764,-1.032
1619610791274,1.12048,7.42202,0.10055,0.19587,-0.21152,-0.9617
1619610791295,19.46007,1.51313,-4.87938,0.17776,-0.08368,-1.04159
1619610791314,4.69742,-3.4237,15.09304,0.03821,-0.00592,-1.06396
1619610791334,5.22893,5.75566,10.23281,0.07337,-0.05918,-1.07674
1619610791354,-8.52814,-1.96803,2.15957,0.06058,0.14108,-1.1364
1619610791374,-1.62805,4.01747,19.6127,-0.3016,-0.06664,-1.02561
1619610791396,8.59997,-4.55377,14.28859,-0.3016,0.28063,-1.17262
1619610791414,-5.9424,7.37892,16.8839,0.05313,0.37863,-1.19925
1619610791434,-5.92804,11.93749,4.84107,0.00838,-0.26052,-1.09485
1619610791454,-6.75164,5.67904,19.6127,-0.21212,0.03668,-1.06183
1619610791474,7.62313,-8.30309,12.65575,-0.03741,0.15812,-1.12468
1619610791496,-5.47793,-9.55286,7.4316,-0.39001,-0.05492,-0.99365
1619610791514,-1.21146,-8.99262,10.52012,0.149,0.09101,-1.27169
1619610791534,-1.21146,-8.99262,10.52012,0.149,0.09101,-1.27169
1619610791554,-7.89607,5.87537,18.6221,-0.33356,0.06757,-1.07248
1619610791575,-7.89607,5.87537,18.6221,-0.33356,0.06757,-1.07248
1619610791595,-4.52982,16.09382,-2.0638,-0.25686,-0.06558,-1.20138
1619610791614,-4.65911,11.44907,8.21211,0.14154,0.06012,-1.21203
1619610791634,14.47534,3.57214,19.6127,0.00306,-0.30206,-1.24292
1619610791654,0.95289,8.69095,-3.92649,-0.07044,0.19967,-1.27062
1619610791674,-5.1188,10.01255,5.32949,-0.05446,-0.32337,-1.19818
1619610791694,17.93257,19.6127,-18.06664,0.15539,-0.08368,-1.21097
1619610791714,-1.98239,-11.15219,2.39899,0.22676,-0.16571,-1.18647
1619610791734,9.80186,10.95107,-9.06444,0.18522,0.01644,-1.2621
1619610791754,3.06457,-14.64293,19.6127,-0.44115,0.31365,-1.35691
1619610791774,-11.98058,-5.9424,19.6127,-0.48802,0.0974,-1.2621
1619610791794,-10.26154,-10.14183,-4.09408,-0.07363,0.17729,-1.25677
1619610791814,-11.92312,-19.6133,7.98705,0.18096,-0.20406,-1.21629
1619610791834,-6.33984,19.6127,-4.86501,0.07763,-0.00166,-1.29193
1619610791854,-13.50808,3.91212,17.34838,0.00732,-0.06664,-1.19392
1619610791874,-0.99598,2.31758,14.38436,-0.05233,-0.00486,-1.25464
1619610791894,5.59285,5.70777,10.70208,-0.06937,-0.02403,-1.24719
1619610791914,-13.38358,6.42603,19.6127,-0.03209,0.11338,-1.27595
1619610791934,2.19787,14.57111,10.6111,-0.01078,0.00046,-1.22482
1619610791954,1.08217,7.60877,15.56231,-0.11731,-0.24774,-1.24825
1619610791974,-11.91354,0.29209,16.32366,-0.06724,0.20499,-1.1822
1619610791994,5.11401,19.1153,19.6127,-0.04593,-0.03468,-1.2131
1619610792014,-3.29442,-14.85841,9.73482,-0.13968,0.01005,-1.2589
1619610792034,9.0405,1.67594,-0.58418,0.18948,0.05905,-1.29512
1619610792054,-1.09175,2.19308,16.29972,-0.08428,0.01964,-1.28234
1619610792074,16.36676,-5.24809,12.05241,0.02223,-0.06131,-1.14279
1619610792094,-1.04866,-1.64721,19.30205,0.13941,-0.01018,-1.29832
1619610792114,2.26491,-2.45166,15.51921,-0.04593,0.12403,-1.21949
1619610792134,19.6133,-6.11479,16.73068,-0.09174,-0.23176,-1.20564
1619610792154,8.92558,-1.7334,9.90241,0.41745,-0.03575,-1.1641
1619610792174,-11.09473,-0.04309,19.6127,0.00519,-0.17849,-1.12362
1619610792194,5.50666,9.3278,6.73728,0.00093,0.13681,-1.20777
1619610792214,-16.4338,1.28329,19.6127,-0.1205,0.11125,-1.17794
1619610792234,7.50342,-7.77636,15.3564,-0.15672,0.09847,-1.10231
1619610792254,17.3005,-1.24977,4.7884,0.00945,-0.08795,-1.21629
1619610792274,5.04697,-0.95768,9.24161,-0.0747,0.10912,-1.14172
1619610792294,-1.66636,-3.48595,18.6221,-0.10665,-0.02616,-1.16196
1619610792314,5.9855,17.55907,13.69483,0.07017,-0.14973,-1.12575
1619610792334,-3.82114,-0.25378,12.35886,0.02756,0.10379,-1.23653
1619610792354,-3.87381,4.26167,11.66455,0.00838,0.08994,-1.11509
1619610792374,13.06276,12.46421,-0.21547,-0.0225,-0.25413,-1.20458
1619610792394,5.55933,19.6127,-3.80678,0.247,-0.13908,-1.10444
1619610792414,7.90086,6.28238,-2.78685,0.13089,-0.18488,-1.17581
1619610792434,-6.19619,-16.678,-5.40131,0.10852,0.02603,-1.23014
1619610792454,-14.43224,-7.72369,13.39316,-0.11198,0.01964,-1.2099
1619610792474,4.77403,-19.6133,8.45632,0.0446,0.00153,-1.22375
1619610792494,-4.19942,-7.23527,-1.00556,-0.16418,0.10805,-1.20138
1619610792514,5.80833,2.14999,7.91523,-0.04167,0.03881,-1.24825
1619610792534,14.29338,0.85712,10.20887,-0.47204,0.00153,-1.23653
1619610792554,-14.84405,5.3678,2.02549,0.0201,0.03988,-1.24079
1619610792574,2.01591,-1.0295,12.43069,0.13515,-0.27863,-1.23227
1619610792594,-4.43406,-6.05254,6.01423,0.00306,-0.18488,-1.17581
1619610792614,-19.6127,-7.19218,-3.51947,-0.04061,-0.01125,-1.16836
1619610792634,-0.86191,-12.76588,15.00685,-0.19827,0.03029,-1.20351
1619610792654,-0.26815,7.20654,-4.27125,-0.26538,0.01111,-1.17262
1619610792674,12.39717,6.73728,1.38863,-0.1237,-0.22643,-1.17794
1619610792694,2.63841,3.55778,2.36547,-0.0193,0.16984,-1.15344
1619610792714,3.39018,-2.70065,2.92571,-0.13861,-0.16678,-1.14705
1619610792734,-5.22414,9.40442,10.81221,-0.07789,-0.18169,-1.12894
1619610792754,-14.31732,-5.80354,19.6127,-0.01824,0.02816,-1.26316
1619610792774,-7.12035,19.6127,0.58897,-0.02676,0.14427,-1.32069
1619610792794,12.67011,2.44208,-4.18985,-0.02996,0.13149,-1.29832
1619610792814,4.9943,10.78348,15.71554,0.03928,-0.11138,-1.17901
1619610792834,-0.58418,13.89115,6.78037,0.11491,-0.0741,-1.081
1619610792854,-7.83382,-4.69742,9.11712,0.18202,-0.09114,-1.24506
1619610792874,-12.17691,-2.90656,7.03416,0.03928,-0.00059,-1.15238
1619610792894,-15.10262,19.6127,5.76523,-0.19081,0.04307,-1.14172
1619610792914,-19.6127,19.6127,11.03727,-0.23129,0.20393,-1.04692
1619610792934,-15.20318,-0.91458,13.25908,-0.3016,-0.09966,-1.15025
1619610792954,11.2288,18.26297,-1.29286,0.00945,-0.06558,-1.10018
1619610792974,-1.44609,2.67671,-2.67192,0.08828,-0.03788,-1.19818
1619610792994,12.33971,4.87459,5.26245,-0.07896,0.16345,-1.09059
1619610793014,-1.84832,5.16668,13.78581,-0.18335,-0.09221,-1.23227
1619610793034,-5.00867,0.33039,5.39653,-0.05233,0.19647,-1.11296
1619610793054,-1.89141,3.02627,9.90241,-0.27177,0.06012,-1.19392
1619610793074,-7.07247,0.08619,9.48582,0.15646,-0.05599,-1.14492
1619610793094,17.41542,3.55778,10.19929,0.20333,-0.19873,-1.14918
1619610793114,-8.06845,6.78516,15.20318,-0.02889,0.01857,-1.17688
1619610793134,3.88339,-19.6133,19.6127,-0.16098,0.01644,-1.23227
1619610793154,4.75009,-7.74763,7.28795,0.03715,0.03561,-1.22268
1619610793174,-2.50433,4.07971,9.80186,0.16711,-0.21365,-1.21097
1619610793194,10.25675,-8.89685,17.08502,0.38336,-0.10925,-1.11616
1619610793216,-0.48841,-19.6133,19.6127,-0.145,-0.1231,-1.20138
1619610793234,-11.76989,0.87148,16.85517,-0.23875,0.20819,-1.23866
1619610793254,4.87938,-19.6133,19.6127,-0.46991,0.00472,-1.29512
1619610793274,12.17691,-3.50511,19.6127,0.08189,-0.13801,-1.24292
1619610793294,-10.60631,5.95198,19.6127,0.1703,-0.04534,-1.27701
1619610793316,0.49799,-3.4237,16.88869,0.04141,-0.09327,-1.24292
1619610793334,12.94784,-16.99883,16.45774,-0.2217,0.2018,-1.34306
1619610793354,-6.95276,19.58935,4.06535,-0.0747,0.14747,-1.38567
1619610793374,9.34696,7.04852,4.25689,-0.03848,0.16238,-1.24612
1619610793394,-5.96156,11.23359,16.53435,-0.12689,0.00792,-1.2621
1619610793417,6.21055,2.71023,5.47314,0.01478,-0.07729,-1.25251
1619610793434,-8.11155,5.70777,10.37168,-0.11624,0.06118,-1.22801
1619610793454,4.14196,0.4118,-3.51947,0.10639,-0.15719,-1.2376
1619610793474,5.85621,-5.99986,-5.70777,0.01691,0.00472,-1.16516
1619610793494,10.51054,4.68784,1.32159,-0.10346,-0.09221,-1.26103
1619610793514,4.37181,-0.04788,6.69897,0.34394,-0.07942,-1.1577
1619610793534,6.82826,-6.3973,-2.1883,-0.38256,-0.14973,-1.14705
1619610793554,-4.9512,-15.02122,6.89051,-0.10772,-0.09114,-1.17155
1619610793574,6.57926,4.64953,13.62779,-0.11944,0.01857,-1.2898
1619610793594,-7.16345,17.59738,15.64371,-0.32716,-0.10499,-1.19286
1619610793615,10.54406,-10.10353,9.11712,-0.14927,-0.10392,-1.07887
1619610793634,-12.31577,15.25585,9.05965,0.04247,-0.08901,-1.21842
1619610793654,9.69172,-13.4602,4.39096,-0.01291,-0.02616,-1.1364
1619610793674,-9.65821,0.7422,14.12579,-0.08641,-0.07197,-1.1822
1619610793694,-5.0374,2.85867,3.0933,-0.08109,0.01857,-1.26636
1619610793715,-12.29183,-0.20111,8.31266,-0.31225,0.21671,-1.18327
1619610793734,-4.18985,0.63685,19.6127,-0.17164,0.04414,-1.16836
1619610793754,-7.43639,5.82269,3.15555,-0.03848,-0.06984,-1.19818
1619610793774,4.48194,4.54898,6.8953,0.01478,0.303,-1.22268
1619610793794,19.6133,5.61679,4.71657,0.01158,-0.24667,-1.2099
1619610793816,-4.85544,-9.0836,3.45243,-0.14713,0.26145,-1.18753
1619610793834,-2.4756,-9.96466,13.86242,-0.18442,0.06331,-1.28127
1619610793854,-12.36844,10.00776,-1.51792,-0.01078,0.03242,-1.14279
1619610793874,-7.77157,19.6127,-0.21068,-0.10239,0.07716,-1.22908
1619610793894,8.63828,1.80043,11.92312,-0.01824,-0.1444,-1.23227
1619610793914,5.20499,-3.11725,19.6127,-0.05339,-0.00166,-1.23014
1619610793934,-1.8962,-5.85142,13.13937,-0.07363,-0.07836,-1.22908
1619610793954,10.68771,7.48427,4.94163,0.11278,0.06118,-1.13533
1619610793974,7.86734,-19.6133,18.65083,-0.13968,0.16771,-1.25784
1619610793994,-4.74051,7.12993,19.6127,-0.15353,0.00685,-1.15557
1619610794015,-10.66377,-0.04309,14.81532,-0.15779,0.32111,-1.17368
1619610794035,1.57059,7.60398,19.6127,-0.28029,-0.03788,-1.17368
1619610794054,2.70065,2.557,7.70454,0.05099,-0.05173,-1.14279
1619610794074,-4.75009,8.63349,10.65898,0.00945,0.04307,-1.23866
1619610794094,2.65277,5.99029,10.37168,-0.04167,-0.15932,-1.1854
1619610794114,-5.72214,-8.11634,4.97993,0.15539,0.4042,-1.31643
1619610794134,-16.36676,2.08774,15.23669,-0.29095,0.02283,-1.25464
1619610794155,2.09732,-3.25611,19.6127,-0.03102,0.01537,-1.32708
1619610794174,1.62805,-1.12048,7.513,0.12769,0.01111,-1.21523
1619610794194,3.48116,-19.6133,4.55856,-0.25899,-0.02296,-1.07355
1619610794214,1.03908,-3.58172,4.79319,-0.10665,0.04201,-1.28021
1619610794234,18.9525,-2.03985,1.37906,-0.36338,-0.11564,-1.15238
1619610794254,2.30801,-19.6133,6.09084,0.02543,0.34454,-1.19073
1619610794274,19.6133,-1.74776,6.77559,-0.05446,-0.26158,-1.17581
1619610794294,-4.71178,-3.09809,12.97178,0.10426,0.09207,-1.15025
1619610794314,12.9239,9.54807,7.58483,-0.0225,0.07183,-1.25358
1619610794334,4.37181,-13.01488,-3.51468,-0.19294,0.17197,-1.18114
1619610794354,-1.90099,-10.90798,17.64526,-0.08535,0.01751,-1.16729
1619610794374,9.44273,9.05487,10.6925,0.15326,-0.10392,-1.27488
1619610794394,12.10987,-14.31253,5.83706,0.04567,0.16984,-1.18434
1619610794414,-2.03507,-19.6133,1.06781,-0.01398,-0.10179,-1.16942
1619610794434,9.44751,2.85867,19.6127,0.01691,-0.22004,-1.06076
1619610794454,-14.08748,10.7356,4.27604,-0.16524,0.24654,-1.12042
1619610794474,-2.16914,-10.08916,14.91108,-0.14713,0.05905,-1.14386
1619610794494,1.2785,-7.11556,19.6127,-0.26644,-0.10392,-1.18114
1619610794514,-2.3511,-0.00478,7.1826,-0.02996,-0.01125,-1.20244
1619610794534,-4.04141,-2.27449,-2.31758,0.22676,-0.56518,-1.11616
1619610794554,4.08929,-10.79306,4.97036,0.11171,0.13788,-1.25571
1619610794575,-2.55221,4.56334,6.2728,-0.21957,0.1496,-1.27808
1619610794594,-19.6127,19.6127,19.6127,-0.27071,-0.3223,-1.29725
1619610794614,2.83952,-17.64526,13.34049,-0.12476,0.12403,-1.29299
1619610794634,-3.09809,19.6127,-3.05978,0.15219,0.0239,-1.33773
1619610794654,15.42823,-0.11013,8.40364,0.08189,0.02496,-1.2834
1619610794674,5.29118,-1.72861,19.6127,-0.11944,0.02177,-1.29725
1619610794694,-5.5737,5.59764,2.79642,-0.21531,0.03561,-1.27808
1619610794714,6.82826,-7.01501,2.03028,-0.08535,0.03348,-1.24186
1619610794734,-1.47961,-5.10922,-1.08696,0.10213,-0.02616,-1.24612
1619610794754,-16.41943,-1.39342,19.6127,-0.24194,-0.04853,-1.1364
1619610794774,6.58405,-1.94409,14.50407,-0.10879,0.09101,-1.2376
1619610794794,6.21055,-1.16358,16.12734,0.04567,0.04733,-1.25464
1619610794814,-2.92092,-3.34709,6.48349,0.0201,0.03881,-1.29406
1619610794834,1.80043,7.34541,5.09486,-0.00226,-0.28289,-1.02135
1619610794854,3.78762,-3.95043,3.64397,0.09041,0.12829,-1.10764
1619610794874,-19.6127,1.48919,16.07945,-0.22596,0.14001,-1.19925
1619610794894,-15.03079,19.6127,15.82088,-0.44647,-0.1476,-1.0874
1619610794914,-15.8113,-11.81299,1.68551,-0.14181,0.2508,-1.24292
1619610794934,6.49307,7.08204,8.36055,-0.25686,-0.13482,-1.07461
1619610794954,-7.92001,8.73404,16.83602,0.06271,-0.0709,-0.99365
1619610794974,-0.05746,3.85466,15.16487,0.03715,-0.06877,-1.15344
1619610794994,-2.12605,-7.24006,15.84482,-0.0502,-0.04001,-1.09485
1619610795014,-9.17458,3.66312,9.36132,0.01584,0.09953,-1.25038
1619610795034,7.79552,-19.6133,12.21521,-0.24727,-0.00699,-1.17049
1619610795054,8.94952,-9.20331,19.6127,-0.17909,0.0452,-1.24399
1619610795074,3.23696,19.6127,14.60941,-0.15246,-0.15186,-1.20564
1619610795094,2.78685,-1.17315,6.29196,0.06484,0.02603,-1.31749
1619610795114,15.16487,3.56257,-1.9393,0.21931,-0.07623,-1.31536
1619610795134,-3.56736,10.27112,15.6054,0.01265,0.08142,-1.18327
1619610795154,5.51624,2.28406,11.52568,-0.12903,-0.06558,-1.14066
1619610795174,7.78115,-14.39394,19.6127,0.10532,0.07716,-1.27382
1619610795194,-0.70389,9.27992,11.85129,0.00519,-0.02403,-1.25677
1619610795214,-3.65355,6.42124,11.53526,-0.0193,-0.05173,-1.2376
1619610795236,4.10845,1.02471,6.54095,0.04886,-0.00805,-1.23227
1619610795254,-7.01501,13.57512,9.17936,-0.0992,0.04946,-1.21523
1619610795274,-7.86255,1.07739,19.6127,-0.1205,-0.00592,-1.1641
1619610795294,-1.21625,10.36689,12.91911,-0.08855,0.01857,-1.23547
1619610795314,9.9072,-3.32794,19.6127,-0.12903,0.1006,-1.19179
1619610795334,10.76433,1.99676,11.85608,-0.11305,-0.10286,-1.21203
1619610795354,5.91367,5.18584,14.44182,0.01371,-0.07942,-1.17901
1619610795374,7.81946,18.23902,-7.30231,0.20226,-0.29354,-1.24399
1619610795394,-4.0845,4.44842,7.72848,0.36738,0.12084,-1.03094
1619610795414,-8.67658,1.10612,13.4602,-0.07789,0.2508,-1.24506
1619610795434,-4.51546,-6.99106,19.6127,-0.48269,-0.10712,-1.07674
1619610795454,-19.6127,19.6127,7.33104,-0.10452,0.10805,-1.13214
1619610795474,0.96246,8.65743,19.6127,-0.05339,0.00046,-1.2131
1619610795494,-12.18169,-10.96544,10.40041,-0.06404,0.03455,-1.09911
1619610795514,-2.96402,2.21224,15.34683,0.02969,-0.02723,-1.21949
1619610795534,1.00077,-4.87459,11.22401,0.03715,0.0697,-1.15025
1619610795554,14.21198,2.83952,-3.73974,-0.19081,-0.08582,-1.22055
1619610795574,-4.59686,-9.61511,2.1883,0.10745,0.07716,-1.17901
1619610795594,17.80807,-12.94305,4.707,-0.14927,-0.19767,-1.16942
1619610795614,-0.59376,-3.50989,18.94771,-0.19188,0.01218,-1.16623
1619610795636,0.32082,4.30956,8.40843,-0.22277,0.15599,-1.27914
1619610795654,-11.74595,19.6127,15.67244,-0.36125,0.03348,-1.1854
1619610795674,3.00232,-0.34476,9.82101,-0.00972,0.13362,-1.28873
1619610795694,-5.56891,19.6127,-3.24653,0.16391,-0.19021,-1.21416
1619610795714,-0.00478,8.94473,6.71334,-0.08535,0.17197,-1.27169
1619610795736,2.54743,-4.09408,3.5913,-0.22703,0.1006,-1.31749
1619610795754,2.54743,-4.09408,3.5913,-0.22703,0.1006,-1.31749
1619610795774,0.54587,11.32936,5.72693,-0.03848,0.03348,-1.23973
1619610795794,0.16759,4.94642,2.51391,-0.08641,0.01431,-1.29299
1619610795814,11.15219,-5.62637,5.12837,-0.02996,0.06651,-1.18753
1619610795834,0.46926,-14.69561,18.88546,-0.10879,0.14534,-1.31004
1619610795856,9.52892,-19.02911,7.93438,-0.18975,0.06331,-1.20458
1619610795874,-3.3423,-11.70764,7.62313,-0.18229,-0.00486,-1.30684
1619610795894,-0.09097,-1.33117,4.52025,-0.13542,0.12616,-1.27062
1619610795914,9.10275,-2.35589,-0.17238,-0.02889,0.15492,-1.24612
1619610795936,-13.623,18.83757,19.6127,-0.22383,-0.04534,-1.21203
1619610795954,14.33169,13.17289,7.91044,-0.10346,0.1219,-1.13959
1619610795974,-10.69729,-3.18428,7.28795,-0.16737,-0.17423,-1.16729
1619610795994,-8.44674,-4.2904,19.6127,-0.06617,0.11977,-1.23547
1619610796014,-3.11246,-7.74763,0.92416,-0.1514,0.29767,-1.24186
1619610796036,7.11556,-4.29519,12.10029,-0.15353,-0.23708,-1.22055
1619610796054,-2.82036,-14.72912,19.6127,-0.05765,-0.06131,-1.23547
1619610796074,4.46758,-4.7453,15.0691,-0.07789,0.23162,-1.29086
1619610796094,-3.16034,1.50355,11.15698,0.08934,-0.08049,-1.20138
1619610796114,-19.6127,19.6127,15.34683,0.06271,0.02709,-1.25251
1619610796136,-6.59841,-2.61925,11.04684,-0.11731,0.03135,-1.31217
1619610796155,2.43729,-6.05254,11.29584,-0.0225,0.1954,-1.42828
1619610796174,1.64721,1.56101,0.40222,0.06591,0.20073,-1.45172
1619610796194,7.77636,-2.1452,15.30373,0.06804,0.07503,-1.40058
1619610796214,1.65199,6.39251,4.61123,0.05952,0.05692,-1.44639
1619610796234,12.62702,-19.6133,19.6127,-0.11305,-0.25093,-1.27169
1619610796255,11.08036,-7.26879,12.0955,0.10532,0.06012,-1.40698
1619610796274,-19.6127,19.6127,19.6127,-0.09494,0.11018,-1.41017
1619610796294,-3.5913,15.9358,19.6127,0.149,-0.11351,-1.28234
1619610796314,8.20732,8.96389,5.51145,0.03502,-0.10073,-1.38993
1619610796335,15.20318,-5.88015,4.34787,-0.18442,-0.27863,-1.30471
1619610796354,-9.48103,-7.513,11.86087,-0.04913,0.26252,-1.40804
1619610796374,-14.17846,0.22984,-4.9512,0.27257,-0.08795,-1.20777
1619610796394,-1.26892,2.78206,-6.90966,0.03502,-0.30632,-1.16942
1619610796414,-12.45942,-2.93529,19.6127,-0.13009,-0.05279,-1.28234
1619610796434,-5.43004,13.45541,-0.19153,-0.17803,0.03561,-1.05863
1619610796454,3.5482,-15.14093,3.88818,-0.08322,0.04094,-1.13853
1619610796474,4.81234,3.90254,19.14403,-0.09494,-0.28928,-1.0874
1619610796494,3.93127,7.8003,9.97424,0.03928,0.13575,-1.12788
1619610796514,0.0383,-10.54406,11.54005,-0.17057,0.17943,-1.02348
1619610796534,2.7629,-19.6133,7.41723,-0.34634,0.02603,-1.04905
1619610796554,12.98136,-6.42124,19.6127,-0.07683,0.1006,-1.02561
1619610796574,-6.63672,7.21612,14.4897,0.01158,0.10379,-1.01389
1619610796594,8.62391,-0.12449,7.98705,0.02649,-0.10606,-0.99365
1619610796615,-4.707,-17.11854,17.91341,0.03502,-0.01764,-0.98939
1619610796634,7.64708,-15.5671,12.71321,0.09041,0.23588,-1.13853
1619610796654,1.31202,0.52193,11.51132,-0.30373,0.34987,-1.13533
1619610796674,-9.27513,-1.86747,-0.44532,-0.06511,-0.22856,-1.032
1619610796695,-5.08528,-12.33013,11.13303,-0.09174,-0.01551,-1.10124
1619610796714,0.79966,19.10573,4.22337,0.20013,0.11977,-1.12788
1619610796734,-3.58172,-5.89452,7.77636,-0.24301,0.16451,-1.14918
1619610796754,0.31124,5.25287,5.71735,-0.096,-0.11564,-1.07674
1619610796774,-3.61524,-1.95366,3.11725,0.06697,-0.06131,-1.20564
1619610796794,-8.7101,-14.95897,7.24964,-0.18655,0.13788,-1.27488
1619610796814,-9.7444,12.0955,13.14895,-0.13116,-0.09221,-1.20458
1619610796834,-0.34476,18.41619,-6.51222,-0.02676,-0.01231,-1.23866
1619610796854,5.81791,-5.30555,10.50575,0.04886,-0.10286,-1.26849
1619610796874,-4.12281,-4.39096,14.20719,-0.11731,-0.12736,-1.21203
1619610796894,1.9393,15.36598,7.62313,-0.10239,-0.00805,-1.26103
1619610796914,-12.72757,-5.59764,4.77882,-0.1727,0.0697,-1.33454
1619610796934,1.21625,8.97825,0.12449,-0.03635,-0.2211,-1.25145
1619610796954,15.02601,0.13886,7.10599,-0.14394,0.3275,-1.36223
1619610796974,-13.57991,-7.19218,13.68046,-0.30586,0.15492,-1.26103
1619610796994,6.55053,-2.62404,19.6127,-0.0438,0.01857,-1.28767
1619610797014,-7.89607,4.24252,18.7849,0.08082,-0.00272,-1.2344
1619610797034,2.78206,1.34075,14.25986,-0.047,-0.03681,-1.29299
1619610797054,-4.64953,11.37245,5.7365,-0.03635,0.09314,-1.32388
1619610797074,-5.04697,-16.08903,-1.26413,-0.13435,0.05159,-1.21523
1619610797094,3.00232,-1.04866,0.81881,0.07869,-0.14654,-1.19925
1619610797114,-5.97592,-0.84754,9.23204,0.05845,-0.21897,-1.12468
1619610797134,-11.37245,-1.98239,17.75061,-0.18122,0.08036,-1.29832
1619610797154,3.57214,-5.44441,3.15555,-0.18335,0.42124,-1.29406
1619610797174,-6.68461,9.43315,14.4083,-0.36764,-0.16784,-1.23653
1619610797194,5.43483,12.87122,19.09136,0.05952,0.04201,-1.16942
1619610797214,19.6133,10.98459,4.69263,0.02969,-0.37024,-1.13533
1619610797234,-14.89193,19.6127,7.31668,0.04886,0.02816,-1.23121
1619610797254,-4.81234,8.77714,18.45929,0.04034,-0.00379,-1.16942
1619610797274,2.34152,-19.6133,19.6127,-0.09281,0.02496,-1.17155
1619610797294,9.75876,-0.46926,14.08269,0.04567,0.0942,-1.21736
1619610797314,-13.80017,-10.60152,13.78581,-0.24301,0.01537,-1.2653
1619610797334,-7.64708,0.19153,14.9446,0.13941,-0.0464,-1.20031
1619610797354,14.61899,-7.68059,7.35977,0.09147,-0.2211,-1.1822
1619610797374,6.11479,-14.67645,19.6127,0.24807,0.21991,-1.24932
1619610797394,-2.81558,14.18803,19.6127,-0.26431,-0.02403,-1.1609
1619610797414,-5.88494,-2.91613,16.98446,-0.145,-0.01338,-1.18007
1619610797434,-0.18195,-8.03972,15.84961,0.07443,-0.15293,-1.21842
1619610797454,11.29584,-6.94797,11.01811,-0.13755,0.20712,-1.25571
1619610797474,-10.6925,7.35977,15.78736,-0.08109,0.00472,-1.24186
1619610797494,18.07143,-3.80199,14.87756,0.21718,-0.16358,-1.13853
1619610797514,-17.32923,5.58806,19.6127,0.1213,-0.05386,-1.15557
1619610797534,-15.34683,-2.37504,19.6127,-0.18655,0.0974,-1.1886
1619610797554,7.65665,5.612,13.26866,-0.43263,0.18049,-1.33986
1619610797574,6.56011,1.30723,16.07467,-0.07576,-0.01018,-1.12894
1619610797594,5.04697,7.91523,5.10443,0.07869,-0.0709,-1.13107
1619610797614,10.66377,1.33596,7.33104,-0.05872,0.08781,-1.1087
1619610797634,6.37815,12.7994,9.50019,-0.03848,-0.00912,-1.16836
1619610797654,2.94486,11.37245,15.39471,-0.02037,0.11444,-1.20138
1619610797674,3.055,-7.60877,19.6127,-0.23449,0.16238,-1.23653
1619610797694,-0.38786,10.57758,12.80419,-0.16205,0.0974,-1.23973
1619610797714,4.80755,-0.22026,5.72214,-0.14713,-0.05812,-1.21097
1619610797734,16.68758,-9.59596,5.91846,0.23955,-0.27437,-1.17368
1619610797754,5.60722,19.6127,-14.35563,0.16604,-0.10392,-1.18434
1619610797774,11.3533,-5.31991,9.2895,0.10639,-0.22643,-1.20884
1619610797794,-3.28005,-3.36624,13.07234,0.09361,-0.0219,-1.23121
1619610797814,2.42772,-2.24576,5.01345,-0.14394,-0.15186,-1.07035
1619610797834,-13.45541,-19.6133,14.37957,-0.11198,0.08462,-1.32815
1619610797854,8.45632,8.57124,16.2279,-0.0992,-0.17104,-1.15344
1619610797874,1.43173,0.05746,12.90953,-0.08748,0.02496,-1.30151
1619610797894,-0.18195,6.57447,2.82515,-0.17803,0.03242,-1.25784
1619610797914,-9.10275,-3.91212,-1.84832,0.03502,-0.11777,-1.27595
1619610797934,-4.71178,11.48738,3.01669,0.20333,0.08355,-1.21842
1619610797955,0.84754,7.72848,5.88494,0.04673,-0.24028,-1.22055
1619610797974,-0.50278,15.35162,8.75799,0.12024,0.04307,-1.26636
1619610797994,18.9094,-12.22,10.55843,0.04034,-0.08368,-1.19818
1619610798014,2.13562,1.53228,-0.22505,-0.08855,0.09314,-1.24292
1619610798034,1.22104,-11.42034,9.84495,-0.02569,0.08781,-1.15557
1619610798055,-8.61433,9.43794,13.52245,-0.00972,0.04201,-1.1886
1619610798074,19.6133,-11.58314,11.18571,0.08189,-0.1444,-1.16196
1619610798094,-12.86644,2.21703,6.90008,0.13195,-0.02829,-1.15344
1619610798114,-7.38371,-19.6133,19.6127,-0.11944,0.03561,-1.12042
1619610798134,-4.73094,-14.77222,18.24381,-0.30586,-0.01338,-1.19179
1619610798154,0.80445,-10.25675,3.84029,-0.21531,-0.03362,-1.12894
1619610798174,10.17535,7.11556,-4.40533,0.4494,-0.10925,-1.24292
1619610798194,-3.22259,8.61433,18.40662,-0.06085,0.1464,-1.20351
1619610798214,-4.54419,1.55144,15.45217,-0.24833,0.11444,-1.13746
1619610798234,-8.14986,15.6054,6.70855,-0.00332,0.06012,-1.1822
1619610798255,11.08036,-2.9305,8.40843,-0.18975,-0.02936,-1.15344
1619610798274,0.50757,-8.7915,8.81545,-0.21425,0.07609,-1.26316
1619610798294,-16.16086,-9.95987,7.79073,-0.1205,0.08142,-1.16196
1619610798314,16.11297,-4.08929,8.50899,-0.11731,-0.05173,-1.21203
1619610798334,-0.85712,9.00698,12.33492,-0.21425,0.1251,-1.19712
1619610798356,-1.39342,11.59272,19.6127,-0.19507,0.3733,-1.31323
1619610798374,4.91769,9.77313,6.51701,0.20546,-0.39261,-1.29299
1619610798394,19.6133,-18.00439,-6.93839,0.25766,-0.18808,-1.19499
1619610798414,7.35977,-1.92493,12.22479,-0.11198,-0.13482,-1.24612
1619610798434,10.08437,3.19386,16.25184,0.09467,0.01964,-1.26636
1619610798456,7.70454,-19.6133,19.6127,0.21078,-0.24987,-1.23227
1619610798474,7.83382,17.45373,7.67581,0.33329,-0.21471,-1.22055
1619610798494,5.91367,9.0405,15.56231,-0.27497,-0.11245,-1.3878
1619610798514,-0.50278,-1.56101,19.6127,-0.0715,0.30726,-1.24079
1619610798534,-3.01669,19.6127,2.37504,-0.0193,0.16558,-1.19499
1619610798554,5.58327,2.75333,3.7972,-0.09813,-0.00699,-1.2131
1619610798574,-3.24174,3.94085,7.97269,0.17243,-0.11138,-1.22908
1619610798594,4.97993,-5.07091,9.84016,0.24913,-0.17956,-1.21416
1619610798614,-3.51947,-1.98718,7.91044,0.16604,0.0697,-1.22482
1619610798634,-0.67516,2.25054,16.32845,-0.11411,-0.03894,-1.17155
1619610798655,5.75566,-15.09304,8.82981,-0.28242,-0.07942,-1.21629
1619610798674,2.9305,17.17121,16.74983,0.16285,-0.22004,-1.24079
1619610798694,5.0374,-2.66235,-5.76044,-0.19294,-0.02723,-1.19605
1619610798714,7.1012,3.87381,-0.80445,-0.05233,0.12297,-1.13959
1619610798734,5.51624,-1.03908,9.21767,-0.17057,-0.14227,-1.16623
1619610798755,7.60398,3.57693,4.18027,0.40253,-0.23176,-1.13533
1619610798774,12.23437,-1.62805,3.70143,0.33862,-0.04427,-1.20564
1619610798794,-12.40196,9.87847,-7.17302,-0.21105,-0.31591,-1.06396
1619610798814,1.47961,-11.11388,17.89905,-0.07683,0.06864,-1.16836
1619610798834,3.79241,-18.70829,14.45618,-0.28029,0.08249,-1.16196
1619610798854,-7.42681,9.88326,18.33,-0.06191,0.07716,-1.07887
1619610798874,9.77792,7.69496,2.33195,-0.11518,-0.0709,-1.18647
1619610798894,5.31033,15.13135,0.15322,0.01904,0.11231,-1.2099
1619610798914,-10.4435,1.31681,3.99352,0.09147,0.03881,-1.13959
1619610798934,-9.41878,8.36055,19.6127,-0.01611,-0.21897,-1.16303
1619610798954,-13.73314,2.27928,15.34683,0.03289,0.09527,-1.19179
1619610798974,2.43729,13.32133,12.47858,0.21505,-0.15719,-1.20351
1619610798994,-2.64798,12.58871,4.84107,0.09574,-0.01657,-1.10657
1619610799014,-6.87135,19.6127,4.17069,-0.02143,0.20819,-1.24506
1619610799034,16.56787,-1.75734,18.61731,-0.19294,0.09207,-1.2131
1619610799054,0.76614,10.91756,15.23191,-0.05765,0.10486,-1.18753
1619610799074,-1.21625,2.85388,6.67982,0.08189,0.0207,-1.22055
1619610799094,4.81234,-13.73314,13.3357,-0.12476,-0.10499,-1.24292
1619610799114,5.32949,3.44286,0.89543,-0.03422,0.03775,-1.2344
1619610799134,-4.41011,-19.6133,10.72602,-0.21957,0.09633,-1.19499
1619610799154,-10.86488,19.6127,9.17936,-0.19933,0.15492,-1.19392
1619610799174,10.09395,19.6127,1.23061,0.26831,-0.1199,-1.19073
1619610799194,0.70868,3.69664,12.39717,-0.31971,0.11977,-1.17049
1619610799214,-10.74038,4.00789,10.60152,-0.16418,0.0942,-1.17368
1619610799234,19.34515,-19.6133,15.91665,-0.03209,-0.0187,-1.18753
1619610799254,2.17872,17.11854,7.61356,-0.21318,0.10592,-1.19818
1619610799274,0.1628,12.44984,-2.60489,-0.06404,0.06118,-1.29193
1619610799294,-0.27293,-6.8522,19.6127,0.1703,-0.0219,-1.24079
1619610799314,14.35084,-1.31202,-4.3335,0.14687,-0.24241,-1.19605
1619610799334,5.91367,-0.25857,6.70855,0.30985,0.10592,-1.28127
1619610799354,5.23372,16.79771,5.64073,-0.12689,0.01964,-1.25251
1619610799374,-3.18428,0.39743,10.62067,-0.20679,-0.07516,-1.18007
1619610799394,-1.31681,1.04866,14.81532,-0.13861,0.00153,-1.20671
1619610799414,5.9424,-6.78995,11.94227,0.15326,-0.11245,-1.12681
1619610799434,-1.65199,7.32146,-2.67671,0.07123,-0.04214,-1.07674
1619610799454,12.67011,-19.6133,5.6551,-0.22809,0.05372,-1.14492
1619610799474,-7.20175,14.86799,5.16668,-0.23662,0.08675,-1.15664
1619610799494,9.62947,-10.29985,19.6127,-0.06191,0.13575,-1.24612
1619610799514,-19.6127,17.64047,10.74996,0.05313,0.13042,-1.26743
1619610799534,8.60954,0.33518,6.41167,-0.02676,-0.06344,-1.1822
1619610799554,6.83784,-6.55532,12.67969,0.05845,0.03668,-1.20564
1619610799574,3.63918,-6.28238,19.6127,-0.07363,0.08568,-1.22908
1619610799594,7.73327,5.76044,15.68681,-0.09813,0.16451,-1.14492
1619610799614,8.55687,-0.97683,11.20007,-0.11092,0.08994,-1.15877
1619610799634,13.80975,-10.43871,15.51921,-0.30586,0.08675,-1.07887
1619610799654,-5.93283,-19.6133,19.6127,-0.25899,0.08888,-1.15238
1619610799674,-3.36624,-3.94564,14.75785,0.04354,0.02709,-1.18327
1619610799694,-12.16254,13.01966,19.6127,0.01371,-0.13695,-1.07568
1619610799714,-19.6127,19.6127,16.83602,-0.20892,0.25719,-1.30364
1619610799734,8.14507,4.17069,-1.36948,-0.24514,0.02816,-1.2866
1619610799754,2.16435,6.52659,11.11388,0.07123,-0.28822,-1.15025
1619610799774,7.60398,-10.12268,12.53604,-0.02783,-0.14121,-1.27488
1619610799794,-5.40131,1.00077,9.35654,-0.0992,-0.12203,-1.2589
1619610799814,2.30322,3.23696,10.48181,-0.06724,-0.03468,-1.29086
1619610799834,-1.03908,19.6127,14.25028,-0.00865,-0.11458,-1.32175
1619610799854,-3.46201,3.87381,10.38604,-0.05339,0.30832,-1.33347
1619610799874,-1.26413,-10.67814,16.19916,-0.21318,0.16558,-1.39206
1619610799894,4.07014,19.6127,-2.26012,-0.13755,0.08888,-1.25358
1619610799914,5.63116,-1.75734,-1.80522,0.12663,0.07929,-1.31856
1619610799934,1.85311,-8.92558,19.6127,0.0233,0.14427,-1.20458
1619610799954,-4.17548,2.14999,7.86734,-0.09813,-0.03255,-1.3143
1619610799974,-3.98395,14.17846,11.09951,0.00732,0.3488,-1.28234
1619610799994,-6.21534,3.65834,15.43302,-0.11731,-0.27117,-1.12148
1619610800014,14.47534,-0.86191,2.78206,-0.04487,-0.04427,-1.12362
1619610800034,13.38837,-0.11492,5.13795,0.04673,-0.06451,-1.21842
1619610800054,-10.46266,-3.32794,18.55027,-0.16631,-0.07729,-1.12255
1619610800074,-8.37012,14.13536,9.21767,-0.05446,0.1464,-1.16623
1619610800094,-8.06845,-9.71088,6.53138,-0.24407,-0.13482,-1.1119
1619610800114,-11.18092,-19.6133,12.57434,-0.10879,0.23482,-1.23014
1619610800134,-1.27371,10.46266,5.31512,-0.05872,-0.35852,-1.1087
1619610800154,-7.06768,18.9908,8.40364,0.08721,0.05799,-1.08207
1619610800174,-5.24809,2.96881,-5.82269,-0.26431,-0.10073,-1.15983
1619610800194,-8.92079,2.55221,8.40364,-0.03422,-0.0219,-1.15451
1619610800214,-14.62378,-8.45632,7.93438,-0.05978,0.16132,-1.13427
1619610800234,-0.00957,-0.45489,2.26012,-0.20999,0.15066,-1.17794
1619610800254,-0.63206,-5.89931,9.03571,0.05845,-0.13375,-1.25145
1619610800275,-6.67503,17.36275,12.91911,0.24061,-0.23176,-1.21416
1619610800294,3.57214,19.6127,-0.59855,0.1458,-0.05279,-1.19286
1619610800314,-4.96078,-9.60074,18.06664,-0.04274,-0.04747,-1.22375
1619610800334,-10.49139,5.84664,8.52814,-0.04274,0.10699,-1.29832
1619610800354,2.93529,8.10197,6.40688,-0.1514,-0.01551,-1.2653
1619610800375,10.30464,-8.86333,10.36689,-0.01824,0.1709,-1.29086
1619610800394,-9.62947,0.21068,-0.23942,0.20759,0.06757,-1.26423
1619610800414,-5.70298,-1.12527,13.1298,-0.43049,0.0974,-1.24932
1619610800434,0.69431,13.2112,7.513,-0.10346,0.07183,-1.25038
1619610800454,0.27772,-8.53293,18.71786,-0.01824,-0.08795,-1.19818
1619610800476,-2.46123,2.57616,0.99598,0.06804,-0.06877,-1.22908
1619610800495,-2.03028,-0.73262,19.12009,-0.04807,0.06012,-1.21629
1619610800514,-9.45709,1.73819,19.6127,-0.047,0.06864,-1.20777
1619610800535,-5.66468,13.61343,14.97333,-0.1514,-0.13482,-1.16942
1619610800554,4.86501,-15.1505,9.62469,0.01904,-0.02936,-1.16836
1619610800576,-7.45554,-19.6133,4.00789,-0.38256,0.19008,-1.22375
1619610800594,8.19774,-19.6133,19.6127,0.00093,-0.06984,-1.13746
1619610800614,-4.14196,-1.92972,17.52555,-0.22596,-0.05173,-1.20031
1619610800634,4.1276,-5.54975,16.44337,-0.34101,0.37224,-1.03839
1619610800654,-1.75255,1.19231,11.91833,-0.08428,0.20393,-1.2131
1619610800675,-3.36624,0.10534,17.48246,-0.10665,-0.18702,-1.00324
1619610800694,1.7717,-9.71567,17.28134,0.16924,-0.02083,-1.14918
1619610800714,10.40998,-19.6133,19.6127,-0.0193,0.08568,-1.22695
1619610800734,11.14261,-2.1883,5.77002,-0.20999,-0.0496,-1.14599
1619610800754,7.00064,-14.63814,7.27358,-0.16098,0.11551,-1.24399
1619610800776,5.4061,19.6127,8.70531,-0.18868,-0.09434,-1.23014
1619610800794,-5.33907,-10.28549,17.55428,0.06804,0.26358,-1.23227
1619610800814,6.77559,4.22337,9.54328,-0.39854,-0.11245,-1.22908
1619610800834,-9.414,-10.25675,3.39497,0.42703,0.03775,-1.17581
1619610800854,7.4316,-6.83305,7.20654,0.04673,-0.51831,-1.03946
1619610800877,-2.86825,-3.33272,10.33337,0.06378,0.18901,-1.20138
1619610800894,5.03261,6.01902,-5.51624,0.28642,0.04414,-1.17368
1619610800914,-8.93516,-3.08852,9.82101,-0.14287,0.01431,-1.17262
1619610800934,4.93205,3.2178,4.29998,0.09147,-0.00486,-1.1641
1619610800954,-2.24097,18.59337,-1.01035,0.07763,-0.08475,-1.27914
1619610800974,-4.39575,-5.95198,14.90151,0.05206,0.15492,-1.21097
1619610800994,1.5275,7.3071,3.78762,-0.23981,-0.03468,-1.33667
1619610801014,5.39653,-3.5913,19.6127,-0.23023,0.08994,-1.22482
1619610801034,8.71968,-9.76834,19.6127,-0.4273,0.62471,-1.35797
1619610801054,1.14442,19.6127,-8.01578,0.41958,-0.45546,-1.21523
1619610801075,-5.62637,19.6127,-6.05254,0.09893,-0.14227,-1.08846
1619610801094,3.05021,-11.07557,3.52905,-0.05446,0.0697,-1.28127
1619610801114,0.23942,-5.70777,16.21832,-0.23236,-0.00805,-1.26743
1619610801134,-13.12501,17.28134,5.77002,-0.08322,0.22843,-1.26849
1619610801154,-2.54743,-2.81558,2.85388,0.04567,-0.27117,-1.15877
1619610801175,-3.33751,8.98304,-0.54587,0.1767,-0.15186,-1.14066
1619610801194,16.24226,8.2983,10.26154,0.1213,-0.24667,-1.17475
1619610801214,-9.76834,19.6127,10.18972,0.14261,-0.08475,-1.15451
1619610801234,6.48828,16.61097,-1.70946,0.04034,-0.2243,-1.20244
1619610801254,-5.5306,11.20965,-0.56982,-0.01291,0.11977,-1.14172
1619610801274,13.01966,5.63116,0.55545,-0.13968,0.41804,-1.2344
1619610801294,-0.40222,10.82658,-7.69975,-0.00652,-0.20512,-1.21203
1619610801314,-8.02057,11.34372,-5.63116,0.2257,-0.0741,-1.17688
1619610801334,-4.77403,3.00711,15.38514,-0.13648,0.27317,-1.33773
1619610801354,9.55765,1.12048,14.34605,0.04354,0.18582,-1.40378
1619610801374,0.68474,16.44337,-3.39497,0.30985,0.11231,-1.26849
1619610801394,-6.09563,9.31344,11.71243,0.1703,0.28595,-1.40804
1619610801414,-10.82658,0.56982,5.13316,0.00732,-0.05066,-1.38674
1619610801434,-1.04387,-9.91678,11.40118,-0.04167,0.00046,-1.43148
1619610801454,-3.50032,-12.04762,11.46343,-0.3506,-0.05918,-1.31749
1619610801474,-7.79552,19.6127,4.9943,0.02543,-0.0496,-1.29299
1619610801494,16.62533,-12.66053,19.6127,0.04141,-0.1263,-1.3388
1619610801514,19.6133,-10.72602,10.27591,-0.20253,-0.03042,-1.39206
1619610801534,6.84741,-16.79771,19.6127,-0.02889,0.06225,-1.3111
1619610801554,3.43807,-6.20577,9.97903,-0.00545,0.02283,-1.29193
1619610801574,3.54341,-10.77869,11.99016,0.20013,-0.14121,-1.30151
1619610801594,-6.42124,13.13459,19.6127,-0.04061,0.04733,-1.25038
1619610801614,9.414,-0.87148,2.53785,-0.08748,0.03029,-1.27914
1619610801634,-17.31486,19.6127,8.83939,0.10106,0.09633,-1.29832
1619610801654,0.32082,13.6661,3.22259,0.04993,0.03135,-1.17368
1619610801674,13.31176,-0.905,10.86009,0.02969,-0.21897,-1.1609
1619610801694,13.31176,-0.905,10.86009,0.02969,-0.21897,-1.1609
1619610801714,9.61032,-5.46835,19.33557,-0.3783,0.1954,-1.16623
1619610801734,8.08282,12.78503,5.71735,-0.10985,0.16558,-1.18647
1619610801754,-0.7805,-14.79137,11.31499,-0.22809,0.04414,-1.02987
1619610801774,12.93826,7.12514,0.33518,0.28855,-0.20299,-1.07035
1619610801794,6.11957,12.7563,4.91769,0.49841,-0.11884,-1.06396
1619610801814,-5.80354,-18.06664,9.0836,0.27577,-0.07942,-1.12894
1619610801834,-6.91924,-19.58935,19.6127,-0.76179,0.29767,-1.06076
1619610801854,2.40377,-2.85388,13.6661,-0.01824,0.30087,-1.09911
1619610801874,13.27345,5.9855,11.37724,0.31731,-0.18169,-1.14705
1619610801894,4.21379,-1.64721,-0.12928,0.16817,-0.2275,-0.89778
1619610801914,4.03183,2.63362,5.43483,-0.01717,-0.10499,-1.07568
1619610801934,5.63116,-16.35239,19.18713,-0.17377,0.11871,-1.17581
1619610801954,-14.87278,5.88015,6.13873,-0.20359,0.01324,-1.10338
1619610801974,13.67089,-2.30801,8.17859,-0.40706,0.03135,-1.02668
1619610801994,-8.86812,-11.3964,18.88546,-0.01717,-0.16678,-1.16196
1619610802014,13.90552,-10.95586,-0.13886,0.00093,-0.10819,-1.2866
1619610802034,-1.56101,3.40934,5.62637,-0.02143,0.02496,-1.19179
1619610802054,-0.40222,-7.82903,5.67425,-0.11305,0.01324,-1.23334
1619610802074,5.89452,19.6127,11.28147,0.03395,0.02816,-1.16196
1619610802094,3.58651,-2.40377,-1.61848,-0.2004,-0.13375,-1.17581
1619610802114,-0.52193,10.22802,2.11168,0.08189,-0.15932,-1.18753
1619610802134,-12.77067,14.18325,11.89918,0.18309,-0.0741,-1.2621
1619610802154,4.81234,6.94318,-9.27034,0.02543,-0.10712,-1.18327
1619610802174,13.63258,19.6127,6.11479,0.05099,-0.07303,-1.2099
1619610802194,0.92895,12.26788,-12.15775,0.198,0.13895,-1.19605
1619610802214,6.80432,-3.65834,5.90889,0.05313,-0.20193,-1.25997
1619610802234,11.88481,4.61123,6.66545,-0.12157,0.03029,-1.20884
1619610802254,-9.89284,0.15322,8.37012,-0.18122,0.21351,-1.29619
1619610802274,6.83784,11.01811,5.4061,-0.03102,-0.13801,-1.18434
1619610802294,-12.53604,0.76614,17.22867,0.16498,-0.07303,-1.18434
1619610802314,6.75643,-1.09654,11.05642,0.14367,-0.12416,-1.20138
1619610802334,-2.63362,3.23217,8.99741,-0.1482,0.00046,-1.19286
1619610802354,-1.98239,-8.44195,15.66286,-0.096,0.12403,-1.28554
1619610802374,-19.6127,-13.02924,8.07803,-0.17164,0.30406,-1.31536
1619610802394,19.6133,-19.07221,19.6127,0.09787,-0.26584,-1.27488
1619610802414,0.19632,-6.15309,10.30464,0.11811,-0.06771,-1.19712
1619610802434,-19.6127,18.69871,10.59194,-0.07789,0.00898,-1.21949
1619610802454,-9.32302,1.56101,17.9996,-0.08215,-0.00166,-1.29832
1619610802474,5.25766,1.26892,7.70932,0.02969,-0.17317,-1.2099
1619610802494,3.90733,13.91031,3.96958,0.24274,-0.03255,-1.17901
1619610802514,-10.58716,-5.0374,7.93917,-0.00013,-0.01764,-1.1641
1619610802534,-7.16823,8.36055,8.43237,0.04247,-0.02083,-1.13959
1619610802554,3.32315,-1.32638,3.96,-0.00545,-0.0464,-1.18966
1619610802574,9.53371,6.43561,0.85233,0.23635,-0.00699,-1.22375
1619610802594,-13.28303,6.64151,9.78749,0.01478,-0.08795,-1.17688
1619610802614,-0.64164,-3.69664,10.45787,-0.06937,0.06118,-1.14918
1619610802634,-4.10845,-3.77805,18.48802,-0.10772,0.00898,-1.29086
1619610802654,5.63116,-19.6133,19.6127,-0.20785,0.03135,-1.24612
1619610802674,-19.6127,15.18402,11.43949,-0.14074,0.11338,-1.18114
1619610802674,4.1276,19.51753,-3.11725,0.27683,-0.1476,-1.17581
1619610802714,0.18195,0.67037,6.07169,-0.00119,-0.03468,-1.14599
1619610802734,-1.00556,-6.94318,8.88248,-0.12263,0.09633,-1.34199
1619610802754,-10.26633,11.42513,19.6127,-0.46458,0.10699,-1.19286
1619610802774,6.38294,-9.09796,18.09058,-0.01185,0.10379,-1.28021
1619610802795,0.99598,-11.88481,11.17134,-0.07683,0.00153,-1.2344
1619610802814,-6.6463,12.89038,19.05784,0.07123,-0.00059,-1.18007
1619610802834,7.07726,15.29894,19.6127,-0.11198,0.06331,-1.21629
1619610802854,-6.14831,19.6127,10.9415,0.08295,-0.10925,-1.26956
1619610802874,-1.31681,10.89361,5.44441,-0.00759,0.02283,-1.1641
1619610802896,-1.31681,10.89361,5.44441,-0.00759,0.02283,-1.1641
1619610802914,-5.99029,-14.36521,13.84327,-0.11198,-0.08795,-1.13427
1619610802934,-5.99029,-14.36521,13.84327,-0.11198,-0.08795,-1.13427
1619610802954,-5.99029,-14.36521,13.84327,-0.11198,-0.08795,-1.13427
1619610802974,-14.45618,-17.28134,15.58146,0.04354,0.01537,-1.19712
1619610802994,-4.70221,9.91678,11.19049,0.15326,-0.1966,-1.19925
1619610803014,14.36042,10.90319,-3.12203,0.198,-0.12203,-1.20671
1619610803034,17.82243,14.97333,18.33958,-0.01504,-0.01338,-1.25251
1619610803054,-1.01514,11.65497,9.03571,-0.06617,0.1709,-1.32708
1619610803074,1.88184,-10.35731,1.95845,0.07443,-0.09221,-1.21523
1619610803095,-19.05784,11.01332,3.89776,-0.05659,-0.05918,-1.2131
1619610803115,-5.21457,-3.50989,15.83525,-0.11624,0.00046,-1.22055
1619610803134,-5.63116,2.2697,5.68862,-0.1727,-0.0986,-1.28127
1619610803154,1.38863,1.9393,5.88973,-0.00332,0.2753,-1.33241
1619610803174,-3.50989,0.37828,11.74116,-0.25153,0.11338,-1.26103
1619610803195,-11.93749,-19.6133,19.6127,-0.07044,0.05692,-1.16303
1619610803214,1.66636,-4.73094,5.43962,0.16285,-0.14547,-1.30684
1619610803234,1.58496,-19.6133,16.28057,-0.15885,0.28595,-1.15238
1619610803254,8.63828,4.19464,2.51391,0.16285,-0.1721,-1.1577
1619610803274,-1.43652,-6.5649,8.90643,-0.04274,0.18262,-1.2376
1619610803295,-0.4118,4.44842,10.00297,0.07763,-0.28182,-1.19499
1619610803314,14.16888,-8.69095,19.6127,0.28535,-0.02403,-1.0352
1619610803334,-11.3964,6.98149,13.64695,-0.18868,0.07396,-1.13214
1619610803354,-11.59272,-4.48673,11.88481,0.03608,0.06651,-1.16836
1619610803374,15.38035,-0.66558,7.05331,0.06697,-0.12416,-1.17368
1619610803394,0.88585,-8.0493,-9.42357,0.11917,0.1006,-1.09805
1619610803414,6.8953,-4.96557,8.20732,-0.13861,-0.01551,-1.19712
1619610803434,2.60967,6.11957,3.17471,0.08295,0.09847,-1.2376
1619610803454,-7.78115,6.90966,0.62728,-0.16311,0.0729,-1.13533
1619610803474,-1.30723,13.62779,13.78581,0.10852,-0.27437,-1.25571
1619610803495,0.34955,-4.73094,13.07234,0.22783,-0.05918,-1.22268
1619610803495,0.46926,-8.15943,-4.93684,-0.18655,0.08249,-1.20884
1619610803534,14.71476,8.48026,0.54108,0.02649,-0.10179,-1.23334
1619610803554,15.84482,10.41956,0.40222,0.09893,-0.26052,-1.18007
1619610803574,-0.27772,6.69418,1.47003,0.28642,-0.03042,-1.22268
1619610803595,5.27682,-17.7937,18.93813,-0.08215,-0.00912,-1.20671
1619610803614,-6.08127,3.81156,3.73495,-0.05552,0.01005,-1.24186
1619610803634,13.89115,-16.66364,2.58094,-0.14927,0.04627,-1.19605
1619610803654,7.87692,-4.707,16.75941,0.09361,0.15599,-1.26849
1619610803674,6.55053,10.81221,-19.6133,-0.02996,0.09527,-1.18647
1619610803694,11.2288,-6.90008,7.65186,-0.0502,0.0729,-1.2131
1619610803714,-2.41814,-0.17238,11.13303,-0.06404,0.07077,-1.25038
1619610803734,-8.16901,6.34463,-2.49954,0.12769,-0.00486,-1.18966
1619610803754,-2.03028,5.59285,14.77701,-0.08002,0.06225,-1.25251
1619610803774,3.39018,2.56179,3.18428,-0.17696,0.10912,-1.20777
1619610803794,-7.07726,-12.1386,10.74038,-0.13116,0.24654,-1.19712
1619610803814,1.72861,-8.96867,13.59906,-0.21212,-0.15932,-1.18114
1619610803834,5.13316,11.59272,10.73081,0.03608,-0.10819,-1.18753
1619610803854,17.19515,16.38591,1.2785,0.11598,-0.11245,-1.28127
1619610803874,-6.26323,3.21301,14.55195,0.19907,-0.20406,-1.17901
1619610803894,6.43561,-8.18816,11.74595,0.17563,-0.0496,-1.05544
1619610803914,2.42293,-19.6133,8.27436,-0.32716,-0.0741,-1.20458
1619610803934,17.94214,-19.6133,-0.44053,-0.10133,0.10379,-1.20777
1619610803954,13.4602,1.66636,12.48336,-0.23236,-0.07516,-1.21842
1619610803974,0.68474,9.71567,4.18506,-0.22703,-0.01657,-1.12042
1619610803994,0.12928,-11.74116,19.6127,-0.09387,0.01644,-1.17155
1619610804014,13.03403,0.59855,15.20796,-0.15885,0.15599,-1.21949
1619610804034,13.35485,5.21457,0.54587,-0.16205,-0.17743,-1.17262
1619610804054,9.7013,1.36469,7.37892,0.08508,0.10486,-1.2131
1619610804074,-6.96712,4.36702,11.80341,0.14793,0.01751,-1.24399
1619610804094,12.31577,-19.6133,9.62469,-0.27284,-0.13056,-1.14386
1619610804114,3.01669,-19.6133,10.52491,-0.03102,0.07396,-1.16729
1619610804134,11.65976,14.49449,16.85996,-0.145,-0.08262,-1.2589
1619610804154,5.59764,-19.6133,7.72369,0.06378,-0.06131,-1.21949
1619610804174,-2.26012,6.55053,5.78439,0.02649,0.03242,-1.19392
1619610804194,11.01332,8.2169,8.21211,0.02543,0.0484,-1.25251
1619610804214,2.6001,12.47858,5.42047,-0.18761,0.03135,-1.10657
1619610804234,-1.08696,18.03312,10.10353,-0.02996,0.12829,-1.21097
1619610804254,-19.6127,10.49139,1.13006,-0.14394,0.07823,-1.16836
1619610804274,-13.4602,3.77805,2.46123,0.01478,0.04414,-1.13214
1619610804294,-8.79629,-19.6133,3.53863,0.00732,-0.05066,-1.16836
1619610804314,-14.07311,16.5966,19.6127,0.05952,0.01431,-1.22375
1619610804334,-4.55856,4.90811,6.55532,-0.38043,0.24334,-1.19925
1619610804354,-2.75333,6.62715,4.22816,-0.01717,0.15705,-1.24825
1619610804374,0.70868,3.37582,11.87045,-0.13648,0.00153,-1.11403
1619610804394,2.58094,-2.64798,6.2728,0.12024,0.04946,-1.27062
1619610804414,-19.6127,19.6127,13.20641,-0.16098,-0.1998,-1.09485
1619610804434,-11.34851,1.08217,4.44363,-0.13435,0.16771,-1.22055
1619610804454,7.39808,5.3678,19.6127,-0.1972,0.03988,-1.2653
1619610804474,-16.63491,15.89271,5.25766,-0.04061,-0.01231,-1.22801
1619610804494,-0.23942,4.64475,-2.00155,0.23529,0.21458,-1.31004
1619610804514,-19.6127,2.00634,17.77455,-0.17164,0.00046,-1.17368
1619610804534,-4.55377,2.40377,19.6127,0.17457,0.19221,-1.13746
1619610804554,10.70208,1.87226,17.65005,-0.02569,-0.45759,-1.1332
1619610804574,0.99598,17.5878,4.59207,0.31092,-0.08262,-1.11403
1619610804594,8.06367,3.54341,10.12747,-0.05126,-0.06131,-1.12788
1619610804614,11.17613,19.6127,-14.1593,0.14793,-0.15612,-1.10551
1619610804634,-19.6127,9.97424,-6.74686,-0.08428,0.01644,-1.09272
1619610804654,-12.74194,-9.30865,6.67982,0.10106,-0.07197,-1.26849
1619610804674,-0.79966,19.6127,1.48919,0.2779,-0.13588,-1.21523
1619610804694,-2.50433,13.94383,5.68383,0.11171,-0.14654,-1.20458
1619610804714,1.01992,0.84754,13.56554,-0.00759,-0.04534,-1.13746
1619610804734,1.70946,-8.03972,7.88171,0.05632,0.06864,-1.20244
1619610804754,5.08049,-9.33738,1.91536,-0.05872,0.00579,-1.16836
1619610804774,-2.00634,-0.61291,-0.52193,0.13089,-0.18915,-1.31536
1619610804794,-5.74129,-9.9503,12.62702,0.01051,0.13681,-1.11616
1619610804814,-1.4413,-0.23463,4.01747,-0.17803,0.11444,-1.19605
1619610804834,-0.75656,6.56968,4.9943,-0.23875,-0.03575,-1.20564
1619610804854,-12.84249,-4.11323,12.19127,0.12982,-0.04214,-1.09379
1619610804874,-12.99572,5.18584,19.6127,-0.41878,0.15173,-1.25464
1619610804894,7.24006,-17.04671,14.02523,-0.31119,0.16771,-1.30578
1619610804914,11.08515,-13.50808,5.00867,0.02756,-0.0741,-1.1854
1619610804934,-6.92403,-8.06367,18.46887,0.24807,-0.05705,-1.25677
1619610804954,11.10909,1.54186,-0.30166,0.01051,-0.11671,-1.30151
1619610804974,-16.8839,8.89685,19.6127,0.12343,-0.15719,-1.22588
1619610804994,4.50109,-9.3278,4.07014,0.14474,0.22736,-1.3665
1619610805014,-1.39821,0.98641,19.6127,-0.20679,0.09314,-1.2589
1619610805034,-3.00711,1.83395,8.83939,-0.01185,-0.01338,-1.3601
1619610805054,10.42435,4.32871,12.87122,0.07763,-0.11564,-1.42828
1619610805074,19.6133,3.41892,16.32366,0.13622,0.06331,-1.31323
1619610805094,-4.52982,-2.86346,9.27513,-0.09813,-0.01657,-1.31323
1619610805116,10.37646,-10.51054,3.60087,0.06271,-0.06984,-1.23973
1619610805134,4.53461,-14.44661,19.6127,0.0201,-0.07303,-1.22588
1619610805154,-5.47314,-0.89543,13.45541,-0.09281,-0.05066,-1.19286
1619610805174,2.02549,0.33997,11.50653,-0.04167,0.16025,-1.24506
1619610805194,-16.2279,17.92778,16.48647,-0.25899,-0.12949,-1.15877
1619610805215,-2.04943,1.44609,18.10016,-0.20146,-0.03894,-1.0842
1619610805234,7.513,5.79875,13.48893,0.0755,-0.01551,-1.27169
1619610805254,12.1386,12.69405,12.47379,0.07656,-0.15719,-1.20564
1619610805274,8.15465,-2.41335,10.7739,-0.06617,-0.09114,-1.11403
1619610805294,-8.19295,-3.56736,10.6494,-0.11092,-0.07729,-1.19073
1619610805315,-3.95522,-11.25274,10.29506,-0.08109,0.1219,-1.15238
1619610805334,-0.89543,14.50886,7.49385,-0.10239,-0.23389,-1.15131
1619610805354,-4.707,-8.25999,18.44971,-0.0502,0.06012,-1.04905
1619610805374,2.62883,-15.31331,9.02614,-0.04807,-0.07516,-1.21736
1619610805394,-0.56982,11.84172,0.64164,-0.06511,-0.08049,-1.14066
1619610805414,4.6639,11.07078,-5.47314,-0.08641,0.05692,-1.15557
1619610805434,-2.86825,5.50187,14.50886,0.09041,0.02177,-1.23334
1619610805454,-11.65018,11.54962,4.22337,-0.12263,-0.00912,-1.27169
1619610805474,-8.92079,10.20887,-14.3269,-0.20679,-0.01125,-1.27382
1619610805494,-11.91833,4.3766,11.3102,0.02436,0.09633,-1.30684
1619610805515,-3.51468,4.1276,11.90875,0.04886,0.02283,-1.22375
1619610805534,-1.42694,11.85608,9.67257,-0.00759,-0.01338,-1.22801
1619610805554,0.6177,-0.60333,15.83525,-0.02996,0.17303,-1.26316
1619610805574,9.6199,-2.86825,12.14817,-0.46032,0.16984,-1.25571
1619610805594,-10.9798,12.00452,19.6127,0.09147,0.01431,-1.18114
1619610805615,5.5737,-3.24653,6.7708,0.00625,-0.21045,-1.22055
1619610805634,5.18584,6.1914,9.93114,0.2225,0.05479,-1.1364
1619610805654,-6.44997,7.4316,5.37258,-0.08748,-0.0986,-1.17688
1619610805674,-17.24304,8.63349,17.3819,-0.12903,0.04733,-1.19925
1619610805694,-1.82917,-2.71981,10.49139,-0.19614,0.12616,-1.21736
1619610805716,-3.56257,-9.11233,19.6127,0.00199,-0.03894,-1.16729
1619610805734,7.62313,9.73961,6.78037,-0.22277,0.14001,-1.22908
1619610805754,7.46033,-18.6221,19.6127,0.27044,0.09847,-1.17901
1619610805774,-5.72693,-1.36469,13.66131,-0.18442,0.14321,-1.24932
1619610805795,-1.0295,10.61589,6.31111,-0.26431,-0.09221,-1.10444
1619610805817,1.1109,-16.72589,13.71398,-0.22596,0.01857,-1.29938
1619610805834,8.69095,-0.55545,3.72537,-0.00759,0.05905,-1.1886
1619610805854,15.43302,-19.6133,17.62132,-0.35167,0.14853,-1.15451
1619610805874,5.6982,-7.48906,8.73883,0.00412,0.11764,-1.24186
1619610805894,-10.70687,13.88637,9.03092,0.05099,-0.03894,-1.14918
1619610805916,4.17069,3.0119,10.42914,0.06271,0.02603,-1.14172
1619610805934,14.34126,-11.65497,8.73883,0.01584,0.00153,-1.18007
1619610805954,-4.98472,19.6127,11.59272,-0.00652,-0.20619,-1.19605
1619610805974,10.40998,-2.83473,7.54652,0.49308,-0.32976,-1.26103
1619610805994,2.48039,3.55778,9.7444,0.1703,-0.04427,-1.21629
1619610806014,-3.80199,6.51701,17.48724,-0.18122,-0.03362,-1.24719
1619610806034,-6.43082,-5.25287,8.48983,-0.16311,0.03881,-1.09272
1619610806055,14.74828,-12.35408,13.01009,-0.05126,0.12829,-1.33028
1619610806074,7.72848,-3.77805,7.23527,-0.25792,-0.29567,-1.13746
1619610806094,6.24407,5.19062,19.6127,0.1703,-0.03149,-1.2344
1619610806114,7.78115,2.45645,15.7299,-0.0225,0.07503,-1.26636
1619610806135,-9.86411,-2.99754,19.6127,-0.17696,-0.02829,-1.10338
1619610806154,3.76847,13.40752,19.6127,-0.03315,0.03242,-1.25464
1619610806174,-7.6375,-0.33518,14.9446,-0.23449,0.23695,-1.24719
1619610806194,-13.93425,-3.53863,10.43871,-0.21744,0.06118,-1.27808
1619610806214,-1.43173,13.03882,5.71256,0.02117,-0.06131,-1.21523
1619610806234,-9.39963,17.49203,3.23696,0.27577,-0.3223,-1.20564
1619610806254,7.87692,-1.95845,13.62779,0.27044,-0.09008,-1.25038
1619610806274,-6.14352,6.67982,16.73547,0.2225,0.05692,-1.18966
1619610806294,-13.84806,-0.08619,19.6127,-0.26751,0.04307,-1.30684
1619610806314,-18.29649,-14.52322,19.30684,-0.11305,0.00898,-1.22375
1619610806334,2.91613,12.50252,2.19308,-0.10026,0.10592,-1.2376
1619610806354,-6.78037,-6.25365,7.54173,0.04354,-0.05386,-1.10551
1619610806374,-2.33674,-6.0286,11.22401,-0.13116,-0.12736,-1.16836
1619610806394,3.58651,2.60489,19.6127,-0.03848,0.05372,-1.21629
1619610806414,19.6133,0.99119,18.74659,-0.05233,-0.1966,-1.17581
1619610806434,-11.11388,19.6127,13.27824,-0.18229,0.11871,-1.15983
1619610806454,-12.45463,-10.86488,-2.13083,-0.24407,0.18369,-1.24612
1619610806474,8.44674,-9.62947,-13.80496,-0.04061,0.00792,-1.2589
1619610806494,10.08916,19.6127,-0.87627,0.12343,0.02816,-1.22268
1619610806514,19.6133,-10.7356,6.11957,-0.09707,-0.15719,-1.25145
1619610806534,8.39885,-11.34851,19.6127,-0.13755,-0.01125,-1.30151
1619610806554,17.53992,19.6127,0.72304,0.02543,-0.04534,-1.26956
1619610806574,-4.61602,0.58418,14.05396,0.06697,0.02283,-1.2376
1619610806594,-5.18584,0.41659,-5.49229,-0.08428,0.06118,-1.32282
1619610806614,10.319,-10.30943,-1.62326,-0.09174,-0.13588,-1.30684
1619610806634,-2.60489,-7.34062,-6.80432,-0.07789,0.16558,-1.37182
1619610806654,-2.40856,-7.20175,19.6127,-0.03209,0.29341,-1.31856
1619610806674,-3.5913,17.00841,-0.89543,0.24168,-0.20512,-1.22162
1619610806694,-3.83551,4.11802,16.32366,-0.04061,0.1219,-1.39313
1619610806714,-18.36831,5.58806,12.37802,-0.15779,0.04201,-1.3601
1619610806734,10.94629,-11.8896,16.50562,-0.18229,-0.12203,-1.34199
1619610806754,-6.09563,-0.40701,2.33195,-0.06617,-0.04107,-1.2653
1619610806774,7.15866,10.69729,19.6127,0.1,-0.0496,-1.29406
1619610806794,-2.00634,-0.59376,19.41218,-0.12157,0.15386,-1.34199
1619610806814,-1.34554,-14.09227,9.97424,0.0201,-0.03468,-1.27701
1619610806834,5.71256,3.73016,19.6127,-0.00119,-0.24454,-1.27382
1619610806854,1.04866,19.6127,19.01953,-0.15566,0.15173,-1.28554
1619610806874,11.67891,13.37401,6.34463,-0.02463,-0.23708,-1.19925
1619610806894,-10.83136,2.01591,19.6127,0.01904,0.04627,-1.18114
1619610806914,-5.43004,12.92868,12.11466,-0.52956,0.03988,-1.15664
1619610806934,4.86022,1.64721,-0.70868,0.24807,0.19967,-1.22162
1619610806954,11.19528,5.54975,19.6127,0.13089,-0.11671,-0.97874
1619610806974,-0.45489,-4.32392,9.66778,-0.00332,-0.08688,-1.06609
1619610806994,3.6727,-7.51779,2.71981,0.16391,-0.03362,-0.97661
1619610807014,2.58094,-9.48103,18.29649,0.22783,0.13788,-1.02241
1619610807034,-6.51222,13.1681,19.6127,-0.49974,0.01324,-0.97448
1619610807054,2.12126,-19.6133,15.25106,-0.12903,0.11338,-1.02561
1619610807075,-1.26413,1.60411,13.01009,0.06165,0.19008,-1.08207
1619610807094,13.80017,1.4413,10.61589,-0.07257,0.01005,-1.10551
1619610807114,-0.26336,8.87291,11.56878,-0.26218,-0.18382,-1.07461
1619610807134,-0.31124,-0.81881,12.57913,0.03715,-0.00486,-1.18114
1619610807154,-0.42137,3.95043,8.68616,-0.00652,0.04627,-1.12575
1619610807174,14.16409,-10.1131,13.40752,-0.23768,-0.1721,-1.07568
1619610807194,-4.79798,12.18169,5.46356,-0.15885,0.05585,-1.08314
1619610807214,7.15387,-14.4083,12.27746,-0.07044,-0.05279,-1.25358
1619610807234,-5.99508,2.65756,13.09149,0.10639,-0.07942,-1.22055
1619610807254,-1.74297,-3.68228,15.84482,0.07656,-0.00272,-1.15025
1619610807274,-1.43652,7.52737,6.94797,-0.14181,-0.14121,-1.21523
1619610807294,9.72524,7.28795,3.06936,-0.11837,0.12297,-1.20884
1619610807314,5.861,3.74453,18.81842,-0.02676,-0.09753,-1.31323
1619610807334,1.74776,9.78749,4.4149,0.22889,-0.11777,-1.17475
1619610807354,-3.70622,3.98874,8.07324,0.21611,-0.19767,-1.28447
1619610807374,-8.19774,0.22984,19.6127,-0.19188,0.03988,-1.2589
1619610807394,-10.29506,-15.90228,-19.6133,-0.32077,0.81113,-1.3143
1619610807414,-3.7158,1.98239,19.6127,-0.02676,-0.46079,-1.29832
1619610807434,-9.23683,19.6127,6.86178,0.33222,0.07609,-1.18007
1619610807454,7.82903,10.90798,-2.27449,0.0968,-0.12736,-1.21629
1619610807474,1.08696,12.98136,7.09162,0.01584,-0.05066,-1.12468
1619610807495,-15.30852,19.6127,-4.35265,-0.16311,0.0942,-1.17049
1619610807514,-13.23993,0.8667,8.00621,-0.13755,0.05053,-1.18434
1619610807514,2.66714,5.88973,-8.15465,-0.0225,-0.07197,-1.20138
1619610807554,8.7915,-3.62003,3.05021,0.17563,-0.09221,-1.14705
1619610807574,-19.6127,6.82826,15.32289,-0.08322,0.16664,-1.15557
1619610807594,6.25365,-5.47793,7.8434,-0.40599,0.1986,-1.29086
1619610807614,13.23514,-6.45955,-0.34955,-0.09387,-0.22643,-1.27062
1619610807636,-12.17212,14.87278,7.95832,0.09467,0.06331,-1.25358
1619610807654,-1.92014,15.31331,14.31253,-0.15992,0.03348,-1.16729
1619610807674,4.6208,8.26957,13.48414,-0.12583,-0.05066,-1.22375
1619610807694,19.6133,-18.47844,9.41878,0.03182,-0.04427,-1.2653
1619610807714,-11.65976,4.62559,-5.69341,0.04567,0.09953,-1.24825
1619610807734,-3.56736,4.35744,10.68292,-0.02569,-0.05066,-1.25038
1619610807754,-1.40779,15.83046,19.6127,-0.10772,0.20819,-1.24506
1619610807774,-14.02523,4.83628,9.31823,-0.22277,0.00153,-1.2621
1619610807794,-1.02471,-1.09175,16.28057,-0.0992,0.24228,-1.25571
1619610807814,-4.87459,9.80665,8.60476,-0.26964,-0.11458,-1.19073
1619610807835,-3.50989,8.35097,-0.37828,0.01797,-0.12736,-1.14066
1619610807854,-1.85311,1.16358,10.30943,-0.01611,-0.00272,-1.20351
1619610807874,-7.91044,-5.10443,11.12346,-0.04061,-0.01551,-1.16303
1619610807894,3.85945,-4.58729,7.264,-0.04913,0.16558,-1.30471
1619610807914,-6.71812,8.48505,1.25935,-0.1205,-0.08795,-1.26103
1619610807935,5.14274,7.47469,-7.33583,0.1,-0.18595,-1.23334
1619610807954,4.02225,-7.31668,9.06923,0.03289,-0.01657,-1.16623
1619610807974,-10.08437,0.85712,14.26944,-0.047,0.11871,-1.20031
1619610807994,13.37401,-19.6133,-2.27449,-0.15459,0.01751,-1.21842
1619610808014,2.93529,-4.01268,16.05551,-0.14394,-0.0741,-1.25997
1619610808036,-1.49877,2.1883,-2.46602,0.09361,-0.02296,-1.23653
1619610808054,5.31033,3.99831,-6.57926,0.2012,-0.12416,-1.19392
1619610808074,8.11155,2.64798,-5.81791,-0.03954,0.03135,-1.15025
1619610808094,6.75164,1.68072,6.53617,-0.06085,-0.06238,-1.22695
1619610808114,-2.48996,19.6127,1.38384,0.04034,-0.01551,-1.27169
1619610808134,-13.16332,-7.33104,19.6127,0.00519,0.04414,-1.31217
1619610808154,-7.77157,-8.94473,19.6127,-0.06404,0.15812,-1.24825
1619610808174,3.72537,-0.12928,11.6406,-0.15033,-0.21471,-1.27808
1619610808194,19.6133,-2.21224,7.01979,0.13622,-0.00166,-1.14492
1619610808214,6.6032,-1.92014,2.65277,-0.08961,-0.05279,-1.2344
1619610808235,4.59207,3.22738,18.46408,0.18309,0.01005,-1.2621
1619610808254,11.50653,6.90487,19.6127,0.00625,0.02283,-1.19179
1619610808274,6.82826,-17.73624,18.36352,0.0691,-0.16891,-1.18966
1619610808294,19.6133,-0.45489,11.48259,-0.10239,-0.00272,-1.20564
1619610808314,-6.9336,8.02057,18.03312,-0.15246,0.00579,-1.27595
1619610808334,7.05331,-9.31823,11.33893,-0.0438,-0.08049,-1.30364
1619610808354,7.33583,1.24498,9.07881,0.05632,0.16771,-1.27488
1619610808374,-13.66131,9.58638,9.42357,-0.16205,0.0729,-1.21949
1619610808394,-10.31422,-11.04205,16.74025,0.10852,0.07823,-1.16729
1619610808414,18.89503,0.60333,2.01591,-0.26644,0.10592,-1.23227
1619610808434,4.85544,7.01501,14.96376,-0.13755,-0.0954,-1.24506
1619610808454,-17.84159,-2.78206,13.99171,0.14048,0.0729,-1.21949
1619610808474,1.03908,19.6127,-2.38941,-0.1727,-0.04107,-1.15877
1619610808494,16.13213,-15.28458,6.89051,-0.06511,-0.02616,-1.17901
1619610808514,-3.35188,-11.48259,14.16888,-0.11092,-0.14654,-1.2376
1619610808534,-3.44765,0.65122,0.23942,0.13409,0.15492,-1.21097
1619610808554,10.01734,-9.80665,-14.6573,-0.14713,0.18369,-1.14066
1619610808574,11.98058,6.57447,-1.10133,0.15113,0.00792,-1.18007
1619610808594,-3.23696,6.73249,2.4325,-0.15353,-0.01764,-1.1577
1619610808614,5.56891,-7.62792,19.6127,0.19161,0.02283,-1.14705
1619610808634,5.18105,10.57758,3.05978,-0.05233,-0.04001,-1.15344
1619610808654,-7.66144,1.23061,10.49139,0.03395,-0.04001,-1.18647
1619610808674,3.37103,-3.7541,-1.20188,-0.10346,0.01751,-1.18327
1619610808694,4.21858,8.56166,16.927,-0.18868,0.15705,-1.20244
1619610808714,3.66312,-19.6133,19.06742,-0.28242,0.15279,-1.27488
1619610808734,-0.44532,-2.87304,19.6127,-0.25899,-0.0219,-1.2621
1619610808754,6.46434,-5.31991,-0.80445,0.07123,-0.18169,-1.28234
1619610808774,-4.08929,0.26336,9.80186,0.43449,-0.14654,-1.27595
1619610808794,3.94085,-0.90021,-1.09654,0.0691,-0.02083,-1.20138
1619610808814,-4.13239,4.46279,13.49851,-0.26751,0.14321,-1.2099
1619610808834,-14.29817,-1.31202,19.6127,-0.26751,0.21564,-1.32069
1619610808854,0.35913,5.29597,2.58573,-0.04593,0.21564,-1.28447
1619610808874,-19.6127,19.6127,17.91341,0.01691,0.15492,-1.26743
1619610808894,-5.15232,6.24407,-4.83149,-0.06404,-0.23069,-1.1577
1619610808914,-7.10599,-5.40131,19.6127,0.0723,0.11657,-1.30151
1619610808934,7.25443,-3.1364,11.3964,0.08934,-0.05173,-1.20777
1619610808954,2.79163,19.6127,3.01669,0.0201,-0.0464,-1.20777
1619610808974,-15.9358,15.51921,7.9679,0.02969,0.19753,-1.13959
1619610808994,6.29196,-1.17794,8.73883,0.04141,-0.07729,-1.12788
1619610809014,-1.75255,-7.87692,9.73961,-0.14927,-0.18595,-1.15238
1619610809034,2.3511,4.96078,13.59906,0.02969,-0.03681,-1.18434
1619610809054,11.19049,-17.77934,17.31486,-0.22703,0.02496,-1.09059
1619610809074,6.42603,3.92649,8.7101,-0.10879,0.03881,-1.17262
1619610809094,16.08903,-9.87847,19.6127,-0.05978,-0.19341,-1.17155
1619610809114,-4.35744,-19.6133,17.94693,-0.19827,0.50433,-1.24506
1619610809134,3.42849,-19.33557,13.95819,-0.05552,-0.26158,-1.27914
1619610809154,13.4171,-6.08127,19.6127,0.02649,-0.22323,-1.07781
1619610809174,11.11867,-2.71502,-6.71334,0.20759,-0.21684,-1.30791
1619610809194,2.60489,5.41089,19.01475,0.26085,-0.00059,-1.15344
1619610809214,-4.89374,-1.75255,8.05409,-0.16524,-0.15612,-1.2621
1619610809234,-2.8491,-12.10029,19.6127,-0.18229,0.20819,-1.17901
1619610809254,4.13239,-7.41244,19.6127,0.07976,0.04414,-1.33134
1619610809274,-0.27772,9.80186,18.00918,0.21505,-0.13482,-1.18007
1619610809294,16.85039,14.2455,19.6127,0.08828,-0.18808,-1.14492
1619610809314,-15.20796,-4.99909,6.9336,0.12876,0.03135,-1.19712
1619610809334,-8.97825,-2.1452,15.6054,0.04673,0.00259,-1.14066
1619610809354,10.53448,-7.94396,6.5649,-0.22383,0.06225,-1.19392
1619610809374,-11.16655,-2.01591,19.6127,-0.48802,0.37437,-1.2344
1619610809394,10.79785,-0.26336,14.82968,-0.02356,-0.06344,-1.21842
1619610809414,19.6133,-2.15957,12.52167,0.2502,-0.06025,-1.17368
1619610809434,0.81881,11.17134,4.32392,0.31625,-0.10392,-1.18327
1619610809454,0.33518,1.2785,18.83757,-0.07044,-0.14121,-1.1332
1619610809474,2.71023,-6.84262,18.69871,-0.02356,-0.09966,-1.23547
1619610809494,2.31279,-9.61032,11.87045,-0.18761,0.18369,-1.21523
1619610809514,-12.40196,-9.71088,7.68059,-0.02463,0.1006,-1.21523
1619610809534,-7.42681,-18.54069,12.78024,-0.08535,0.08462,-1.21203
1619610809554,0.95289,2.25533,7.85298,-0.07683,0.08142,-1.2653
1619610809574,11.96143,8.94952,9.21767,0.07337,0.03668,-1.17581
1619610809594,0.71347,5.02303,11.76031,0.00412,-0.13056,-1.15025
1619610809614,4.66869,5.16668,19.6127,0.06591,-0.03575,-1.14066
1619610809634,0.01915,12.44027,15.18881,-0.06831,0.05159,-1.25358
1619610809654,6.53617,9.46667,-3.29442,-0.21105,-0.05599,-1.15451
1619610809674,0.15322,10.37168,8.99741,0.11917,0.09101,-1.2099
1619610809694,0.54587,12.98615,9.18894,0.29707,-0.03362,-1.3143
1619610809714,-8.55208,-0.54108,10.65419,0.07976,0.02709,-1.15983
1619610809734,-1.52271,1.89141,13.80975,-0.22916,0.06438,-1.16303
1619610809755,7.95353,7.97269,1.74776,-0.26538,-0.02296,-1.24825
1619610809774,3.81156,-18.89982,13.46499,-0.24088,0.17623,-1.18753
1619610809794,-6.83305,-8.1307,7.50821,-0.05446,-0.0219,-1.15025
1619610809814,-3.12682,-2.05901,2.98796,0.02969,-0.09647,-1.13427
1619610809834,-0.53151,2.05901,5.91846,0.32051,0.03029,-1.1641
1619610809856,19.6133,2.45645,-0.38307,0.34607,-0.11777,-1.22588
1619610809874,-7.64708,0.96725,9.50498,-0.07044,-0.15719,-1.19712
1619610809894,-2.40856,4.41011,15.4809,-0.096,-0.00272,-1.16516
1619610809914,-7.91523,-1.40779,6.83784,-0.21425,0.15599,-1.22695
1619610809934,-17.24304,-12.93826,12.65575,-0.22809,0.04307,-1.1854
1619610809955,-10.4435,2.94486,3.24653,-0.09174,0.07077,-1.21736
1619610809974,-4.93684,9.00698,-0.22026,-0.07363,0.08888,-1.19286
1619610809994,-9.52413,13.24951,4.84107,0.12556,0.13149,-1.18327
1619610810014,-0.99598,-10.83136,-0.67037,0.10532,-0.17317,-1.18007
1619610810034,-10.70208,12.71321,15.41387,0.18309,-0.12203,-1.09911
1619610810055,-7.64229,7.26879,13.28781,-0.34314,0.29447,-1.31323
1619610810074,-0.11971,7.14908,2.91613,-0.18122,0.10592,-1.25571
1619610810094,-3.40934,1.53228,9.82101,-0.01291,-0.1231,-1.25251
1619610810114,-9.65821,-16.16086,4.28083,0.04567,0.31897,-1.27169
1619610810134,17.45373,-6.04775,9.9503,-0.08215,-0.31911,-1.29299
1619610810156,9.9072,10.83615,4.9129,0.13835,-0.15506,-1.21736
1619610810174,-7.19697,4.22816,13.18247,0.05419,-0.01977,-1.29725
1619610810194,7.29752,-7.44117,18.10016,-0.11518,0.10912,-1.36117
1619610810214,2.11647,-3.63918,5.04218,-0.1514,0.09207,-1.30897
1619610810234,0.95289,-1.09654,11.01332,0.0755,-0.10606,-1.25677
1619610810256,-1.62326,-19.6133,19.6127,0.07976,-0.11032,-1.21629
1619610810274,13.62779,5.07091,12.7563,0.198,-0.00699,-1.31643
1619610810294,-13.7475,1.4413,14.82489,0.12024,0.41059,-1.42615
1619610810314,5.35343,1.42694,4.5825,-0.03528,0.06757,-1.31217
1619610810334,14.83447,0.39743,4.54898,-0.13755,-0.25413,-1.16623
1619610810359,16.4721,2.78206,17.176,0.01478,0.13895,-1.13746
1619610810374,16.4721,2.78206,17.176,0.01478,0.13895,-1.13746
1619610810394,-7.49863,-6.03338,19.6127,-0.19614,0.04627,-1.06183
1619610810414,-8.15465,7.61834,11.83214,-0.27284,-0.0954,-1.11935
1619610810434,-4.2521,-17.13769,19.6127,0.03608,-0.03149,-1.13959
1619610810454,6.40209,-0.59376,18.28212,0.14154,-0.0954,-1.16836
1619610810474,0.6177,-5.99508,19.6127,-0.03102,-0.02083,-1.03626
1619610810494,6.5218,-8.20253,19.6127,0.0446,-0.12203,-1.19818
1619610810514,7.00543,3.12203,14.16888,-0.13755,0.01537,-1.14386
1619610810534,10.52491,8.14507,1.67594,0.11811,-0.16358,-1.20671
1619610810555,-4.02704,6.55053,5.37737,-0.25899,-0.00805,-1.12788
1619610810574,-0.44532,17.11375,0.13886,-0.20679,0.05372,-1.23547
1619610810594,11.15219,14.9063,8.24563,-0.06937,0.00046,-1.22162
1619610810614,-19.6127,11.98537,5.44441,-0.07044,-0.01231,-1.18434
1619610810634,2.40377,-1.24019,12.66053,0.0755,-0.01444,-1.2376
1619610810656,-4.50109,-0.41659,14.59505,-0.05552,0.16877,-1.23866
1619610810674,2.57616,-5.29597,3.18428,0.12343,-0.15719,-1.23547
1619610810694,15.97411,13.11064,13.50808,-0.10026,0.04094,-1.28767
1619610810714,5.23851,8.93516,19.6127,0.21611,-0.07942,-1.24932
1619610810734,-1.61848,5.45878,17.18557,0.26724,-0.04427,-1.15451
1619610810754,-1.75255,19.6127,-2.63362,-0.16311,-0.05386,-1.25038
1619610810776,-2.63362,-1.45567,15.25585,-0.01185,0.12616,-1.19179
1619610810794,19.6133,-4.49631,0.22984,0.08189,-0.10925,-1.2099
1619610810814,0.77093,-6.65109,19.6127,-0.01611,-0.02616,-1.1854
1619610810834,0.56024,-7.42681,12.97657,-0.2494,0.0942,-1.2099
1619610810854,-6.61278,10.55843,14.9446,-0.20146,0.01218,-1.17475
1619610810874,-7.08683,2.72939,10.30464,-0.15992,0.1251,-1.23014
1619610810894,-4.36223,2.806,3.18428,-0.05339,-0.03042,-1.18114
1619610810914,3.21301,-0.32561,7.79552,0.14261,0.02283,-1.13427
1619610810934,1.36469,4.9943,4.05577,0.06378,-0.12523,-1.14066
1619610810954,1.83874,6.99106,-0.30645,0.04567,-0.08368,-1.12788
1619610810974,-6.9336,-17.9996,19.6127,0.02223,0.10273,-1.22801
1619610810994,-1.7334,-8.46589,9.33738,-0.12796,0.07183,-1.12681
1619610811014,-6.96712,4.01268,12.7563,-0.05126,0.00685,-1.25038
1619610811034,5.27203,5.34864,-1.73819,-0.07257,-0.18488,-1.14812
1619610811054,2.01591,-4.01268,1.84353,0.14154,0.01964,-1.17262
1619610811074,3.63439,7.83382,2.62404,-0.14394,0.00685,-1.19073
1619610811094,-5.81312,-5.55454,9.44751,0.33009,0.05266,-1.11722
1619610811114,-6.59841,5.60243,4.38617,-0.01824,-0.04747,-1.11403
1619610811134,-18.4545,-4.90332,14.2838,-0.2004,0.17836,-1.1577
1619610811154,11.04684,-19.6133,18.51196,-0.30692,-0.00059,-1.2376
1619610811174,18.22945,-19.6133,9.3278,0.0478,0.10699,-1.21949
1619610811194,-3.28484,8.36534,-9.02614,-0.03315,-0.02829,-1.27914
1619610811214,-16.1417,15.59104,10.06043,-0.22916,-0.02403,-1.13214
1619610811234,-13.18726,19.06742,3.83072,-0.51891,0.36265,-1.2376
1619610811254,19.6133,-3.53384,15.90228,-0.1205,-0.0954,-1.25038
1619610811274,7.72369,-19.6133,16.04594,0.01265,-0.03788,-1.2653
1619610811294,3.72058,19.6127,9.56723,-0.07683,-0.25519,-1.23973
1619610811314,4.64475,7.95353,11.53526,0.05526,0.05372,-1.19499
1619610811334,-13.9151,5.3247,10.71165,0.02649,-0.0432,-1.19605
1619610811354,3.90733,-12.33492,12.12423,-0.08641,0.11231,-1.21097
1619610811374,-1.47482,10.81221,10.95586,-0.13435,-0.08262,-1.24399
1619610811394,7.98226,2.56658,4.42927,0.11704,0.19221,-1.1854
1619610811415,12.17212,-0.15801,3.82593,-0.20572,-0.01977,-1.26316
1619610811434,-10.3621,-7.2257,19.6127,-0.06937,-0.0709,-1.21523
1619610811454,-15.6485,-5.43483,19.6127,0.23742,-0.12843,-1.09166
1619610811474,5.08049,-19.6133,19.6127,-0.20359,0.31471,-1.36117
1619610811494,-8.28393,-2.04464,17.54949,-0.36658,0.08888,-1.27169
1619610811514,9.73482,7.57525,5.22893,-0.23129,0.03242,-1.20031
1619610811534,12.24394,10.40998,2.61446,0.08402,-0.07197,-1.25677
1619610811554,-1.18273,6.51222,11.07557,0.20439,-0.09008,-1.16196
1619610811574,-0.5363,17.30529,11.23359,0.19694,-0.25519,-1.18434
1619610811594,15.86876,-19.6133,18.06664,0.07763,0.11231,-1.19712
1619610811614,-0.31124,-0.32082,2.44208,-0.00013,-0.2765,-1.14066
1619610811634,8.78193,-2.4756,3.6296,0.04673,-0.12949,-1.04798
1619610811654,3.15076,4.52025,3.44286,0.17457,0.01431,-1.25464
1619610811674,-5.78918,-19.6133,19.6127,-0.20999,0.07609,-1.13533
1619610811694,-12.83292,-0.7805,19.6127,-0.36977,0.28702,-1.29725
1619610811714,-9.47146,9.87368,19.6127,-0.16098,0.05266,-1.23121
1619610811734,1.04866,-15.28937,11.74116,0.10852,-0.19128,-1.23653
1619610811754,-3.49074,5.47314,-1.37906,-0.16205,0.05692,-1.39313
1619610811774,-18.35395,19.6127,-15.11698,-0.02037,0.31578,-1.26743
1619610811794,4.35265,-4.3335,-3.41892,0.1213,-0.2456,-1.31856
1619610811814,19.6133,-4.85544,19.6127,-0.09281,-0.12416,-1.36543
1619610811834,5.92325,6.15788,-0.79008,-0.26325,0.24228,-1.39206
1619610811854,9.4523,-15.83046,13.72356,0.04354,-0.18275,-1.32282
1619610811874,4.96078,7.94874,8.47547,-0.04807,-0.04214,-1.42402
1619610811894,-7.08683,10.36689,1.9393,0.03075,0.18582,-1.30578
1619610811914,7.83861,4.5394,9.62469,0.21078,0.12084,-1.4155
1619610811934,-3.22259,-5.45878,2.82994,0.04034,0.09633,-1.38674
