1619610783945,0.598,0,0,0,0,-1.237
1619610783954,0.616,0,0,0,0,-1.169
1619610783974,0.616,0,0,0,0,-1.169
1619610783994,0.578,0,0,0,0,-1.171
1619610784014,0.595,0,0,0,0,-1.199
1619610784036,0.595,0,0,0,0,-1.22
1619610784054,0.598,0,0,0,0,-1.206
1619610784074,0.598,0,0,0,0,-1.202
1619610784094,0.598,0,0,0,0,-1.202
1619610784114,0.598,0,0,0,0,-1.202
1619610784134,0.612,0,0,0,0,-1.191
1619610784154,0.578,0,0,0,0,-1.169
1619610784174,0.595,0,0,0,0,-1.14
1619610784194,0.605,0,0,0,0,-1.121
1619610784214,0.598,0,0,0,0,-1.125
1619610784235,0.598,0,0,0,0,-1.144
1619610784254,0.602,0,0,0,0,-1.148
1619610784274,0.612,0,0,0,0,-1.271
1619610784294,0.571,0,0,0,0,-1.33
1619610784314,0.598,0,0,0,0,-1.292
1619610784337,0.598,0,0,0,0,-1.314
1619610784354,0.598,0,0,0,0,-1.306
1619610784374,0.598,0,0,0,0,-1.306
1619610784394,0.602,0,0,0,0,-1.248
1619610784414,0.602,0,0,0,0,-1.193
1619610784437,0.598,0,0,0,0,-1.196
1619610784454,0.605,0,0,0,0,-1.213
1619610784474,0.595,0,0,0,0,-1.177
1619610784494,0.605,0,0,0,0,-1.164
1619610784514,0.605,0,0,0,0,-1.164
1619610784534,0.598,0,0,0,0,-1.209
1619610784554,0.605,0,0,0,0,-1.205
1619610784574,0.598,0,0,0,0,-1.131
1619610784594,0.602,0,0,0,0,-1.09
1619610784614,0.605,0,0,0,0,-1.14
1619610784635,0.605,0,0,0,0,-1.14
1619610784654,0.602,0,0,0,0,-1.163
1619610784674,0.605,0,0,0,0,-1.186
1619610784694,0.592,0,0,0,0,-1.171
1619610784714,0.598,0,0,0,0,-1.191
1619610784735,0.602,0,0,0,0,-1.222
1619610784754,0.598,0,0,0,0,-1.23
1619610784774,0.602,0,0,0,0,-1.2
1619610784794,0.598,0,0,0,0,-1.207
1619610784814,0.595,0,0,0,0,-1.229
1619610784834,0.595,0,0,0,0,-1.237
1619610784857,0.595,0,0,0,0,-1.187
1619610784874,0.595,0,0,0,0,-1.166
1619610784894,0.595,0,0,0,0,-1.166
1619610784914,0.592,0,0,0,0,-1.156
1619610784934,0.609,0,0,0,0,-1.175
1619610784954,0.578,0,0,0,0,-1.208
1619610784974,0.598,0,0,0,0,-1.195
1619610784994,0.598,0,0,0,0,-1.162
1619610785014,0.602,0,0,0,0,-1.147
1619610785034,0.602,0,0,0,0,-1.156
1619610785054,0.595,0,0,0,0,-1.147
1619610785075,0.598,0,0,0,0,-1.158
1619610785094,0.598,0,0,0,0,-1.164
1619610785114,0.598,0,0,0,0,-1.168
1619610785134,0.598,0,0,0,0,-1.17
1619610785154,0.598,0,0,0,0,-1.17
1619610785174,0.598,0,0,0,0,-1.229
1619610785194,0.595,0,0,0,0,-1.235
1619610785214,0.619,0,0,0,0,-1.264
1619610785234,0.575,0,0,0,0,-1.294
1619610785254,0.595,0,0,0,0,-1.304
1619610785274,0.592,0,0,0,0,-1.297
1619610785294,0.598,0,0,0,0,-1.284
1619610785314,0.595,0,0,0,0,-1.278
1619610785334,0.598,0,0,0,0,-1.265
1619610785354,0.622,0,0,0,0,-1.228
1619610785374,0.571,0,0,0,0,-1.201
1619610785394,0.598,0,0,0,0,-1.179
1619610785414,0.592,0,0,0,0,-1.151
1619610785434,0.592,0,0,0,0,-1.151
1619610785454,0.602,0,0,0,0,-1.16
1619610785474,0.605,0,0,0,0,-1.15
1619610785495,0.598,0,0,0,0,-1.113
1619610785514,0.602,0,0,0,0,-1.148
1619610785534,0.598,0,0,0,0,-1.155
1619610785554,0.605,0,0,0,0,-1.189
1619610785574,0.598,0,0,0,0,-1.24
1619610785594,0.592,0,0,0,0,-1.272
1619610785614,0.602,0,0,0,0,-1.324
1619610785634,0.592,0,0,0,0,-1.327
1619610785654,0.592,0,0,0,0,-1.355
1619610785674,0.602,0,0,0,0,-1.398
1619610785694,0.602,0,0,0,0,-1.398
1619610785714,0.588,0,0,0,0,-1.401
1619610785734,0.598,0,0,0,0,-1.392
1619610785754,0.595,0,0,0,0,-1.385
1619610785774,0.585,0,0,0,0,-1.369
1619610785794,0.585,0,0,0,0,-1.37
1619610785814,0.595,0,0,0,0,-1.369
1619610785834,0.595,0,0,0,0,-1.376
1619610785854,0.598,0,0,0,0,-1.313
1619610785874,0.609,0,0,0,0,-1.272
1619610785894,0.588,0,0,0,0,-1.238
1619610785914,0.605,0,0,0,0,-1.203
1619610785934,0.605,0,0,0,0,-1.232
1619610785954,0.605,0,0,0,0,-1.232
1619610785974,0.595,0,0,0,0,-1.214
1619610785994,0.602,0,0,0,0,-1.261
1619610786014,0.619,0,0,0,0,-1.139
1619610786034,0.585,0,0,0,0,-1.103
1619610786054,0.602,0,0,0,0,-1.089
1619610786074,0.595,0,0,0,0,-1.068
1619610786094,0.602,0,0,0,0,-1.054
1619610786114,0.598,0,0,0,0,-1.029
1619610786134,0.598,0,0,0,0,-0.996
1619610786164,0.616,0,0,0,0,-1.038
1619610786174,0.578,0,0,0,0,-1.114
1619610786194,0.598,0,0,0,0,-1.121
1619610786214,0.598,0,0,0,0,-1.072
1619610786234,0.598,0,0,0,0,-1.072
1619610786256,0.602,0,0,0,0,-1.04
1619610786274,0.598,0,0,0,0,-1.043
1619610786294,0.598,0,0,0,0,-1.075
1619610786314,0.616,0,0,0,0,-1.16
1619610786334,0.575,0,0,0,0,-1.14
1619610786354,0.598,0,0,0,0,-1.161
1619610786374,0.602,0,0,0,0,-1.191
1619610786394,0.598,0,0,0,0,-1.21
1619610786414,0.595,0,0,0,0,-1.195
1619610786434,0.595,0,0,0,0,-1.23
1619610786455,0.626,0,0,0,0,-1.251
1619610786474,0.568,0,0,0,0,-1.255
1619610786494,0.585,0,0,0,0,-1.26
1619610786514,0.585,0,0,0,0,-1.26
1619610786534,0.595,0,0,0,0,-1.282
1619610786555,0.602,0,0,0,0,-1.252
1619610786574,0.592,0,0,0,0,-1.25
1619610786594,0.605,0,0,0,0,-1.246
1619610786614,0.598,0,0,0,0,-1.236
1619610786634,0.602,0,0,0,0,-1.231
1619610786656,0.602,0,0,0,0,-1.229
1619610786674,0.602,0,0,0,0,-1.255
1619610786694,0.602,0,0,0,0,-1.279
1619610786714,0.602,0,0,0,0,-1.218
1619610786734,0.595,0,0,0,0,-1.265
1619610786756,0.598,0,0,0,0,-1.303
1619610786774,0.602,0,0,0,0,-1.309
1619610786794,0.602,0,0,0,0,-1.309
1619610786814,0.598,0,0,0,0,-1.26
1619610786835,0.598,0,0,0,0,-1.244
1619610786857,0.605,0,0,0,0,-1.221
1619610786874,0.592,0,0,0,0,-1.252
1619610786894,0.598,0,0,0,0,-1.241
1619610786914,0.595,0,0,0,0,-1.234
1619610786934,0.592,0,0,0,0,-1.197
1619610786955,0.602,0,0,0,0,-1.202
1619610786974,0.609,0,0,0,0,-1.219
1619610786994,0.585,0,0,0,0,-1.204
1619610787014,0.598,0,0,0,0,-1.183
1619610787034,0.598,0,0,0,0,-1.183
1619610787054,0.595,0,0,0,0,-1.182
1619610787074,0.602,0,0,0,0,-1.182
1619610787094,0.602,0,0,0,0,-1.171
1619610787114,0.609,0,0,0,0,-1.164
1619610787134,0.575,0,0,0,0,-1.155
1619610787154,0.598,0,0,0,0,-1.137
1619610787174,0.602,0,0,0,0,-1.176
1619610787194,0.598,0,0,0,0,-1.208
1619610787214,0.588,0,0,0,0,-1.201
1619610787234,0.598,0,0,0,0,-1.218
1619610787254,0.616,0,0,0,0,-1.255
1619610787274,0.578,0,0,0,0,-1.249
1619610787294,0.598,0,0,0,0,-1.226
1619610787314,0.598,0,0,0,0,-1.226
1619610787334,0.588,0,0,0,0,-1.212
1619610787354,0.598,0,0,0,0,-1.206
1619610787374,0.598,0,0,0,0,-1.246
1619610787394,0.605,0,0,0,0,-1.292
1619610787414,0.619,0,0,0,0,-1.261
1619610787434,0.578,0,0,0,0,-1.253
1619610787454,0.598,0,0,0,0,-1.26
1619610787474,0.602,0,0,0,0,-1.258
1619610787494,0.598,0,0,0,0,-1.234
1619610787514,0.598,0,0,0,0,-1.22
1619610787534,0.626,0,0,0,0,-1.204
1619610787554,0.575,0,0,0,0,-1.213
1619610787574,0.575,0,0,0,0,-1.213
1619610787594,0.602,0,0,0,0,-1.251
1619610787614,0.602,0,0,0,0,-1.287
1619610787634,0.602,0,0,0,0,-1.265
1619610787654,0.605,0,0,0,0,-1.213
1619610787674,0.602,0,0,0,0,-1.12
1619610787694,0.602,0,0,0,0,-1.133
1619610787714,0.602,0,0,0,0,-1.148
1619610787734,0.602,0,0,0,0,-1.122
1619610787754,0.598,0,0,0,0,-1.101
1619610787774,0.602,0,0,0,0,-1.096
1619610787794,0.602,0,0,0,0,-1.12
1619610787814,0.598,0,0,0,0,-1.141
1619610787834,0.598,0,0,0,0,-1.141
1619610787854,0.598,0,0,0,0,-1.149
1619610787874,0.602,0,0,0,0,-1.074
1619610787894,0.602,0,0,0,0,-1.112
1619610787914,0.598,0,0,0,0,-1.1
1619610787934,0.602,0,0,0,0,-1.102
1619610787954,0.592,0,0,0,0,-1.132
1619610787974,0.598,0,0,0,0,-1.133
1619610787994,0.602,0,0,0,0,-1.15
1619610788014,0.598,0,0,0,0,-1.197
1619610788034,0.595,0,0,0,0,-1.236
1619610788054,0.609,0,0,0,0,-1.225
1619610788074,0.578,0,0,0,0,-1.235
1619610788094,0.578,0,0,0,0,-1.235
1619610788114,0.598,0,0,0,0,-1.281
1619610788135,0.588,0,0,0,0,-1.306
1619610788154,0.602,0,0,0,0,-1.314
1619610788174,0.598,0,0,0,0,-1.296
1619610788194,0.605,0,0,0,0,-1.3
1619610788214,0.581,0,0,0,0,-1.291
1619610788235,0.598,0,0,0,0,-1.253
1619610788254,0.598,0,0,0,0,-1.219
1619610788274,0.595,0,0,0,0,-1.197
1619610788294,0.605,0,0,0,0,-1.186
1619610788314,0.602,0,0,0,0,-1.184
1619610788334,0.616,0,0,0,0,-1.187
1619610788354,0.585,0,0,0,0,-1.167
1619610788374,0.585,0,0,0,0,-1.167
1619610788394,0.595,0,0,0,0,-1.156
1619610788414,0.598,0,0,0,0,-1.187
1619610788434,0.605,0,0,0,0,-1.189
1619610788454,0.595,0,0,0,0,-1.157
1619610788474,0.602,0,0,0,0,-1.142
1619610788494,0.619,0,0,0,0,-1.166
1619610788514,0.575,0,0,0,0,-1.164
1619610788534,0.598,0,0,0,0,-1.202
1619610788554,0.602,0,0,0,0,-1.237
1619610788575,0.602,0,0,0,0,-1.206
1619610788594,0.592,0,0,0,0,-1.187
1619610788614,0.605,0,0,0,0,-1.2
1619610788634,0.626,0,0,0,0,-1.203
1619610788654,0.626,0,0,0,0,-1.203
1619610788675,0.575,0,0,0,0,-1.199
1619610788694,0.598,0,0,0,0,-1.206
1619610788714,0.602,0,0,0,0,-1.193
1619610788734,0.598,0,0,0,0,-1.173
1619610788754,0.602,0,0,0,0,-1.196
1619610788774,0.602,0,0,0,0,-1.191
1619610788794,0.598,0,0,0,0,-1.19
1619610788814,0.595,0,0,0,0,-1.214
1619610788834,0.602,0,0,0,0,-1.213
1619610788854,0.595,0,0,0,0,-1.19
1619610788875,0.588,0,0,0,0,-1.187
1619610788894,0.605,0,0,0,0,-1.209
1619610788914,0.605,0,0,0,0,-1.209
1619610788934,0.592,0,0,0,0,-1.211
1619610788954,0.598,0,0,0,0,-1.203
1619610788975,0.598,0,0,0,0,-1.225
1619610788994,0.588,0,0,0,0,-1.246
1619610789014,0.602,0,0,0,0,-1.27
1619610789034,0.602,0,0,0,0,-1.22
1619610789054,0.592,0,0,0,0,-1.201
1619610789076,0.598,0,0,0,0,-1.185
1619610789094,0.595,0,0,0,0,-1.186
1619610789114,0.595,0,0,0,0,-1.182
1619610789134,0.602,0,0,0,0,-1.192
1619610789154,0.609,0,0,0,0,-1.186
1619610789177,0.609,0,0,0,0,-1.186
1619610789194,0.598,0,0,0,0,-1.19
1619610789214,0.598,0,0,0,0,-1.19
1619610789234,0.602,0,0,0,0,-1.186
1619610789254,0.595,0,0,0,0,-1.175
1619610789274,0.598,0,0,0,0,-1.133
1619610789294,0.612,0,0,0,0,-1.154
1619610789314,0.578,0,0,0,0,-1.147
1619610789334,0.598,0,0,0,0,-1.141
1619610789354,0.595,0,0,0,0,-1.147
1619610789376,0.602,0,0,0,0,-1.161
1619610789394,0.598,0,0,0,0,-1.185
1619610789414,0.605,0,0,0,0,-1.219
1619610789434,0.612,0,0,0,0,-1.234
1619610789454,0.612,0,0,0,0,-1.234
1619610789474,0.578,0,0,0,0,-1.267
1619610789494,0.595,0,0,0,0,-1.269
1619610789515,0.602,0,0,0,0,-1.286
1619610789534,0.602,0,0,0,0,-1.277
1619610789554,0.592,0,0,0,0,-1.235
1619610789574,0.602,0,0,0,0,-1.203
1619610789594,0.619,0,0,0,0,-1.174
1619610789614,0.581,0,0,0,0,-1.188
1619610789634,0.602,0,0,0,0,-1.189
1619610789654,0.602,0,0,0,0,-1.19
1619610789674,0.605,0,0,0,0,-1.19
1619610789694,0.602,0,0,0,0,-1.172
1619610789714,0.602,0,0,0,0,-1.172
1619610789734,0.588,0,0,0,0,-1.181
1619610789754,0.602,0,0,0,0,-1.167
1619610789774,0.598,0,0,0,0,-1.118
1619610789794,0.598,0,0,0,0,-1.111
1619610789814,0.595,0,0,0,0,-1.16
1619610789834,0.598,0,0,0,0,-1.17
1619610789854,0.616,0,0,0,0,-1.187
1619610789874,0.595,0,0,0,0,-1.194
1619610789894,0.602,0,0,0,0,-1.202
1619610789914,0.578,0,0,0,0,-1.213
1619610789934,0.598,0,0,0,0,-1.195
1619610789954,0.598,0,0,0,0,-1.199
1619610789974,0.602,0,0,0,0,-1.213
1619610789994,0.598,0,0,0,0,-1.22
1619610790014,0.612,0,0,0,0,-1.228
1619610790034,0.612,0,0,0,0,-1.228
1619610790054,0.592,0,0,0,0,-1.24
1619610790074,0.595,0,0,0,0,-1.216
1619610790094,0.592,0,0,0,0,-1.202
1619610790114,0.602,0,0,0,0,-1.211
1619610790134,0.598,0,0,0,0,-1.241
1619610790154,0.612,0,0,0,0,-1.206
1619610790174,0.592,0,0,0,0,-1.192
1619610790194,0.585,0,0,0,0,-1.171
1619610790214,0.598,0,0,0,0,-1.186
1619610790234,0.602,0,0,0,0,-1.209
1619610790254,0.595,0,0,0,0,-1.186
1619610790274,0.609,0,0,0,0,-1.133
1619610790294,0.609,0,0,0,0,-1.133
1619610790314,0.605,0,0,0,0,-1.152
1619610790334,0.578,0,0,0,0,-1.165
1619610790354,0.598,0,0,0,0,-1.167
1619610790374,0.592,0,0,0,0,-1.168
1619610790394,0.605,0,0,0,0,-1.18
1619610790414,0.612,0,0,0,0,-1.185
1619610790434,0.598,0,0,0,0,-1.215
1619610790454,0.581,0,0,0,0,-1.239
1619610790474,0.595,0,0,0,0,-1.257
1619610790494,0.598,0,0,0,0,-1.261
1619610790514,0.602,0,0,0,0,-1.26
1619610790534,0.598,0,0,0,0,-1.256
1619610790554,0.612,0,0,0,0,-1.259
1619610790574,0.595,0,0,0,0,-1.238
1619610790594,0.595,0,0,0,0,-1.238
1619610790614,0.578,0,0,0,0,-1.265
1619610790634,0.588,0,0,0,0,-1.241
1619610790654,0.602,0,0,0,0,-1.213
1619610790674,0.602,0,0,0,0,-1.182
1619610790694,0.598,0,0,0,0,-1.181
1619610790714,0.619,0,0,0,0,-1.158
1619610790734,0.575,0,0,0,0,-1.161
1619610790754,0.602,0,0,0,0,-1.133
1619610790774,0.602,0,0,0,0,-1.18
1619610790794,0.595,0,0,0,0,-1.187
1619610790814,0.602,0,0,0,0,-1.214
1619610790834,0.626,0,0,0,0,-1.25
1619610790854,0.626,0,0,0,0,-1.25
1619610790874,0.568,0,0,0,0,-1.279
1619610790894,0.598,0,0,0,0,-1.307
1619610790914,0.592,0,0,0,0,-1.333
1619610790934,0.592,0,0,0,0,-1.403
1619610790954,0.602,0,0,0,0,-1.443
1619610790975,0.595,0,0,0,0,-1.454
1619610790995,0.592,0,0,0,0,-1.452
1619610791014,0.592,0,0,0,0,-1.381
1619610791034,0.602,0,0,0,0,-1.424
1619610791054,0.598,0,0,0,0,-1.385
1619610791074,0.592,0,0,0,0,-1.393
1619610791094,0.598,0,0,0,0,-1.356
1619610791116,0.598,0,0,0,0,-1.356
1619610791134,0.595,0,0,0,0,-1.311
1619610791154,0.602,0,0,0,0,-1.297
1619610791174,0.602,0,0,0,0,-1.231
1619610791194,0.595,0,0,0,0,-1.176
1619610791214,0.602,0,0,0,0,-1.148
1619610791234,0.605,0,0,0,0,-1.097
1619610791255,0.595,0,0,0,0,-1.06
1619610791274,0.598,0,0,0,0,-1.056
1619610791295,0.595,0,0,0,0,-1.035
1619610791314,0.602,0,0,0,0,-1.028
1619610791334,0.598,0,0,0,0,-1.049
1619610791354,0.609,0,0,0,0,-1.077
1619610791374,0.609,0,0,0,0,-1.077
1619610791396,0.578,0,0,0,0,-1.081
1619610791414,0.595,0,0,0,0,-1.084
1619610791434,0.602,0,0,0,0,-1.107
1619610791454,0.602,0,0,0,0,-1.163
1619610791474,0.595,0,0,0,0,-1.124
1619610791496,0.602,0,0,0,0,-1.093
1619610791514,0.605,0,0,0,0,-1.054
1619610791534,0.588,0,0,0,0,-1.092
1619610791554,0.602,0,0,0,0,-1.164
1619610791575,0.595,0,0,0,0,-1.182
1619610791595,0.598,0,0,0,0,-1.157
1619610791614,0.598,0,0,0,0,-1.179
1619610791634,0.602,0,0,0,0,-1.21
1619610791654,0.609,0,0,0,0,-1.219
1619610791674,0.609,0,0,0,0,-1.219
1619610791694,0.578,0,0,0,0,-1.213
1619610791714,0.598,0,0,0,0,-1.234
1619610791734,0.598,0,0,0,0,-1.244
1619610791754,0.598,0,0,0,0,-1.251
1619610791774,0.602,0,0,0,0,-1.27
1619610791794,0.592,0,0,0,0,-1.277
1619610791814,0.616,0,0,0,0,-1.226
1619610791834,0.575,0,0,0,0,-1.241
1619610791854,0.598,0,0,0,0,-1.264
1619610791874,0.598,0,0,0,0,-1.259
1619610791894,0.598,0,0,0,0,-1.234
1619610791914,0.602,0,0,0,0,-1.248
1619610791934,0.629,0,0,0,0,-1.254
1619610791954,0.629,0,0,0,0,-1.254
1619610791974,0.568,0,0,0,0,-1.257
1619610791994,0.602,0,0,0,0,-1.225
1619610792014,0.598,0,0,0,0,-1.215
1619610792034,0.602,0,0,0,0,-1.22
1619610792054,0.598,0,0,0,0,-1.242
1619610792074,0.602,0,0,0,0,-1.243
1619610792094,0.598,0,0,0,0,-1.225
1619610792114,0.595,0,0,0,0,-1.205
1619610792134,0.602,0,0,0,0,-1.238
1619610792154,0.592,0,0,0,0,-1.226
1619610792174,0.595,0,0,0,0,-1.219
1619610792194,0.602,0,0,0,0,-1.182
1619610792214,0.602,0,0,0,0,-1.182
1619610792234,0.592,0,0,0,0,-1.189
1619610792254,0.602,0,0,0,0,-1.167
1619610792274,0.595,0,0,0,0,-1.155
1619610792294,0.595,0,0,0,0,-1.16
1619610792314,0.598,0,0,0,0,-1.164
1619610792334,0.609,0,0,0,0,-1.158
1619610792354,0.592,0,0,0,0,-1.186
1619610792374,0.602,0,0,0,0,-1.185
1619610792394,0.595,0,0,0,0,-1.185
1619610792414,0.595,0,0,0,0,-1.192
1619610792434,0.598,0,0,0,0,-1.211
1619610792454,0.609,0,0,0,0,-1.216
1619610792474,0.609,0,0,0,0,-1.216
1619610792494,0.588,0,0,0,0,-1.224
1619610792514,0.595,0,0,0,0,-1.23
1619610792534,0.602,0,0,0,0,-1.223
1619610792554,0.598,0,0,0,0,-1.212
1619610792574,0.595,0,0,0,0,-1.208
1619610792594,0.602,0,0,0,0,-1.226
1619610792614,0.616,0,0,0,0,-1.229
1619610792634,0.575,0,0,0,0,-1.189
1619610792654,0.598,0,0,0,0,-1.163
1619610792674,0.602,0,0,0,0,-1.167
1619610792694,0.598,0,0,0,0,-1.174
1619610792714,0.602,0,0,0,0,-1.169
1619610792734,0.602,0,0,0,0,-1.171
1619610792754,0.619,0,0,0,0,-1.205
1619610792774,0.619,0,0,0,0,-1.205
1619610792794,0.581,0,0,0,0,-1.253
1619610792814,0.602,0,0,0,0,-1.298
1619610792834,0.602,0,0,0,0,-1.266
1619610792854,0.609,0,0,0,0,-1.192
1619610792874,0.602,0,0,0,0,-1.179
1619610792894,0.602,0,0,0,0,-1.179
1619610792914,0.622,0,0,0,0,-1.156
1619610792934,0.578,0,0,0,0,-1.11
1619610792954,0.598,0,0,0,0,-1.105
1619610792974,0.598,0,0,0,0,-1.131
1619610792994,0.598,0,0,0,0,-1.155
1619610793014,0.602,0,0,0,0,-1.159
1619610793034,0.598,0,0,0,0,-1.155
1619610793054,0.598,0,0,0,0,-1.155
1619610793074,0.595,0,0,0,0,-1.174
1619610793094,0.598,0,0,0,0,-1.147
1619610793114,0.602,0,0,0,0,-1.168
1619610793134,0.595,0,0,0,0,-1.174
1619610793154,0.602,0,0,0,0,-1.187
1619610793174,0.602,0,0,0,0,-1.217
1619610793194,0.598,0,0,0,0,-1.211
1619610793216,0.598,0,0,0,0,-1.202
1619610793234,0.595,0,0,0,0,-1.18
1619610793254,0.598,0,0,0,0,-1.216
1619610793274,0.598,0,0,0,0,-1.227
1619610793294,0.602,0,0,0,0,-1.281
1619610793316,0.602,0,0,0,0,-1.281
1619610793334,0.585,0,0,0,0,-1.279
1619610793354,0.595,0,0,0,0,-1.277
1619610793374,0.598,0,0,0,0,-1.304
1619610793394,0.598,0,0,0,0,-1.315
1619610793417,0.598,0,0,0,0,-1.295
1619610793434,0.602,0,0,0,0,-1.244
1619610793454,0.581,0,0,0,0,-1.23
1619610793474,0.595,0,0,0,0,-1.237
1619610793494,0.602,0,0,0,0,-1.217
1619610793514,0.602,0,0,0,0,-1.207
1619610793534,0.598,0,0,0,0,-1.203
1619610793554,0.612,0,0,0,0,-1.162
1619610793574,0.612,0,0,0,0,-1.162
1619610793594,0.585,0,0,0,0,-1.19
1619610793615,0.602,0,0,0,0,-1.218
1619610793634,0.598,0,0,0,0,-1.167
1619610793654,0.602,0,0,0,0,-1.151
1619610793674,0.602,0,0,0,0,-1.173
1619610793694,0.602,0,0,0,0,-1.18
1619610793715,0.612,0,0,0,0,-1.205
1619610793734,0.592,0,0,0,0,-1.204
1619610793754,0.595,0,0,0,0,-1.178
1619610793774,0.598,0,0,0,0,-1.171
1619610793794,0.605,0,0,0,0,-1.215
1619610793816,0.598,0,0,0,0,-1.21
1619610793834,0.598,0,0,0,0,-1.219
1619610793854,0.616,0,0,0,0,-1.199
1619610793874,0.616,0,0,0,0,-1.199
1619610793894,0.578,0,0,0,0,-1.197
1619610793914,0.595,0,0,0,0,-1.189
1619610793934,0.598,0,0,0,0,-1.213
1619610793954,0.602,0,0,0,0,-1.223
1619610793974,0.602,0,0,0,0,-1.211
1619610793994,0.602,0,0,0,0,-1.225
1619610794015,0.616,0,0,0,0,-1.198
1619610794035,0.568,0,0,0,0,-1.158
1619610794054,0.598,0,0,0,0,-1.157
1619610794074,0.605,0,0,0,0,-1.159
1619610794094,0.598,0,0,0,0,-1.195
1619610794114,0.592,0,0,0,0,-1.22
1619610794134,0.602,0,0,0,0,-1.246
1619610794155,0.602,0,0,0,0,-1.246
1619610794174,0.595,0,0,0,0,-1.269
1619610794194,0.598,0,0,0,0,-1.264
1619610794214,0.595,0,0,0,0,-1.23
1619610794234,0.595,0,0,0,0,-1.185
1619610794254,0.595,0,0,0,0,-1.167
1619610794274,0.598,0,0,0,0,-1.173
1619610794294,0.595,0,0,0,0,-1.169
1619610794314,0.598,0,0,0,0,-1.171
1619610794334,0.595,0,0,0,0,-1.185
1619610794354,0.598,0,0,0,0,-1.187
1619610794374,0.605,0,0,0,0,-1.167
1619610794394,0.602,0,0,0,0,-1.2
1619610794414,0.602,0,0,0,0,-1.2
1619610794434,0.595,0,0,0,0,-1.198
1619610794454,0.595,0,0,0,0,-1.137
1619610794474,0.602,0,0,0,0,-1.117
1619610794494,0.598,0,0,0,0,-1.117
1619610794514,0.602,0,0,0,0,-1.142
1619610794534,0.602,0,0,0,0,-1.153
1619610794554,0.578,0,0,0,0,-1.187
1619610794575,0.602,0,0,0,0,-1.218
1619610794594,0.602,0,0,0,0,-1.278
1619610794614,0.592,0,0,0,0,-1.267
1619610794634,0.592,0,0,0,0,-1.291
1619610794654,0.605,0,0,0,0,-1.313
1619610794674,0.605,0,0,0,0,-1.313
1619610794694,0.585,0,0,0,0,-1.313
1619610794714,0.588,0,0,0,0,-1.278
1619610794734,0.595,0,0,0,0,-1.263
1619610794754,0.602,0,0,0,0,-1.264
1619610794774,0.598,0,0,0,0,-1.221
1619610794794,0.605,0,0,0,0,-1.205
1619610794814,0.616,0,0,0,0,-1.225
1619610794834,0.585,0,0,0,0,-1.232
1619610794854,0.602,0,0,0,0,-1.165
1619610794874,0.602,0,0,0,0,-1.128
1619610794894,0.605,0,0,0,0,-1.152
1619610794914,0.602,0,0,0,0,-1.151
1619610794934,0.602,0,0,0,0,-1.154
1619610794954,0.602,0,0,0,0,-1.154
1619610794974,0.626,0,0,0,0,-1.085
1619610794994,0.575,0,0,0,0,-1.059
1619610795014,0.598,0,0,0,0,-1.102
1619610795034,0.602,0,0,0,0,-1.162
1619610795054,0.595,0,0,0,0,-1.181
1619610795074,0.602,0,0,0,0,-1.207
1619610795094,0.616,0,0,0,0,-1.211
1619610795114,0.575,0,0,0,0,-1.263
1619610795134,0.598,0,0,0,0,-1.304
1619610795154,0.602,0,0,0,0,-1.269
1619610795174,0.602,0,0,0,0,-1.206
1619610795194,0.595,0,0,0,0,-1.222
1619610795214,0.595,0,0,0,0,-1.222
1619610795236,0.602,0,0,0,0,-1.264
1619610795254,0.595,0,0,0,0,-1.247
1619610795274,0.602,0,0,0,0,-1.235
1619610795294,0.602,0,0,0,0,-1.201
1619610795314,0.598,0,0,0,0,-1.196
1619610795334,0.598,0,0,0,0,-1.194
1619610795354,0.605,0,0,0,0,-1.2
1619610795374,0.592,0,0,0,0,-1.205
1619610795394,0.598,0,0,0,0,-1.18
1619610795414,0.595,0,0,0,0,-1.168
1619610795434,0.602,0,0,0,0,-1.144
1619610795454,0.588,0,0,0,0,-1.138
1619610795474,0.588,0,0,0,0,-1.138
1619610795494,0.598,0,0,0,0,-1.14
1619610795514,0.595,0,0,0,0,-1.176
1619610795534,0.595,0,0,0,0,-1.177
1619610795554,0.595,0,0,0,0,-1.171
1619610795574,0.595,0,0,0,0,-1.189
1619610795594,0.602,0,0,0,0,-1.172
1619610795614,0.605,0,0,0,0,-1.17
1619610795636,0.592,0,0,0,0,-1.191
1619610795654,0.595,0,0,0,0,-1.208
1619610795674,0.598,0,0,0,0,-1.232
1619610795694,0.602,0,0,0,0,-1.239
1619610795714,0.595,0,0,0,0,-1.255
1619610795736,0.595,0,0,0,0,-1.255
1619610795754,0.612,0,0,0,0,-1.272
1619610795774,0.585,0,0,0,0,-1.267
1619610795794,0.595,0,0,0,0,-1.244
1619610795814,0.598,0,0,0,0,-1.256
1619610795834,0.592,0,0,0,0,-1.251
1619610795856,0.602,0,0,0,0,-1.266
1619610795874,0.595,0,0,0,0,-1.247
1619610795894,0.612,0,0,0,0,-1.243
1619610795914,0.575,0,0,0,0,-1.258
1619610795936,0.598,0,0,0,0,-1.247
1619610795954,0.595,0,0,0,0,-1.2
1619610795974,0.595,0,0,0,0,-1.182
1619610795994,0.602,0,0,0,0,-1.17
1619610796014,0.602,0,0,0,0,-1.17
1619610796036,0.595,0,0,0,0,-1.201
1619610796054,0.626,0,0,0,0,-1.221
1619610796074,0.571,0,0,0,0,-1.23
1619610796094,0.595,0,0,0,0,-1.226
1619610796114,0.598,0,0,0,0,-1.209
1619610796136,0.598,0,0,0,0,-1.245
1619610796155,0.598,0,0,0,0,-1.27
1619610796174,0.616,0,0,0,0,-1.346
1619610796194,0.568,0,0,0,0,-1.404
1619610796214,0.592,0,0,0,0,-1.428
1619610796234,0.605,0,0,0,0,-1.407
1619610796255,0.592,0,0,0,0,-1.369
1619610796274,0.592,0,0,0,0,-1.346
1619610796294,0.592,0,0,0,0,-1.346
1619610796314,0.595,0,0,0,0,-1.357
1619610796335,0.598,0,0,0,0,-1.37
1619610796354,0.592,0,0,0,0,-1.361
1619610796374,0.609,0,0,0,0,-1.366
1619610796394,0.585,0,0,0,0,-1.316
1619610796414,0.595,0,0,0,0,-1.28
1619610796434,0.609,0,0,0,0,-1.235
1619610796454,0.595,0,0,0,0,-1.193
1619610796474,0.598,0,0,0,0,-1.132
1619610796494,0.598,0,0,0,0,-1.105
1619610796514,0.602,0,0,0,0,-1.083
1619610796534,0.602,0,0,0,0,-1.083
1619610796554,0.598,0,0,0,0,-1.056
1619610796574,0.609,0,0,0,0,-1.011
1619610796594,0.585,0,0,0,0,-1.01
1619610796615,0.598,0,0,0,0,-0.995
1619610796634,0.598,0,0,0,0,-1.003
1619610796654,0.602,0,0,0,0,-1.054
1619610796674,0.598,0,0,0,0,-1.1
1619610796695,0.598,0,0,0,0,-1.07
1619610796714,0.592,0,0,0,0,-1.042
1619610796734,0.602,0,0,0,0,-1.09
1619610796754,0.602,0,0,0,0,-1.07
1619610796774,0.592,0,0,0,0,-1.093
1619610796794,0.592,0,0,0,0,-1.093
1619610796814,0.602,0,0,0,0,-1.163
1619610796834,0.616,0,0,0,0,-1.225
1619610796854,0.575,0,0,0,0,-1.228
1619610796874,0.598,0,0,0,0,-1.258
1619610796894,0.598,0,0,0,0,-1.254
1619610796914,0.598,0,0,0,0,-1.259
1619610796934,0.598,0,0,0,0,-1.285
1619610796954,0.598,0,0,0,0,-1.314
1619610796974,0.619,0,0,0,0,-1.313
1619610796994,0.578,0,0,0,0,-1.285
1619610797014,0.598,0,0,0,0,-1.25
1619610797034,0.598,0,0,0,0,-1.264
1619610797054,0.598,0,0,0,0,-1.275
1619610797074,0.598,0,0,0,0,-1.275
1619610797094,0.598,0,0,0,0,-1.268
1619610797114,0.595,0,0,0,0,-1.235
1619610797134,0.612,0,0,0,0,-1.209
1619610797154,0.575,0,0,0,0,-1.233
1619610797174,0.598,0,0,0,0,-1.256
1619610797194,0.598,0,0,0,0,-1.241
1619610797214,0.598,0,0,0,0,-1.205
1619610797234,0.595,0,0,0,0,-1.206
1619610797254,0.598,0,0,0,0,-1.23
1619610797274,0.626,0,0,0,0,-1.223
1619610797294,0.575,0,0,0,0,-1.192
1619610797314,0.598,0,0,0,0,-1.194
1619610797334,0.598,0,0,0,0,-1.203
1619610797354,0.598,0,0,0,0,-1.203
1619610797374,0.598,0,0,0,0,-1.214
1619610797394,0.605,0,0,0,0,-1.208
1619610797414,0.592,0,0,0,0,-1.195
1619610797434,0.602,0,0,0,0,-1.194
1619610797454,0.598,0,0,0,0,-1.197
1619610797474,0.602,0,0,0,0,-1.229
1619610797494,0.595,0,0,0,0,-1.229
1619610797514,0.602,0,0,0,0,-1.223
1619610797534,0.602,0,0,0,0,-1.209
1619610797554,0.595,0,0,0,0,-1.219
1619610797574,0.598,0,0,0,0,-1.2
1619610797594,0.598,0,0,0,0,-1.193
1619610797614,0.598,0,0,0,0,-1.193
1619610797634,0.595,0,0,0,0,-1.147
1619610797654,0.605,0,0,0,0,-1.15
1619610797674,0.609,0,0,0,0,-1.179
1619610797694,0.588,0,0,0,0,-1.184
1619610797714,0.602,0,0,0,0,-1.19
1619610797734,0.592,0,0,0,0,-1.181
1619610797754,0.602,0,0,0,0,-1.195
1619610797774,0.602,0,0,0,0,-1.199
1619610797794,0.609,0,0,0,0,-1.234
1619610797814,0.588,0,0,0,0,-1.2
1619610797834,0.602,0,0,0,0,-1.197
1619610797854,0.598,0,0,0,0,-1.199
1619610797874,0.598,0,0,0,0,-1.254
1619610797894,0.598,0,0,0,0,-1.254
1619610797914,0.605,0,0,0,0,-1.24
1619610797934,0.609,0,0,0,0,-1.235
1619610797955,0.581,0,0,0,0,-1.208
1619610797974,0.595,0,0,0,0,-1.22
1619610797994,0.602,0,0,0,0,-1.234
1619610798014,0.602,0,0,0,0,-1.231
1619610798034,0.598,0,0,0,0,-1.212
1619610798055,0.605,0,0,0,0,-1.181
1619610798074,0.622,0,0,0,0,-1.164
1619610798094,0.575,0,0,0,0,-1.179
1619610798114,0.602,0,0,0,0,-1.164
1619610798134,0.605,0,0,0,0,-1.161
1619610798154,0.605,0,0,0,0,-1.161
1619610798174,0.602,0,0,0,0,-1.131
1619610798194,0.602,0,0,0,0,-1.178
1619610798214,0.598,0,0,0,0,-1.22
1619610798234,0.622,0,0,0,0,-1.167
1619610798255,0.575,0,0,0,0,-1.155
1619610798274,0.598,0,0,0,0,-1.174
1619610798294,0.598,0,0,0,0,-1.211
1619610798314,0.598,0,0,0,0,-1.191
1619610798334,0.595,0,0,0,0,-1.187
1619610798356,0.626,0,0,0,0,-1.216
1619610798374,0.571,0,0,0,0,-1.267
1619610798394,0.571,0,0,0,0,-1.267
1619610798414,0.598,0,0,0,0,-1.279
1619610798434,0.598,0,0,0,0,-1.252
1619610798456,0.592,0,0,0,0,-1.242
1619610798474,0.605,0,0,0,0,-1.265
1619610798494,0.602,0,0,0,0,-1.267
1619610798514,0.575,0,0,0,0,-1.277
1619610798534,0.602,0,0,0,0,-1.268
1619610798554,0.602,0,0,0,0,-1.231
1619610798574,0.602,0,0,0,0,-1.233
1619610798594,0.609,0,0,0,0,-1.239
1619610798614,0.588,0,0,0,0,-1.227
1619610798634,0.598,0,0,0,0,-1.202
1619610798655,0.598,0,0,0,0,-1.202
1619610798674,0.602,0,0,0,0,-1.189
1619610798694,0.595,0,0,0,0,-1.181
1619610798714,0.598,0,0,0,0,-1.209
1619610798734,0.609,0,0,0,0,-1.166
1619610798755,0.588,0,0,0,0,-1.145
1619610798774,0.592,0,0,0,0,-1.189
1619610798794,0.612,0,0,0,0,-1.196
1619610798814,0.585,0,0,0,0,-1.171
1619610798834,0.598,0,0,0,0,-1.145
1619610798854,0.616,0,0,0,0,-1.141
1619610798874,0.602,0,0,0,0,-1.134
1619610798894,0.588,0,0,0,0,-1.165
1619610798914,0.588,0,0,0,0,-1.165
1619610798934,0.605,0,0,0,0,-1.188
1619610798954,0.602,0,0,0,0,-1.174
1619610798974,0.605,0,0,0,0,-1.142
1619610798994,0.612,0,0,0,0,-1.165
1619610799014,0.595,0,0,0,0,-1.175
1619610799034,0.588,0,0,0,0,-1.186
1619610799054,0.598,0,0,0,0,-1.197
1619610799074,0.602,0,0,0,0,-1.179
1619610799094,0.598,0,0,0,0,-1.187
1619610799114,0.609,0,0,0,0,-1.215
1619610799134,0.598,0,0,0,0,-1.209
1619610799154,0.578,0,0,0,0,-1.201
1619610799174,0.578,0,0,0,0,-1.201
1619610799194,0.595,0,0,0,0,-1.194
1619610799214,0.598,0,0,0,0,-1.214
1619610799234,0.598,0,0,0,0,-1.186
1619610799254,0.592,0,0,0,0,-1.175
1619610799274,0.616,0,0,0,0,-1.209
1619610799294,0.598,0,0,0,0,-1.241
1619610799314,0.578,0,0,0,0,-1.272
1619610799334,0.598,0,0,0,0,-1.257
1619610799354,0.598,0,0,0,0,-1.27
1619610799374,0.602,0,0,0,0,-1.245
1619610799394,0.605,0,0,0,0,-1.204
1619610799414,0.612,0,0,0,0,-1.174
1619610799434,0.568,0,0,0,0,-1.155
1619610799454,0.568,0,0,0,0,-1.155
1619610799474,0.602,0,0,0,0,-1.13
1619610799494,0.605,0,0,0,0,-1.13
1619610799514,0.598,0,0,0,0,-1.16
1619610799534,0.595,0,0,0,0,-1.206
1619610799554,0.602,0,0,0,0,-1.209
1619610799574,0.598,0,0,0,0,-1.19
1619610799594,0.598,0,0,0,0,-1.208
1619610799614,0.605,0,0,0,0,-1.17
1619610799634,0.595,0,0,0,0,-1.127
1619610799654,0.598,0,0,0,0,-1.092
1619610799674,0.602,0,0,0,0,-1.113
1619610799694,0.598,0,0,0,0,-1.127
1619610799714,0.598,0,0,0,0,-1.127
1619610799734,0.588,0,0,0,0,-1.171
1619610799754,0.598,0,0,0,0,-1.213
1619610799774,0.598,0,0,0,0,-1.238
1619610799794,0.598,0,0,0,0,-1.253
1619610799814,0.605,0,0,0,0,-1.297
1619610799834,0.581,0,0,0,0,-1.303
1619610799854,0.598,0,0,0,0,-1.315
1619610799874,0.602,0,0,0,0,-1.328
1619610799894,0.598,0,0,0,0,-1.322
1619610799914,0.598,0,0,0,0,-1.313
1619610799934,0.605,0,0,0,0,-1.281
1619610799954,0.578,0,0,0,0,-1.268
1619610799974,0.578,0,0,0,0,-1.268
1619610799994,0.602,0,0,0,0,-1.272
1619610800014,0.602,0,0,0,0,-1.263
1619610800034,0.595,0,0,0,0,-1.166
1619610800054,0.602,0,0,0,0,-1.154
1619610800074,0.612,0,0,0,0,-1.167
1619610800094,0.588,0,0,0,0,-1.141
1619610800114,0.598,0,0,0,0,-1.132
1619610800134,0.602,0,0,0,0,-1.148
1619610800154,0.602,0,0,0,0,-1.12
1619610800174,0.598,0,0,0,0,-1.125
1619610800194,0.605,0,0,0,0,-1.129
1619610800214,0.612,0,0,0,0,-1.153
1619610800234,0.588,0,0,0,0,-1.166
1619610800254,0.588,0,0,0,0,-1.166
1619610800275,0.602,0,0,0,0,-1.184
1619610800294,0.595,0,0,0,0,-1.204
1619610800314,0.598,0,0,0,0,-1.223
1619610800334,0.602,0,0,0,0,-1.23
1619610800354,0.598,0,0,0,0,-1.24
1619610800375,0.612,0,0,0,0,-1.26
1619610800394,0.575,0,0,0,0,-1.279
1619610800414,0.602,0,0,0,0,-1.295
1619610800434,0.592,0,0,0,0,-1.276
1619610800454,0.598,0,0,0,0,-1.226
1619610800476,0.598,0,0,0,0,-1.213
1619610800495,0.598,0,0,0,0,-1.223
1619610800514,0.622,0,0,0,0,-1.231
1619610800535,0.622,0,0,0,0,-1.231
1619610800554,0.571,0,0,0,0,-1.203
1619610800576,0.598,0,0,0,0,-1.185
1619610800594,0.598,0,0,0,0,-1.19
1619610800614,0.598,0,0,0,0,-1.18
1619610800634,0.598,0,0,0,0,-1.174
1619610800654,0.595,0,0,0,0,-1.129
1619610800675,0.602,0,0,0,0,-1.135
1619610800694,0.595,0,0,0,0,-1.11
1619610800714,0.598,0,0,0,0,-1.135
1619610800734,0.592,0,0,0,0,-1.188
1619610800754,0.598,0,0,0,0,-1.186
1619610800776,0.605,0,0,0,0,-1.188
1619610800794,0.592,0,0,0,0,-1.235
1619610800814,0.592,0,0,0,0,-1.235
1619610800834,0.598,0,0,0,0,-1.233
1619610800854,0.598,0,0,0,0,-1.197
1619610800877,0.592,0,0,0,0,-1.157
1619610800894,0.598,0,0,0,0,-1.165
1619610800914,0.609,0,0,0,0,-1.225
1619610800934,0.585,0,0,0,0,-1.215
1619610800954,0.598,0,0,0,0,-1.189
1619610800974,0.598,0,0,0,0,-1.212
1619610800994,0.598,0,0,0,0,-1.233
1619610801014,0.602,0,0,0,0,-1.238
1619610801034,0.609,0,0,0,0,-1.273
1619610801054,0.609,0,0,0,0,-1.273
1619610801075,0.581,0,0,0,0,-1.266
1619610801094,0.595,0,0,0,0,-1.263
1619610801114,0.598,0,0,0,0,-1.245
1619610801134,0.598,0,0,0,0,-1.235
1619610801154,0.598,0,0,0,0,-1.246
1619610801175,0.605,0,0,0,0,-1.2
1619610801194,0.585,0,0,0,0,-1.173
1619610801214,0.598,0,0,0,0,-1.17
1619610801234,0.595,0,0,0,0,-1.202
1619610801254,0.605,0,0,0,0,-1.22
1619610801274,0.602,0,0,0,0,-1.208
1619610801294,0.602,0,0,0,0,-1.194
1619610801314,0.612,0,0,0,0,-1.212
1619610801334,0.612,0,0,0,0,-1.212
1619610801354,0.578,0,0,0,0,-1.243
1619610801374,0.598,0,0,0,0,-1.285
1619610801394,0.598,0,0,0,0,-1.303
1619610801414,0.598,0,0,0,0,-1.337
1619610801434,0.595,0,0,0,0,-1.353
1619610801454,0.598,0,0,0,0,-1.402
1619610801474,0.616,0,0,0,0,-1.367
1619610801494,0.571,0,0,0,0,-1.33
1619610801514,0.595,0,0,0,0,-1.324
1619610801534,0.598,0,0,0,0,-1.357
1619610801554,0.592,0,0,0,0,-1.341
1619610801574,0.598,0,0,0,0,-1.29
1619610801594,0.595,0,0,0,0,-1.291
1619610801614,0.622,0,0,0,0,-1.273
1619610801634,0.622,0,0,0,0,-1.273
1619610801654,0.575,0,0,0,0,-1.248
1619610801674,0.592,0,0,0,0,-1.248
1619610801694,0.598,0,0,0,0,-1.229
1619610801714,0.602,0,0,0,0,-1.181
1619610801734,0.598,0,0,0,0,-1.163
1619610801754,0.602,0,0,0,0,-1.137
1619610801774,0.592,0,0,0,0,-1.073
1619610801794,0.598,0,0,0,0,-1.072
1619610801814,0.602,0,0,0,0,-1.092
1619610801834,0.602,0,0,0,0,-1.127
1619610801854,0.592,0,0,0,0,-1.085
1619610801874,0.609,0,0,0,0,-1.072
1619610801894,0.609,0,0,0,0,-1.072
1619610801914,0.588,0,0,0,0,-1.063
1619610801934,0.598,0,0,0,0,-1.055
1619610801954,0.602,0,0,0,0,-1.08
1619610801974,0.595,0,0,0,0,-1.133
1619610801994,0.598,0,0,0,0,-1.097
1619610802014,0.602,0,0,0,0,-1.111
1619610802034,0.585,0,0,0,0,-1.199
1619610802054,0.602,0,0,0,0,-1.228
1619610802074,0.598,0,0,0,0,-1.203
1619610802094,0.598,0,0,0,0,-1.2
1619610802114,0.602,0,0,0,0,-1.183
1619610802134,0.609,0,0,0,0,-1.216
1619610802154,0.609,0,0,0,0,-1.216
1619610802174,0.581,0,0,0,0,-1.232
1619610802194,0.598,0,0,0,0,-1.236
1619610802214,0.602,0,0,0,0,-1.232
1619610802234,0.598,0,0,0,0,-1.248
1619610802254,0.602,0,0,0,0,-1.236
1619610802274,0.612,0,0,0,0,-1.22
1619610802294,0.588,0,0,0,0,-1.214
1619610802314,0.598,0,0,0,0,-1.199
1619610802334,0.598,0,0,0,0,-1.223
1619610802354,0.595,0,0,0,0,-1.233
1619610802374,0.595,0,0,0,0,-1.241
1619610802394,0.598,0,0,0,0,-1.255
1619610802414,0.612,0,0,0,0,-1.267
1619610802434,0.612,0,0,0,0,-1.267
1619610802454,0.575,0,0,0,0,-1.261
1619610802474,0.602,0,0,0,0,-1.245
1619610802494,0.595,0,0,0,0,-1.237
1619610802514,0.598,0,0,0,0,-1.229
1619610802534,0.598,0,0,0,0,-1.218
1619610802554,0.598,0,0,0,0,-1.184
1619610802574,0.619,0,0,0,0,-1.165
1619610802594,0.578,0,0,0,0,-1.194
1619610802614,0.598,0,0,0,0,-1.178
1619610802634,0.598,0,0,0,0,-1.176
1619610802654,0.598,0,0,0,0,-1.192
1619610802674,0.602,0,0,0,0,-1.215
1619610802704,0.598,0,0,0,0,-1.203
1619610802714,0.622,0,0,0,0,-1.208
1619610802734,0.622,0,0,0,0,-1.208
1619610802754,0.575,0,0,0,0,-1.245
1619610802774,0.595,0,0,0,0,-1.238
1619610802795,0.595,0,0,0,0,-1.252
1619610802814,0.602,0,0,0,0,-1.242
1619610802834,0.595,0,0,0,0,-1.224
1619610802854,0.605,0,0,0,0,-1.207
1619610802874,0.595,0,0,0,0,-1.243
1619610802896,0.592,0,0,0,0,-1.206
1619610802914,0.602,0,0,0,0,-1.183
1619610802934,0.598,0,0,0,0,-1.159
1619610802954,0.598,0,0,0,0,-1.195
1619610802974,0.605,0,0,0,0,-1.213
1619610802994,0.605,0,0,0,0,-1.213
1619610803014,0.598,0,0,0,0,-1.206
1619610803034,0.598,0,0,0,0,-1.204
1619610803054,0.595,0,0,0,0,-1.216
1619610803074,0.605,0,0,0,0,-1.244
1619610803095,0.602,0,0,0,0,-1.25
1619610803115,0.609,0,0,0,0,-1.246
1619610803134,0.585,0,0,0,0,-1.246
1619610803154,0.598,0,0,0,0,-1.249
1619610803174,0.598,0,0,0,0,-1.298
1619610803195,0.602,0,0,0,0,-1.29
1619610803214,0.598,0,0,0,0,-1.258
1619610803234,0.612,0,0,0,0,-1.209
1619610803254,0.612,0,0,0,0,-1.209
1619610803274,0.585,0,0,0,0,-1.223
1619610803295,0.602,0,0,0,0,-1.212
1619610803314,0.598,0,0,0,0,-1.243
1619610803334,0.602,0,0,0,0,-1.164
1619610803354,0.605,0,0,0,0,-1.133
1619610803374,0.605,0,0,0,0,-1.134
1619610803394,0.609,0,0,0,0,-1.147
1619610803414,0.578,0,0,0,0,-1.143
1619610803434,0.605,0,0,0,0,-1.15
1619610803454,0.602,0,0,0,0,-1.197
1619610803474,0.598,0,0,0,0,-1.191
1619610803495,0.595,0,0,0,0,-1.214
1619610803516,0.602,0,0,0,0,-1.223
1619610803534,0.616,0,0,0,0,-1.2
1619610803554,0.616,0,0,0,0,-1.2
1619610803574,0.571,0,0,0,0,-1.199
1619610803595,0.598,0,0,0,0,-1.223
1619610803614,0.592,0,0,0,0,-1.221
1619610803634,0.602,0,0,0,0,-1.214
1619610803654,0.595,0,0,0,0,-1.196
1619610803674,0.598,0,0,0,0,-1.209
1619610803694,0.619,0,0,0,0,-1.207
1619610803714,0.575,0,0,0,0,-1.211
1619610803734,0.602,0,0,0,0,-1.216
1619610803754,0.598,0,0,0,0,-1.22
1619610803774,0.595,0,0,0,0,-1.216
1619610803794,0.602,0,0,0,0,-1.219
1619610803814,0.619,0,0,0,0,-1.188
1619610803834,0.619,0,0,0,0,-1.188
1619610803854,0.571,0,0,0,0,-1.169
1619610803874,0.598,0,0,0,0,-1.209
1619610803894,0.598,0,0,0,0,-1.23
1619610803914,0.602,0,0,0,0,-1.183
1619610803934,0.598,0,0,0,0,-1.155
1619610803954,0.602,0,0,0,0,-1.197
1619610803974,0.598,0,0,0,0,-1.191
1619610803994,0.598,0,0,0,0,-1.171
1619610804014,0.602,0,0,0,0,-1.164
1619610804034,0.598,0,0,0,0,-1.198
1619610804054,0.602,0,0,0,0,-1.201
1619610804074,0.609,0,0,0,0,-1.219
1619610804094,0.609,0,0,0,0,-1.219
1619610804114,0.595,0,0,0,0,-1.211
1619610804134,0.595,0,0,0,0,-1.171
1619610804154,0.602,0,0,0,0,-1.181
1619610804174,0.598,0,0,0,0,-1.216
1619610804194,0.595,0,0,0,0,-1.225
1619610804214,0.612,0,0,0,0,-1.215
1619610804234,0.592,0,0,0,0,-1.186
1619610804254,0.602,0,0,0,0,-1.184
1619610804274,0.598,0,0,0,0,-1.21
1619610804294,0.602,0,0,0,0,-1.196
1619610804314,0.598,0,0,0,0,-1.166
1619610804334,0.609,0,0,0,0,-1.204
1619610804354,0.609,0,0,0,0,-1.204
1619610804374,0.588,0,0,0,0,-1.225
1619610804394,0.592,0,0,0,0,-1.187
1619610804414,0.598,0,0,0,0,-1.198
1619610804434,0.592,0,0,0,0,-1.181
1619610804454,0.592,0,0,0,0,-1.2
1619610804474,0.598,0,0,0,0,-1.196
1619610804494,0.612,0,0,0,0,-1.235
1619610804514,0.578,0,0,0,0,-1.257
1619610804534,0.598,0,0,0,0,-1.221
1619610804554,0.595,0,0,0,0,-1.181
1619610804574,0.605,0,0,0,0,-1.14
1619610804594,0.602,0,0,0,0,-1.156
1619610804614,0.595,0,0,0,0,-1.151
1619610804634,0.616,0,0,0,0,-1.14
1619610804654,0.616,0,0,0,0,-1.14
1619610804674,0.585,0,0,0,0,-1.161
1619610804694,0.598,0,0,0,0,-1.184
1619610804714,0.598,0,0,0,0,-1.22
1619610804734,0.595,0,0,0,0,-1.194
1619610804754,0.598,0,0,0,0,-1.192
1619610804774,0.598,0,0,0,0,-1.179
1619610804794,0.622,0,0,0,0,-1.222
1619610804814,0.575,0,0,0,0,-1.2
1619610804834,0.592,0,0,0,0,-1.165
1619610804854,0.602,0,0,0,0,-1.175
1619610804874,0.598,0,0,0,0,-1.168
1619610804894,0.595,0,0,0,0,-1.168
1619610804914,0.605,0,0,0,0,-1.216
1619610804934,0.605,0,0,0,0,-1.216
1619610804954,0.592,0,0,0,0,-1.237
1619610804974,0.598,0,0,0,0,-1.249
1619610804994,0.598,0,0,0,0,-1.28
1619610805014,0.598,0,0,0,0,-1.313
1619610805034,0.595,0,0,0,0,-1.294
1619610805054,0.602,0,0,0,0,-1.319
1619610805074,0.598,0,0,0,0,-1.367
1619610805094,0.602,0,0,0,0,-1.368
1619610805116,0.602,0,0,0,0,-1.327
1619610805134,0.598,0,0,0,0,-1.298
1619610805154,0.602,0,0,0,0,-1.248
1619610805174,0.605,0,0,0,0,-1.212
1619610805194,0.605,0,0,0,0,-1.212
1619610805215,0.592,0,0,0,0,-1.199
1619610805234,0.592,0,0,0,0,-1.142
1619610805254,0.598,0,0,0,0,-1.144
1619610805274,0.595,0,0,0,0,-1.189
1619610805294,0.602,0,0,0,0,-1.194
1619610805315,0.609,0,0,0,0,-1.144
1619610805334,0.592,0,0,0,0,-1.143
1619610805354,0.595,0,0,0,0,-1.13
1619610805374,0.605,0,0,0,0,-1.106
1619610805394,0.602,0,0,0,0,-1.134
1619610805414,0.598,0,0,0,0,-1.162
1619610805434,0.612,0,0,0,0,-1.188
1619610805454,0.612,0,0,0,0,-1.188
1619610805474,0.585,0,0,0,0,-1.23
1619610805494,0.598,0,0,0,0,-1.249
1619610805515,0.598,0,0,0,0,-1.246
1619610805534,0.602,0,0,0,0,-1.252
1619610805554,0.602,0,0,0,0,-1.231
1619610805574,0.602,0,0,0,0,-1.212
1619610805594,0.612,0,0,0,0,-1.235
1619610805615,0.575,0,0,0,0,-1.242
1619610805634,0.598,0,0,0,0,-1.209
1619610805654,0.598,0,0,0,0,-1.208
1619610805674,0.592,0,0,0,0,-1.167
1619610805694,0.598,0,0,0,0,-1.195
1619610805716,0.605,0,0,0,0,-1.194
1619610805734,0.609,0,0,0,0,-1.176
1619610805754,0.609,0,0,0,0,-1.176
1619610805774,0.578,0,0,0,0,-1.176
1619610805795,0.598,0,0,0,0,-1.21
1619610805817,0.598,0,0,0,0,-1.179
1619610805834,0.595,0,0,0,0,-1.191
1619610805854,0.602,0,0,0,0,-1.197
1619610805874,0.598,0,0,0,0,-1.21
1619610805894,0.626,0,0,0,0,-1.171
1619610805916,0.564,0,0,0,0,-1.156
1619610805934,0.602,0,0,0,0,-1.153
1619610805954,0.595,0,0,0,0,-1.143
1619610805974,0.595,0,0,0,0,-1.178
1619610805994,0.598,0,0,0,0,-1.235
1619610806014,0.598,0,0,0,0,-1.263
1619610806034,0.598,0,0,0,0,-1.263
1619610806055,0.598,0,0,0,0,-1.177
1619610806074,0.598,0,0,0,0,-1.194
1619610806094,0.588,0,0,0,0,-1.191
1619610806114,0.595,0,0,0,0,-1.214
1619610806135,0.602,0,0,0,0,-1.241
1619610806154,0.602,0,0,0,0,-1.23
1619610806174,0.595,0,0,0,0,-1.202
1619610806194,0.598,0,0,0,0,-1.24
1619610806214,0.598,0,0,0,0,-1.262
1619610806234,0.598,0,0,0,0,-1.251
1619610806254,0.598,0,0,0,0,-1.263
1619610806274,0.605,0,0,0,0,-1.242
1619610806294,0.605,0,0,0,0,-1.242
1619610806314,0.592,0,0,0,0,-1.246
1619610806334,0.598,0,0,0,0,-1.236
1619610806354,0.598,0,0,0,0,-1.23
1619610806374,0.602,0,0,0,0,-1.191
1619610806394,0.592,0,0,0,0,-1.181
1619610806414,0.609,0,0,0,0,-1.192
1619610806434,0.588,0,0,0,0,-1.194
1619610806454,0.598,0,0,0,0,-1.177
1619610806474,0.598,0,0,0,0,-1.187
1619610806494,0.595,0,0,0,0,-1.215
1619610806514,0.602,0,0,0,0,-1.235
1619610806534,0.602,0,0,0,0,-1.235
1619610806554,0.605,0,0,0,0,-1.259
1619610806574,0.578,0,0,0,0,-1.259
1619610806594,0.598,0,0,0,0,-1.266
1619610806614,0.602,0,0,0,0,-1.292
1619610806634,0.595,0,0,0,0,-1.304
1619610806654,0.595,0,0,0,0,-1.339
1619610806674,0.598,0,0,0,0,-1.33
1619610806694,0.609,0,0,0,0,-1.299
1619610806714,0.575,0,0,0,0,-1.338
1619610806734,0.602,0,0,0,0,-1.382
1619610806754,0.598,0,0,0,0,-1.344
1619610806774,0.598,0,0,0,0,-1.307
1619610806794,0.605,0,0,0,0,-1.291
1619610806814,0.605,0,0,0,0,-1.291
1619610806834,0.595,0,0,0,0,-1.308
1619610806854,0.619,0,0,0,0,-1.293
1619610806874,0.571,0,0,0,0,-1.279
1619610806894,0.598,0,0,0,0,-1.253
1619610806914,0.598,0,0,0,0,-1.225
1619610806934,0.598,0,0,0,0,-1.181
1619610806954,0.602,0,0,0,0,-1.15
1619610806974,0.605,0,0,0,0,-1.12
1619610806994,0.616,0,0,0,0,-1.036
1619610807014,0.578,0,0,0,0,-0.997
1619610807034,0.598,0,0,0,0,-1.018
1619610807054,0.598,0,0,0,0,-0.999
1619610807075,0.595,0,0,0,0,-1.016
1619610807094,0.595,0,0,0,0,-1.016
1619610807114,0.609,0,0,0,0,-1.04
1619610807134,0.592,0,0,0,0,-1.081
1619610807154,0.598,0,0,0,0,-1.105
1619610807174,0.602,0,0,0,0,-1.14
1619610807194,0.595,0,0,0,0,-1.139
1619610807214,0.595,0,0,0,0,-1.098
1619610807234,0.605,0,0,0,0,-1.139
1619610807254,0.595,0,0,0,0,-1.21
1619610807274,0.598,0,0,0,0,-1.198
1619610807294,0.595,0,0,0,0,-1.193
1619610807314,0.595,0,0,0,0,-1.226
1619610807334,0.598,0,0,0,0,-1.243
1619610807354,0.598,0,0,0,0,-1.261
1619610807374,0.598,0,0,0,0,-1.261
1619610807394,0.605,0,0,0,0,-1.274
1619610807414,0.588,0,0,0,0,-1.281
1619610807434,0.602,0,0,0,0,-1.259
1619610807454,0.595,0,0,0,0,-1.248
1619610807474,0.598,0,0,0,0,-1.239
1619610807495,0.598,0,0,0,0,-1.204
1619610807514,0.609,0,0,0,0,-1.179
1619610807544,0.588,0,0,0,0,-1.176
1619610807554,0.602,0,0,0,0,-1.19
1619610807574,0.595,0,0,0,0,-1.19
1619610807594,0.605,0,0,0,0,-1.171
1619610807614,0.605,0,0,0,0,-1.171
1619610807636,0.598,0,0,0,0,-1.189
1619610807654,0.605,0,0,0,0,-1.257
1619610807674,0.581,0,0,0,0,-1.249
1619610807694,0.592,0,0,0,0,-1.209
1619610807714,0.598,0,0,0,0,-1.206
1619610807734,0.595,0,0,0,0,-1.248
1619610807754,0.602,0,0,0,0,-1.26
1619610807774,0.598,0,0,0,0,-1.246
1619610807794,0.616,0,0,0,0,-1.232
1619610807814,0.575,0,0,0,0,-1.234
1619610807835,0.605,0,0,0,0,-1.203
1619610807854,0.602,0,0,0,0,-1.214
1619610807874,0.602,0,0,0,0,-1.207
1619610807894,0.602,0,0,0,0,-1.207
1619610807914,0.598,0,0,0,0,-1.201
1619610807935,0.598,0,0,0,0,-1.212
1619610807954,0.616,0,0,0,0,-1.248
1619610807974,0.578,0,0,0,0,-1.243
1619610807994,0.598,0,0,0,0,-1.232
1619610808014,0.598,0,0,0,0,-1.197
1619610808036,0.595,0,0,0,0,-1.207
1619610808054,0.598,0,0,0,0,-1.233
1619610808074,0.602,0,0,0,0,-1.24
1619610808094,0.616,0,0,0,0,-1.2
1619610808114,0.571,0,0,0,0,-1.198
1619610808134,0.595,0,0,0,0,-1.234
1619610808154,0.602,0,0,0,0,-1.239
1619610808174,0.602,0,0,0,0,-1.239
1619610808194,0.598,0,0,0,0,-1.237
1619610808214,0.598,0,0,0,0,-1.226
1619610808235,0.602,0,0,0,0,-1.203
1619610808254,0.605,0,0,0,0,-1.212
1619610808274,0.598,0,0,0,0,-1.228
1619610808294,0.595,0,0,0,0,-1.218
1619610808314,0.605,0,0,0,0,-1.199
1619610808334,0.598,0,0,0,0,-1.227
1619610808354,0.609,0,0,0,0,-1.262
1619610808374,0.592,0,0,0,0,-1.272
1619610808394,0.598,0,0,0,0,-1.24
1619610808414,0.602,0,0,0,0,-1.225
1619610808434,0.602,0,0,0,0,-1.225
1619610808454,0.602,0,0,0,0,-1.201
1619610808474,0.602,0,0,0,0,-1.222
1619610808494,0.605,0,0,0,0,-1.197
1619610808514,0.592,0,0,0,0,-1.176
1619610808534,0.598,0,0,0,0,-1.184
1619610808554,0.605,0,0,0,0,-1.208
1619610808574,0.598,0,0,0,0,-1.173
1619610808594,0.598,0,0,0,0,-1.172
1619610808614,0.609,0,0,0,0,-1.17
1619610808634,0.592,0,0,0,0,-1.162
1619610808654,0.598,0,0,0,0,-1.169
1619610808674,0.602,0,0,0,0,-1.186
1619610808694,0.602,0,0,0,0,-1.186
1619610808714,0.598,0,0,0,0,-1.195
1619610808734,0.602,0,0,0,0,-1.203
1619610808754,0.595,0,0,0,0,-1.217
1619610808774,0.609,0,0,0,0,-1.249
1619610808794,0.575,0,0,0,0,-1.264
1619610808814,0.595,0,0,0,0,-1.254
1619610808834,0.602,0,0,0,0,-1.209
1619610808854,0.598,0,0,0,0,-1.231
1619610808874,0.595,0,0,0,0,-1.235
1619610808894,0.588,0,0,0,0,-1.229
1619610808914,0.612,0,0,0,0,-1.239
1619610808934,0.581,0,0,0,0,-1.248
1619610808954,0.598,0,0,0,0,-1.244
1619610808974,0.602,0,0,0,0,-1.197
1619610808994,0.602,0,0,0,0,-1.197
1619610809014,0.605,0,0,0,0,-1.167
1619610809034,0.592,0,0,0,0,-1.135
1619610809054,0.602,0,0,0,0,-1.144
1619610809074,0.626,0,0,0,0,-1.139
1619610809094,0.575,0,0,0,0,-1.133
1619610809114,0.595,0,0,0,0,-1.158
1619610809134,0.598,0,0,0,0,-1.195
1619610809154,0.598,0,0,0,0,-1.226
1619610809174,0.602,0,0,0,0,-1.191
1619610809194,0.619,0,0,0,0,-1.218
1619610809214,0.575,0,0,0,0,-1.265
1619610809234,0.598,0,0,0,0,-1.197
1619610809254,0.598,0,0,0,0,-1.197
1619610809274,0.609,0,0,0,0,-1.224
1619610809294,0.598,0,0,0,0,-1.228
1619610809314,0.595,0,0,0,0,-1.23
1619610809334,0.602,0,0,0,0,-1.199
1619610809354,0.598,0,0,0,0,-1.18
1619610809374,0.598,0,0,0,0,-1.181
1619610809394,0.598,0,0,0,0,-1.189
1619610809414,0.598,0,0,0,0,-1.197
1619610809434,0.602,0,0,0,0,-1.192
1619610809454,0.605,0,0,0,0,-1.194
1619610809474,0.598,0,0,0,0,-1.205
1619610809494,0.598,0,0,0,0,-1.207
1619610809514,0.598,0,0,0,0,-1.226
1619610809534,0.598,0,0,0,0,-1.226
1619610809554,0.598,0,0,0,0,-1.218
1619610809574,0.598,0,0,0,0,-1.222
1619610809594,0.609,0,0,0,0,-1.226
1619610809614,0.588,0,0,0,0,-1.188
1619610809634,0.592,0,0,0,0,-1.173
1619610809654,0.598,0,0,0,0,-1.193
1619610809674,0.595,0,0,0,0,-1.2
1619610809694,0.595,0,0,0,0,-1.215
1619610809714,0.598,0,0,0,0,-1.248
1619610809734,0.595,0,0,0,0,-1.212
1619610809755,0.598,0,0,0,0,-1.186
1619610809774,0.595,0,0,0,0,-1.189
1619610809794,0.595,0,0,0,0,-1.189
1619610809814,0.602,0,0,0,0,-1.19
1619610809834,0.598,0,0,0,0,-1.156
1619610809856,0.595,0,0,0,0,-1.145
1619610809874,0.602,0,0,0,0,-1.174
1619610809894,0.602,0,0,0,0,-1.205
1619610809914,0.595,0,0,0,0,-1.201
1619610809934,0.592,0,0,0,0,-1.197
1619610809955,0.595,0,0,0,0,-1.193
1619610809974,0.602,0,0,0,0,-1.197
1619610809994,0.598,0,0,0,0,-1.224
1619610810014,0.598,0,0,0,0,-1.228
1619610810034,0.598,0,0,0,0,-1.179
1619610810055,0.616,0,0,0,0,-1.186
1619610810074,0.575,0,0,0,0,-1.205
1619610810094,0.595,0,0,0,0,-1.251
1619610810114,0.592,0,0,0,0,-1.257
1619610810134,0.592,0,0,0,0,-1.257
1619610810156,0.605,0,0,0,0,-1.272
1619610810174,0.598,0,0,0,0,-1.299
1619610810194,0.595,0,0,0,0,-1.32
1619610810214,0.622,0,0,0,0,-1.334
1619610810234,0.571,0,0,0,0,-1.305
1619610810256,0.602,0,0,0,0,-1.282
1619610810274,0.602,0,0,0,0,-1.269
1619610810294,0.602,0,0,0,0,-1.303
1619610810314,0.602,0,0,0,0,-1.353
1619610810334,0.598,0,0,0,0,-1.277
1619610810359,0.605,0,0,0,0,-1.183
1619610810374,0.602,0,0,0,0,-1.171
1619610810394,0.602,0,0,0,0,-1.171
1619610810414,0.595,0,0,0,0,-1.144
1619610810434,0.602,0,0,0,0,-1.124
1619610810454,0.595,0,0,0,0,-1.103
1619610810474,0.602,0,0,0,0,-1.133
1619610810494,0.598,0,0,0,0,-1.129
1619610810514,0.598,0,0,0,0,-1.138
1619610810534,0.598,0,0,0,0,-1.128
1619610810555,0.602,0,0,0,0,-1.167
1619610810574,0.595,0,0,0,0,-1.161
1619610810594,0.605,0,0,0,0,-1.189
1619610810614,0.585,0,0,0,0,-1.219
1619610810634,0.602,0,0,0,0,-1.221
1619610810656,0.602,0,0,0,0,-1.221
1619610810674,0.602,0,0,0,0,-1.212
1619610810694,0.598,0,0,0,0,-1.227
1619610810714,0.598,0,0,0,0,-1.247
1619610810734,0.609,0,0,0,0,-1.234
1619610810754,0.592,0,0,0,0,-1.21
1619610810776,0.595,0,0,0,0,-1.215
1619610810794,0.612,0,0,0,0,-1.24
1619610810814,0.592,0,0,0,0,-1.234
1619610810834,0.602,0,0,0,0,-1.218
1619610810854,0.602,0,0,0,0,-1.169
1619610810874,0.581,0,0,0,0,-1.181
1619610810894,0.602,0,0,0,0,-1.195
1619610810914,0.602,0,0,0,0,-1.195
1619610810934,0.595,0,0,0,0,-1.18
1619610810954,0.595,0,0,0,0,-1.158
1619610810974,0.595,0,0,0,0,-1.147
1619610810994,0.598,0,0,0,0,-1.171
1619610811014,0.612,0,0,0,0,-1.176
1619610811034,0.585,0,0,0,0,-1.166
1619610811054,0.598,0,0,0,0,-1.166
1619610811074,0.595,0,0,0,0,-1.174
1619610811094,0.605,0,0,0,0,-1.17
1619610811114,0.598,0,0,0,0,-1.173
1619610811134,0.598,0,0,0,0,-1.129
1619610811154,0.612,0,0,0,0,-1.153
1619610811174,0.612,0,0,0,0,-1.153
1619610811194,0.581,0,0,0,0,-1.182
1619610811214,0.602,0,0,0,0,-1.229
1619610811234,0.585,0,0,0,0,-1.227
1619610811254,0.598,0,0,0,0,-1.227
1619610811274,0.609,0,0,0,0,-1.229
1619610811294,0.578,0,0,0,0,-1.228
1619610811314,0.595,0,0,0,0,-1.245
1619610811334,0.598,0,0,0,0,-1.222
1619610811354,0.602,0,0,0,0,-1.215
1619610811374,0.595,0,0,0,0,-1.215
1619610811394,0.602,0,0,0,0,-1.231
1619610811415,0.602,0,0,0,0,-1.259
1619610811434,0.602,0,0,0,0,-1.259
1619610811454,0.595,0,0,0,0,-1.239
1619610811474,0.598,0,0,0,0,-1.202
1619610811494,0.598,0,0,0,0,-1.231
1619610811514,0.602,0,0,0,0,-1.233
1619610811534,0.602,0,0,0,0,-1.19
1619610811554,0.598,0,0,0,0,-1.2
1619610811574,0.598,0,0,0,0,-1.206
1619610811594,0.598,0,0,0,0,-1.196
1619610811614,0.602,0,0,0,0,-1.176
1619610811634,0.595,0,0,0,0,-1.167
1619610811654,0.602,0,0,0,0,-1.171
1619610811674,0.595,0,0,0,0,-1.177
1619610811694,0.595,0,0,0,0,-1.177
1619610811714,0.598,0,0,0,0,-1.207
1619610811734,0.595,0,0,0,0,-1.188
1619610811754,0.598,0,0,0,0,-1.222
1619610811774,0.595,0,0,0,0,-1.286
1619610811794,0.605,0,0,0,0,-1.323
1619610811814,0.581,0,0,0,0,-1.311
1619610811834,0.598,0,0,0,0,-1.353
1619610811854,0.588,0,0,0,0,-1.367
1619610811874,0.598,0,0,0,0,-1.37
1619610811894,0.602,0,0,0,0,-1.371
1619610811914,0.605,0,0,0,0,-1.355
1619610811934,0.578,0,0,0,0,-1.363
