1619609845159 -0.296650 1.000000 0.000000
1619609845260 -0.296650 1.000000 0.000000
1619609845361 -0.296650 1.000000 0.000000
1619609845462 -0.296650 1.000000 0.000000
1619609845562 -0.296650 1.000000 0.000000
1619609845663 -0.296650 1.000000 0.000000
1619609845764 -0.296650 1.000000 0.000000
1619609845865 -0.296650 1.000000 0.000000
1619609845966 -0.296650 1.000000 0.000000
1619609846067 -0.296650 1.000000 0.000000
1619609846168 -0.296650 1.000000 0.000000
1619609846269 -0.296650 1.000000 0.000000
1619609846370 -0.296650 1.000000 0.000000
1619609846471 -0.296650 1.000000 0.000000
1619609846572 -0.296650 1.000000 0.000000
1619609846672 -0.296650 1.000000 0.000000
1619609846773 -0.296650 1.000000 0.000000
1619609846874 -0.296650 1.000000 0.000000
1619609846975 -0.296650 1.000000 0.000000
1619609847076 -0.296650 1.000000 0.000000
1619609847177 -0.296650 1.000000 0.000000
1619609847278 -0.296650 1.000000 0.000000
1619609847378 -0.296650 1.000000 0.000000
1619609847479 -0.296650 1.000000 0.000000
1619609847580 -0.296650 1.000000 0.000000
1619609847681 -0.296650 1.000000 0.000000
1619609847782 -0.296650 1.000000 0.000000
1619609847883 -0.296650 1.000000 0.000000
1619609847983 -0.296650 1.000000 0.000000
1619609848084 -0.296650 1.000000 0.000000
1619609848185 -0.296650 1.000000 0.000000
1619609848286 -0.296650 1.000000 0.000000
1619609848387 -0.296650 1.000000 0.000000
1619609848488 -0.296650 1.000000 0.000000
1619609848589 -0.296650 1.000000 0.000000
1619609848690 -0.296650 1.000000 0.000000
1619609848790 -0.296650 1.000000 0.000000
1619609848897 -0.296650 1.000000 0.000000
1619609848998 -0.296650 1.000000 0.000000
1619609849099 -0.296650 1.000000 0.000000
1619609849199 -0.296650 1.000000 0.000000
1619609849300 -0.296650 1.000000 0.000000
1619609849401 -0.296650 1.000000 0.000000
1619609849502 -0.296650 1.000000 0.000000
1619609849603 -0.296650 1.000000 0.000000
1619609849704 -0.296650 1.000000 0.000000
1619609849805 -0.296650 1.000000 0.000000
1619609849906 -0.296650 1.000000 0.000000
1619609850007 -0.296650 1.000000 0.000000
1619609850108 -0.296650 1.000000 0.000000
1619609850209 -0.296650 1.000000 0.000000
1619609850309 -0.296650 1.000000 0.000000
1619609850410 -0.296650 1.000000 0.000000
1619609850511 -0.296650 1.000000 0.000000
1619609850612 -0.296650 1.000000 0.000000
1619609850713 -0.296650 1.000000 0.000000
1619609850813 -0.296650 1.000000 0.000000
1619609850914 -0.296650 1.000000 0.000000
1619609851015 -0.296650 1.000000 0.000000
1619609851116 -0.296650 1.000000 0.000000
1619609851217 -0.296650 1.000000 0.000000
1619609851317 -0.296650 1.000000 0.000000
1619609851418 -0.296650 1.000000 0.000000
1619609851519 -0.296650 1.000000 0.000000
1619609851620 -0.296650 1.000000 0.000000
1619609851721 -0.296650 1.000000 0.000000
1619609851822 -0.296650 1.000000 0.000000
1619609851922 -0.296650 1.000000 0.000000
1619609852023 -0.296650 1.000000 0.000000
1619609852124 -0.296650 1.000000 0.000000
1619609852225 -0.296650 1.000000 0.000000
1619609852326 -0.296650 1.000000 0.000000
1619609852427 -0.296650 1.000000 0.000000
1619609852528 -0.296650 1.000000 0.000000
1619609852628 -0.296650 1.000000 0.000000
1619609852729 -0.296650 1.000000 0.000000
1619609852830 -0.296650 1.000000 0.000000
1619609852931 -0.296650 1.000000 0.000000
1619609853032 -0.296650 1.000000 0.000000
1619609853133 -0.296650 1.000000 0.000000
1619609853233 -0.296650 1.000000 0.000000
1619609853334 -0.296650 1.000000 0.000000
1619609853435 -0.296650 1.000000 0.000000
1619609853536 -0.296650 1.000000 0.000000
1619609853637 -0.296650 1.000000 0.000000
1619609853738 -0.296650 1.000000 0.000000
1619609853838 -0.296650 1.000000 0.000000
1619609853939 -0.296650 1.000000 0.000000
1619609854040 -0.296650 1.000000 0.000000
1619609854141 -0.296650 1.000000 0.000000
1619609854242 -0.296650 1.000000 0.000000
1619609854342 -0.296650 1.000000 0.000000
1619609854443 -0.296650 1.000000 0.000000
1619609854544 -0.296650 1.000000 0.000000
1619609854645 -0.296650 1.000000 0.000000
1619609854746 -0.296650 1.000000 0.000000
1619609854847 -0.296650 1.000000 0.000000
1619609854948 -0.296650 1.000000 0.000000
1619609855049 -0.296650 1.000000 0.000000
1619609855150 -0.296650 1.000000 0.000000
1619609855250 -0.296650 1.000000 0.000000
1619609855351 -0.296650 1.000000 0.000000
1619609855452 -0.296650 1.000000 0.000000
1619609855553 -0.296650 1.000000 0.000000
1619609855654 -0.296650 1.000000 0.000000
1619609855755 -0.296650 1.000000 0.000000
1619609855855 -0.296650 1.000000 0.000000
1619609855956 -0.296650 1.000000 0.000000
1619609856057 -0.296650 1.000000 0.000000
1619609856158 -0.296650 1.000000 0.000000
1619609856259 -0.296650 1.000000 0.000000
1619609856359 -0.296650 1.000000 0.000000
1619609856460 -0.296650 1.000000 0.000000
1619609856561 -0.296650 1.000000 0.000000
1619609856662 -0.296650 1.000000 0.000000
1619609856763 -0.296650 1.000000 0.000000
1619609856864 -0.296650 1.000000 0.000000
1619609856965 -0.296650 1.000000 0.000000
1619609857066 -0.296650 1.000000 0.000000
1619609857167 -0.296650 1.000000 0.000000
1619609857268 -0.296650 1.000000 0.000000
1619609857369 -0.296650 1.000000 0.000000
1619609857469 -0.296650 1.000000 0.000000
1619609857570 -0.296650 1.000000 0.000000
1619609857672 -0.296650 1.000000 0.000000
1619609857773 -0.296650 1.000000 0.000000
1619609857874 -0.296650 1.000000 0.000000
1619609857974 -0.296650 1.000000 0.000000
1619609858075 -0.296650 1.000000 0.000000
1619609858176 -0.296650 1.000000 0.000000
1619609858277 -0.296650 1.000000 0.000000
1619609858378 -0.296650 1.000000 0.000000
1619609858479 -0.296650 1.000000 0.000000
1619609858580 -0.296650 1.000000 0.000000
1619609858680 -0.296650 1.000000 0.000000
1619609858781 -0.296650 1.000000 0.000000
1619609858882 -0.296650 1.000000 0.000000
1619609858983 -0.296650 1.000000 0.000000
1619609859083 -0.296650 1.000000 0.000000
1619609859184 -0.296650 1.000000 0.000000
1619609859285 -0.296650 1.000000 0.000000
1619609859386 -0.296650 1.000000 0.000000
1619609859487 -0.296650 1.000000 0.000000
1619609859588 -0.296650 1.000000 0.000000
1619609859689 -0.296650 1.000000 0.000000
1619609859790 -0.296650 1.000000 0.000000
1619609859891 -0.296650 1.000000 0.000000
1619609859992 -0.296650 1.000000 0.000000
1619609860093 -0.296650 1.000000 0.000000
1619609860193 -0.296650 1.000000 0.000000
1619609860294 -0.296650 1.000000 0.000000
1619609860395 -0.296650 1.000000 0.000000
1619609860496 -0.296650 1.000000 0.000000
1619609860597 -0.296650 1.000000 0.000000
1619609860698 -0.296650 1.000000 0.000000
1619609860798 -0.296650 1.000000 0.000000
1619609860899 -0.296650 1.000000 0.000000
1619609861000 -0.296650 1.000000 0.000000
1619609861101 -0.296650 1.000000 0.000000
1619609861202 -0.296650 1.000000 0.000000
1619609861303 -0.296650 1.000000 0.000000
1619609861404 -0.296650 1.000000 0.000000
1619609861504 -0.296650 1.000000 0.000000
1619609861605 -0.296650 1.000000 0.000000
1619609861706 -0.296650 1.000000 0.000000
1619609861807 -0.296650 1.000000 0.000000
1619609861908 -0.296650 1.000000 0.000000
1619609862009 -0.296650 1.000000 0.000000
1619609862109 -0.296650 1.000000 0.000000
1619609862210 -0.296650 1.000000 0.000000
1619609862311 -0.296650 1.000000 0.000000
1619609862412 -0.296650 1.000000 0.000000
1619609862513 -0.296650 1.000000 0.000000
1619609862613 -0.296650 1.000000 0.000000
1619609862714 -0.296650 1.000000 0.000000
1619609862815 -0.296650 1.000000 0.000000
1619609862916 -0.296650 1.000000 0.000000
1619609863017 -0.296650 1.000000 0.000000
1619609863117 -0.296650 1.000000 0.000000
1619609863218 -0.296650 1.000000 0.000000
1619609863319 -0.296650 1.000000 0.000000
1619609863420 -0.296650 1.000000 0.000000
1619609863521 -0.296650 1.000000 0.000000
1619609863622 -0.296650 1.000000 0.000000
1619609863722 -0.296650 1.000000 0.000000
1619609863823 -0.296650 1.000000 0.000000
1619609863924 -0.296650 1.000000 0.000000
1619609864025 -0.296650 1.000000 0.000000
1619609864126 -0.296650 1.000000 0.000000
1619609864227 -0.296650 1.000000 0.000000
1619609864328 -0.296650 1.000000 0.000000
1619609864429 -0.296650 1.000000 0.000000
1619609864529 -0.296650 1.000000 0.000000
1619609864630 -0.296650 1.000000 0.000000
1619609864731 -0.296650 1.000000 0.000000
1619609864832 -0.296650 1.000000 0.000000
1619609864933 -0.296650 1.000000 0.000000
1619609865034 -0.296650 1.000000 0.000000
1619609865134 -0.296650 1.000000 0.000000
1619609865235 -0.296650 1.000000 0.000000
1619609865336 -0.296650 1.000000 0.000000
1619609865437 -0.296650 1.000000 0.000000
1619609865538 -0.296650 1.000000 0.000000
1619609865638 -0.296650 1.000000 0.000000
1619609865739 -0.296650 1.000000 0.000000
1619609865840 -0.296650 1.000000 0.000000
1619609865941 -0.296650 1.000000 0.000000
1619609866042 -0.296650 1.000000 0.000000
1619609866142 -0.296650 1.000000 0.000000
1619609866243 -0.296650 1.000000 0.000000
1619609866344 -0.296650 1.000000 0.000000
1619609866445 -0.296650 1.000000 0.000000
1619609866546 -0.296650 1.000000 0.000000
1619609866647 -0.296650 1.000000 0.000000
1619609866748 -0.296650 1.000000 0.000000
1619609866848 -0.296650 1.000000 0.000000
1619609866949 -0.296650 1.000000 0.000000
1619609867050 -0.296650 1.000000 0.000000
1619609867151 -0.296650 1.000000 0.000000
1619609867252 -0.296650 1.000000 0.000000
1619609867352 -0.296650 1.000000 0.000000
1619609867453 -0.296650 1.000000 0.000000
1619609867554 -0.296650 1.000000 0.000000
1619609867655 -0.296650 1.000000 0.000000
1619609867756 -0.296650 1.000000 0.000000
1619609867857 -0.296650 1.000000 0.000000
1619609867957 -0.296650 1.000000 0.000000
1619609868058 -0.296650 1.000000 0.000000
1619609868159 -0.296650 1.000000 0.000000
1619609868260 -0.296650 1.000000 0.000000
1619609868361 -0.296650 1.000000 0.000000
1619609868462 -0.296650 1.000000 0.000000
1619609868563 -0.296650 1.000000 0.000000
1619609868664 -0.296650 1.000000 0.000000
1619609868764 -0.296650 1.000000 0.000000
1619609868865 -0.296650 1.000000 0.000000
1619609868966 -0.296650 1.000000 0.000000
1619609869067 -0.296650 1.000000 0.000000
1619609869168 -0.296650 1.000000 0.000000
1619609869269 -0.296650 1.000000 0.000000
1619609869370 -0.296650 1.000000 0.000000
1619609869471 -0.296650 1.000000 0.000000
1619609869571 -0.296650 1.000000 0.000000
1619609869672 -0.296650 1.000000 0.000000
1619609869773 -0.296650 1.000000 0.000000
1619609869874 -0.296650 1.000000 0.000000
1619609869975 -0.296650 1.000000 0.000000
1619609870076 -0.296650 1.000000 0.000000
1619609870177 -0.296650 1.000000 0.000000
1619609870277 -0.296650 1.000000 0.000000
1619609870378 -0.296650 1.000000 0.000000
1619609870479 -0.296650 1.000000 0.000000
1619609870580 -0.296650 1.000000 0.000000
1619609870681 -0.296650 1.000000 0.000000
1619609870781 -0.296650 1.000000 0.000000
1619609870882 -0.296650 1.000000 0.000000
1619609870983 -0.296650 1.000000 0.000000
1619609871084 -0.296650 1.000000 0.000000
1619609871185 -0.296650 1.000000 0.000000
1619609871286 -0.296650 1.000000 0.000000
1619609871387 -0.296650 1.000000 0.000000
1619609871487 -0.296650 1.000000 0.000000
1619609871588 -0.296650 1.000000 0.000000
1619609871689 -0.296650 1.000000 0.000000
1619609871790 -0.296650 1.000000 0.000000
1619609871891 -0.296650 1.000000 0.000000
1619609871992 -0.296650 1.000000 0.000000
1619609872093 -0.296650 1.000000 0.000000
1619609872194 -0.296650 1.000000 0.000000
1619609872294 -0.296650 1.000000 0.000000
1619609872395 -0.296650 1.000000 0.000000
1619609872496 -0.296650 1.000000 0.000000
1619609872597 -0.296650 1.000000 0.000000
1619609872698 -0.296650 1.000000 0.000000
1619609872799 -0.296650 1.000000 0.000000
1619609872899 -0.296650 1.000000 0.000000
1619609873000 -0.296650 1.000000 0.000000
1619609873101 -0.296650 1.000000 0.000000
1619609873202 -0.296650 1.000000 0.000000
1619609873302 -0.296650 1.000000 0.000000
1619609873403 -0.296650 1.000000 0.000000
1619609873504 -0.296650 1.000000 0.000000
1619609873605 -0.296650 1.000000 0.000000
1619609873706 -0.296650 1.000000 0.000000
1619609873807 -0.296650 1.000000 0.000000
1619609873908 -0.296650 1.000000 0.000000
1619609874009 -0.296650 1.000000 0.000000
1619609874109 -0.296650 1.000000 0.000000
1619609874210 -0.296650 1.000000 0.000000
1619609874311 -0.296650 1.000000 0.000000
1619609874412 -0.296650 1.000000 0.000000
1619609874513 -0.296650 1.000000 0.000000
1619609874613 -0.296650 1.000000 0.000000
1619609874714 -0.296650 1.000000 0.000000
1619609874815 -0.296650 1.000000 0.000000
1619609874916 -0.296650 1.000000 0.000000
1619609875017 -0.296650 1.000000 0.000000
1619609875117 -0.296650 1.000000 0.000000
1619609875218 -0.296650 1.000000 0.000000
1619609875319 -0.296650 1.000000 0.000000
1619609875420 -0.296650 1.000000 0.000000
1619609875521 -0.296650 1.000000 0.000000
1619609875621 -0.296650 1.000000 0.000000
1619609875722 -0.296650 1.000000 0.000000
1619609875823 -0.296650 1.000000 0.000000
1619609875924 -0.296650 1.000000 0.000000
1619609876025 -0.296650 1.000000 0.000000
1619609876126 -0.296650 1.000000 0.000000
1619609876227 -0.296650 1.000000 0.000000
1619609876328 -0.296650 1.000000 0.000000
1619609876428 -0.296650 1.000000 0.000000
1619609876529 -0.296650 1.000000 0.000000
1619609876630 -0.296650 1.000000 0.000000
1619609876731 -0.296650 1.000000 0.000000
1619609876832 -0.296650 1.000000 0.000000
1619609876932 -0.296650 1.000000 0.000000
1619609877033 -0.296650 1.000000 0.000000
1619609877134 -0.296650 1.000000 0.000000
1619609877235 -0.296650 1.000000 0.000000
1619609877336 -0.296650 1.000000 0.000000
1619609877437 -0.296650 1.000000 0.000000
1619609877537 -0.296650 1.000000 0.000000
1619609877638 -0.296650 1.000000 0.000000
1619609877739 -0.296650 1.000000 0.000000
1619609877840 -0.296650 1.000000 0.000000
1619609877941 -0.296650 1.000000 0.000000
1619609878042 -0.296650 1.000000 0.000000
1619609878142 -0.296650 1.000000 0.000000
1619609878243 -0.296650 1.000000 0.000000
1619609878344 -0.296650 1.000000 0.000000
1619609878445 -0.296650 1.000000 0.000000
1619609878546 -0.296650 1.000000 0.000000
1619609878647 -0.296650 1.000000 0.000000
1619609878748 -0.296650 1.000000 0.000000
1619609878849 -0.296650 1.000000 0.000000
1619609878950 -0.296650 1.000000 0.000000
1619609879051 -0.296650 1.000000 0.000000
1619609879152 -0.296650 1.000000 0.000000
1619609879252 -0.296650 1.000000 0.000000
1619609879353 -0.296650 1.000000 0.000000
1619609879454 -0.296650 1.000000 0.000000
1619609879555 -0.296650 1.000000 0.000000
1619609879656 -0.296650 1.000000 0.000000
1619609879756 -0.296650 1.000000 0.000000
1619609879857 -0.296650 1.000000 0.000000
1619609879958 -0.296650 1.000000 0.000000
