1619778746882,0.55,0.3,0.0
1619778746984,0.55,0.3,0.005613
1619778747085,0.55,0.3,0.0118
1619778747187,0.55,0.3,0.01292
1619778747289,0.55,0.3,0.016855
1619778747391,0.55,0.3,0.019873
1619778747494,0.55,0.3,0.02571
1619778747597,0.55,0.3,0.030154
1619778747701,0.55,0.3,0.024079
1619778747806,0.55,0.3,0.02033
1619778747911,0.55,0.3,0.020119
1619778748018,0.55,0.3,0.011141
1619778748124,0.55,0.3,0.001919
1619778748230,0.55,0.3,-0.008208
1619778748335,0.55,0.3,-0.014964
1619778748439,0.55,0.3,-0.02556
1619778748541,0.55,0.3,-0.035611
1619778748642,0.55,0.3,-0.039095
1619778748743,0.55,0.3,-0.034315
1619778748845,0.55,0.3,-0.028331
1619778748950,0.55,0.3,-0.045328
1619778749055,0.55,0.3,-0.048257
1619778749158,0.55,0.3,-0.034148
1619778749259,0.55,0.3,-0.036579
1619778749365,0.55,0.3,-0.039149
1619778749469,0.55,0.3,-0.040525
1619778749575,0.55,0.3,-0.047875
1619778749682,0.55,0.3,-0.048991
1619778749786,0.55,0.3,-0.062938
1619778749886,0.55,0.3,-0.065174
1619778749987,0.55,0.3,-0.067694
1619778750088,0.55,0.3,-0.058623
1619778750190,0.55,0.3,-0.06767
1619778750294,0.55,0.3,-0.069915
1619778750399,0.55,0.3,-0.069563
1619778750504,0.55,0.3,-0.074251
1619778750610,0.55,0.3,-0.084218
1619778750715,0.55,0.3,-0.084678
1619778750819,0.55,0.3,-0.087126
1619778750925,0.55,0.3,-0.084401
1619778751030,0.55,0.3,-0.084173
1619778751135,0.55,0.3,-0.085694
1619778751235,0.55,0.3,-0.094143
1619778751337,0.55,0.3,-0.093812
1619778751439,0.55,0.3,-0.083608
1619778751541,0.55,0.3,-0.078133
1619778751645,0.55,0.3,-0.081619
1619778751750,0.55,0.3,-0.064215
1619778751855,0.55,0.3,-0.076247
1619778751963,0.55,0.3,-0.077338
1619778752069,0.55,0.3,-0.062433
1619778752175,0.55,0.3,-0.066658
1619778752281,0.55,0.3,-0.066042
1619778752386,0.55,0.3,-0.061353
1619778752490,0.55,0.3,-0.066432
1619778752592,0.55,0.3,-0.053635
1619778752694,0.55,0.3,-0.0502
1619778752796,0.55,0.3,-0.026154
1619778752898,0.55,0.3,-0.026832
1619778753002,0.55,0.3,-0.029566
1619778753108,0.55,0.3,-0.012344
1619778753211,0.55,0.3,-0.014136
1619778753314,0.55,0.3,-0.006133
1619778753419,0.55,0.3,-0.012318
1619778753525,0.55,0.3,-0.005253
1619778753632,0.55,0.3,-0.014935
1619778753736,0.55,0.3,-0.026249
1619778753841,0.55,0.3,-0.023917
1619778753944,0.55,0.3,-0.018191
1619778754046,0.55,0.3,-0.023666
1619778754148,0.55,0.3,-0.028142
1619778754251,0.55,0.3,-0.026787
1619778754356,0.55,0.3,-0.025383
1619778754462,0.55,0.3,-0.018643
1619778754566,0.55,0.3,-0.033306
1619778754674,0.55,0.3,-0.023619
1619778754779,0.55,0.3,-0.028487
1619778754883,0.55,0.3,-0.031396
1619778754989,0.55,0.3,-0.041504
1619778755095,0.55,0.3,-0.036089
1619778755200,0.55,0.3,-0.042329
1619778755302,0.55,0.3,-0.050532
1619778755403,0.55,0.3,-0.059102
1619778755505,0.55,0.3,-0.067525
1619778755607,0.55,0.3,-0.062699
1619778755709,0.55,0.3,-0.07022
1619778755815,0.55,0.3,-0.066275
1619778755920,0.55,0.3,-0.067842
1619778756026,0.55,0.3,-0.067766
1619778756131,0.55,0.3,-0.068382
1619778756235,0.55,0.3,-0.049325
1619778756339,0.55,0.3,-0.039293
1619778756447,0.55,0.3,-0.03808
1619778756553,0.55,0.3,-0.032946
1619778756657,0.55,0.3,-0.046104
1619778756758,0.55,0.3,-0.045935
1619778756860,0.55,0.3,-0.058995
1619778756963,0.55,0.3,-0.068317
1619778757066,0.55,0.3,-0.065627
1619778757169,0.55,0.3,-0.073466
1619778757274,0.55,0.3,-0.08606
1619778757378,0.55,0.3,-0.078938
1619778757480,0.55,0.3,-0.078588
1619778757584,0.55,0.3,-0.076758
1619778757690,0.55,0.3,-0.070841
1619778757796,0.55,0.3,-0.070092
1619778757902,0.55,0.3,-0.069509
1619778758008,0.55,0.3,-0.056425
1619778758111,0.55,0.3,-0.055882
1619778758213,0.55,0.3,-0.052676
1619778758315,0.55,0.3,-0.06146
1619778758418,0.55,0.3,-0.057397
1619778758524,0.55,0.3,-0.056412
1619778758630,0.55,0.3,-0.052498
1619778758735,0.55,0.3,-0.058627
1619778758839,0.55,0.3,-0.052238
1619778758943,0.55,0.3,-0.046548
1619778759049,0.55,0.3,-0.043409
1619778759153,0.55,0.3,-0.042636
1619778759259,0.55,0.3,-0.038827
1619778759365,0.55,0.3,-0.048147
1619778759468,0.55,0.3,-0.043383
1619778759570,0.55,0.3,-0.050367
1619778759672,0.55,0.3,-0.042329
1619778759774,0.55,0.3,-0.043447
1619778759876,0.55,0.3,-0.05271
1619778759981,0.55,0.3,-0.043972
1619778760090,0.55,0.3,-0.043972
1619778760198,0.55,0.3,-0.062108
1619778760304,0.55,0.3,-0.070153
1619778760409,0.55,0.3,-0.071154
1619778760515,0.55,0.3,-0.075634
1619778760619,0.55,0.3,-0.073597
1619778760725,0.55,0.3,-0.073723
1619778760828,0.55,0.3,-0.066524
1619778760930,0.55,0.3,-0.071191
1619778761033,0.55,0.3,-0.062241
1619778761135,0.55,0.3,-0.071987
1619778761238,0.55,0.3,-0.065783
1619778761341,0.55,0.3,-0.045009
1619778761446,0.55,0.3,-0.041049
1619778761550,0.55,0.3,-0.033696
1619778761654,0.55,0.3,-0.025779
1619778761760,0.55,0.3,-0.041214
1619778761865,0.55,0.3,-0.043261
1619778761971,0.55,0.3,-0.041102
1619778762077,0.55,0.3,-0.035828
1619778762181,0.55,0.3,-0.027157
1619778762288,0.55,0.3,-0.031501
1619778762392,0.55,0.3,-0.031128
1619778762495,0.55,0.3,-0.032781
1619778762597,0.55,0.3,-0.024966
1619778762703,0.55,0.3,-0.026536
1619778762809,0.55,0.3,-0.020773
1619778762914,0.55,0.3,-0.023456
1619778763020,0.55,0.3,-0.029822
1619778763126,0.55,0.3,-0.034821
1619778763230,0.55,0.3,-0.040524
1619778763333,0.55,0.3,-0.043084
1619778763437,0.55,0.3,-0.045723
1619778763542,0.55,0.3,-0.037769
1619778763645,0.55,0.3,-0.053879
1619778763746,0.55,0.3,-0.045956
1619778763848,0.55,0.3,-0.04368
1619778763949,0.55,0.3,-0.042339
1619778764053,0.55,0.3,-0.041954
1619778764158,0.55,0.3,-0.039928
1619778764263,0.55,0.3,-0.038644
1619778764368,0.55,0.3,-0.033799
1619778764473,0.55,0.3,-0.037152
1619778764579,0.55,0.3,-0.053458
1619778764684,0.55,0.3,-0.04921
1619778764790,0.55,0.3,-0.059299
1619778764896,0.55,0.3,-0.062797
1619778765001,0.55,0.3,-0.058135
1619778765105,0.55,0.3,-0.064877
1619778765207,0.55,0.3,-0.069535
1619778765308,0.55,0.3,-0.060664
1619778765412,0.55,0.3,-0.057631
1619778765517,0.55,0.3,-0.053917
1619778765625,0.55,0.3,-0.049676
1619778765728,0.55,0.3,-0.056076
1619778765833,0.55,0.3,-0.046274
1619778765938,0.55,0.3,-0.044745
1619778766045,0.55,0.3,-0.041533
1619778766150,0.55,0.3,-0.045764
1619778766256,0.55,0.3,-0.047674
1619778766359,0.55,0.3,-0.056038
1619778766460,0.55,0.3,-0.057974
1619778766562,0.55,0.3,-0.058761
1619778766663,0.55,0.3,-0.061504
1619778766766,0.55,0.3,-0.053057
1619778766870,0.55,0.3,-0.050343
1619778766976,0.55,0.3,-0.049457
1619778767082,0.55,0.3,-0.060216
1619778767188,0.55,0.3,-0.043846
1619778767294,0.55,0.3,-0.048706
1619778767400,0.55,0.3,-0.050376
1619778767507,0.55,0.3,-0.053902
1619778767613,0.55,0.3,-0.05452
1619778767716,0.55,0.3,-0.060916
1619778767817,0.55,0.3,-0.063176
1619778767919,0.55,0.3,-0.064216
1619778768022,0.55,0.3,-0.063003
1619778768124,0.55,0.3,-0.053041
1619778768228,0.55,0.3,-0.056207
1619778768333,0.55,0.3,-0.06269
1619778768438,0.55,0.3,-0.066057
1619778768544,0.55,0.3,-0.066956
1619778768649,0.55,0.3,-0.079533
1619778768755,0.55,0.3,-0.084567
1619778768861,0.55,0.3,-0.094507
1619778768970,0.55,0.3,-0.092944
1619778769074,0.55,0.3,-0.086709
1619778769177,0.55,0.3,-0.086245
1619778769282,0.55,0.3,-0.068434
1619778769383,0.55,0.3,-0.056051
1619778769485,0.55,0.3,-0.056572
1619778769588,0.55,0.3,-0.05773
1619778769693,0.55,0.3,-0.044218
1619778769795,0.55,0.3,-0.032654
1619778769898,0.55,0.3,-0.016149
1619778770003,0.55,0.3,-0.015475
1619778770109,0.55,0.3,-0.025862
1619778770215,0.55,0.3,-0.01889
1619778770319,0.55,0.3,-0.032909
1619778770424,0.55,0.3,-0.027087
1619778770527,0.55,0.3,-0.025484
1619778770628,0.55,0.3,-0.015005
1619778770730,0.55,0.3,-0.025918
1619778770831,0.55,0.3,-0.035885
1619778770935,0.55,0.3,-0.042497
1619778771042,0.55,0.3,-0.034059
1619778771148,0.55,0.3,-0.036004
1619778771254,0.55,0.3,-0.040145
1619778771359,0.55,0.3,-0.033356
1619778771465,0.55,0.3,-0.031026
1619778771570,0.55,0.3,-0.028175
1619778771677,0.55,0.3,-0.03258
1619778771782,0.55,0.3,-0.037864
1619778771886,0.55,0.3,-0.030645
1619778771987,0.55,0.3,-0.035521
1619778772089,0.55,0.3,-0.032808
1619778772191,0.55,0.3,-0.036302
1619778772295,0.55,0.3,-0.033443
1619778772399,0.55,0.3,-0.033299
1619778772505,0.55,0.3,-0.040694
1619778772613,0.55,0.3,-0.038436
1619778772719,0.55,0.3,-0.039874
1619778772823,0.55,0.3,-0.036538
1619778772927,0.55,0.3,-0.035639
1619778773031,0.55,0.3,-0.040989
1619778773137,0.55,0.3,-0.044758
1619778773239,0.55,0.3,-0.044551
1619778773341,0.55,0.3,-0.039342
1619778773443,0.55,0.3,-0.040978
1619778773545,0.55,0.3,-0.036557
1619778773647,0.55,0.3,-0.041487
1619778773751,0.55,0.3,-0.037943
1619778773855,0.55,0.3,-0.024047
1619778773958,0.55,0.3,-0.026758
1619778774061,0.55,0.3,-0.024293
1619778774167,0.55,0.3,-0.017302
1619778774271,0.55,0.3,-0.013649
1619778774375,0.55,0.3,-0.022014
1619778774480,0.55,0.3,-0.025618
1619778774585,0.55,0.3,-0.027239
1619778774686,0.55,0.3,-0.034546
1619778774788,0.55,0.3,-0.031741
1619778774890,0.55,0.3,-0.036055
1619778774991,0.55,0.3,-0.037504
1619778775094,0.55,0.3,-0.041787
1619778775198,0.55,0.3,-0.048285
1619778775305,0.55,0.3,-0.0569
1619778775410,0.55,0.3,-0.064552
1619778775517,0.55,0.3,-0.059798
1619778775622,0.55,0.3,-0.062481
1619778775724,0.55,0.3,-0.05823
1619778775828,0.55,0.3,-0.054311
1619778775933,0.55,0.3,-0.06258
1619778776035,0.55,0.3,-0.058259
1619778776136,0.55,0.3,-0.04227
1619778776238,0.55,0.3,-0.045691
1619778776339,0.55,0.3,-0.041302
1619778776444,0.55,0.3,-0.042437
1619778776550,0.55,0.3,-0.041273
1619778776656,0.55,0.3,-0.044359
1619778776761,0.55,0.3,-0.053402
1619778776867,0.55,0.3,-0.055222
1619778776971,0.55,0.3,-0.049849
1619778777076,0.55,0.3,-0.049182
1619778777182,0.55,0.3,-0.078823
1619778777287,0.55,0.3,-0.078823
1619778777390,0.55,0.3,-0.078676
1619778777492,0.55,0.3,-0.078676
1619778777596,0.55,0.3,-0.063386
1619778777698,0.55,0.3,-0.058598
1619778777804,0.55,0.3,-0.057918
1619778777909,0.55,0.3,-0.057918
1619778778014,0.55,0.3,-0.054212
1619778778117,0.55,0.3,-0.054212
1619778778222,0.55,0.3,-0.042725
1619778778328,0.55,0.3,-0.03904
1619778778431,0.55,0.3,-0.032481
1619778778532,0.55,0.3,-0.015825
1619778778632,0.55,0.3,-0.017958
1619778778733,0.55,0.3,-0.017345
1619778778834,0.55,0.3,-0.021901
1619778778935,0.55,0.3,-0.019606
1619778779035,0.55,0.3,-0.005865
1619778779139,0.55,0.3,-0.008497
1619778779240,0.55,0.3,-0.006362
1619778779341,0.55,0.3,-0.008852
1619778779442,0.55,0.3,-0.009473
1619778779543,0.55,0.3,-0.015234
1619778779643,0.55,0.3,-0.008825
1619778779744,0.55,0.3,0.001963
1619778779845,0.55,0.3,0.002773
1619778779947,0.55,0.3,0.000394
1619778780052,0.55,0.3,-0.013642
1619778780154,0.55,0.3,-0.018502
1619778780256,0.55,0.3,-0.030047
1619778780358,0.55,0.3,-0.026977
1619778780460,0.55,0.3,-0.028389
1619778780563,0.55,0.3,-0.030418
1619778780666,0.55,0.3,-0.047832
1619778780769,0.55,0.3,-0.050406
1619778780874,0.55,0.3,-0.060309
1619778780979,0.55,0.3,-0.050209
1619778781085,0.55,0.3,-0.04716
1619778781190,0.55,0.3,-0.034571
1619778781295,0.55,0.3,-0.025165
1619778781399,0.55,0.3,-0.02614
1619778781502,0.55,0.3,-0.025431
1619778781605,0.55,0.3,-0.032026
1619778781707,0.55,0.3,-0.030508
1619778781810,0.55,0.3,-0.022458
1619778781911,0.55,0.3,-0.019528
