1619611839729 -0.200675 0.798000 0.000000
1619611839830 -0.200675 0.798000 0.000000
1619611839931 -0.200675 0.798000 0.000000
1619611840032 -0.200675 0.798000 0.000000
1619611840132 -0.200675 0.798000 0.000000
1619611840233 -0.200675 0.798000 0.000000
1619611840334 -0.200675 0.798000 0.000000
1619611840435 -0.200675 0.798000 0.000000
1619611840536 -0.200675 0.798000 0.000000
1619611840636 -0.200675 0.798000 0.000000
1619611840737 -0.200675 0.798000 0.000000
1619611840838 -0.200675 0.798000 0.000000
1619611840939 -0.200675 0.798000 0.000000
1619611841040 -0.200675 0.798000 0.000000
1619611841140 -0.200675 0.798000 0.000000
1619611841241 -0.200675 0.798000 0.000000
1619611841342 -0.200675 0.798000 0.000000
1619611841443 -0.200675 0.798000 0.000000
1619611841544 -0.200675 0.798000 0.000000
1619611841645 -0.200675 0.798000 0.000000
1619611841746 -0.200675 0.798000 0.000000
1619611841846 -0.200675 0.798000 0.000000
1619611841948 -0.200675 0.798000 0.000000
1619611842049 -0.200675 0.798000 0.000000
1619611842150 -0.200675 0.798000 0.000000
1619611842251 -0.200675 0.798000 0.000000
1619611842352 -0.200675 0.798000 0.000000
1619611842453 -0.200675 0.798000 0.000000
1619611842554 -0.200675 0.798000 0.000000
1619611842655 -0.200675 0.798000 0.000000
1619611842755 -0.200675 0.798000 0.000000
1619611842856 -0.200675 0.798000 0.000000
1619611842957 -0.200675 0.798000 0.000000
1619611843058 -0.200675 0.798000 0.000000
1619611843159 -0.200675 0.798000 0.000000
1619611843259 -0.200675 0.798000 0.000000
1619611843360 -0.200675 0.798000 0.000000
1619611843461 -0.200675 0.798000 0.000000
1619611843562 -0.200675 0.798000 0.000000
1619611843663 -0.200675 0.798000 0.000000
1619611843764 -0.200675 0.798000 0.000000
1619611843865 -0.200675 0.798000 0.000000
1619611843966 -0.200675 0.798000 0.000000
1619611844067 -0.200675 0.798000 0.000000
1619611844168 -0.200675 0.798000 0.000000
1619611844269 -0.200675 0.798000 0.000000
1619611844369 -0.200675 0.798000 0.000000
1619611844470 -0.200675 0.796500 0.000000
1619611844571 -0.200675 0.795000 0.000000
1619611844672 -0.200675 0.793500 0.000000
1619611844773 -0.200675 0.792000 0.000000
1619611844874 -0.200675 0.790500 0.000000
1619611844975 -0.200675 0.789000 0.000000
1619611845076 -0.200675 0.787500 0.000000
1619611845176 -0.200675 0.786000 0.000000
1619611845277 -0.200675 0.784500 0.000000
1619611845378 -0.200675 0.783000 0.000000
1619611845479 -0.200675 0.781500 0.000000
1619611845580 -0.200675 0.780000 0.000000
1619611845681 -0.200675 0.778500 0.000000
1619611845781 -0.200675 0.779500 0.000000
1619611845882 -0.200675 0.780500 0.000000
1619611845983 -0.200675 0.781500 0.000000
1619611846084 -0.200675 0.782500 0.000000
1619611846185 -0.200675 0.783500 0.000000
1619611846285 -0.200675 0.784500 0.000000
1619611846386 -0.200675 0.785500 0.000000
1619611846487 -0.200675 0.784000 0.000000
1619611846588 -0.200675 0.785000 0.000000
1619611846689 -0.200675 0.786000 0.000000
1619611846790 -0.200675 0.787000 0.000000
1619611846890 -0.200675 0.788000 0.000000
1619611846991 -0.200675 0.789000 0.000000
1619611847093 -0.200675 0.790000 0.000000
1619611847193 -0.200675 0.791000 0.000000
1619611847294 -0.200675 0.792000 0.000000
1619611847395 -0.200675 0.793000 0.000000
1619611847496 -0.200675 0.794000 0.000000
1619611847597 -0.200675 0.792500 0.000000
1619611847698 -0.200675 0.793500 0.000000
1619611847798 -0.200675 0.794500 0.000000
1619611847899 -0.200675 0.795500 0.000000
1619611848000 -0.200675 0.796500 0.000000
1619611848101 -0.200675 0.797500 0.000000
1619611848202 -0.200675 0.796000 0.000000
1619611848303 -0.200675 0.794500 0.000000
1619611848403 -0.200675 0.793000 0.000000
1619611848504 -0.200675 0.794000 0.000000
1619611848605 -0.200675 0.795000 0.000000
1619611848706 -0.200675 0.796000 0.000000
1619611848807 -0.200675 0.797000 0.000000
1619611848909 -0.200675 0.798000 0.000000
1619611849010 -0.200675 0.798000 0.000000
1619611849111 -0.200675 0.798000 0.000000
1619611849211 -0.200675 0.798000 0.000000
1619611849312 -0.200675 0.798000 0.000000
1619611849413 -0.200675 0.798000 0.000000
1619611849514 -0.200675 0.798000 0.000000
1619611849615 -0.200675 0.798000 0.000000
1619611849715 -0.200675 0.798000 0.000000
1619611849817 -0.200675 0.796500 0.000000
1619611849918 -0.200675 0.795000 0.000000
1619611850018 -0.200675 0.793500 0.000000
1619611850119 -0.200675 0.792000 0.000000
1619611850220 -0.200675 0.793000 0.000000
1619611850321 -0.200675 0.794000 0.000000
1619611850422 -0.200675 0.795000 0.000000
1619611850522 -0.200675 0.796000 0.000000
1619611850623 -0.200675 0.797000 0.000000
1619611850724 -0.200675 0.798000 0.000000
1619611850825 -0.200675 0.798000 0.000000
1619611850926 -0.200675 0.796500 0.000000
1619611851027 -0.200675 0.795000 0.000000
1619611851128 -0.200675 0.796000 0.000000
1619611851229 -0.200675 0.797000 0.000000
1619611851329 -0.200675 0.798000 0.000000
1619611851430 -0.200675 0.798000 0.000000
1619611851531 -0.200675 0.798000 0.000000
1619611851632 -0.200675 0.798000 0.000000
1619611851733 -0.200675 0.798000 0.000000
1619611851833 -0.200675 0.798000 0.000000
1619611851934 -0.200675 0.798000 0.000000
1619611852036 -0.200675 0.798000 0.000000
1619611852137 -0.200675 0.798000 0.000000
1619611852238 -0.200675 0.798000 0.000000
1619611852339 -0.200675 0.796500 0.000000
1619611852442 -0.200675 0.795000 0.000000
1619611852546 -0.200675 0.796000 0.000000
1619611852647 -0.200675 0.797000 0.000000
1619611852748 -0.200675 0.798000 0.000000
1619611852851 -0.200675 0.796500 0.000000
1619611852953 -0.200675 0.795000 0.000000
1619611853053 -0.200675 0.793500 0.000000
1619611853155 -0.200675 0.792000 0.000000
1619611853256 -0.200675 0.790500 0.000000
1619611853356 -0.200675 0.789000 0.000000
1619611853457 -0.200675 0.787500 0.000000
1619611853558 -0.200675 0.788500 0.000000
1619611853659 -0.200675 0.789500 0.000000
1619611853760 -0.200675 0.790500 0.000000
1619611853861 -0.200675 0.791500 0.000000
1619611853961 -0.200675 0.790000 0.000000
1619611854062 -0.200675 0.788500 0.000000
1619611854163 -0.200675 0.787000 0.000000
1619611854264 -0.200675 0.788000 0.000000
1619611854365 -0.200675 0.789000 0.000000
1619611854465 -0.200675 0.790000 0.000000
1619611854566 -0.200675 0.791000 0.000000
1619611854667 -0.200675 0.792000 0.000000
1619611854768 -0.200675 0.793000 0.000000
1619611854869 -0.200675 0.794000 0.000000
1619611854970 -0.200675 0.795000 0.000000
1619611855070 -0.200675 0.796000 0.000000
1619611855171 -0.200675 0.797000 0.000000
1619611855272 -0.200675 0.798000 0.000000
1619611855373 -0.200675 0.798000 0.000000
1619611855474 -0.200675 0.798000 0.000000
1619611855575 -0.200675 0.796500 0.000000
1619611855675 -0.200675 0.797500 0.000000
1619611855776 -0.200675 0.798000 0.000000
1619611855877 -0.200675 0.796500 0.000000
1619611855978 -0.200675 0.797500 0.000000
1619611856079 -0.200675 0.796000 0.000000
1619611856180 -0.200675 0.797000 0.000000
1619611856280 -0.200675 0.795500 0.000000
1619611856381 -0.200675 0.794000 0.000000
1619611856482 -0.200675 0.792500 0.000000
1619611856583 -0.200675 0.791000 0.000000
1619611856684 -0.200675 0.789500 0.000000
1619611856785 -0.200675 0.788000 0.000000
1619611856886 -0.200675 0.786500 0.000000
1619611856987 -0.200675 0.785000 0.000000
1619611857088 -0.200675 0.783500 0.000000
1619611857188 -0.200675 0.784500 0.000000
1619611857289 -0.200675 0.785500 0.000000
1619611857390 -0.200675 0.786500 0.000000
1619611857491 -0.200675 0.787500 0.000000
1619611857592 -0.200675 0.788500 0.000000
1619611857693 -0.200675 0.789500 0.000000
1619611857793 -0.200675 0.790500 0.000000
1619611857895 -0.200675 0.791500 0.000000
1619611857996 -0.200675 0.792500 0.000000
1619611858097 -0.200675 0.793500 0.000000
1619611858197 -0.200675 0.794500 0.000000
1619611858298 -0.200675 0.795500 0.000000
1619611858399 -0.200675 0.796500 0.000000
1619611858500 -0.200675 0.797500 0.000000
1619611858601 -0.200675 0.796000 0.000000
1619611858701 -0.200675 0.797000 0.000000
1619611858802 -0.200675 0.795500 0.000000
1619611858903 -0.200675 0.796500 0.000000
1619611859004 -0.200675 0.797500 0.000000
1619611859105 -0.200675 0.798000 0.000000
1619611859206 -0.200675 0.798000 0.000000
1619611859307 -0.200675 0.798000 0.000000
1619611859408 -0.200675 0.798000 0.000000
1619611859509 -0.200675 0.798000 0.000000
1619611859609 -0.200675 0.798000 0.000000
1619611859710 -0.200675 0.798000 0.000000
1619611859811 -0.200675 0.798000 0.000000
1619611859912 -0.200675 0.798000 0.000000
1619611860013 -0.200675 0.798000 0.000000
1619611860114 -0.200675 0.798000 0.000000
1619611860215 -0.200675 0.798000 0.000000
1619611860316 -0.200675 0.798000 0.000000
1619611860416 -0.200675 0.798000 0.000000
1619611860517 -0.200675 0.798000 0.000000
1619611860618 -0.200675 0.798000 0.000000
1619611860719 -0.200675 0.798000 0.000000
1619611860820 -0.200675 0.798000 0.000000
1619611860921 -0.200675 0.798000 0.000000
1619611861021 -0.200675 0.798000 0.000000
1619611861122 -0.200675 0.798000 0.000000
1619611861223 -0.200675 0.798000 0.000000
1619611861324 -0.200675 0.798000 0.000000
1619611861425 -0.200675 0.796500 0.000000
1619611861526 -0.200675 0.795000 0.000000
1619611861626 -0.200675 0.793500 0.000000
1619611861727 -0.200675 0.792000 0.000000
1619611861828 -0.200675 0.793000 0.000000
1619611861929 -0.200675 0.791500 0.000000
1619611862030 -0.200675 0.790000 0.000000
1619611862131 -0.200675 0.788500 0.000000
1619611862232 -0.200675 0.789500 0.000000
1619611862332 -0.200675 0.790500 0.000000
1619611862433 -0.200675 0.789000 0.000000
1619611862534 -0.200675 0.787500 0.000000
1619611862635 -0.200675 0.786000 0.000000
1619611862736 -0.200675 0.784500 0.000000
1619611862837 -0.200675 0.783000 0.000000
1619611862937 -0.200675 0.784000 0.000000
1619611863038 -0.200675 0.785000 0.000000
1619611863139 -0.200675 0.786000 0.000000
1619611863240 -0.200675 0.787000 0.000000
1619611863341 -0.200675 0.788000 0.000000
1619611863442 -0.200675 0.789000 0.000000
1619611863542 -0.200675 0.790000 0.000000
1619611863643 -0.200675 0.791000 0.000000
1619611863744 -0.200675 0.789500 0.000000
1619611863845 -0.200675 0.790500 0.000000
1619611863946 -0.200675 0.791500 0.000000
1619611864047 -0.200675 0.792500 0.000000
1619611864148 -0.200675 0.793500 0.000000
1619611864249 -0.200675 0.792000 0.000000
1619611864350 -0.200675 0.790500 0.000000
1619611864451 -0.200675 0.789000 0.000000
1619611864552 -0.200675 0.787500 0.000000
1619611864653 -0.200675 0.788500 0.000000
1619611864754 -0.200675 0.787000 0.000000
1619611864855 -0.200675 0.788000 0.000000
1619611864957 -0.200675 0.789000 0.000000
1619611865058 -0.200675 0.790000 0.000000
1619611865158 -0.200675 0.791000 0.000000
1619611865259 -0.200675 0.792000 0.000000
1619611865360 -0.200675 0.790500 0.000000
1619611865461 -0.200675 0.791500 0.000000
1619611865561 -0.200675 0.792500 0.000000
1619611865662 -0.200675 0.793500 0.000000
1619611865763 -0.200675 0.794500 0.000000
1619611865864 -0.200675 0.793000 0.000000
1619611865965 -0.200675 0.794000 0.000000
1619611866066 -0.200675 0.792500 0.000000
1619611866167 -0.200675 0.791000 0.000000
1619611866268 -0.200675 0.789500 0.000000
1619611866369 -0.200675 0.788000 0.000000
1619611866470 -0.200675 0.786500 0.000000
1619611866571 -0.200675 0.787500 0.000000
1619611866672 -0.200675 0.786000 0.000000
1619611866773 -0.200675 0.787000 0.000000
1619611866874 -0.200675 0.788000 0.000000
1619611866975 -0.200675 0.789000 0.000000
1619611867076 -0.200675 0.790000 0.000000
1619611867176 -0.200675 0.788500 0.000000
1619611867277 -0.200675 0.787000 0.000000
1619611867378 -0.200675 0.785500 0.000000
1619611867479 -0.200675 0.786500 0.000000
1619611867580 -0.200675 0.785000 0.000000
1619611867680 -0.200675 0.786000 0.000000
1619611867781 -0.200675 0.787000 0.000000
1619611867882 -0.200675 0.788000 0.000000
1619611867983 -0.200675 0.789000 0.000000
1619611868084 -0.200675 0.790000 0.000000
1619611868185 -0.200675 0.788500 0.000000
1619611868285 -0.200675 0.789500 0.000000
1619611868387 -0.200675 0.788000 0.000000
1619611868488 -0.200675 0.786500 0.000000
1619611868589 -0.200675 0.787500 0.000000
1619611868689 -0.200675 0.788500 0.000000
1619611868790 -0.200675 0.789500 0.000000
1619611868891 -0.200675 0.790500 0.000000
1619611868992 -0.200675 0.791500 0.000000
1619611869093 -0.200675 0.792500 0.000000
1619611869193 -0.200675 0.791000 0.000000
1619611869294 -0.200675 0.789500 0.000000
1619611869395 -0.200675 0.788000 0.000000
1619611869496 -0.200675 0.786500 0.000000
1619611869597 -0.200675 0.785000 0.000000
1619611869698 -0.200675 0.786000 0.000000
1619611869799 -0.200675 0.787000 0.000000
1619611869900 -0.200675 0.788000 0.000000
1619611870001 -0.200675 0.786500 0.000000
1619611870101 -0.200675 0.785000 0.000000
1619611870202 -0.200675 0.783500 0.000000
1619611870303 -0.200675 0.782000 0.000000
1619611870404 -0.200675 0.783000 0.000000
1619611870505 -0.200675 0.784000 0.000000
1619611870606 -0.200675 0.785000 0.000000
1619611870707 -0.200675 0.786000 0.000000
1619611870808 -0.200675 0.787000 0.000000
1619611870909 -0.200675 0.788000 0.000000
1619611871009 -0.200675 0.786500 0.000000
1619611871110 -0.200675 0.785000 0.000000
1619611871211 -0.200675 0.783500 0.000000
1619611871312 -0.200675 0.784500 0.000000
1619611871413 -0.200675 0.785500 0.000000
1619611871514 -0.200675 0.786500 0.000000
1619611871614 -0.200675 0.787500 0.000000
1619611871715 -0.200675 0.788500 0.000000
1619611871816 -0.200675 0.789500 0.000000
1619611871917 -0.200675 0.790500 0.000000
1619611872018 -0.200675 0.791500 0.000000
1619611872118 -0.200675 0.792500 0.000000
1619611872219 -0.200675 0.793500 0.000000
1619611872320 -0.200675 0.794500 0.000000
1619611872421 -0.200675 0.793000 0.000000
1619611872522 -0.200675 0.794000 0.000000
1619611872623 -0.200675 0.792500 0.000000
1619611872724 -0.200675 0.793500 0.000000
1619611872824 -0.200675 0.792000 0.000000
1619611872925 -0.200675 0.790500 0.000000
1619611873026 -0.200675 0.789000 0.000000
1619611873127 -0.200675 0.790000 0.000000
1619611873228 -0.200675 0.791000 0.000000
1619611873329 -0.200675 0.792000 0.000000
1619611873430 -0.200675 0.793000 0.000000
1619611873531 -0.200675 0.794000 0.000000
1619611873632 -0.200675 0.795000 0.000000
1619611873733 -0.200675 0.796000 0.000000
1619611873834 -0.200675 0.794500 0.000000
1619611873935 -0.200675 0.793000 0.000000
1619611874036 -0.200675 0.794000 0.000000
1619611874136 -0.200675 0.795000 0.000000
1619611874237 -0.200675 0.793500 0.000000
1619611874338 -0.200675 0.794500 0.000000
1619611874439 -0.200675 0.795500 0.000000
