1619611102118 -0.099465 0.500000 0.000000
1619611102219 -0.099465 0.500000 0.000000
1619611102320 -0.099465 0.500000 0.000000
1619611102421 -0.099465 0.500000 0.000000
1619611102521 -0.099465 0.500000 0.000000
1619611102622 -0.099465 0.500000 0.000000
1619611102723 -0.099465 0.500000 0.000000
1619611102824 -0.099465 0.500000 0.000000
1619611102925 -0.099465 0.500000 0.000000
1619611103026 -0.099465 0.500000 0.000000
1619611103127 -0.099465 0.500000 0.000000
1619611103228 -0.099465 0.500000 0.000000
1619611103328 -0.099465 0.500000 0.000000
1619611103429 -0.099465 0.500000 0.000000
1619611103530 -0.099465 0.500000 0.000000
1619611103631 -0.099465 0.500000 0.000000
1619611103732 -0.099465 0.500000 0.000000
1619611103832 -0.099465 0.500000 0.000000
1619611103933 -0.099465 0.500000 0.000000
1619611104034 -0.099465 0.500000 0.000000
1619611104135 -0.099465 0.500000 0.000000
1619611104236 -0.099465 0.500000 0.000000
1619611104337 -0.099465 0.500000 0.000000
1619611104438 -0.099465 0.500000 0.000000
1619611104539 -0.099465 0.500000 0.000000
1619611104640 -0.099465 0.500000 0.000000
1619611104741 -0.099465 0.500000 0.000000
1619611104842 -0.099465 0.500000 0.000000
1619611104942 -0.099465 0.500000 0.000000
1619611105043 -0.099465 0.500000 0.000000
1619611105144 -0.099465 0.500000 0.000000
1619611105245 -0.099465 0.500000 0.000000
1619611105346 -0.099465 0.500000 0.000000
1619611105447 -0.099465 0.500000 0.000000
1619611105548 -0.099465 0.500000 0.000000
1619611105648 -0.099465 0.500000 0.000000
1619611105749 -0.099465 0.500000 0.000000
1619611105850 -0.099465 0.500000 0.000000
1619611105951 -0.099465 0.500000 0.000000
1619611106051 -0.099465 0.500000 0.000000
1619611106152 -0.099465 0.500000 0.000000
1619611106253 -0.099465 0.500000 0.000000
1619611106354 -0.099465 0.500000 0.000000
1619611106455 -0.099465 0.500000 0.000000
1619611106556 -0.099465 0.500000 0.000000
1619611106657 -0.099465 0.500000 0.000000
1619611106757 -0.099465 0.500000 0.000000
1619611106858 -0.099465 0.500000 0.000000
1619611106959 -0.099465 0.500000 0.000000
1619611107060 -0.099465 0.500000 0.000000
1619611107161 -0.099465 0.500000 0.000000
1619611107262 -0.099465 0.500000 0.000000
1619611107362 -0.099465 0.500000 0.000000
1619611107463 -0.099465 0.500000 0.000000
1619611107565 -0.099465 0.500000 0.000000
1619611107666 -0.099465 0.500000 0.000000
1619611107767 -0.099465 0.500000 0.000000
1619611107868 -0.099465 0.500000 0.000000
1619611107968 -0.099465 0.500000 0.000000
1619611108069 -0.099465 0.500000 0.000000
1619611108170 -0.099465 0.500000 0.000000
1619611108271 -0.099465 0.500000 0.000000
1619611108372 -0.099465 0.500000 0.000000
1619611108473 -0.099465 0.500000 0.000000
1619611108573 -0.099465 0.500000 0.000000
1619611108674 -0.099465 0.500000 0.000000
1619611108775 -0.099465 0.500000 0.000000
1619611108876 -0.099465 0.500000 0.000000
1619611108977 -0.099465 0.500000 0.000000
1619611109077 -0.099465 0.500000 0.000000
1619611109178 -0.099465 0.500000 0.000000
1619611109279 -0.099465 0.500000 0.000000
1619611109380 -0.099465 0.500000 0.000000
1619611109481 -0.099465 0.500000 0.000000
1619611109581 -0.099465 0.500000 0.000000
1619611109682 -0.099465 0.500000 0.000000
1619611109783 -0.099465 0.500000 0.000000
1619611109884 -0.099465 0.500000 0.000000
1619611109985 -0.099465 0.500000 0.000000
1619611110086 -0.099465 0.500000 0.000000
1619611110187 -0.099465 0.500000 0.000000
1619611110287 -0.099465 0.500000 0.000000
1619611110388 -0.099465 0.500000 0.000000
1619611110489 -0.099465 0.500000 0.000000
1619611110590 -0.099465 0.500000 0.000000
1619611110691 -0.099465 0.500000 0.000000
1619611110791 -0.099465 0.500000 0.000000
1619611110892 -0.099465 0.500000 0.000000
1619611110993 -0.099465 0.500000 0.000000
1619611111094 -0.099465 0.500000 0.000000
1619611111195 -0.099465 0.500000 0.000000
1619611111296 -0.099465 0.500000 0.000000
1619611111396 -0.099465 0.500000 0.000000
1619611111497 -0.099465 0.500000 0.000000
1619611111598 -0.099465 0.500000 0.000000
1619611111699 -0.099465 0.500000 0.000000
1619611111800 -0.099465 0.500000 0.000000
1619611111900 -0.099465 0.500000 0.000000
1619611112001 -0.099465 0.500000 0.000000
1619611112102 -0.099465 0.500000 0.000000
1619611112203 -0.099465 0.500000 0.000000
1619611112304 -0.099465 0.500000 0.000000
1619611112405 -0.099465 0.500000 0.000000
1619611112506 -0.099465 0.500000 0.000000
1619611112606 -0.099465 0.500000 0.000000
1619611112707 -0.099465 0.500000 0.000000
1619611112808 -0.099465 0.500000 0.000000
1619611112909 -0.099465 0.500000 0.000000
1619611113010 -0.099465 0.500000 0.000000
1619611113111 -0.099465 0.500000 0.000000
1619611113212 -0.099465 0.500000 0.000000
1619611113313 -0.099465 0.500000 0.000000
1619611113414 -0.099465 0.500000 0.000000
1619611113515 -0.099465 0.500000 0.000000
1619611113615 -0.099465 0.500000 0.000000
1619611113716 -0.099465 0.500000 0.000000
1619611113817 -0.099465 0.500000 0.000000
1619611113918 -0.099465 0.500000 0.000000
1619611114019 -0.099465 0.500000 0.000000
1619611114120 -0.099465 0.500000 0.000000
1619611114221 -0.099465 0.500000 0.000000
1619611114321 -0.099465 0.500000 0.000000
1619611114422 -0.099465 0.500000 0.000000
1619611114523 -0.099465 0.500000 0.000000
1619611114624 -0.099465 0.500000 0.000000
1619611114725 -0.099465 0.500000 0.000000
1619611114825 -0.099465 0.500000 0.000000
1619611114927 -0.099465 0.500000 0.000000
1619611115027 -0.099465 0.500000 0.000000
1619611115128 -0.099465 0.500000 0.000000
1619611115229 -0.099465 0.500000 0.000000
1619611115330 -0.099465 0.500000 0.000000
1619611115431 -0.099465 0.500000 0.000000
1619611115532 -0.099465 0.500000 0.000000
1619611115632 -0.099465 0.500000 0.000000
1619611115733 -0.099465 0.500000 0.000000
1619611115834 -0.099465 0.500000 0.000000
1619611115935 -0.099465 0.500000 0.000000
1619611116036 -0.099465 0.500000 0.000000
1619611116137 -0.099465 0.500000 0.000000
1619611116238 -0.099465 0.500000 0.000000
1619611116338 -0.099465 0.500000 0.000000
1619611116439 -0.099465 0.500000 0.000000
1619611116540 -0.099465 0.500000 0.000000
1619611116641 -0.099465 0.500000 0.000000
1619611116742 -0.099465 0.500000 0.000000
1619611116842 -0.099465 0.500000 0.000000
1619611116943 -0.099465 0.500000 0.000000
1619611117044 -0.099465 0.500000 0.000000
1619611117145 -0.099465 0.500000 0.000000
1619611117246 -0.099465 0.500000 0.000000
1619611117347 -0.099465 0.500000 0.000000
1619611117448 -0.099465 0.500000 0.000000
1619611117548 -0.099465 0.500000 0.000000
1619611117649 -0.099465 0.500000 0.000000
1619611117750 -0.099465 0.500000 0.000000
1619611117851 -0.099465 0.500000 0.000000
1619611117952 -0.099465 0.500000 0.000000
1619611118052 -0.099465 0.500000 0.000000
1619611118153 -0.099465 0.500000 0.000000
1619611118254 -0.099465 0.500000 0.000000
1619611118355 -0.099465 0.500000 0.000000
1619611118456 -0.099465 0.500000 0.000000
1619611118557 -0.099465 0.500000 0.000000
1619611118658 -0.099465 0.500000 0.000000
1619611118759 -0.099465 0.500000 0.000000
1619611118859 -0.099465 0.500000 0.000000
1619611118960 -0.099465 0.500000 0.000000
1619611119061 -0.099465 0.500000 0.000000
1619611119162 -0.099465 0.500000 0.000000
1619611119262 -0.099465 0.500000 0.000000
1619611119363 -0.099465 0.500000 0.000000
1619611119464 -0.099465 0.500000 0.000000
1619611119565 -0.099465 0.500000 0.000000
1619611119666 -0.099465 0.500000 0.000000
1619611119767 -0.099465 0.500000 0.000000
1619611119868 -0.099465 0.500000 0.000000
1619611119968 -0.099465 0.500000 0.000000
1619611120069 -0.099465 0.500000 0.000000
1619611120170 -0.099465 0.500000 0.000000
1619611120271 -0.099465 0.500000 0.000000
1619611120372 -0.099465 0.500000 0.000000
1619611120472 -0.099465 0.500000 0.000000
1619611120573 -0.099465 0.500000 0.000000
1619611120674 -0.099465 0.500000 0.000000
1619611120775 -0.099465 0.500000 0.000000
1619611120876 -0.099465 0.500000 0.000000
1619611120977 -0.099465 0.500000 0.000000
1619611121077 -0.099465 0.500000 0.000000
1619611121178 -0.099465 0.500000 0.000000
1619611121279 -0.099465 0.500000 0.000000
1619611121380 -0.099465 0.500000 0.000000
1619611121481 -0.099465 0.500000 0.000000
1619611121581 -0.099465 0.500000 0.000000
1619611121682 -0.099465 0.500000 0.000000
1619611121783 -0.099465 0.500000 0.000000
1619611121884 -0.099465 0.500000 0.000000
1619611121985 -0.099465 0.500000 0.000000
1619611122086 -0.099465 0.500000 0.000000
1619611122187 -0.099465 0.500000 0.000000
1619611122288 -0.099465 0.500000 0.000000
1619611122389 -0.099465 0.500000 0.000000
1619611122490 -0.099465 0.500000 0.000000
1619611122590 -0.099465 0.500000 0.000000
1619611122691 -0.099465 0.500000 0.000000
1619611122792 -0.099465 0.500000 0.000000
1619611122893 -0.099465 0.500000 0.000000
1619611122994 -0.099465 0.500000 0.000000
1619611123094 -0.099465 0.500000 0.000000
1619611123195 -0.099465 0.500000 0.000000
1619611123296 -0.099465 0.500000 0.000000
1619611123397 -0.099465 0.500000 0.000000
1619611123497 -0.099465 0.500000 0.000000
1619611123598 -0.099465 0.500000 0.000000
1619611123699 -0.099465 0.500000 0.000000
1619611123800 -0.099465 0.500000 0.000000
1619611123901 -0.099465 0.500000 0.000000
1619611124001 -0.099465 0.500000 0.000000
1619611124102 -0.099465 0.500000 0.000000
1619611124203 -0.099465 0.500000 0.000000
1619611124304 -0.099465 0.500000 0.000000
1619611124405 -0.099465 0.500000 0.000000
1619611124506 -0.099465 0.500000 0.000000
1619611124607 -0.099465 0.500000 0.000000
1619611124708 -0.099465 0.500000 0.000000
1619611124808 -0.099465 0.500000 0.000000
1619611124909 -0.099465 0.500000 0.000000
1619611125010 -0.099465 0.500000 0.000000
1619611125111 -0.099465 0.500000 0.000000
1619611125211 -0.099465 0.500000 0.000000
1619611125312 -0.099465 0.500000 0.000000
1619611125413 -0.099465 0.500000 0.000000
1619611125514 -0.099465 0.500000 0.000000
1619611125615 -0.099465 0.500000 0.000000
1619611125715 -0.099465 0.500000 0.000000
1619611125816 -0.099465 0.500000 0.000000
1619611125917 -0.099465 0.500000 0.000000
1619611126018 -0.099465 0.500000 0.000000
1619611126119 -0.099465 0.500000 0.000000
1619611126219 -0.099465 0.500000 0.000000
1619611126320 -0.099465 0.500000 0.000000
1619611126421 -0.099465 0.500000 0.000000
1619611126522 -0.099465 0.500000 0.000000
1619611126623 -0.099465 0.500000 0.000000
1619611126724 -0.099465 0.500000 0.000000
1619611126825 -0.099465 0.500000 0.000000
1619611126925 -0.099465 0.500000 0.000000
1619611127028 -0.099465 0.500000 0.000000
1619611127128 -0.099465 0.500000 0.000000
1619611127229 -0.099465 0.500000 0.000000
1619611127330 -0.099465 0.500000 0.000000
1619611127431 -0.099465 0.500000 0.000000
1619611127532 -0.099465 0.500000 0.000000
1619611127633 -0.099465 0.500000 0.000000
1619611127733 -0.099465 0.500000 0.000000
1619611127834 -0.099465 0.500000 0.000000
1619611127935 -0.099465 0.500000 0.000000
1619611128036 -0.099465 0.500000 0.000000
1619611128137 -0.099465 0.500000 0.000000
1619611128238 -0.099465 0.500000 0.000000
1619611128338 -0.099465 0.500000 0.000000
1619611128439 -0.099465 0.500000 0.000000
1619611128540 -0.099465 0.500000 0.000000
1619611128641 -0.099465 0.500000 0.000000
1619611128742 -0.099465 0.500000 0.000000
1619611128842 -0.099465 0.500000 0.000000
1619611128943 -0.099465 0.500000 0.000000
1619611129044 -0.099465 0.500000 0.000000
1619611129145 -0.099465 0.500000 0.000000
1619611129246 -0.099465 0.500000 0.000000
1619611129347 -0.099465 0.500000 0.000000
1619611129448 -0.099465 0.500000 0.000000
1619611129549 -0.099465 0.500000 0.000000
1619611129650 -0.099465 0.500000 0.000000
1619611129750 -0.099465 0.500000 0.000000
1619611129851 -0.099465 0.500000 0.000000
1619611129952 -0.099465 0.500000 0.000000
1619611130053 -0.099465 0.500000 0.000000
1619611130154 -0.099465 0.500000 0.000000
1619611130254 -0.099465 0.500000 0.000000
1619611130355 -0.099465 0.500000 0.000000
1619611130456 -0.099465 0.500000 0.000000
1619611130557 -0.099465 0.500000 0.000000
1619611130658 -0.099465 0.500000 0.000000
1619611130759 -0.099465 0.500000 0.000000
1619611130859 -0.099465 0.500000 0.000000
1619611130960 -0.099465 0.500000 0.000000
1619611131061 -0.099465 0.500000 0.000000
1619611131162 -0.099465 0.500000 0.000000
1619611131263 -0.099465 0.500000 0.000000
1619611131364 -0.099465 0.500000 0.000000
1619611131465 -0.099465 0.500000 0.000000
1619611131566 -0.099465 0.500000 0.000000
1619611131667 -0.099465 0.500000 0.000000
1619611131768 -0.099465 0.500000 0.000000
1619611131869 -0.099465 0.500000 0.000000
1619611131970 -0.099465 0.500000 0.000000
1619611132070 -0.099465 0.500000 0.000000
1619611132171 -0.099465 0.500000 0.000000
1619611132272 -0.099465 0.500000 0.000000
1619611132373 -0.099465 0.500000 0.000000
1619611132474 -0.099465 0.500000 0.000000
1619611132574 -0.099465 0.500000 0.000000
1619611132675 -0.099465 0.500000 0.000000
1619611132776 -0.099465 0.500000 0.000000
1619611132877 -0.099465 0.500000 0.000000
1619611132978 -0.099465 0.500000 0.000000
1619611133079 -0.099465 0.500000 0.000000
1619611133180 -0.099465 0.500000 0.000000
1619611133280 -0.099465 0.500000 0.000000
1619611133381 -0.099465 0.500000 0.000000
1619611133482 -0.099465 0.500000 0.000000
1619611133583 -0.099465 0.500000 0.000000
1619611133684 -0.099465 0.500000 0.000000
1619611133785 -0.099465 0.500000 0.000000
1619611133886 -0.099465 0.500000 0.000000
1619611133986 -0.099465 0.500000 0.000000
1619611134087 -0.099465 0.500000 0.000000
1619611134188 -0.099465 0.500000 0.000000
1619611134289 -0.099465 0.500000 0.000000
1619611134390 -0.099465 0.500000 0.000000
1619611134491 -0.099465 0.500000 0.000000
1619611134591 -0.099465 0.500000 0.000000
1619611134692 -0.099465 0.500000 0.000000
1619611134793 -0.099465 0.500000 0.000000
1619611134894 -0.099465 0.500000 0.000000
1619611134995 -0.099465 0.500000 0.000000
1619611135095 -0.099465 0.500000 0.000000
1619611135196 -0.099465 0.500000 0.000000
1619611135297 -0.099465 0.500000 0.000000
1619611135398 -0.099465 0.500000 0.000000
1619611135499 -0.099465 0.500000 0.000000
1619611135600 -0.099465 0.500000 0.000000
1619611135700 -0.099465 0.500000 0.000000
1619611135801 -0.099465 0.500000 0.000000
1619611135902 -0.099465 0.500000 0.000000
1619611136003 -0.099465 0.500000 0.000000
1619611136104 -0.099465 0.500000 0.000000
1619611136204 -0.099465 0.500000 0.000000
1619611136305 -0.099465 0.500000 0.000000
1619611136406 -0.099465 0.500000 0.000000
1619611136508 -0.099465 0.500000 0.000000
1619611136609 -0.099465 0.500000 0.000000
1619611136710 -0.099465 0.500000 0.000000
1619611136811 -0.099465 0.500000 0.000000
