1619612385796 -0.150070 0.920000 0.000000
1619612385897 -0.150070 0.920000 0.000000
1619612385997 -0.150070 0.920000 0.000000
1619612386098 -0.150070 0.920000 0.000000
1619612386199 -0.150070 0.920000 0.000000
1619612386300 -0.150070 0.920000 0.000000
1619612386401 -0.150070 0.920000 0.000000
1619612386501 -0.150070 0.920000 0.000000
1619612386602 -0.150070 0.920000 0.000000
1619612386703 -0.150070 0.920000 0.000000
1619612386804 -0.150070 0.920000 0.000000
1619612386905 -0.150070 0.920000 0.000000
1619612387006 -0.150070 0.920000 0.000000
1619612387106 -0.150070 0.920000 0.000000
1619612387207 -0.150070 0.920000 0.000000
1619612387308 -0.150070 0.920000 0.000000
1619612387409 -0.150070 0.920000 0.000000
1619612387510 -0.150070 0.920000 0.000000
1619612387611 -0.150070 0.920000 0.000000
1619612387711 -0.150070 0.920000 0.000000
1619612387812 -0.150070 0.920000 0.000000
1619612387913 -0.150070 0.920000 0.000000
1619612388014 -0.150070 0.920000 0.000000
1619612388115 -0.150070 0.920000 0.000000
1619612388216 -0.150070 0.920000 0.000000
1619612388316 -0.150070 0.920000 0.000000
1619612388417 -0.150070 0.920000 0.000000
1619612388518 -0.150070 0.920000 0.000000
1619612388619 -0.150070 0.920000 0.000000
1619612388720 -0.150070 0.920000 0.000000
1619612388821 -0.150070 0.920000 0.000000
1619612388921 -0.150070 0.920000 0.000000
1619612389022 -0.150070 0.920000 0.000000
1619612389123 -0.150070 0.920000 0.000000
1619612389224 -0.150070 0.920000 0.000000
1619612389325 -0.150070 0.920000 0.000000
1619612389426 -0.150070 0.920000 0.000000
1619612389527 -0.150070 0.920000 0.000000
1619612389628 -0.150070 0.920000 0.000000
1619612389729 -0.150070 0.920000 0.000000
1619612389830 -0.150070 0.920000 0.000000
1619612389931 -0.150070 0.920000 0.000000
1619612390032 -0.150070 0.920000 0.000000
1619612390133 -0.150070 0.920000 0.000000
1619612390233 -0.150070 0.920000 0.000000
1619612390334 -0.150070 0.920000 0.000000
1619612390435 -0.150070 0.920000 0.000000
1619612390536 -0.150070 0.920000 0.000000
1619612390637 -0.150070 0.920000 0.000000
1619612390738 -0.150070 0.920000 0.000000
1619612390839 -0.150070 0.920000 0.000000
1619612390939 -0.150070 0.920000 0.000000
1619612391040 -0.150070 0.920000 0.000000
1619612391141 -0.150070 0.920000 0.000000
1619612391242 -0.150070 0.920000 0.000000
1619612391343 -0.150070 0.920000 0.000000
1619612391444 -0.150070 0.920000 0.000000
1619612391544 -0.150070 0.920000 0.000000
1619612391645 -0.150070 0.920000 0.000000
1619612391746 -0.150070 0.920000 0.000000
1619612391847 -0.150070 0.920000 0.000000
1619612391948 -0.150070 0.920000 0.000000
1619612392049 -0.150070 0.920000 0.000000
1619612392150 -0.150070 0.920000 0.000000
1619612392251 -0.150070 0.920000 0.000000
1619612392352 -0.150070 0.920000 0.000000
1619612392452 -0.150070 0.920000 0.000000
1619612392553 -0.150070 0.920000 0.000000
1619612392654 -0.150070 0.920000 0.000000
1619612392755 -0.150070 0.920000 0.000000
1619612392856 -0.150070 0.920000 0.000000
1619612392957 -0.150070 0.920000 0.000000
1619612393057 -0.150070 0.920000 0.000000
1619612393158 -0.150070 0.920000 0.000000
1619612393259 -0.150070 0.920000 0.000000
1619612393360 -0.150070 0.920000 0.000000
1619612393461 -0.150070 0.920000 0.000000
1619612393562 -0.150070 0.920000 0.000000
1619612393662 -0.150070 0.920000 0.000000
1619612393763 -0.150070 0.920000 0.000000
1619612393864 -0.150070 0.920000 0.000000
1619612393965 -0.150070 0.920000 0.000000
1619612394066 -0.150070 0.920000 0.000000
1619612394167 -0.150070 0.920000 0.000000
1619612394268 -0.150070 0.920000 0.000000
1619612394369 -0.150070 0.920000 0.000000
1619612394470 -0.150070 0.920000 0.000000
1619612394571 -0.150070 0.920000 0.000000
1619612394672 -0.150070 0.920000 0.000000
1619612394773 -0.150070 0.920000 0.000000
1619612394874 -0.150070 0.920000 0.000000
1619612394975 -0.150070 0.920000 0.000000
1619612395075 -0.150070 0.920000 0.000000
1619612395176 -0.150070 0.920000 0.000000
1619612395277 -0.150070 0.920000 0.000000
1619612395378 -0.150070 0.920000 0.000000
1619612395478 -0.150070 0.920000 0.000000
1619612395579 -0.150070 0.920000 0.000000
1619612395680 -0.150070 0.920000 0.000000
1619612395781 -0.150070 0.920000 0.000000
1619612395882 -0.150070 0.920000 0.000000
1619612395983 -0.150070 0.920000 0.000000
1619612396083 -0.150070 0.920000 0.000000
1619612396184 -0.150070 0.920000 0.000000
1619612396285 -0.150070 0.920000 0.000000
1619612396386 -0.150070 0.920000 0.000000
1619612396487 -0.150070 0.920000 0.000000
1619612396588 -0.150070 0.920000 0.000000
1619612396689 -0.150070 0.920000 0.000000
1619612396790 -0.150070 0.920000 0.000000
1619612396891 -0.150070 0.920000 0.000000
1619612396991 -0.150070 0.920000 0.000000
1619612397092 -0.150070 0.920000 0.000000
1619612397193 -0.150070 0.920000 0.000000
1619612397294 -0.150070 0.920000 0.000000
1619612397395 -0.150070 0.920000 0.000000
1619612397496 -0.150070 0.920000 0.000000
1619612397597 -0.150070 0.920000 0.000000
1619612397697 -0.150070 0.920000 0.000000
1619612397798 -0.150070 0.920000 0.000000
1619612397899 -0.150070 0.920000 0.000000
1619612398000 -0.150070 0.920000 0.000000
1619612398101 -0.150070 0.920000 0.000000
1619612398201 -0.150070 0.920000 0.000000
1619612398302 -0.150070 0.920000 0.000000
1619612398403 -0.150070 0.920000 0.000000
1619612398504 -0.150070 0.920000 0.000000
1619612398605 -0.150070 0.920000 0.000000
1619612398706 -0.150070 0.920000 0.000000
1619612398808 -0.150070 0.920000 0.000000
1619612398908 -0.150070 0.920000 0.000000
1619612399009 -0.150070 0.920000 0.000000
1619612399110 -0.150070 0.920000 0.000000
1619612399211 -0.150070 0.920000 0.000000
1619612399312 -0.150070 0.920000 0.000000
1619612399412 -0.150070 0.920000 0.000000
1619612399513 -0.150070 0.920000 0.000000
1619612399614 -0.150070 0.920000 0.000000
1619612399715 -0.150070 0.920000 0.000000
1619612399815 -0.150070 0.920000 0.000000
1619612399916 -0.150070 0.920000 0.000000
1619612400017 -0.150070 0.920000 0.000000
1619612400118 -0.150070 0.920000 0.000000
1619612400219 -0.150070 0.920000 0.000000
1619612400320 -0.150070 0.920000 0.000000
1619612400421 -0.150070 0.920000 0.000000
1619612400521 -0.150070 0.920000 0.000000
1619612400622 -0.150070 0.920000 0.000000
1619612400723 -0.150070 0.920000 0.000000
1619612400824 -0.150070 0.920000 0.000000
1619612400925 -0.150070 0.920000 0.000000
1619612401025 -0.150070 0.920000 0.000000
1619612401126 -0.150070 0.920000 0.000000
1619612401227 -0.150070 0.920000 0.000000
1619612401328 -0.150070 0.920000 0.000000
1619612401429 -0.150070 0.920000 0.000000
1619612401530 -0.150070 0.920000 0.000000
1619612401631 -0.150070 0.920000 0.000000
1619612401731 -0.150070 0.920000 0.000000
1619612401832 -0.150070 0.920000 0.000000
1619612401933 -0.150070 0.920000 0.000000
1619612402034 -0.150070 0.920000 0.000000
1619612402135 -0.150070 0.920000 0.000000
1619612402236 -0.150070 0.920000 0.000000
1619612402336 -0.150070 0.920000 0.000000
1619612402437 -0.150070 0.920000 0.000000
1619612402538 -0.150070 0.920000 0.000000
1619612402639 -0.150070 0.920000 0.000000
1619612402740 -0.150070 0.920000 0.000000
1619612402841 -0.150070 0.920000 0.000000
1619612402942 -0.150070 0.920000 0.000000
1619612403043 -0.150070 0.920000 0.000000
1619612403144 -0.150070 0.920000 0.000000
1619612403245 -0.150070 0.920000 0.000000
1619612403346 -0.150070 0.920000 0.000000
1619612403447 -0.150070 0.920000 0.000000
1619612403548 -0.150070 0.920000 0.000000
1619612403649 -0.150070 0.920000 0.000000
1619612403750 -0.150070 0.920000 0.000000
1619612403850 -0.150070 0.920000 0.000000
1619612403951 -0.150070 0.920000 0.000000
1619612404052 -0.150070 0.920000 0.000000
1619612404153 -0.150070 0.920000 0.000000
1619612404254 -0.150070 0.920000 0.000000
1619612404355 -0.150070 0.920000 0.000000
1619612404455 -0.150070 0.920000 0.000000
1619612404556 -0.150070 0.920000 0.000000
1619612404657 -0.150070 0.920000 0.000000
1619612404758 -0.150070 0.920000 0.000000
1619612404859 -0.150070 0.920000 0.000000
1619612404960 -0.150070 0.920000 0.000000
1619612405060 -0.150070 0.920000 0.000000
1619612405161 -0.150070 0.920000 0.000000
1619612405262 -0.150070 0.920000 0.000000
1619612405363 -0.150070 0.920000 0.000000
1619612405464 -0.150070 0.920000 0.000000
1619612405565 -0.150070 0.920000 0.000000
1619612405666 -0.150070 0.920000 0.000000
1619612405767 -0.150070 0.920000 0.000000
1619612405868 -0.150070 0.920000 0.000000
1619612405968 -0.150070 0.920000 0.000000
1619612406069 -0.150070 0.920000 0.000000
1619612406170 -0.150070 0.920000 0.000000
1619612406271 -0.150070 0.920000 0.000000
1619612406372 -0.150070 0.920000 0.000000
1619612406473 -0.150070 0.920000 0.000000
1619612406573 -0.150070 0.920000 0.000000
1619612406674 -0.150070 0.920000 0.000000
1619612406776 -0.150070 0.920000 0.000000
1619612406876 -0.150070 0.920000 0.000000
1619612406977 -0.150070 0.920000 0.000000
1619612407078 -0.150070 0.920000 0.000000
1619612407179 -0.150070 0.920000 0.000000
1619612407280 -0.150070 0.920000 0.000000
1619612407381 -0.150070 0.920000 0.000000
1619612407482 -0.150070 0.920000 0.000000
1619612407582 -0.150070 0.920000 0.000000
1619612407683 -0.150070 0.920000 0.000000
1619612407784 -0.150070 0.920000 0.000000
1619612407885 -0.150070 0.920000 0.000000
1619612407986 -0.150070 0.920000 0.000000
1619612408087 -0.150070 0.920000 0.000000
1619612408188 -0.150070 0.920000 0.000000
1619612408289 -0.150070 0.920000 0.000000
1619612408389 -0.150070 0.920000 0.000000
1619612408490 -0.150070 0.920000 0.000000
1619612408591 -0.150070 0.920000 0.000000
1619612408692 -0.150070 0.920000 0.000000
1619612408793 -0.150070 0.920000 0.000000
1619612408893 -0.150070 0.920000 0.000000
1619612408994 -0.150070 0.920000 0.000000
1619612409095 -0.150070 0.920000 0.000000
1619612409196 -0.150070 0.920000 0.000000
1619612409297 -0.150070 0.920000 0.000000
1619612409398 -0.150070 0.920000 0.000000
1619612409498 -0.150070 0.920000 0.000000
1619612409599 -0.150070 0.920000 0.000000
1619612409700 -0.150070 0.920000 0.000000
1619612409801 -0.150070 0.920000 0.000000
1619612409902 -0.150070 0.920000 0.000000
1619612410003 -0.150070 0.920000 0.000000
1619612410104 -0.150070 0.920000 0.000000
1619612410204 -0.150070 0.920000 0.000000
1619612410305 -0.150070 0.920000 0.000000
1619612410406 -0.150070 0.920000 0.000000
1619612410507 -0.150070 0.920000 0.000000
1619612410608 -0.150070 0.920000 0.000000
1619612410709 -0.150070 0.920000 0.000000
1619612410810 -0.150070 0.920000 0.000000
1619612410911 -0.150070 0.920000 0.000000
1619612411011 -0.150070 0.920000 0.000000
1619612411112 -0.150070 0.920000 0.000000
1619612411213 -0.150070 0.920000 0.000000
1619612411314 -0.150070 0.920000 0.000000
1619612411415 -0.150070 0.920000 0.000000
1619612411515 -0.150070 0.920000 0.000000
1619612411616 -0.150070 0.920000 0.000000
1619612411717 -0.150070 0.920000 0.000000
1619612411818 -0.150070 0.920000 0.000000
1619612411919 -0.150070 0.920000 0.000000
1619612412019 -0.150070 0.920000 0.000000
1619612412120 -0.150070 0.920000 0.000000
1619612412221 -0.150070 0.920000 0.000000
1619612412322 -0.150070 0.920000 0.000000
1619612412423 -0.150070 0.920000 0.000000
1619612412524 -0.150070 0.920000 0.000000
1619612412625 -0.150070 0.920000 0.000000
1619612412726 -0.150070 0.920000 0.000000
1619612412827 -0.150070 0.920000 0.000000
1619612412927 -0.150070 0.920000 0.000000
1619612413029 -0.150070 0.920000 0.000000
1619612413129 -0.150070 0.920000 0.000000
1619612413230 -0.150070 0.920000 0.000000
1619612413331 -0.150070 0.920000 0.000000
1619612413432 -0.150070 0.920000 0.000000
1619612413533 -0.150070 0.920000 0.000000
1619612413634 -0.150070 0.920000 0.000000
1619612413735 -0.150070 0.920000 0.000000
1619612413835 -0.150070 0.920000 0.000000
1619612413936 -0.150070 0.920000 0.000000
1619612414037 -0.150070 0.920000 0.000000
1619612414138 -0.150070 0.920000 0.000000
1619612414239 -0.150070 0.920000 0.000000
1619612414340 -0.150070 0.920000 0.000000
1619612414440 -0.150070 0.920000 0.000000
1619612414541 -0.150070 0.920000 0.000000
1619612414642 -0.150070 0.920000 0.000000
1619612414743 -0.150070 0.920000 0.000000
1619612414844 -0.150070 0.920000 0.000000
1619612414945 -0.150070 0.920000 0.000000
1619612415045 -0.150070 0.920000 0.000000
1619612415146 -0.150070 0.920000 0.000000
1619612415247 -0.150070 0.920000 0.000000
1619612415348 -0.150070 0.920000 0.000000
1619612415449 -0.150070 0.920000 0.000000
1619612415550 -0.150070 0.920000 0.000000
1619612415651 -0.150070 0.920000 0.000000
1619612415751 -0.150070 0.920000 0.000000
1619612415852 -0.150070 0.920000 0.000000
1619612415953 -0.150070 0.920000 0.000000
1619612416054 -0.150070 0.920000 0.000000
1619612416155 -0.150070 0.920000 0.000000
1619612416255 -0.150070 0.920000 0.000000
1619612416356 -0.150070 0.920000 0.000000
1619612416457 -0.150070 0.920000 0.000000
1619612416558 -0.150070 0.920000 0.000000
1619612416659 -0.150070 0.920000 0.000000
1619612416759 -0.150070 0.920000 0.000000
1619612416860 -0.150070 0.920000 0.000000
1619612416961 -0.150070 0.920000 0.000000
1619612417062 -0.150070 0.920000 0.000000
1619612417163 -0.150070 0.920000 0.000000
1619612417264 -0.150070 0.920000 0.000000
1619612417365 -0.150070 0.920000 0.000000
1619612417465 -0.150070 0.920000 0.000000
1619612417566 -0.150070 0.920000 0.000000
1619612417667 -0.150070 0.920000 0.000000
1619612417768 -0.150070 0.920000 0.000000
1619612417869 -0.150070 0.920000 0.000000
1619612417970 -0.150070 0.920000 0.000000
1619612418071 -0.150070 0.920000 0.000000
1619612418171 -0.150070 0.920000 0.000000
1619612418272 -0.150070 0.920000 0.000000
1619612418373 -0.150070 0.920000 0.000000
1619612418474 -0.150070 0.920000 0.000000
1619612418575 -0.150070 0.920000 0.000000
1619612418676 -0.150070 0.920000 0.000000
1619612418777 -0.150070 0.920000 0.000000
1619612418878 -0.150070 0.920000 0.000000
1619612418982 -0.150070 0.920000 0.000000
1619612419083 -0.150070 0.920000 0.000000
1619612419184 -0.150070 0.920000 0.000000
1619612419286 -0.150070 0.920000 0.000000
1619612419387 -0.150070 0.920000 0.000000
1619612419487 -0.150070 0.920000 0.000000
1619612419588 -0.150070 0.920000 0.000000
1619612419690 -0.150070 0.920000 0.000000
1619612419791 -0.150070 0.920000 0.000000
1619612419892 -0.150070 0.920000 0.000000
1619612419993 -0.150070 0.920000 0.000000
1619612420093 -0.150070 0.920000 0.000000
1619612420194 -0.150070 0.920000 0.000000
1619612420295 -0.150070 0.920000 0.000000
1619612420396 -0.150070 0.920000 0.000000
1619612420497 -0.150070 0.920000 0.000000
