1619610188582,-0.099465
1619610188682,-0.099465
1619610188783,-0.099465
1619610188884,-0.099465
1619610188985,-0.099465
1619610189086,-0.099465
1619610189187,-0.099465
1619610189288,-0.099465
1619610189388,-0.099465
1619610189489,-0.099465
1619610189590,-0.099465
1619610189691,-0.099465
1619610189792,-0.099465
1619610189893,-0.099465
1619610189994,-0.099465
1619610190095,-0.099465
1619610190196,-0.099465
1619610190297,-0.099465
1619610190398,-0.099465
1619610190499,-0.099465
1619610190600,-0.099465
1619610190701,-0.099465
1619610190801,-0.099465
1619610190902,-0.099465
1619610191003,-0.099465
1619610191104,-0.099465
1619610191205,-0.099465
1619610191305,-0.099465
1619610191406,-0.099465
1619610191507,-0.099465
1619610191608,-0.099465
1619610191709,-0.099465
1619610191810,-0.099465
1619610191910,-0.099465
1619610192011,-0.099465
1619610192112,-0.099465
1619610192213,-0.099465
1619610192314,-0.099465
1619610192415,-0.099465
1619610192516,-0.099465
1619610192616,-0.099465
1619610192717,-0.099465
1619610192818,-0.099465
1619610192919,-0.099465
1619610193020,-0.099465
1619610193120,-0.099465
1619610193221,-0.099465
1619610193322,-0.099465
1619610193423,-0.099465
1619610193524,-0.099465
1619610193625,-0.099465
1619610193726,-0.099465
1619610193826,-0.099465
1619610193927,-0.099465
1619610194028,-0.099465
1619610194129,-0.099465
1619610194230,-0.099465
1619610194331,-0.099465
1619610194432,-0.099465
1619610194533,-0.099465
1619610194634,-0.099465
1619610194735,-0.099465
1619610194836,-0.099465
1619610194937,-0.099465
1619610195038,-0.099465
1619610195139,-0.099465
1619610195240,-0.099465
1619610195340,-0.099465
1619610195441,-0.099465
1619610195542,-0.099465
1619610195643,-0.099465
1619610195743,-0.099465
1619610195844,-0.099465
1619610195945,-0.099465
1619610196046,-0.099465
1619610196147,-0.099465
1619610196248,-0.099465
1619610196348,-0.099465
1619610196449,-0.099465
1619610196550,-0.099465
1619610196651,-0.099465
1619610196752,-0.099465
1619610196852,-0.099465
1619610196953,-0.099465
1619610197054,-0.099465
1619610197155,-0.099465
1619610197256,-0.099465
1619610197356,-0.099465
1619610197457,-0.099465
1619610197558,-0.099465
1619610197659,-0.099465
1619610197760,-0.099465
1619610197861,-0.099465
1619610197962,-0.099465
1619610198063,-0.099465
1619610198163,-0.099465
1619610198264,-0.099465
1619610198365,-0.099465
1619610198466,-0.099465
1619610198567,-0.099465
1619610198668,-0.099465
1619610198768,-0.099465
1619610198869,-0.099465
1619610198970,-0.099465
1619610199071,-0.099465
1619610199172,-0.099465
1619610199272,-0.099465
1619610199373,-0.099465
1619610199474,-0.099465
1619610199575,-0.099465
1619610199676,-0.099465
1619610199777,-0.099465
1619610199878,-0.099465
1619610199979,-0.099465
1619610200079,-0.099465
1619610200180,-0.099465
1619610200281,-0.099465
1619610200382,-0.099465
1619610200483,-0.099465
1619610200583,-0.099465
1619610200684,-0.099465
1619610200785,-0.099465
1619610200886,-0.099465
1619610200986,-0.099465
1619610201087,-0.099465
1619610201188,-0.099465
1619610201289,-0.099465
1619610201390,-0.099465
1619610201491,-0.099465
1619610201591,-0.099465
1619610201692,-0.099465
1619610201793,-0.099465
1619610201894,-0.099465
1619610201995,-0.099465
1619610202096,-0.099465
1619610202197,-0.099465
1619610202297,-0.099465
1619610202398,-0.099465
1619610202499,-0.099465
1619610202600,-0.099465
1619610202701,-0.099465
1619610202802,-0.099465
1619610202903,-0.099465
1619610203003,-0.099465
1619610203104,-0.099465
1619610203205,-0.099465
1619610203306,-0.099465
1619610203407,-0.099465
1619610203508,-0.099465
1619610203609,-0.099465
1619610203710,-0.099465
1619610203810,-0.099465
1619610203911,-0.099465
1619610204012,-0.099465
1619610204113,-0.099465
1619610204215,-0.099465
1619610204316,-0.099465
1619610204417,-0.099465
1619610204518,-0.099465
1619610204619,-0.099465
1619610204720,-0.099465
1619610204820,-0.099465
1619610204921,-0.099465
1619610205022,-0.099465
1619610205123,-0.099465
1619610205224,-0.099465
1619610205324,-0.099465
1619610205425,-0.099465
1619610205526,-0.099465
1619610205627,-0.099465
1619610205728,-0.099465
1619610205829,-0.099465
1619610205929,-0.099465
1619610206030,-0.099465
1619610206131,-0.099465
1619610206232,-0.099465
1619610206333,-0.099465
1619610206434,-0.099465
1619610206535,-0.099465
1619610206636,-0.099465
1619610206737,-0.099465
1619610206838,-0.099465
1619610206939,-0.099465
1619610207039,-0.099465
1619610207140,-0.099465
1619610207241,-0.099465
1619610207342,-0.099465
1619610207443,-0.099465
1619610207544,-0.099465
1619610207645,-0.099465
1619610207746,-0.099465
1619610207846,-0.099465
1619610207947,-0.099465
1619610208048,-0.099465
1619610208149,-0.099465
1619610208250,-0.099465
1619610208350,-0.099465
1619610208451,-0.099465
1619610208552,-0.099465
1619610208653,-0.099465
1619610208754,-0.099465
1619610208855,-0.099465
1619610208956,-0.099465
1619610209057,-0.099465
1619610209157,-0.099465
1619610209259,-0.099465
1619610209359,-0.099465
1619610209460,-0.099465
1619610209561,-0.099465
1619610209662,-0.099465
1619610209763,-0.099465
1619610209864,-0.099465
1619610209965,-0.099465
1619610210066,-0.099465
1619610210167,-0.099465
1619610210268,-0.099465
1619610210369,-0.099465
1619610210469,-0.099465
1619610210570,-0.099465
1619610210671,-0.099465
1619610210772,-0.099465
1619610210873,-0.099465
1619610210974,-0.099465
1619610211075,-0.099465
1619610211176,-0.099465
1619610211277,-0.099465
1619610211378,-0.099465
1619610211479,-0.099465
1619610211580,-0.099465
1619610211681,-0.099465
1619610211782,-0.099465
1619610211883,-0.099465
1619610211983,-0.099465
1619610212084,-0.099465
1619610212185,-0.099465
1619610212286,-0.099465
1619610212387,-0.099465
1619610212488,-0.099465
1619610212588,-0.099465
1619610212689,-0.099465
1619610212790,-0.099465
1619610212891,-0.099465
1619610212992,-0.099465
1619610213093,-0.099465
1619610213194,-0.099465
1619610213295,-0.099465
1619610213395,-0.099465
1619610213497,-0.099465
1619610213597,-0.099465
1619610213698,-0.099465
1619610213799,-0.099465
1619610213900,-0.099465
1619610214002,-0.099465
1619610214103,-0.099465
1619610214205,-0.099465
1619610214306,-0.099465
1619610214407,-0.099465
1619610214508,-0.099465
1619610214609,-0.099465
1619610214710,-0.099465
1619610214811,-0.099465
1619610214912,-0.099465
1619610215013,-0.099465
1619610215114,-0.099465
1619610215217,-0.099465
1619610215319,-0.099465
1619610215420,-0.099465
1619610215520,-0.099465
1619610215621,-0.099465
1619610215722,-0.099465
1619610215823,-0.099465
1619610215924,-0.099465
1619610216024,-0.099465
1619610216125,-0.099465
1619610216226,-0.099465
1619610216327,-0.099465
1619610216428,-0.099465
1619610216529,-0.099465
1619610216630,-0.099465
1619610216731,-0.099465
1619610216832,-0.099465
1619610216932,-0.099465
1619610217033,-0.099465
1619610217134,-0.099465
1619610217235,-0.099465
1619610217336,-0.099465
1619610217438,-0.099465
1619610217539,-0.099465
1619610217640,-0.099465
1619610217741,-0.099465
1619610217841,-0.099465
1619610217942,-0.099465
1619610218043,-0.099465
1619610218144,-0.099465
1619610218245,-0.099465
1619610218346,-0.099465
