1619610184773,-1.48919,0.06703,11.20965,-0.04354,-0.03425,-0.6298
1619610184793,-4.85065,0.32561,2.13562,-0.0446,-0.08964,-0.6298
1619610184813,3.02148,1.72382,6.07169,-0.03289,0.06907,-0.5563
1619610184833,-0.95768,0.11013,3.68707,-0.02969,-0.06834,-0.53819
1619610184854,0.42616,-1.92493,12.69405,0.11198,0.13086,-0.6543
1619610184873,-6.90008,-7.51779,15.41865,0.06085,-0.07686,-0.54351
1619610184893,7.93917,-3.48595,12.06677,-0.12769,0.19264,-0.54138
1619610184913,-3.55778,0.38307,5.31033,0.17377,-0.0236,-0.53073
1619610184933,-4.03662,4.35265,14.75307,-0.24381,0.1447,-0.62021
1619610184955,-1.53707,-6.42124,12.718,0.02889,-0.11095,-0.58719
1619610184973,2.1452,-0.41659,14.19282,0.25473,-0.02892,-0.60317
1619610184993,11.63582,-6.82826,10.35252,-0.09787,0.00622,-0.75124
1619610185013,5.9424,-2.48518,6.41646,0.08215,-0.12267,-0.68519
1619610185033,5.0374,3.48595,7.56567,0.02463,-0.07473,-0.77148
1619610185053,3.4668,1.41257,14.09705,-0.00412,-0.05236,-0.79278
1619610185073,-1.5275,5.76044,8.86812,-0.09361,-0.03745,-0.68413
1619610185093,-5.10443,11.31499,12.06677,0.03848,-0.01401,-0.60317
1619610185113,16.38591,-7.01979,12.97657,-0.06165,-0.00868,-0.60423
1619610185133,-5.59285,9.9503,3.45243,-0.00945,0.02433,-0.53073
1619610185154,3.94085,-4.02225,14.84405,0.01185,0.15429,-0.45083
1619610185173,-7.29273,6.74686,8.07803,-0.15006,-0.03745,-0.52327
1619610185193,8.20253,-2.37504,3.76847,0.05446,0.02007,-0.46255
1619610185213,-5.10443,7.92959,9.5768,-0.11171,0.01687,-0.4519
1619610185233,8.33661,-1.65678,7.79073,0.13009,0.09144,-0.5254
1619610185253,2.4325,0.34955,12.25352,0.09707,-0.02147,-0.5286
1619610185273,2.4325,0.34955,12.25352,0.09707,-0.02147,-0.5286
1619610185293,-0.89064,11.11388,9.19373,0.05765,0.02753,-0.53712
1619610185313,3.14119,3.27526,6.84262,0.05233,-0.177,-0.56056
1619610185333,-8.52335,8.81066,8.11155,-0.15113,0.01687,-0.4764
1619610185353,-4.55377,4.83628,4.41969,0.07363,-0.00868,-0.40077
1619610185373,4.36702,3.53863,10.48181,-0.06058,0.09038,-0.50197
1619610185393,-7.72369,6.18661,8.31266,-0.02862,-0.10669,-0.49345
1619610185413,-2.60967,1.01035,6.67024,0.08748,0.09996,-0.5531
1619610185433,-6.55053,8.43237,3.67749,0.00013,-0.09817,-0.54671
1619610185453,0.90979,6.28238,8.5473,0.04274,0.08079,-0.49345
1619610185473,-9.13627,11.11388,11.91354,-0.06271,0.11914,-0.50942
1619610185493,2.48996,11.64539,11.77947,0.08215,-0.07899,-0.43273
1619610185513,-0.22984,8.14507,11.83693,0.02569,-0.00762,-0.5286
1619610185533,-12.99572,10.87925,1.8579,-0.09254,-0.0726,-0.59784
1619610185553,-5.62158,13.22078,2.58094,0.15672,-0.04064,-0.52221
1619610185573,-0.04788,1.17794,14.59026,-0.05313,-0.06088,-0.59678
1619610185593,0.67516,0.63685,10.86967,-0.00519,0.08611,-0.63832
1619610185613,-10.3621,8.49462,6.34463,0.12583,0.10849,-0.69478
1619610185633,-6.16267,5.37737,4.97993,-0.17243,-0.23665,-0.53393
1619610185653,2.69108,-1.95366,7.24964,0.20466,0.21714,-0.70543
1619610185673,0.77093,-7.04852,14.5759,-0.0201,-0.05769,-0.63513
1619610185693,-2.30801,-6.63672,8.24563,-0.09467,-0.08751,-0.54138
1619610185713,-4.25689,-2.77727,4.19942,0.18655,0.1447,-0.64578
1619610185733,-8.15465,6.76122,14.03481,-0.1213,-0.06088,-0.60849
1619610185753,-0.73262,-0.65122,19.6127,-0.15859,0.19051,-0.52647
1619610185773,-0.25857,-3.33751,12.82334,0.11198,-0.09071,-0.50197
1619610185793,3.45722,-4.87459,9.79228,-0.03182,-0.04916,-0.52114
1619610185813,0.7805,-0.33039,4.45321,0.09707,0.29065,-0.52966
1619610185833,2.57616,-3.4237,4.39096,-0.06591,-0.34637,-0.36774
1619610185853,0.41659,2.40377,8.12592,0.01611,0.18199,-0.58825
1619610185873,-0.08619,-0.23463,9.94072,0.02889,-0.10988,-0.57973
1619610185893,7.39808,4.26167,5.20978,0.05872,-0.18552,-0.4551
1619610185913,7.64708,-8.22647,19.09615,-0.03395,0.10422,-0.65643
1619610185933,4.75967,-5.16189,12.43548,-0.05206,-0.34105,-0.55203
1619610185953,-6.56011,-1.38863,11.32936,0.16311,0.13192,-0.45616
1619610185973,-3.18428,-4.34308,11.40597,-0.11278,-0.18232,-0.56375
1619610185993,15.1122,-2.01112,9.92157,0.11305,-0.12906,-0.59465
1619610186013,3.90254,-1.09654,3.84029,-0.03928,-0.06408,-0.55843
1619610186033,-2.8874,-4.13718,9.88326,0.08641,0.15323,-0.55736
1619610186053,8.27914,-1.06302,6.12436,0.04913,-0.16741,-0.54671
1619610186073,1.403,-2.38941,10.95586,-0.04034,0.20116,-0.56908
1619610186093,8.0924,-3.75889,15.91186,-0.04886,-0.16847,-0.50836
1619610186113,3.3423,1.34554,11.6023,0.10026,0.05735,-0.53499
1619610186133,-5.47314,1.7717,14.64772,0.03528,0.08611,-0.68093
1619610186153,3.87381,0.02873,9.92636,-0.11491,-0.09284,-0.59891
1619610186173,12.88559,-8.35097,14.79137,0.07683,0.0222,-0.57121
1619610186193,6.04296,3.66312,14.22634,-0.00412,0.06374,-0.65323
1619610186213,0.31603,1.2354,7.85777,-0.04034,-0.00229,-0.5531
1619610186233,-8.11155,4.83149,12.17212,-0.04034,-0.0726,-0.51049
1619610186253,-10.88404,4.71657,14.97812,-0.08402,0.07546,-0.63832
1619610186274,-8.13549,10.09395,7.01979,0.04913,-0.00975,-0.63726
1619610186293,3.40934,4.29519,9.48582,-0.0233,0.02753,-0.52221
1619610186313,7.60398,3.73974,16.33803,0.02569,-0.03851,-0.54671
1619610186333,3.29442,2.7246,3.69185,0.10239,0.0435,-0.5531
1619610186353,-2.91134,0.84275,12.33492,-0.10426,0.03072,-0.52114
1619610186373,0.03351,-0.45968,10.22802,0.06831,0.00729,-0.49451
1619610186393,-4.98951,2.99275,6.25844,-0.07443,0.00089,-0.61489
1619610186413,-12.00931,6.50265,-0.5746,-0.00412,-0.02786,-0.62021
1619610186433,-0.67516,0.15322,7.67102,-0.02969,-0.00123,-0.59145
1619610186453,4.77882,-6.90487,19.04826,-0.05206,-0.05449,-0.59997
1619610186473,-0.27293,2.77727,0.22026,0.0225,0.0744,-0.55949
1619610186493,1.4844,-2.21224,7.64229,-0.04993,-0.02147,-0.54351
1619610186513,-3.69185,11.55441,8.38928,-0.03075,-0.03318,-0.58186
1619610186533,-4.90811,1.21146,11.30542,0.10452,-0.07686,-0.58719
1619610186553,4.43885,-5.32949,7.35977,-0.08828,0.07333,-0.61489
1619610186573,0.87627,-3.55299,9.45709,0.01611,0.03072,-0.5531
1619610186593,-19.6127,13.01488,-2.92092,-0.04247,-0.27074,-0.49451
1619610186613,-0.12928,-0.13407,9.24161,0.01611,0.1447,-0.48279
1619610186633,3.05021,0.71826,5.41568,0.06937,-0.14184,-0.48705
1619610186653,-9.50498,8.95431,5.66946,-0.00625,-0.00762,-0.48918
1619610186673,-6.31111,-3.50511,10.10353,-0.05739,-0.04384,-0.50623
1619610186693,8.19295,-1.73819,14.19282,0.07257,-0.11095,-0.43273
1619610186713,0.68953,4.61123,3.98395,-0.09574,-0.05449,-0.45936
1619610186733,-8.13549,0.71347,13.64216,0.06724,-0.0449,-0.48279
1619610186753,6.43561,-2.09253,9.73961,-0.15326,-0.00975,-0.43059
1619610186774,-4.46279,4.57771,-0.62728,0.26112,-0.16634,-0.40822
1619610186793,2.37983,1.7717,13.76666,0.02356,0.14257,-0.58506
1619610186813,1.8962,-0.67995,8.14507,0.02463,-0.05556,-0.44977
1619610186833,0.67516,2.73896,8.1307,0.02889,-0.03425,-0.45723
1619610186853,-7.06289,3.52426,3.97916,0.07044,0.10742,-0.5254
1619610186874,-1.16358,-2.12126,6.99585,0.08748,-0.00016,-0.59038
1619610186893,0.62728,-0.2442,19.6127,-0.01265,-0.0236,-0.56482
1619610186913,-2.79163,4.50588,7.88171,-0.0478,0.0467,-0.61275
1619610186933,1.16837,5.12359,13.52724,0.03635,-0.0971,-0.70543
1619610186953,0.74699,-1.53228,16.11776,-0.01478,0.11701,-0.71076
1619610186973,4.67348,-2.11168,9.41878,0.04274,-0.05449,-0.64684
1619610186993,-2.31758,-1.76213,9.47146,-0.0691,-0.06727,-0.77574
1619610187013,-4.47236,7.85298,12.93826,-0.01797,0.09783,-0.75124
1619610187033,3.3854,-4.55856,15.3995,-0.0755,-0.10456,-0.61489
1619610187053,2.72939,-2.31758,17.7937,0.02356,0.0712,-0.65217
1619610187074,-5.35343,4.69263,10.57279,-0.03075,-0.02892,-0.66921
1619610187093,-2.88261,7.90086,11.45864,-0.05526,-0.0726,-0.57121
1619610187113,-13.12501,9.56244,4.20421,0.0715,0.05096,-0.71395
1619610187133,5.60722,2.04464,15.37556,-0.16924,-0.10669,-0.60423
1619610187153,4.41969,-3.93127,15.67244,0.20359,0.27999,-0.63406
1619610187174,-8.59997,8.01578,8.55208,-0.14154,-0.17167,-0.53286
1619610187193,-5.68862,-0.7422,9.18894,-0.05419,0.10209,-0.60317
1619610187213,-0.21068,-1.66157,2.59052,0.00439,-0.00336,-0.68732
1619610187233,1.73819,-10.68771,13.57512,-0.05313,-0.07047,-0.57014
1619610187253,2.99754,-10.42435,16.43858,0.06831,-0.02147,-0.6053
1619610187275,3.18907,-6.65109,15.89271,-0.21718,-0.06727,-0.56162
1619610187294,1.66636,2.24097,2.33195,0.10985,0.16068,-0.51049
1619610187313,2.09253,-2.94486,16.82644,-0.22037,-0.31974,-0.32939
1619610187333,1.12527,-8.14507,15.48569,0.00119,0.11807,-0.43805
1619610187353,10.0317,0.15801,9.39484,0.09281,0.10103,-0.57014
1619610187373,13.34049,-11.11388,10.32858,-0.15433,-0.13119,-0.45403
1619610187393,2.05422,-1.4844,6.00465,0.08322,0.26827,-0.46894
1619610187413,9.66299,-7.68538,5.7796,0.04274,-0.23132,-0.44018
1619610187433,2.69108,-5.25287,9.20331,0.09494,0.17986,-0.48918
1619610187453,3.82593,-2.56179,3.41413,-0.11598,-0.22493,-0.51475
1619610187474,-8.59518,5.21457,3.47638,0.11092,-0.00016,-0.54458
1619610187493,4.40533,-0.26336,4.75488,0.15779,0.10316,-0.49877
1619610187513,1.99197,-2.39899,10.87446,-0.14687,-0.36448,-0.43805
1619610187533,-2.82036,4.57292,4.15633,0.07896,0.27147,-0.56375
1619610187553,-3.29442,0.96725,18.14804,-0.00199,-0.26009,-0.50942
1619610187573,10.65419,-2.8874,5.99986,-0.08615,0.21182,-0.30383
1619610187593,-0.33039,6.22013,6.41646,0.03954,-0.07793,-0.51795
1619610187613,9.73961,-3.63918,12.07635,0.09707,0.04457,-0.46894
1619610187633,-1.80522,-1.87226,6.78995,-0.15859,0.07227,-0.50197
1619610187653,-7.62313,-1.53707,0.51235,0.18548,-0.11095,-0.39118
1619610187673,2.24097,0.67516,5.72214,-0.01904,0.06161,-0.4764
1619610187693,0.50757,11.25753,6.75164,0.02463,-0.13971,-0.49025
1619610187713,-2.16914,3.36624,6.10042,0.05233,-0.21108,-0.47853
1619610187733,6.13873,1.58017,8.2552,-0.02969,0.01048,-0.40077
1619610187753,-2.77248,0.61291,12.60307,0.06298,-0.11628,-0.39225
1619610187773,-12.20085,9.05487,11.54962,0.00545,-0.0758,-0.58399
1619610187793,-3.74931,-2.54264,10.93192,0.05552,0.06268,-0.50729
1619610187813,8.84896,-8.04451,18.70829,-0.1,-0.20043,-0.48066
1619610187833,-5.55454,3.97916,6.57447,0.02996,0.19797,-0.57654
1619610187853,-1.09654,4.56813,10.59673,0.10239,-0.15676,-0.5009
1619610187874,-3.37582,-1.71903,6.38294,-0.02436,0.11275,-0.55523
1619610187893,-10.46744,1.7334,10.37646,0.02889,0.18199,-0.67347
1619610187913,-6.82347,8.13549,9.34696,0.07363,-0.03212,-0.56375
1619610187933,-7.39808,6.99585,6.72291,0.01824,0.03924,-0.56269
1619610187953,-7.01979,2.72939,12.35408,-0.02969,0.07866,-0.62554
1619610187973,-5.09964,8.61912,10.45787,-0.1245,-0.0694,-0.55736
1619610187993,-5.16189,1.6089,9.92157,0.06724,0.05096,-0.53286
1619610188013,-7.88171,2.77248,12.36365,-0.05845,-0.12906,-0.57227
1619610188033,-1.75734,0.97204,11.90397,0.01611,0.16494,-0.58293
1619610188053,0.09097,3.21301,9.77313,0.02356,-0.08006,-0.58399
1619610188073,0.85233,2.28885,15.09783,-0.01904,0.10955,-0.65004
1619610188093,-6.09084,-4.2521,15.17445,-0.02969,0.06801,-0.62234
1619610188113,12.06198,-4.71178,14.90151,0.11305,-0.11521,-0.48918
1619610188133,-8.19774,6.6463,14.10663,-0.09361,-0.03425,-0.58612
1619610188153,1.24977,2.52827,2.08295,0.00545,-0.07047,-0.51795
1619610188173,1.08217,-10.09395,18.03312,-0.08721,0.09144,-0.38053
1619610188193,5.98071,-8.0493,13.63258,-0.05952,0.10849,-0.56162
1619610188213,3.33272,-7.22091,10.72123,-0.00412,-0.03425,-0.47107
1619610188233,-11.53047,-2.71023,13.31654,0.07044,-0.05342,-0.45829
1619610188253,2.16435,-1.37906,11.95185,0.09387,-0.0236,-0.53819
1619610188273,-5.88973,-6.99106,8.82502,-0.07017,-0.00868,-0.46362
1619610188293,10.37646,-11.08515,10.93192,0.05233,-0.01401,-0.5041
1619610188313,6.40209,-3.71101,14.90151,0.13329,0.11807,-0.50836
1619610188333,-1.63763,-7.43639,17.62611,0.02889,0.18092,-0.59251
1619610188353,7.79073,7.513,10.06522,0.01824,-0.13971,-0.56162
1619610188373,4.32392,1.41257,2.25054,-0.02543,0.12766,-0.56482
1619610188393,8.1738,-0.35434,12.38759,0.00226,-0.1493,-0.53606
1619610188413,-18.33,3.99831,10.4435,-0.05952,0.09677,-0.52114
1619610188433,-0.19153,1.58975,3.38061,0.02356,0.15642,-0.48705
1619610188453,1.97761,1.61369,10.74038,-0.08615,-0.03958,-0.56482
1619610188473,2.34152,-0.03351,2.68629,-0.06165,-0.01294,-0.6266
1619610188493,-0.18195,0.92416,8.87291,0.21531,0.15642,-0.63619
1619610188513,-2.10689,4.64475,4.26167,-0.06058,-0.10669,-0.50516
1619610188533,-17.19036,12.83292,4.27604,-0.10532,-0.03851,-0.53179
1619610188553,-14.39872,7.23048,9.76355,0.20253,-0.04703,-0.45297
1619610188573,-11.12824,5.2433,7.10599,0.04487,0.16494,-0.49771
1619610188593,7.11556,4.06535,3.84987,-0.13195,-0.09817,-0.50942
1619610188613,-11.98058,13.40274,5.00388,0.00759,-0.10136,-0.54351
1619610188633,-8.05409,2.54743,14.02044,-0.10852,0.01155,-0.54458
1619610188653,-6.68939,6.03338,11.77468,-0.0201,0.11701,-0.44338
1619610188673,8.40364,5.75087,-2.12605,0.02569,-0.26541,-0.5041
1619610188693,5.14274,1.12048,8.37012,0.01717,0.0222,-0.53393
1619610188713,-1.2354,3.63439,9.22725,0.00119,0.08292,-0.59358
1619610188733,0.65122,0.83318,9.73961,-0.02862,-0.06301,-0.59784
1619610188753,-15.55752,10.56321,4.76446,0.03954,-0.01188,-0.57547
1619610188773,4.98951,-2.66235,19.6127,-0.11917,0.04777,-0.55523
1619610188793,8.90164,1.25935,10.01734,0.00119,-0.03532,-0.53286
1619610188813,-8.08282,9.87847,10.75954,0.1514,0.02966,-0.54351
1619610188833,-9.07881,5.12837,-2.10689,-0.17457,0.02753,-0.49664
1619610188853,-11.92791,1.10612,5.65989,0.10452,-0.0204,-0.50516
1619610188873,-0.98162,3.70143,4.3335,-0.01797,-0.11841,-0.5563
1619610188893,-0.38307,-4.04141,8.22168,-0.03715,0.12873,-0.60849
1619610188913,1.49877,-3.42849,10.40041,0.07363,0.0744,-0.45829
1619610188933,7.69017,3.69664,6.56011,0.00759,-0.06195,-0.4551
1619610188953,-11.58314,-4.22816,10.90798,-0.04993,-0.11308,-0.48386
1619610188973,-0.40701,-2.14999,9.62947,0.00972,0.04137,-0.40929
1619610188973,-5.76044,-5.23851,17.53513,0.11837,-0.00549,-0.49451
1619610189013,7.96311,0.96246,10.817,-0.06697,-0.0758,-0.5041
1619610189033,-5.62158,12.70842,15.78257,0.02143,0.03924,-0.49771
1619610189053,1.43173,-1.34554,10.25197,-0.02117,-0.06195,-0.48705
1619610189073,-5.2816,4.27604,9.51934,-0.05632,0.1202,-0.48492
1619610189094,11.32457,-5.02303,10.65898,0.32397,-0.08538,-0.63299
1619610189113,0.08619,1.58017,6.58884,-0.17457,0.04244,-0.6021
1619610189133,-1.72861,2.24576,12.41633,0.11305,-0.05129,-0.57441
1619610189153,4.21858,-2.05422,10.18493,0.05552,0.11062,-0.68732
1619610189173,-3.0119,-4.35744,7.41244,-0.11917,-0.06514,-0.60956
1619610189193,3.05021,3.55299,10.18014,-0.02756,0.10529,-0.62767
1619610189213,3.05021,3.55299,10.18014,-0.02756,0.10529,-0.62767
1619610189233,6.81868,-0.51714,5.99508,0.03954,0.00835,-0.46788
1619610189253,-10.95107,5.51624,6.50744,-0.05099,-0.01614,-0.40609
1619610189273,12.39238,-1.53228,4.78361,-0.01158,-0.02466,-0.49025
1619610189294,2.23618,-1.44609,16.41464,0.07044,-0.15569,-0.5254
1619610189313,-10.26633,8.02057,8.24563,-0.02862,0.26082,-0.49877
1619610189333,-1.44609,3.05978,10.06522,0.0193,-0.17486,-0.49345
1619610189353,19.6133,-1.17794,14.26944,0.03422,0.07546,-0.51901
1619610189373,9.61511,-5.66946,4.7884,0.0193,0.02326,-0.49451
1619610189394,-7.16345,7.53215,19.6127,0.03635,-0.19191,-0.49771
1619610189413,5.20978,-5.79396,10.86009,0.10133,-0.02999,-0.53819
1619610189433,-2.60489,18.03312,3.12682,0.00972,-0.13438,-0.55097
1619610189453,-2.75333,3.60087,15.46654,-0.05739,0.08505,-0.48705
1619610189473,1.66636,-2.49954,-2.65756,0.11305,0.08292,-0.60104
1619610189494,-6.60799,-2.41335,16.54393,-0.24061,-0.13865,-0.48812
1619610189513,6.61757,5.51624,14.58068,0.10239,0.06801,-0.47001
1619610189533,-4.72615,-0.3687,17.46809,0.15246,0.11488,-0.54564
1619610189553,4.34308,1.29286,6.71334,0.02569,-0.1493,-0.54032
1619610189573,3.07415,-1.72861,3.01669,0.01291,0.21501,-0.59678
1619610189594,10.10353,0.905,0.68474,0.07257,0.00515,-0.6021
1619610189613,-0.88585,1.24498,13.84327,0.0193,0.18518,-0.58719
1619610189633,-5.74608,2.25533,5.37737,0.04593,0.19051,-0.58932
1619610189653,-3.68228,-11.36288,17.14248,-0.12343,-0.01401,-0.57654
1619610189673,0.31603,-0.78529,6.68461,0.04274,0.15962,-0.53925
1619610189693,-13.65173,6.17225,7.32625,-0.0478,-0.25263,-0.53073
1619610189713,-4.61123,3.18428,0.93373,0.07363,0.17134,-0.55843
1619610189733,-1.72382,-3.64876,3.93127,-0.03502,-0.09604,-0.51369
1619610189753,8.02057,2.6001,19.04348,-0.14687,-0.33998,-0.50197
1619610189773,-0.94331,3.3854,1.01035,0.06724,0.13086,-0.55417
1619610189794,-12.54561,10.9415,6.32548,-0.05845,0.04777,-0.56695
1619610189813,-9.64863,2.20745,4.15633,-0.02117,0.06801,-0.59465
1619610189833,1.33596,-2.85388,12.03325,0.17377,0.06161,-0.60743
1619610189853,-1.69988,0.99598,15.00685,-0.10639,-0.18658,-0.58399
1619610189873,-8.31745,5.58806,7.47469,0.19507,0.22247,-0.54671
1619610189893,-18.05228,4.40054,9.32302,-0.05632,-0.14397,-0.53499
1619610189913,-3.10767,1.61848,8.71489,-0.02436,0.19584,-0.59038
1619610189933,0.15801,-2.67671,14.97812,0.06191,-0.05129,-0.54671
1619610189953,-7.42202,7.42202,12.56955,-0.25339,0.0499,-0.47853
1619610189973,4.18506,-6.5649,5.7796,0.14074,-0.06727,-0.47427
1619610189993,4.36223,-5.54497,-1.14921,-0.09893,0.03179,-0.51049
1619610190013,-7.95353,11.59751,12.44027,-0.04886,-0.15143,-0.52221
1619610190033,3.46201,-8.7532,14.81532,-0.00732,0.01581,-0.50303
1619610190053,11.62624,-1.98718,4.458,0.02889,-0.00549,-0.46894
1619610190073,-12.469,-2.71502,7.25921,-0.01051,-0.18978,-0.46681
1619610190093,6.00465,-4.1276,9.12669,0.07363,0.13086,-0.49984
1619610190113,1.06781,-2.80121,19.6127,-0.03928,-0.04384,-0.58825
1619610190133,5.62637,-2.52827,13.9534,0.00332,0.07227,-0.51688
1619610190153,-6.58884,-1.64721,10.04607,-0.00732,0.00835,-0.57227
1619610190173,-3.66312,-1.10133,11.50174,-0.09041,-0.11414,-0.61169
1619610190193,7.1826,-10.57279,18.31564,0.03848,0.09251,-0.57654
1619610190213,7.62313,-3.53863,19.6127,0.05872,-0.05129,-0.57121
1619610190233,4.84586,7.37414,9.88326,-0.05206,-0.00016,-0.6788
1619610190253,6.64151,-4.26167,13.9534,0.15779,0.03711,-0.68945
1619610190273,3.23696,-3.03584,18.13368,-0.11385,0.17986,-0.70863
1619610190293,7.34541,-1.43173,13.27824,-0.16391,-0.30909,-0.64258
1619610190313,5.51624,0.99598,14.06832,0.12903,0.15962,-0.68626
1619610190333,-7.50342,6.48828,14.57111,-0.09787,0.08505,-0.69052
1619610190353,3.27526,11.11867,4.84107,-0.09787,-0.19297,-0.51475
1619610190373,6.53617,5.08049,11.42991,0.11198,0.27147,-0.6511
1619610190393,-4.41969,3.10288,12.10508,-0.16072,-0.00762,-0.62341
1619610190413,-0.71826,-6.32069,14.36521,-0.05099,-0.05023,-0.46788
1619610190433,7.60398,-6.50265,19.6127,0.02037,0.06801,-0.54245
1619610190453,-4.67348,-9.32302,15.47133,-0.17989,0.01261,-0.49664
1619610190473,-6.01902,-0.26336,18.09058,-0.02969,0.02859,-0.47534
1619610190493,12.88559,5.15711,2.77248,0.02783,-0.19404,-0.46575
1619610190513,-6.92403,-4.2904,19.6127,0.05233,0.08398,-0.61808
1619610190533,1.84832,5.39174,2.00634,-0.05419,-0.12799,-0.61915
1619610190553,7.94874,-2.32716,9.21767,0.18229,-0.03851,-0.63086
1619610190573,0.22026,-0.52193,11.12824,-0.07656,-0.1003,-0.68413
1619610190593,-1.49877,1.07739,7.08204,0.0715,-0.25263,-0.60636
1619610190613,9.80665,-8.06845,5.55933,-0.00519,0.2001,-0.57334
1619610190633,1.11569,4.63517,13.18726,-0.04993,0.02539,-0.64365
1619610190653,5.27682,-6.16267,10.20887,-0.247,-0.10775,-0.62021
1619610190673,5.04697,4.08929,5.39653,0.047,-0.04277,-0.55843
1619610190693,1.57059,5.60243,2.21703,0.01717,-0.03638,-0.52647
1619610190713,0.39264,2.97359,4.97993,-0.10639,-0.10775,-0.48173
1619610190733,-0.8667,2.11168,10.80263,-0.03182,-0.01401,-0.43912
1619610190753,-6.80911,5.26724,5.62637,0.08428,0.06907,-0.42953
1619610190773,9.91199,-15.13135,16.63491,0.00545,-0.00762,-0.44338
1619610190793,1.03908,-2.25533,5.87537,-0.06484,-0.01508,-0.52114
1619610190813,-11.66933,1.82438,9.58159,-0.06058,-0.10136,-0.45616
1619610190833,1.16837,-2.30801,3.1364,0.0747,0.24164,-0.4242
1619610190853,4.81234,-1.34075,15.50963,0.047,-0.09497,-0.3784
1619610190873,1.06781,8.74362,0.84754,-0.04354,0.0435,-0.41462
1619610190893,-4.97036,4.71657,3.27526,-0.03608,0.00835,-0.29424
1619610190913,-6.17704,0.93373,15.275,0.1482,-0.07366,-0.46042
1619610190933,8.22647,-0.17717,1.32638,0.10133,0.08292,-0.42527
1619610190953,-6.83305,2.70544,6.89051,-0.01904,-0.15995,-0.46255
1619610190973,6.09563,-3.45243,4.81234,-0.07017,0.16707,-0.46894
1619610190993,2.38941,3.85945,0.1628,0.0502,0.01474,-0.50516
1619610191013,2.61925,7.264,19.27332,-0.07123,0.03072,-0.41781
1619610191033,-17.55428,5.38216,6.3973,0.30692,-0.13865,-0.44977
1619610191053,-0.22026,0.5363,17.54949,-0.17243,0.04883,-0.68413
1619610191073,5.0757,-2.46602,5.30076,0.22596,0.11594,-0.54245
1619610191093,4.41011,-5.46835,5.90889,0.00226,-0.10136,-0.53286
1619610191113,1.34554,0.42616,14.31732,-0.11917,0.03072,-0.67987
1619610191133,-6.8522,1.98718,10.62546,0.03315,0.09996,-0.58719
1619610191153,-5.25766,2.69587,7.16345,0.06831,-0.01721,-0.49451
1619610191173,4.45321,-0.51714,11.7651,-0.09041,-0.12799,-0.64045
1619610191193,-10.46744,-1.07739,10.01734,0.03635,0.00622,-0.54245
1619610191213,7.8865,-2.4325,19.01953,-0.0201,-0.05236,-0.51262
1619610191233,-0.5363,-4.39096,19.46964,0.00652,0.1202,-0.55736
1619610191253,8.55687,-1.13964,15.70596,-0.01584,0.00089,-0.57227
1619610191273,2.90656,-0.28251,17.74582,0.00759,0.10209,-0.49877
1619610191293,9.84495,3.49553,3.72537,0.04807,-0.05129,-0.59038
1619610191313,6.7708,-1.72382,10.78827,-0.00519,0.01687,-0.57227
1619610191333,-3.18907,-0.25857,11.42513,-0.0446,0.05522,-0.54671
1619610191353,-1.76213,-1.16837,12.52167,-0.01478,0.1202,-0.5808
1619610191373,-1.65678,1.55623,11.34851,0.00332,-0.10243,-0.56162
1619610191393,5.80354,-7.82425,17.19515,0.06511,0.09038,-0.58399
1619610191414,-4.07971,0.54108,7.67102,-0.05952,-0.00868,-0.5286
1619610191433,12.3014,-8.20253,11.77947,-0.0233,-0.05023,-0.54138
1619610191453,5.47793,-2.03507,8.45153,0.01824,-0.18871,-0.53393
1619610191473,0.50757,0.34476,3.21301,0.00332,0.1447,-0.62767
1619610191493,-7.81467,8.65743,8.93516,-0.01904,-0.15676,-0.59571
1619610191514,2.70065,-7.15387,14.121,-0.09041,-0.15676,-0.682
1619610191533,3.23217,3.7158,10.62546,0.08109,0.07866,-0.72035
1619610191553,-0.75177,-2.21224,8.63828,0.18335,0.01261,-0.67134
1619610191573,6.28238,0.52193,6.91924,-0.23742,-0.31761,-0.6575
1619610191593,7.57046,2.17872,1.403,0.07683,0.16814,-0.73313
1619610191613,1.55144,6.68461,9.29429,-0.01371,-0.03958,-0.67561
1619610191633,0.22984,-1.12048,7.73327,0.04167,-0.15676,-0.56801
1619610191653,2.23139,9.40442,2.17872,-0.13835,0.03924,-0.65963
1619610191673,-9.1219,2.38462,1.72861,-0.05419,-0.0449,-0.46788
1619610191693,-3.58651,1.31202,10.02212,-0.03075,0.00409,-0.43912
1619610191714,-2.36068,0.53151,1.0295,-0.06697,0.00729,-0.46468
1619610191733,3.91691,8.02536,7.49385,0.02037,0.01368,-0.39438
1619610191753,-4.94642,1.45567,12.7563,0.04167,0.07333,-0.40716
1619610191773,7.07247,0.87627,10.95107,-0.0446,-0.06301,-0.51688
1619610191793,-7.85777,4.72615,6.24886,-0.00838,0.07653,-0.53393
1619610191814,3.1364,0.72304,6.17225,0.03635,0.07546,-0.51688
1619610191833,3.68707,3.02627,5.04218,-0.01051,-0.06088,-0.54671
1619610191853,-0.63685,-0.73262,9.27034,0.11411,-0.05556,-0.57441
1619610191873,-3.76368,2.41335,9.06444,-0.10639,0.08505,-0.53393
1619610191893,-10.80742,6.28717,8.72925,0.00013,0.02326,-0.5041
1619610191914,-1.84353,4.23773,4.92726,0.11518,-0.06088,-0.51901
1619610191934,4.6639,-1.6089,1.55144,-0.16178,0.04137,-0.53712
1619610191953,1.31681,1.31681,7.05331,0.08641,0.0957,-0.46575
1619610191973,-11.85129,6.15309,7.06768,0.00545,-0.06088,-0.48492
1619610191993,6.92403,0.44532,7.05331,0.01611,-0.00016,-0.53286
1619610192013,-10.44829,-2.55221,8.01099,0.06191,0.09144,-0.51901
1619610192033,-18.11931,-0.00478,7.99184,-0.05845,-0.02466,-0.54777
1619610192053,1.78128,0.64643,19.36909,0.00652,-0.1216,-0.57973
1619610192073,7.9248,-1.71903,4.13239,0.096,0.08718,-0.55523
1619610192093,-1.49877,-5.62637,13.81933,-0.13941,-0.01827,-0.57441
1619610192114,-1.76213,-6.00944,11.89439,0.02037,0.0989,-0.56695
1619610192133,1.34075,-10.29506,9.72045,0.05872,-0.00229,-0.52434
1619610192153,-3.27526,-2.05422,15.05952,-0.05313,0.01048,-0.48066
1619610192173,3.20823,-2.51391,3.77326,-0.16285,-0.02786,-0.53179
1619610192193,-12.41154,3.99352,8.40364,0.06617,-0.0481,-0.52221
1619610192213,2.20745,-3.57214,7.60398,0.04913,0.08185,-0.52008
1619610192233,11.20007,-3.42849,8.77714,-0.03182,-0.0449,-0.46894
1619610192253,-0.06224,2.44687,10.01734,0.09387,0.15642,-0.53179
1619610192273,6.78516,-0.6177,8.14986,-0.03821,-0.02679,-0.49451
1619610192293,-12.77067,0.11492,10.91756,0.10133,-0.15356,-0.40503
1619610192313,12.09071,-9.91199,19.31642,-0.00093,-0.02892,-0.53819
1619610192333,3.19386,-4.78361,11.87524,-0.03289,-0.07047,-0.53286
1619610192353,4.41011,-1.71424,14.75307,-0.12343,-0.10136,-0.38798
1619610192373,-4.33829,7.264,11.81778,0.00332,0.07014,-0.43699
1619610192393,11.95664,-13.14416,15.63413,-0.01584,-0.22493,-0.54245
1619610192413,-2.26012,-0.05746,10.27112,-0.01371,0.15216,-0.43699
1619610192433,-4.5394,1.62805,10.80263,0.02889,-0.21641,-0.44125
1619610192453,-0.2873,1.154,11.8082,0.19827,-0.06088,-0.5808
1619610192473,-0.27772,-6.08127,18.91898,-0.1767,0.11807,-0.63086
1619610192493,7.79552,-2.15957,17.56386,0.16205,0.09996,-0.59145
1619610192513,-8.31745,2.79642,9.99339,-0.0446,-0.1248,-0.66176
1619610192533,7.50821,-2.35589,9.64863,-0.00199,0.22673,-0.67987
1619610192553,0.63206,5.37258,9.66299,-0.07976,-0.26648,-0.55523
1619610192573,2.99275,2.05422,4.61602,0.03315,0.12553,-0.59891
1619610192593,3.88339,2.3511,6.54095,-0.0691,-0.14291,-0.6543
1619610192613,-0.5363,7.39808,9.09317,0.05659,0.12233,-0.5808
1619610192633,7.17781,0.27293,0.53151,-0.08189,0.06801,-0.59358
1619610192653,2.33195,9.90241,0.86191,-0.09893,-0.1738,-0.60849
1619610192673,-8.08282,7.01979,-0.68474,0.11198,0.11168,-0.51262
1619610192693,-3.77326,6.98149,9.7444,0.00439,0.16494,-0.57547
1619610192713,19.6133,-9.36132,9.95509,-0.15326,-0.21215,-0.47321
1619610192733,0.72304,5.44441,4.64475,0.08855,0.21501,-0.61702
1619610192753,-2.13083,3.57214,4.9512,0.16844,-0.00868,-0.63299
1619610192773,1.58017,-3.7158,13.53681,-0.18628,-0.13012,-0.58399
1619610192793,-7.54652,-3.37103,11.16176,0.00865,0.21288,-0.5776
1619610192813,-5.99029,3.99831,12.04762,0.13968,-0.10456,-0.57334
1619610192833,3.16034,2.40377,3.94085,-0.09254,-0.05982,-0.47747
1619610192853,-4.93684,0.29688,16.43858,-0.08934,-0.06621,-0.56588
1619610192873,-2.43729,0.76135,12.38759,0.05765,-0.01401,-0.55523
1619610192893,-1.58496,-7.02937,12.45463,-0.06378,-0.02786,-0.5286
1619610192913,-4.58729,3.43328,9.29907,0.05659,0.05522,-0.51688
1619610192933,-2.25533,6.83305,1.82917,-0.08082,-0.08645,-0.5254
1619610192953,-2.31279,-9.08838,12.78982,0.07789,0.0435,-0.50197
1619610192973,1.3599,-6.02381,14.62857,-0.08082,0.12127,-0.49238
1619610192993,6.91924,0.79966,1.9393,-0.01265,-0.0758,-0.52327
1619610193013,3.09809,-3.89297,13.02445,0.04593,0.04777,-0.57334
1619610193033,-0.43574,1.06302,18.27254,0.02463,-0.04384,-0.58825
1619610193053,1.51792,-0.37828,11.80341,0.04487,-0.06088,-0.56056
1619610193073,-1.18273,4.39096,12.56955,-0.12876,-0.00655,-0.56056
1619610193093,14.59505,-0.00957,7.3071,0.05552,-0.10243,-0.46255
1619610193113,-2.33674,1.01992,10.30464,-0.03395,0.05948,-0.57227
1619610193133,-5.98071,-1.154,13.49372,0.03528,-0.13012,-0.59678
1619610193153,6.30153,-7.01501,14.49928,0.01398,-0.00336,-0.52647
1619610193173,1.92972,-4.31914,7.46512,-0.01691,0.20436,-0.56695
1619610193193,-6.90487,3.12682,12.7563,0.10665,-0.20469,-0.41462
1619610193213,4.47715,-0.81881,10.25197,-0.22676,0.16814,-0.46255
1619610193233,3.75889,1.17794,14.11621,0.20359,-0.14504,-0.45403
1619610193253,8.26478,-2.06859,8.9591,-0.02969,0.0499,-0.48066
1619610193273,-2.40377,3.60087,19.6127,-0.00412,-0.15676,-0.55203
1619610193293,9.89763,-5.77002,7.37892,-0.00306,0.14151,-0.53499
1619610193313,0.05267,-1.54665,5.45399,-0.11598,0.0467,-0.51155
1619610193333,-2.22181,3.02148,14.83926,0.00972,-0.0971,-0.56695
1619610193353,7.3885,3.40455,9.0405,0.05765,0.07333,-0.59465
1619610193373,4.42448,0.63685,8.2169,0.24727,-0.14823,-0.58612
1619610193393,8.23605,-0.32082,18.62688,-0.14367,-0.19617,-0.61489
1619610193413,8.17859,-0.66558,18.68913,-0.04567,0.08505,-0.66389
1619610193433,-3.32794,3.57214,8.70052,0.06937,0.00835,-0.56588
1619610193453,7.61356,-1.45567,6.91924,0.01504,0.019,-0.59145
1619610193473,-9.93114,3.52905,15.76821,-0.02756,-0.02253,-0.64684
1619610193493,11.62624,-11.06121,19.6127,-0.16178,-0.1216,-0.52753
1619610193513,7.65665,-0.40222,11.70764,0.0438,0.00302,-0.50836
1619610193533,6.00465,5.51145,-0.02394,-0.12876,0.00196,-0.48812
1619610193553,-1.57059,4.31914,12.06677,0.04061,-0.00229,-0.48279
1619610193573,1.26413,4.10845,18.89982,0.03422,0.02646,-0.44977
1619610193593,12.58871,-0.56982,5.9041,-0.09574,0.02539,-0.51582
1619610193613,-10.26633,5.4492,1.29286,0.11092,0.06694,-0.53712
1619610193633,-4.46279,0.15801,2.26491,0.08428,-0.15249,-0.41675
1619610193653,7.17781,-2.16914,8.15943,-0.18841,-0.11521,-0.64897
1619610193673,11.66455,-10.68292,10.27591,0.02463,-0.00549,-0.67028
1619610193693,-1.35032,0.91937,4.48194,0.1482,0.05522,-0.67667
1619610193713,-6.20577,7.79073,-1.7334,-0.05845,-0.03318,-0.64578
1619610193733,-7.48906,11.07078,3.50989,0.02783,0.02007,-0.67454
1619610193753,-1.61369,-3.42849,12.5935,0.10346,-0.00655,-0.67561
1619610193773,1.91536,4.32392,0.38786,-0.12663,0.01581,-0.60104
1619610193793,6.05733,-1.60411,4.36702,0.04487,-0.33039,-0.56908
1619610193813,7.7189,1.10612,8.54251,-0.13089,0.24803,-0.48705
1619610193813,5.02303,-5.60243,12.08114,-0.43662,0.15003,-0.43912
1619610193853,-11.42034,10.95586,3.02627,0.25899,-0.11414,-0.46894
1619610193873,4.13718,3.69185,3.2609,0.03635,-0.09604,-0.36455
1619610193893,-2.00155,-4.13718,11.62624,-0.09041,-0.03745,-0.48705
1619610193913,-4.05577,1.71903,3.63918,0.05446,0.05629,-0.40183
1619610193935,-7.8434,-0.13407,2.98317,0.12476,-0.05556,-0.41994
1619610193953,-1.76692,-1.00556,10.30943,0.22916,0.25549,-0.52008
1619610193973,4.34787,-6.17225,3.97916,0.38575,0.25656,-0.57014
1619610193993,-4.85544,6.83784,13.13459,-0.18309,-0.2718,-0.64365
1619610194013,4.0462,-2.05901,2.95923,0.04274,0.19477,-0.5254
1619610194034,-5.55454,0.39264,7.23527,-0.02436,0.00196,-0.57547
1619610194053,4.03183,-0.80924,15.16487,-0.07017,-0.05023,-0.4796
1619610194073,10.61589,3.91691,4.40533,0.03315,0.13831,-0.56269
1619610194093,1.76213,7.06289,11.65018,0.01398,-0.06408,-0.55949
1619610194113,-4.0462,6.62236,2.37983,-0.0201,-0.04277,-0.53925
1619610194134,-0.08619,6.49786,8.3797,0.00972,0.01155,-0.64791
1619610194153,2.24097,1.69509,14.92066,0.12796,0.09464,-0.52114
1619610194173,-7.76679,4.36223,13.623,-0.06271,0.03605,-0.44657
1619610194193,-4.74051,3.4668,16.40028,0.02676,-0.08538,-0.53606
1619610194213,-8.15465,7.70454,8.93516,-0.03715,-0.23558,-0.46149
1619610194234,-0.9481,1.92972,5.73171,0.08855,0.3226,-0.47427
1619610194253,-4.59207,-3.42849,12.9622,-0.21398,-0.23026,-0.54777
1619610194273,-11.066,4.0845,8.99262,0.02569,0.13299,-0.56269
1619610194293,-2.77248,-5.2002,14.60463,-0.0201,0.11701,-0.62554
1619610194313,-9.19373,-0.37349,14.21198,-0.05313,-0.1248,-0.43486
1619610194335,13.35485,-6.83305,12.40675,-0.03608,0.0712,-0.5563
1619610194353,-3.05978,0.45489,10.00297,0.22383,-0.15143,-0.39225
1619610194373,-4.96078,-3.88339,10.37646,-0.18841,0.05309,-0.54351
1619610194393,-3.4237,-0.31603,12.9622,0.23342,0.24058,-0.60317
1619610194413,18.72265,-11.14261,9.4954,-0.15859,-0.5051,-0.39757
1619610194436,-3.03105,-10.4435,18.7849,0.01291,0.4547,-0.52647
1619610194453,-12.8808,6.71334,8.11634,-0.02117,-0.33359,-0.53179
1619610194473,8.916,-13.07234,18.24381,-0.02649,0.23525,-0.45723
1619610194493,1.03429,-1.36469,14.36521,0.00545,-0.08538,-0.51688
1619610194513,0.79966,-6.45476,9.20809,0.14927,0.14044,-0.55203
1619610194534,-2.65277,1.08696,19.6127,-0.18096,-0.00868,-0.64897
1619610194553,3.93606,-3.11725,-3.14598,0.21957,0.00196,-0.50303
1619610194573,1.96324,0.41659,18.44492,-0.11065,0.10849,-0.5254
1619610194593,-5.73171,-4.65432,12.98136,-0.08402,0.15429,-0.52434
1619610194613,6.75643,-1.34554,8.25041,0.08855,0.11275,-0.4764
1619610194633,14.93024,2.52348,13.87679,-0.0446,-0.06408,-0.49131
1619610194653,1.86747,-1.91057,10.07001,-0.03502,0.08931,-0.49664
1619610194673,-1.83395,-1.20188,10.66856,0.04167,-0.11201,-0.60849
1619610194693,-6.56968,6.63193,13.19205,-0.00625,0.11701,-0.58506
1619610194713,-6.08127,-0.10534,8.19295,0.07789,-0.01508,-0.55097
1619610194733,9.75876,-7.00064,13.56075,0.10772,-0.01614,-0.55417
1619610194753,2.78685,0.68953,7.61834,-0.12556,-0.01401,-0.66495
1619610194773,14.97333,0.39264,1.72382,-0.04993,-0.177,-0.53606
1619610194793,-2.0207,5.37258,11.96143,-0.07656,0.08292,-0.63406
1619610194813,-11.82735,11.65497,0.40222,0.01824,-0.10988,-0.58399
1619610194833,0.39264,8.14028,8.30309,-0.11385,-0.02679,-0.57654
1619610194853,-1.98718,0.99119,14.58547,0.04593,0.14577,-0.51049
1619610194873,-1.46046,-2.05901,11.03727,-0.06804,0.02326,-0.58399
1619610194893,2.20745,7.79552,-1.2785,0.12689,-0.00123,-0.52966
1619610194913,13.29739,4.80276,0.97683,-0.01904,-0.00229,-0.49877
1619610194933,8.38928,0.91458,7.80509,-0.05206,-0.13865,-0.52221
1619610194953,-9.61032,2.31758,-0.05267,0.02037,-0.01401,-0.54351
1619610194973,-5.32949,1.9393,19.6127,-0.00519,-0.08325,-0.57121
1619610194993,-6.65109,3.4668,4.92726,-0.02223,0.11914,-0.56801
1619610195013,11.87524,-4.76446,13.70441,0.0225,-0.0236,-0.48386
1619610195033,-1.25456,4.86022,-1.28808,-0.11811,-0.02573,-0.57014
1619610195053,0.70389,10.06043,-3.75889,0.03954,-0.07047,-0.46362
1619610195073,3.75889,-4.72136,14.26465,0.01398,-0.15249,-0.60104
1619610195093,3.18907,-13.00051,2.16435,0.08961,0.1724,-0.56695
1619610195113,-6.19619,1.81001,9.8258,-0.03928,0.06481,-0.51369
1619610195133,11.11388,-0.72304,2.16914,0.14074,-0.03105,-0.48492
1619610195153,-5.17626,-3.10767,11.18571,-0.31518,0.22566,-0.45936
1619610195173,-3.62003,-10.65419,12.14339,0.03954,-0.25476,-0.51901
1619610195193,-3.65355,-5.22893,1.65199,0.0992,-0.01188,-0.44444
1619610195213,-4.55856,-0.91458,13.78102,-0.05739,-0.02786,-0.60849
1619610195233,1.55623,2.94007,18.78969,0.00439,0.04563,-0.53606
1619610195253,14.97333,-2.79163,14.1593,0.08002,0.00835,-0.48173
1619610195273,13.82412,-7.264,9.65342,-0.11704,-0.00975,-0.52647
1619610195293,0.79008,3.37103,7.89607,0.05126,-0.03212,-0.47853
1619610195313,-6.70376,3.97916,8.85854,0.05126,-0.02999,-0.5009
1619610195333,-10.39562,-1.4844,3.96,-0.11598,0.27041,-0.5808
1619610195353,3.89776,-4.19942,11.7651,-0.00945,-0.1216,-0.57547
1619610195373,-10.568,1.49398,14.58068,0.04913,0.10849,-0.58399
1619610195393,-3.64397,-1.31202,8.41801,0.09494,-0.02147,-0.57441
1619610195413,3.0933,-0.39264,17.70751,-0.07443,0.10103,-0.6266
1619610195433,11.65976,-5.4061,12.49773,-0.05845,-0.1003,-0.58186
1619610195453,6.14352,-11.94706,14.93024,0.13435,0.02539,-0.52114
1619610195473,1.33117,-1.41257,19.00996,-0.08295,-0.01401,-0.63513
1619610195493,-0.14365,6.32069,12.43069,0.05765,0.0467,-0.5776
1619610195513,2.23618,-0.91937,4.7884,-0.18841,-0.29417,-0.54564
1619610195533,2.23618,-0.91937,4.7884,-0.18841,-0.29417,-0.54564
1619610195553,3.68228,3.7541,12.66532,0.03635,-0.05129,-0.54458
1619610195573,3.68228,3.7541,12.66532,0.03635,-0.05129,-0.54458
1619610195593,1.54186,0.11971,19.6127,0.02996,0.08931,-0.54884
1619610195613,1.54186,0.11971,19.6127,0.02996,0.08931,-0.54884
1619610195633,-1.58496,5.81791,7.35498,0.05872,0.19584,-0.59358
1619610195653,-5.612,3.20344,19.6127,-0.06804,0.0222,-0.5499
1619610195673,-18.41619,1.40779,19.6127,-0.01051,-0.04384,-0.51582
1619610195693,-3.47638,3.66791,15.89749,0.00545,0.07546,-0.52008
1619610195713,8.27914,0.17717,13.94383,0.00545,-0.07047,-0.4551
1619610195733,2.41335,-1.66636,13.22078,-0.04673,0.36095,-0.47214
1619610195753,0.18674,1.94888,9.82101,-0.07123,-0.1461,-0.59997
1619610195773,6.10521,11.06121,8.76756,0.11411,-0.00549,-0.53712
1619610195793,-1.31202,-3.09809,2.23618,-0.07337,0.01794,-0.65537
1619610195813,0.95289,1.67594,19.6127,-0.01478,-0.11414,-0.50516
1619610195833,-4.79798,-0.73741,4.22337,0.22383,0.09357,-0.58506
1619610195853,-7.82425,-0.54108,11.04684,-0.04354,-0.16634,-0.47534
1619610195873,-4.23773,-1.25456,8.53772,0.05978,0.13725,-0.56908
1619610195893,3.64397,-0.60812,9.39963,-0.11811,-0.04171,-0.52753
1619610195913,-9.88805,0.67995,1.09654,-0.09467,-0.21215,-0.41249
1619610195933,-5.20499,1.96324,6.84741,0.00865,0.08292,-0.44338
1619610195953,-2.48039,8.99741,3.78283,0.04274,-0.24411,-0.44444
1619610195973,2.66714,0.54108,10.93671,0.00865,0.07759,-0.38692
1619610195993,1.51313,0.82839,6.28717,-0.05099,0.10209,-0.3997
1619610196013,1.26892,-10.55843,19.6127,0.10026,-0.14504,-0.43379
1619610196033,-2.08774,9.56723,5.02303,0.06085,0.09251,-0.57014
1619610196054,-5.19541,-5.49708,4.82671,0.10239,-0.18552,-0.48918
1619610196073,-5.85621,-1.31202,8.43237,0.03422,0.02326,-0.58825
1619610196093,-3.72058,0.03351,3.62482,0.01398,0.03818,-0.57973
1619610196113,2.6815,-2.86346,18.44492,-0.03182,-0.12373,-0.52114
1619610196133,-2.82036,2.78206,0.05267,0.00226,0.10529,-0.59891
1619610196155,0.81402,3.06457,-2.85388,0.00652,-0.02573,-0.58612
1619610196173,3.58651,1.22104,12.35886,-0.05952,-0.00123,-0.58506
1619610196193,-0.14844,3.35188,4.71657,0.04593,0.19797,-0.58186
1619610196213,8.62391,-4.97036,9.79707,0.00013,-0.08219,-0.5808
1619610196233,-5.00388,1.26413,5.60722,-0.03075,0.22886,-0.6021
1619610196255,-4.82192,6.76122,-4.60165,0.0502,0.01155,-0.60423
1619610196274,1.68072,-0.93373,12.45942,0.00439,0.03711,-0.57227
1619610196293,3.55299,-1.154,5.58327,-0.02649,-0.05342,-0.59571
1619610196313,-2.53785,3.44765,7.55131,0.14607,0.08398,-0.61702
1619610196333,-2.34631,12.77546,2.48039,-0.01691,-0.13438,-0.58399
1619610196354,1.89141,2.43729,6.51701,0.02463,0.08931,-0.60104
1619610196373,-2.60967,3.55778,15.48569,-0.00838,0.08185,-0.61382
1619610196393,2.6815,3.01669,8.96389,-0.01478,-0.03745,-0.42953
1619610196413,-9.51934,1.24498,8.36055,-0.1458,-0.03851,-0.50836
1619610196433,-9.81143,1.92972,5.08528,0.11944,0.11062,-0.54884
1619610196454,-9.50498,3.29442,9.414,-0.03821,-0.00975,-0.48705
1619610196473,-6.30632,-1.8579,13.08191,-0.05526,0.00835,-0.47853
1619610196493,2.46602,0.0383,9.40442,0.06404,0.01687,-0.59571
1619610196513,5.0757,-18.17677,19.6127,-0.04141,0.02646,-0.44977
1619610196533,3.73016,-2.83952,12.35886,-0.11704,0.02539,-0.45723
1619610196554,7.07726,0.64643,11.59272,0.03422,-0.03851,-0.49451
1619610196573,-0.43574,-9.76834,12.42111,0.03741,-0.04277,-0.55523
1619610196593,-1.06781,-0.67516,7.67581,0.03315,0.00942,-0.49558
1619610196613,7.07247,0.73262,0.81881,0.0438,-0.08006,-0.61808
1619610196633,7.70454,-4.18027,13.73792,0.05659,-0.00762,-0.67028
1619610196653,8.76756,-4.97036,16.44337,0.00759,-0.05023,-0.64365
1619610196673,7.79073,-6.95276,11.32457,0.00972,-0.03318,-0.66069
1619610196693,6.10042,-4.7884,9.41878,-0.149,-0.1003,-0.6543
1619610196713,4.72136,4.83149,9.58159,0.06085,-0.02466,-0.6021
1619610196733,1.79086,1.6089,11.25274,-0.02756,0.08079,-0.56482
1619610196753,-1.53228,0.53151,12.57913,-0.05526,0.09677,-0.56695
1619610196773,1.33596,0.11013,4.89853,-0.07656,0.07333,-0.52434
1619610196793,-1.12048,-3.5913,12.38281,0.00759,-0.07793,-0.46255
1619610196813,0.91458,3.86903,12.1386,0.08535,-0.00975,-0.45723
1619610196833,-3.29442,3.37582,7.40766,-0.06591,0.05735,-0.42846
1619610196854,-1.16358,3.3854,11.20007,0.14074,0.08931,-0.5009
1619610196873,-3.40455,4.41011,10.7739,0.05978,-0.03318,-0.49558
1619610196893,5.54018,-0.17717,8.95431,-0.03289,-0.02253,-0.50836
1619610196913,3.85466,5.42526,9.55286,0.04061,0.03711,-0.60956
1619610196933,1.66636,4.52504,5.861,-0.04247,-0.06195,-0.46042
1619610196953,-2.03028,4.09887,7.20175,-0.00199,-0.01721,-0.46042
1619610196973,-2.96402,-0.73741,8.60476,0.05552,0.07333,-0.5286
1619610196993,10.59673,-2.49475,1.9393,-0.03182,0.04244,-0.47001
1619610197013,13.60864,-2.04464,10.45787,-0.04567,-0.04277,-0.46788
1619610197033,-0.55545,8.00142,-1.10133,0.13329,-0.00975,-0.51688
1619610197053,-15.64371,2.52827,13.76666,-0.05952,0.03711,-0.46575
1619610197073,19.6133,-2.92571,11.6406,-0.01371,0.01368,-0.43486
1619610197093,-10.22324,-1.4844,10.26154,0.05872,0.0222,-0.40396
1619610197113,3.99831,13.56554,2.74375,-0.06271,-0.01721,-0.48279
1619610197133,-0.90979,-0.15801,4.53461,0.10665,-0.03745,-0.47853
1619610197153,-4.46279,-2.97359,16.08903,-0.15219,-0.00762,-0.57867
1619610197173,4.10366,3.5482,1.75734,0.14927,-0.01934,-0.65323
1619610197193,10.6925,2.11647,6.74686,0.01398,0.01155,-0.54884
1619610197213,14.0779,-0.96246,10.14662,-0.0755,0.01155,-0.6266
1619610197233,-5.03261,0.99119,9.58159,0.10133,0.08718,-0.70117
1619610197253,2.43729,3.15555,6.15309,-0.15219,-0.19617,-0.6298
1619610197273,7.20175,-0.10534,7.86255,0.09813,0.18305,-0.67561
1619610197293,-12.04762,3.28963,13.57033,0.04167,-0.08538,-0.66602
1619610197313,-11.37245,4.707,2.18351,-0.07337,-0.03105,-0.6266
1619610197333,7.60398,1.30244,13.08191,0.10985,0.11168,-0.61808
1619610197353,10.70208,-0.56503,1.28808,-0.1,-0.08432,-0.51582
1619610197373,1.04866,-0.35913,16.23747,-0.08615,0.21182,-0.48599
1619610197393,-4.37181,3.91212,8.02057,-0.00519,-0.12054,-0.50623
1619610197413,-1.51792,-3.99831,11.85129,0.09387,0.01687,-0.49877
1619610197433,-0.31603,-2.97838,10.39562,-0.00199,0.11914,-0.51582
1619610197453,6.49307,-0.18195,4.28562,-0.21718,-0.09284,-0.48492
1619610197473,-2.87783,-2.11647,16.3476,0.27284,0.00196,-0.48918
1619610197493,-4.85544,-3.20823,6.39251,-0.02756,-0.10456,-0.51049
1619610197513,11.65976,2.06859,1.10133,0.04167,-0.09923,-0.5808
1619610197533,0.27293,3.60566,12.72757,0.01078,0.00089,-0.53712
1619610197553,-5.39653,-4.7453,10.47223,-0.01265,-0.23772,-0.52966
1619610197573,-0.39264,9.30386,9.39005,0.04167,-0.02147,-0.52221
1619610197593,-1.8962,2.14041,9.20809,-0.06591,-0.05556,-0.45616
1619610197613,1.1971,8.66222,-0.26336,0.07363,-0.15676,-0.4764
1619610197633,-7.31668,1.47961,3.54341,0.0193,-0.01294,-0.48066
1619610197653,-0.65122,6.66545,16.73547,-0.04673,0.08825,-0.5563
1619610197673,19.6133,-12.16254,14.26465,0.06511,-0.0449,-0.58612
1619610197693,4.93205,-0.67516,6.31111,0.03741,0.13938,-0.55417
1619610197713,6.71812,-0.87627,6.71334,-0.1245,-0.14397,-0.57867
1619610197733,11.09951,5.91367,4.44363,0.08428,0.11275,-0.5531
1619610197753,10.12747,-6.32548,10.00297,0.06085,-0.09817,-0.57227
1619610197773,-4.35744,4.0845,16.87912,-0.10639,0.0222,-0.58932
1619610197793,6.8522,1.88184,6.79953,0.01611,-0.03745,-0.58293
1619610197813,2.00155,-1.5275,16.7642,0.05233,0.08185,-0.57441
1619610197833,3.29442,5.06613,10.80263,-0.03928,-0.11201,-0.58506
1619610197853,-9.72045,4.45321,9.7444,-0.05739,0.10209,-0.58612
1619610197873,-14.26465,-1.42694,12.62702,-0.04141,-0.0481,-0.47321
1619610197893,3.29442,11.7268,10.26154,0.09174,-0.00016,-0.52966
1619610197913,2.94965,-4.04141,8.93516,0.00865,0.0744,-0.5563
1619610197933,12.83292,1.08217,19.6127,-0.12556,-0.07899,-0.52753
1619610197953,3.60087,1.16358,5.16189,0.14181,0.04777,-0.57334
1619610197973,2.65756,-0.06224,12.31098,-0.06058,-0.03638,-0.56908
1619610197993,-11.05642,-0.67037,8.4228,0.02569,-0.00655,-0.56695
1619610198013,-0.40222,-0.91458,10.74038,0.02676,0.06694,-0.54777
1619610198033,-6.78995,1.13006,8.48505,-0.08189,-0.07686,-0.59891
1619610198053,5.64552,-1.07739,9.75876,0.09068,0.06587,-0.56056
1619610198073,2.73417,-2.07337,7.36456,-0.04354,-0.03318,-0.54777
1619610198093,-6.36378,-1.22104,10.65419,-0.02436,0.02539,-0.57867
1619610198113,-1.69509,-10.95586,3.77326,0.02783,-0.02679,-0.60317
1619610198133,-3.18428,3.89297,5.9041,0.03102,0.05735,-0.58719
1619610198153,13.31654,-2.09732,4.23294,-0.05313,-0.05556,-0.4551
1619610198173,0.25378,4.6639,10.13704,0.16205,0.0744,-0.55736
1619610198193,-3.40934,-3.25132,11.12824,-0.1213,-0.00655,-0.53179
1619610198213,18.93813,-2.80121,19.6127,0.06085,-0.22493,-0.46788
1619610198233,7.14908,2.91613,-5.65031,-0.05526,0.02007,-0.48279
1619610198253,-2.80121,5.63595,10.19929,0.04913,-0.05769,-0.52327
1619610198273,12.60786,-9.43794,10.51054,0.08322,-0.08432,-0.40929
1619610198293,-3.81635,4.81713,4.1276,-0.10213,-0.04171,-0.44764
1619610198313,-0.83318,-1.25456,13.27345,0.05126,-0.11308,-0.49984
1619610198333,-1.97282,6.82826,8.41322,0.09707,0.00089,-0.44657
1619610198353,-8.60954,2.99275,9.20809,-0.14474,-0.08219,-0.37627
1619610198373,4.75488,0.81402,8.15465,0.00226,-0.03212,-0.57654
1619610198393,-1.62326,-0.67995,6.38773,0.25792,0.13299,-0.4519
1619610198413,-7.18739,4.30956,14.44182,-0.24168,-0.06408,-0.4551
1619610198433,-11.85129,1.54665,6.08606,0.2004,0.0989,-0.48492
1619610198453,-3.3854,-8.30309,9.3709,0.12263,-0.13865,-0.51155
1619610198473,3.39497,-5.62158,8.47068,-0.16178,0.10422,-0.45297
1619610198493,3.01669,5.66946,4.46279,0.16311,0.00302,-0.60956
1619610198513,-6.26802,5.38216,4.3766,-0.01051,-0.09604,-0.5254
1619610198533,-9.54328,2.12126,12.7994,0.10026,0.05203,-0.59678
1619610198553,4.29998,2.06859,4.07493,-0.13195,-0.09284,-0.62341
1619610198575,0.45968,15.33725,5.93762,0.16311,0.08825,-0.59784
1619610198594,12.33971,-10.34295,8.60954,0.11731,-0.07686,-0.68093
1619610198613,2.66235,9.42836,4.43406,-0.09254,0.10955,-0.70011
1619610198633,-1.83395,-1.58017,13.27824,-0.01158,-0.14504,-0.75124
1619610198653,-5.71735,4.82671,15.74905,-0.08295,-0.00442,-0.69052
1619610198673,5.0374,-5.47314,15.58625,0.08215,0.16921,-0.71502
1619610198693,-5.14753,-0.05267,8.81066,-0.11704,-0.10136,-0.59358
1619610198713,-2.07816,-8.2983,18.42577,-0.06058,-0.00868,-0.6298
1619610198733,1.96324,-5.17147,15.82088,0.047,0.09144,-0.78533
1619610198753,4.45321,-8.84418,13.22557,-0.10319,-0.30909,-0.60423
1619610198774,-3.6296,-0.61291,11.08036,-0.00519,0.08398,-0.60849
1619610198793,-1.06781,1.35511,13.48414,-0.03608,0.18945,-0.70011
1619610198813,-4.10366,4.2904,13.98213,-0.07656,-0.12267,-0.59465
1619610198833,3.92649,-5.5306,14.08748,-0.0233,0.06161,-0.62873
1619610198853,1.64721,3.4237,12.12902,0.0715,0.04563,-0.73526
1619610198874,1.68072,1.59932,12.55519,-0.07017,-0.1951,-0.6021
1619610198893,-0.36391,0.2873,7.81467,-0.08508,0.02966,-0.56482
1619610198913,2.73417,1.94409,4.43885,0.09174,0.07972,-0.66389
1619610198933,-11.15698,-2.32237,19.6127,-0.07656,0.05096,-0.63939
1619610198953,0.45489,-0.45968,14.49449,-0.07976,-0.13332,-0.51582
1619610198974,0.04788,1.403,12.33971,-0.03608,-0.00549,-0.49771
1619610198993,-2.98796,-1.05823,11.01811,-0.07123,-0.02573,-0.5041
1619610199013,6.87614,-2.94486,10.50575,-0.08189,0.05096,-0.41781
1619610199033,7.94874,-0.92416,7.00064,0.15246,0.07227,-0.4519
1619610199053,-5.33907,10.51054,3.93127,0.09813,-0.20043,-0.47427
1619610199075,-1.09654,0.37349,9.46188,-0.06378,0.18305,-0.48705
1619610199093,-6.81389,-3.47638,6.72291,0.07576,-0.28778,-0.41355
1619610199113,2.46123,0.43095,8.38928,-0.08615,0.09251,-0.51262
1619610199133,-11.52089,9.39484,3.02148,0.02463,-0.1216,-0.49664
1619610199153,-4.76925,-0.91458,7.82903,0.06404,0.01261,-0.47107
1619610199173,-5.16668,4.0462,-0.31603,-0.09254,0.09464,-0.54351
1619610199193,0.72304,11.20007,7.97748,0.08322,-0.16634,-0.49238
1619610199213,0.27772,5.51624,8.7915,0.04807,0.20329,-0.46894
1619610199233,-0.54108,5.06134,9.02135,0.02569,-0.02786,-0.43166
1619610199253,0.6177,4.0031,9.51934,0.02569,0.10529,-0.41142
1619610199274,-18.30127,5.67425,2.82515,-0.01051,-0.02573,-0.4551
1619610199293,9.58159,1.10612,19.6127,0.07044,-0.05449,-0.42207
1619610199313,-2.32716,-0.14844,2.44687,0.01824,0.00622,-0.48386
1619610199333,-1.70946,2.22181,16.83602,-0.03928,0.00835,-0.53712
1619610199353,2.96402,10.50575,3.77805,0.02463,-0.4284,-0.4519
1619610199373,-0.23942,1.6089,2.82994,0.10559,0.00729,-0.39757
1619610199393,-1.13485,3.90733,12.59829,-0.09041,-0.05449,-0.54138
1619610199413,1.57059,-4.0845,3.81635,0.05872,0.03179,-0.6053
1619610199433,2.61446,5.88494,2.04943,0.05659,-0.08432,-0.45403
1619610199453,-7.59919,0.36391,15.14572,-0.08189,-0.04384,-0.62873
1619610199473,-8.60476,-1.57538,5.95198,0.02143,0.06694,-0.58506
1619610199493,-3.21301,5.51145,13.75708,-0.00625,-0.04597,-0.45083
1619610199513,-3.16992,-9.13148,14.83447,-0.02436,0.15216,-0.52647
1619610199533,-1.2354,-0.15801,8.43716,0.19188,0.16068,-0.60317
1619610199553,-6.93839,-6.54095,13.30697,-0.06378,0.03072,-0.47534
1619610199574,-11.21922,4.02225,11.28147,-0.00732,0.00942,-0.6021
1619610199593,4.89374,-2.61446,19.6127,-0.1245,-0.17913,-0.60956
1619610199613,-2.53306,-2.99754,7.51779,0.02783,0.0957,-0.51901
1619610199633,-4.73573,2.23139,2.66235,0.00759,-0.12373,-0.51795
1619610199653,2.42772,2.67192,12.12902,-0.03395,0.2001,-0.60956
1619610199673,0.79008,-4.39096,11.11867,-0.10106,-0.0236,-0.61808
1619610199693,1.42215,-3.51947,15.68202,0.13009,0.00729,-0.55417
1619610199713,-6.28238,-7.39808,9.88326,0.0438,0.11168,-0.67667
1619610199733,-10.04607,-0.34476,7.92959,0.01185,-0.05769,-0.64578
1619610199753,-5.9424,-8.64306,16.87912,-0.00838,0.03818,-0.60104
1619610199773,-4.97993,0.80924,2.31279,-0.00519,-0.13971,-0.59251
1619610199793,1.58975,-2.9305,19.6127,-0.03395,-0.11947,-0.53286
1619610199813,6.58884,0.27772,12.33492,0.00332,0.29704,-0.44551
1619610199833,-2.33195,0.10534,6.42603,-0.10213,-0.08432,-0.50729
1619610199853,-0.70389,-1.20667,18.47844,-0.03395,0.08718,-0.41035
1619610199873,0.0383,-2.94965,9.5768,0.05552,-0.08219,-0.54777
1619610199893,1.21625,3.99831,14.03959,-0.01478,0.03818,-0.46042
1619610199913,12.73715,-5.99986,17.54949,-0.09254,-0.18445,-0.49771
1619610199933,-3.78762,4.03662,12.0141,0.12157,0.21182,-0.54884
1619610199953,-4.32871,5.95198,7.04374,0.11092,0.03711,-0.57867
1619610199973,13.57991,-5.23851,8.74841,0.12689,0.07866,-0.50516
1619610199993,14.57111,-1.96803,14.32211,-0.12556,-0.02147,-0.66069
1619610200013,14.61899,0.6991,8.03494,-0.00945,-0.02147,-0.52221
1619610200033,-13.36443,5.74608,6.46434,0.01291,-0.07686,-0.49984
1619610200053,-5.38695,-0.97204,16.63012,-0.1,0.17134,-0.51582
1619610200073,6.24407,2.58094,18.72744,0.00439,-0.00868,-0.49984
1619610200093,6.01423,-3.84508,8.16422,0.04061,-0.08751,-0.50197
1619610200113,2.48039,3.48116,12.50731,-0.00199,0.08611,-0.54458
1619610200133,-9.69172,2.77248,6.7277,-0.01051,0.16175,-0.59038
1619610200153,-0.30645,-5.46835,7.48906,0.08855,-0.18552,-0.49025
1619610200173,15.46654,-9.52892,17.14248,-0.01265,0.00622,-0.56269
1619610200193,4.84586,3.58651,7.46512,0.19294,0.01368,-0.55417
1619610200213,-1.32159,4.17069,8.7915,0.07896,-0.00016,-0.52221
1619610200233,-8.20253,1.82917,8.91121,-0.04673,-0.0939,-0.45297
1619610200253,-0.85233,-1.26892,3.055,-0.08615,-0.03212,-0.53073
1619610200273,5.91367,3.70143,9.75876,0.05126,-0.0971,-0.49345
1619610200293,9.67736,-7.2257,2.83473,-0.06591,0.17666,-0.48599
1619610200313,-17.68357,14.18803,4.1276,-0.07763,-0.23239,-0.54671
1619610200333,2.91134,-3.34709,6.74207,0.18868,0.08185,-0.58186
1619610200353,-11.20486,7.90565,2.7629,0.01824,-0.01401,-0.69158
1619610200373,0.94331,-4.68784,13.05797,-0.04141,0.00942,-0.50303
1619610200393,-1.2354,4.63517,8.22168,-0.0691,0.03818,-0.56375
1619610200413,-8.43237,-1.38384,7.4699,0.06404,0.00089,-0.58932
1619610200433,-6.11479,8.10197,3.67749,-0.09361,0.0989,-0.60423
1619610200453,-8.64785,4.23773,12.54561,0.10133,-0.14078,-0.52647
1619610200473,-16.02678,1.54665,9.70609,0.00545,0.12127,-0.5286
1619610200493,10.93192,-3.90733,10.52969,0.18229,0.04563,-0.54351
1619610200513,0.8667,4.83628,8.17859,-0.03395,-0.03105,-0.49131
1619610200533,-8.58081,7.83382,8.78193,0.02996,-0.04064,-0.6298
1619610200553,-6.62236,5.56891,19.6127,-0.04673,0.13512,-0.49345
1619610200573,-9.61511,-0.3687,16.05551,-0.01051,-0.04384,-0.49345
1619610200593,4.57292,-1.17315,11.99973,-0.05526,-0.15143,-0.45616
1619610200613,-9.58638,10.19929,11.91833,0.047,0.17773,-0.49771
1619610200633,-7.38371,2.50912,11.85129,0.09813,-0.12693,-0.39438
1619610200653,10.32379,1.57538,-0.03351,-0.03395,0.01581,-0.47214
1619610200673,2.88261,-4.71178,12.62702,-0.06058,-0.05342,-0.53712
1619610200693,-4.63517,2.64798,15.79694,-0.01904,0.08292,-0.47427
1619610200713,8.76277,-7.01022,13.09149,0.00545,-0.00336,-0.48918
1619610200733,-1.65678,13.85285,9.07881,0.28562,-0.06834,-0.58825
1619610200753,0.56982,-4.27604,2.7629,-0.18735,0.08505,-0.57867
1619610200773,-8.30787,10.19929,5.88973,0.07363,0.03392,-0.52327
1619610200793,-5.67904,1.6903,11.33893,0.08535,-0.06514,-0.59465
1619610200813,-0.22505,5.01345,4.38617,0.02356,-0.14184,-0.60743
1619610200833,2.0207,-5.80354,17.48246,0.00332,0.16068,-0.65217
1619610200853,3.24653,-7.1826,15.54315,-0.01797,0.03285,-0.59784
1619610200873,-5.52581,11.91354,2.34631,0.05765,0.08398,-0.50942
1619610200873,3.62482,-2.35589,11.25274,-0.09574,-0.0204,-0.47001
1619610200913,-19.6127,6.74207,7.14429,-0.03928,0.00729,-0.47427
1619610200933,1.3599,5.71256,16.07945,-0.01904,-0.27287,-0.43805
1619610200953,-0.84275,6.48828,11.30542,-0.1,0.16601,-0.47321
1619610200973,4.10845,-10.45787,10.54885,0.05339,-0.26222,-0.41994
1619610200994,6.88093,6.77559,12.10029,0.06937,-0.03212,-0.4519
1619610201013,6.65109,7.21612,1.8962,0.00972,-0.15036,-0.48599
1619610201033,10.49139,5.54497,-0.26336,0.02569,-0.15143,-0.5808
1619610201053,-1.54665,-4.0462,19.6127,0.02783,-0.0204,-0.48812
1619610201073,-9.98382,9.63905,13.22078,0.04807,-0.18871,-0.53925
1619610201095,-6.74686,6.55532,10.33816,-0.00199,0.07866,-0.5808
1619610201113,3.79241,-9.27034,10.42435,0.14074,0.11594,-0.56801
1619610201133,7.90086,0.94331,19.6127,-0.21718,-0.12373,-0.57654
1619610201153,10.82658,0.62728,15.16966,-0.05206,0.1202,-0.51901
1619610201173,8.22168,3.33751,2.90656,0.13542,0.01368,-0.57547
1619610201194,-12.45942,16.17522,-2.8491,0.01291,-0.04703,-0.43486
1619610201213,1.38863,-3.81635,10.53927,0.06404,0.12553,-0.57227
1619610201233,-9.89284,-2.28406,16.25184,-0.06271,-0.0758,-0.53393
1619610201253,-0.87627,-9.66299,17.97566,0.03422,0.05416,-0.57867
1619610201273,-10.24239,-0.12928,19.6127,0.01717,0.00196,-0.6298
1619610201294,4.40533,0.66079,7.21133,-0.15752,-0.12054,-0.61808
1619610201313,3.40934,-1.99197,5.6982,0.11198,0.13405,-0.51795
1619610201333,8.16901,-4.01747,7.82425,-0.10213,-0.23985,-0.50516
1619610201353,-3.97437,-1.82438,6.08127,0.00119,0.20755,-0.48599
1619610201373,7.37414,-0.29209,8.1307,-0.05313,-0.10243,-0.51901
1619610201394,3.77326,-1.12527,10.80263,-0.07443,-0.18126,-0.56801
1619610201413,-3.89776,6.3159,-1.37906,0.08961,0.12446,-0.60423
1619610201433,4.3766,-2.0207,9.88326,-0.09041,-0.04703,-0.61275
1619610201453,-4.00789,0.10534,11.09951,0.12903,-0.00229,-0.49238
1619610201473,3.25132,2.55221,1.88663,0.08428,-0.03425,-0.51262
1619610201495,19.6133,0.4932,-1.45567,-0.01051,0.01261,-0.51688
1619610201513,-2.73417,-9.51455,17.34838,-0.11065,-0.02679,-0.55736
1619610201533,-1.38863,3.64397,9.81143,0.03635,-0.16847,-0.55523
1619610201553,-6.80911,5.19062,8.86333,-0.02649,0.05842,-0.65537
1619610201573,-3.51468,5.13316,13.78102,-0.01051,-0.06408,-0.59571
1619610201593,-11.24795,8.67179,13.72356,-0.15219,0.24377,-0.41888
1619610201613,-11.65976,4.10366,8.14986,-0.08615,-0.24091,-0.5776
1619610201633,-9.71088,3.22738,9.6199,0.02996,0.10742,-0.49131
1619610201653,-6.38294,4.21858,7.73806,-0.06484,0.0435,-0.52966
1619610201673,-18.94771,8.02536,5.14274,0.05339,-0.06088,-0.47747
1619610201694,-5.36301,-2.98796,11.21922,0.05872,0.06481,-0.54032
1619610201713,2.64319,2.11647,19.6127,-0.01584,-0.22067,-0.50303
1619610201733,0.23942,5.7796,6.86657,-0.01371,0.14683,-0.45297
1619610201753,-18.23902,0.29209,6.00465,0.0715,-0.00655,-0.4487
1619610201773,10.69729,3.44765,6.86657,-0.16711,-0.01721,-0.46042
1619610201793,-7.09641,6.01423,6.39251,0.07044,-0.01721,-0.50623
1619610201813,-3.87381,-9.32302,19.6127,-0.03928,-0.05449,-0.57654
1619610201833,2.4325,7.40766,13.52724,-0.05206,0.04031,-0.67134
1619610201853,-1.38384,3.34709,19.6127,0.02037,0.07866,-0.55949
1619610201873,-18.32043,3.33272,19.6127,-0.04354,-0.02999,-0.67561
1619610201893,-1.61369,-14.01086,14.00608,0.10133,0.18625,-0.72993
1619610201913,-1.99197,-2.23139,14.68124,-0.08508,0.02326,-0.731
1619610201933,-14.51365,3.28484,19.6127,-0.13835,-0.21002,-0.60849
1619610201953,0.34476,6.94797,9.03571,0.09174,0.08185,-0.74272
1619610201973,5.30555,-0.11013,10.24239,0.00013,0.07972,-0.65537
1619610201993,2.95444,-2.95923,19.6127,-0.0478,-0.04384,-0.50623
1619610202013,5.00388,-2.34631,7.31668,-0.13728,-0.01188,-0.62128
1619610202033,-0.77093,-0.15801,1.05344,-0.06484,-0.01508,-0.52114
1619610202053,-7.10599,2.32716,12.2631,-0.09147,0.04457,-0.49558
1619610202073,12.23915,-10.85531,15.36598,-0.09254,0.05203,-0.4796
1619610202093,4.97515,-4.55377,5.66468,-0.15326,0.05948,-0.50942
1619610202113,-5.95198,7.02458,1.17315,0.01078,-0.15249,-0.56588
1619610202133,-4.93684,0.87148,6.68461,0.05233,0.04137,-0.59571
1619610202153,-2.07816,5.20978,0.51714,-0.01265,-0.05236,-0.64791
1619610202173,-5.48751,10.87925,8.14986,0.08641,0.00942,-0.6543
1619610202193,11.85129,-2.92092,15.47612,-0.03395,0.01794,-0.61382
1619610202213,-1.07739,7.85777,4.05098,0.03422,-0.21641,-0.60104
1619610202233,-1.04866,6.4404,15.9358,0.0747,-0.29311,-0.6298
1619610202253,5.01824,4.41011,11.98058,-0.07337,0.13512,-0.64684
1619610202273,4.30956,-2.7246,15.89271,-0.149,0.05629,-0.64578
1619610202293,1.58017,0.03351,4.5825,-0.09041,-0.27606,-0.51369
1619610202313,-7.15866,-0.46447,9.42357,0.00332,0.1724,-0.55097
1619610202333,-2.15478,0.14365,5.10922,-0.11704,-0.16421,-0.45403
1619610202353,-11.17613,3.99352,6.15788,0.01717,0.00835,-0.40716
1619610202373,-7.48427,0.83318,9.9886,-0.02969,-0.02679,-0.51155
1619610202393,2.54264,7.37414,4.50588,0.03209,-0.01827,-0.36348
1619610202413,2.23139,-0.54108,15.46175,0.08428,0.02859,-0.53712
1619610202433,-13.35485,2.05422,16.70674,-0.17776,-0.06727,-0.51262
1619610202453,9.34696,4.5394,9.84016,-0.16604,-0.03638,-0.41994
1619610202473,-5.54018,-2.59052,6.69418,0.17483,0.14364,-0.43273
1619610202493,-13.81454,-0.81402,14.58068,-0.09361,0.05842,-0.38159
1619610202513,7.47948,4.31914,-0.21547,0.05978,-0.09284,-0.40716
1619610202533,-4.17548,6.70376,9.26077,-0.01797,0.10742,-0.34537
1619610202553,3.89297,-0.4118,1.65678,0.04487,-0.03318,-0.5041
1619610202573,-10.4866,13.49851,1.99197,0.03848,-0.02892,-0.43592
1619610202593,4.80755,4.69263,2.31758,-0.02649,0.13725,-0.41355
1619610202613,4.66869,4.15633,1.75734,0.02889,-0.01401,-0.47427
1619610202633,-7.50821,3.76368,10.86009,0.02783,-0.03212,-0.47853
1619610202653,-1.58975,-2.74375,13.43147,-0.08189,0.06481,-0.44657
1619610202673,2.50912,0.55545,17.29092,0.06298,-0.12693,-0.52647
1619610202693,-12.02846,4.79319,4.50588,0.06937,-0.04064,-0.59465
1619610202713,-7.85777,4.92247,-1.57059,0.04061,0.04883,-0.54777
1619610202733,4.07493,-10.93192,9.81143,-0.07443,-0.01081,-0.59465
1619610202753,6.24886,-1.48919,15.96453,0.07576,0.03179,-0.62767
1619610202773,-7.64708,4.13718,14.66209,-0.06591,-0.08751,-0.60849
1619610202793,-3.12682,-9.63905,13.80975,0.05233,0.06694,-0.60317
1619610202813,-9.07402,-5.37737,8.28393,0.08428,0.01687,-0.6053
1619610202833,-5.42047,1.99676,15.69159,-0.06484,-0.05556,-0.53712
1619610202853,0.96725,-4.60165,9.55286,0.04807,0.11168,-0.5563
1619610202873,-5.86579,-2.51391,11.21922,-0.01051,-0.11308,-0.47427
1619610202893,3.20344,-9.31823,2.16914,-0.03715,0.07759,-0.54777
1619610202913,-5.82269,2.46123,15.04516,-0.00732,-0.03318,-0.62021
1619610202933,1.06781,-5.69341,14.46097,0.12583,0.0499,-0.57334
1619610202953,7.58483,0.33039,16.1417,-0.06804,-0.11201,-0.58825
1619610202973,7.14429,2.57137,14.18803,0.05765,0.20969,-0.57654
1619610202993,10.77869,-2.15957,13.4602,-0.06697,-0.07473,-0.51049
1619610203013,4.72615,-0.66558,11.95185,0.03102,0.03072,-0.51688
1619610203033,-3.41413,10.70208,8.21211,0.05446,-0.05449,-0.60317
1619610203053,9.94551,-4.89853,17.97087,-0.03715,0.0989,-0.56375
1619610203074,16.41464,-7.35977,12.6318,-0.00306,-0.12586,-0.56801
1619610203093,0.31603,2.32237,12.04762,0.00439,0.08611,-0.60849
1619610203113,-8.3797,14.21198,3.8786,-0.10319,-0.05662,-0.61808
1619610203133,1.403,2.1452,17.69793,-0.02649,-0.01721,-0.59571
1619610203153,-6.09084,9.00698,0.17717,0.096,-0.0236,-0.64791
1619610203173,-2.7629,7.79073,11.70285,-0.00945,-0.13225,-0.67987
1619610203193,-1.17315,-1.43652,15.39471,-0.00625,-0.11521,-0.67454
1619610203213,-5.39174,4.10366,4.66869,0.047,-0.10882,-0.75017
1619610203233,1.56101,-6.28238,13.87679,0.02037,-0.0449,-0.72461
1619610203253,2.62404,-1.66157,12.58392,-0.1213,-0.01934,-0.60956
1619610203273,-5.68383,11.41076,13.9534,-0.10852,0.02539,-0.64897
1619610203293,-4.54898,-7.05331,1.49398,-0.07443,-0.21428,-0.54245
1619610203293,2.73417,-3.07894,13.65652,-0.00732,0.12553,-0.52647
1619610203333,2.72939,-5.6982,8.64785,-0.01584,-0.12586,-0.44657
1619610203353,-6.78516,2.65756,4.60644,-0.0968,0.07546,-0.50836
1619610203373,-0.31603,-3.4237,9.42357,-0.00838,0.05309,-0.53606
1619610203393,7.58004,-1.98239,-1.01514,0.13116,0.06481,-0.45616
1619610203414,-5.09007,-0.01915,0.23942,0.05552,-0.06834,-0.43486
1619610203433,1.22583,2.8491,10.54885,-0.04993,0.04137,-0.49238
1619610203453,-4.76446,7.80509,13.23993,0.02996,-0.04384,-0.48279
1619610203473,4.63517,-5.04218,6.35421,0.03848,0.02326,-0.48599
1619610203493,5.93283,3.1795,1.87226,-0.06697,-0.10456,-0.52221
1619610203515,4.65432,-3.30878,9.91199,0.12583,0.15429,-0.59678
1619610203533,-4.0462,2.6001,13.01966,-0.00732,-0.1248,-0.53073
1619610203553,-3.36624,3.65355,1.25935,-0.07017,0.05735,-0.5009
1619610203573,-1.47003,3.82114,6.34463,0.09813,0.02859,-0.58506
1619610203593,3.7158,-1.34554,8.32703,-0.03502,0.04244,-0.57014
1619610203614,-8.67658,6.98149,4.06056,0.01398,-0.0236,-0.56801
1619610203633,3.69664,1.26892,4.72136,0.1205,0.03605,-0.58719
1619610203653,-1.06302,3.93606,8.22647,-0.03715,0.00196,-0.53393
1619610203673,11.01811,3.36145,3.28963,0.06191,-0.03638,-0.47214
1619610203693,-8.05409,0.95768,13.95819,-0.03395,0.02753,-0.51049
1619610203714,-6.96233,-0.98641,5.89452,0.01291,-0.01827,-0.54458
1619610203733,2.87304,6.12436,11.98537,0.03102,-0.02466,-0.51155
1619610203753,-6.34942,3.39976,11.52568,0.00226,0.11914,-0.55417
1619610203773,-1.56101,4.71178,12.23437,0.00439,-0.0694,-0.5808
1619610203793,0.79966,-3.20823,19.6127,-0.07337,0.03818,-0.59038
1619610203815,-2.70544,-4.26167,17.03235,0.00652,0.07333,-0.48386
1619610203833,9.50019,3.0933,19.6127,0.08748,-0.12693,-0.51369
1619610203853,0.48362,-0.23463,12.70363,-0.00945,0.11914,-0.49025
1619610203873,-8.06845,9.91199,12.00931,0.02996,0.09783,-0.50303
1619610203893,4.2521,-3.40455,13.872,0.10665,0.03072,-0.43059
1619610203913,0.46447,0.68474,9.06444,0.03315,-0.0758,-0.43166
1619610203933,-16.18001,3.09809,15.42344,-0.14367,-0.15995,-0.39331
1619610203953,-0.72783,9.18415,5.43483,0.08535,-0.0758,-0.34005
1619610203973,4.88896,-4.43885,8.31266,-0.1,-0.02147,-0.43699
1619610203993,12.28704,-9.27992,8.32224,0.00652,0.06268,-0.43486
1619610204014,-2.37025,3.44765,16.04594,-0.03395,-0.11734,-0.4519
1619610204034,-7.68538,1.25456,9.54807,-0.06484,-0.10775,-0.55949
1619610204053,0.80924,-1.69509,1.05344,0.02889,-0.03958,-0.5254
1619610204073,6.09563,4.80276,18.60773,0.06298,0.02433,-0.55523
1619610204093,1.82917,-2.28885,15.83525,0.03848,0.02433,-0.63619
1619610204113,9.7013,-8.83939,14.83926,0.16737,0.05309,-0.6543
1619610204133,-1.38384,2.29364,12.94305,-0.08934,-0.0694,-0.682
1619610204153,-6.61278,-5.08528,15.02122,-0.05313,-0.0204,-0.59784
1619610204173,-5.79396,-2.88261,14.92066,0.03528,-0.23345,-0.56162
1619610204194,-2.07816,-2.39899,9.92636,0.01185,0.20649,-0.59251
1619610204213,12.49773,-14.78659,7.16823,-0.08615,-0.177,-0.51688
1619610204233,5.27203,-12.60786,17.1329,0.08215,0.25869,-0.59997
1619610204253,0.04309,0.58897,6.41167,-0.02436,-0.0726,-0.67134
1619610204273,6.84262,-8.63828,19.6127,-0.23529,-0.16847,-0.54032
1619610204293,0.79966,-0.27293,10.05564,0.09281,0.1447,-0.61382
1619610204313,1.87226,1.03429,12.29183,0.00972,0.05842,-0.60636
1619610204333,7.85298,1.58975,11.44907,-0.07869,0.03711,-0.63299
1619610204353,5.31991,-3.89297,3.28963,0.03528,0.02753,-0.57441
1619610204373,7.00543,3.49074,10.04128,0.11092,-0.06514,-0.64152
1619610204393,13.92467,2.7629,7.32625,-0.15006,0.03392,-0.58612
1619610204413,7.20175,-0.42137,5.88015,0.04807,-0.09817,-0.49025
1619610204433,-1.40779,-0.18674,12.10029,0.0502,0.0467,-0.58506
1619610204453,-4.57292,0.76614,9.4523,-0.0446,-0.0694,-0.52753
1619610204473,12.58871,0.22984,14.31732,-0.13728,0.09251,-0.48812
1619610204493,1.62326,-1.20188,11.42034,0.096,-0.10669,-0.51688
1619610204513,2.04943,-1.24019,6.20098,0.00865,0.08825,-0.5286
1619610204533,-6.90008,8.54251,5.82269,-0.06697,-0.11201,-0.59678
1619610204553,0.88585,0.58897,6.14831,0.02463,0.10103,-0.45936
1619610204573,4.7453,2.50912,-3.15076,0.01398,-0.03851,-0.58719
1619610204593,4.54898,1.92014,11.12346,-0.03821,0.05309,-0.55736
1619610204613,12.15296,8.46589,7.82425,0.00759,0.03285,-0.50303
1619610204633,0.9481,-4.60644,-2.07816,0.05126,-0.01614,-0.56162
1619610204653,-8.94952,14.02044,0.12449,-0.02649,0.00302,-0.53179
1619610204673,13.79539,0.10055,15.43781,0.03315,0.00515,-0.53286
1619610204693,-0.50757,-0.11971,10.67335,-0.16072,-0.1951,-0.49877
1619610204713,-0.34955,1.00556,9.83059,0.08748,0.05948,-0.61382
1619610204733,-9.23683,1.49398,7.60398,-0.03821,-0.00549,-0.62447
1619610204753,-1.93451,-1.403,8.15943,-0.08508,-0.13652,-0.5009
1619610204773,0.76614,-3.66312,11.52089,0.18975,0.05735,-0.5563
1619610204793,5.53539,-17.24783,19.6127,-0.25339,-0.05129,-0.59784
1619610204813,-0.18195,10.14662,2.00634,0.04274,-0.01721,-0.36774
1619610204833,2.11647,-1.71903,2.20266,0.06617,0.01474,-0.48599
1619610204853,-5.63116,-5.38216,13.86242,-0.07123,-0.08538,-0.54564
1619610204873,-5.30076,8.40843,-0.40222,0.09068,-0.0758,-0.43592
1619610204893,-0.84275,-2.0207,12.5504,-0.09574,0.01261,-0.46575
1619610204913,0.99119,2.82994,10.78827,0.05552,0.1511,-0.51582
1619610204933,-0.21547,-0.10055,16.56787,-0.06484,-0.17913,-0.51582
1619610204953,2.32237,-7.62313,12.03804,0.03954,0.05309,-0.52753
1619610204973,6.81389,-12.62702,17.15206,-0.01904,-0.03212,-0.68519
1619610204993,5.30076,-8.5042,19.6127,0.14927,-0.12693,-0.60636
1619610205013,-4.35265,-3.2178,8.55687,-0.03182,-0.13332,-0.60317
1619610205033,-2.69108,2.35589,11.19528,0.09281,0.19903,-0.61169
1619610205053,-4.19464,0.26815,15.45696,0.10026,-0.09177,-0.58399
1619610205073,-0.35913,-6.85699,14.72434,-0.13195,0.07653,-0.59997
1619610205093,0.86191,-9.30865,10.26154,-0.07976,-0.16208,-0.5499
1619610205113,-0.25857,-2.32716,10.76433,0.06404,0.03285,-0.57014
1619610205133,11.96622,-11.17134,19.1153,-0.03502,-0.05875,-0.51369
1619610205153,12.94305,1.43652,7.52258,-0.04141,0.01155,-0.51155
1619610205173,0.09097,-0.62249,14.58547,-0.02436,0.10955,-0.48066
1619610205193,4.19942,-4.1276,14.9063,0.04061,-0.0449,-0.41568
1619610205213,5.04218,-5.26724,18.0858,0.03954,0.0435,-0.52966
1619610205233,0,1.34075,10.96065,-0.05632,-0.07153,-0.53925
1619610205253,11.70285,1.0295,17.19994,-0.00732,-0.21748,-0.68626
1619610205273,0.88585,0.26336,8.98783,0.05978,0.23312,-0.71715
1619610205293,-0.78529,4.44363,10.75954,-0.05739,-0.05556,-0.6298
1619610205313,3.53384,-0.33997,14.23113,-0.02862,0.06374,-0.59678
1619610205333,-2.13083,12.07635,5.06134,0.17057,0.11381,-0.7033
1619610205353,-1.65199,10.63504,19.6127,-0.06591,-0.12373,-0.56801
1619610205373,-0.02873,-3.42849,12.26788,0.02676,-0.10882,-0.66069
1619610205393,0.83797,6.87614,3.27526,0.05339,-0.30589,-0.60743
1619610205413,-1.58496,3.7158,9.50019,-0.33649,0.53885,-0.42207
1619610205433,-8.14986,-6.47392,12.81855,0.11837,-0.22813,-0.41142
1619610205453,-0.56024,1.42215,10.63025,-0.11491,0.23632,-0.50303
1619610205473,3.16992,3.82593,6.12436,0.04593,-0.06514,-0.44764
1619610205493,-7.8434,5.91367,10.27112,-0.01904,-0.25582,-0.36348
1619610205513,-8.17859,4.57292,14.71476,-0.08082,0.22247,-0.56695
1619610205534,-2.85388,1.04866,1.98239,0.03528,-0.21108,-0.49345
1619610205553,-1.78607,-1.57059,4.0845,0.17483,0.22566,-0.45083
1619610205573,-8.67179,6.46913,10.06522,0.28668,0.27147,-0.64258
1619610205593,-16.79771,8.63349,-3.41413,-0.37377,-0.43905,-0.48066
1619610205613,0.4118,6.94318,1.13485,0.10772,0.16494,-0.51049
1619610205635,3.69664,1.96803,7.57046,-0.00412,0.06055,-0.54032
1619610205653,-2.81079,0.84275,13.11064,-0.10852,-0.0939,-0.45723
1619610205673,-6.01902,1.29765,-3.08852,0.10559,0.08505,-0.55736
1619610205693,-4.44842,2.73417,6.24886,-0.05952,-0.05342,-0.5563
1619610205713,0.10534,-3.78283,14.43224,0.04593,-0.02679,-0.68306
1619610205733,0.48362,0.41659,9.25598,0.00226,-0.03105,-0.63086
1619610205753,-0.72783,6.67503,3.7158,0.0502,0.04777,-0.5531
1619610205773,-8.68616,7.96311,10.36689,0.00545,0.04244,-0.54884
1619610205793,-1.79565,0.02394,14.18325,0.0992,-0.26754,-0.56908
1619610205813,-4.48194,2.60489,12.04762,-0.16285,0.13086,-0.54458
1619610205834,5.9041,0.71826,9.95509,0.05339,0.02646,-0.48705
1619610205853,-5.55454,2.71502,12.68448,0.04807,-0.00655,-0.52966
1619610205873,-2.84431,7.89607,4.10366,-0.09361,0.01794,-0.6053
1619610205893,-3.80678,0.14844,9.50976,-0.07763,0.0222,-0.44764
1619610205913,5.861,-0.80924,13.88637,0.07789,-0.03425,-0.48279
1619610205933,9.96945,-7.01501,-4.35265,0.05978,0.02646,-0.54245
1619610205953,-4.18506,1.96324,8.61433,-0.00519,0.04457,-0.61169
1619610205973,0.50757,-1.53707,15.24627,0.11411,-0.02253,-0.61595
1619610205993,-2.67192,5.13795,17.73145,0.13435,-0.12906,-0.67028
1619610206013,-4.15633,-2.46123,16.05551,-0.30133,0.13086,-0.40822
1619610206035,-15.10741,-1.80522,14.89672,0.16844,-0.10775,-0.52647
1619610206053,12.55998,-5.16189,18.35873,-0.09787,-0.0204,-0.52221
1619610206073,-0.43574,-0.85233,9.72045,-0.01265,0.16601,-0.52753
1619610206093,6.76122,-4.46279,9.88326,0.05765,-0.18658,-0.41888
1619610206113,7.12993,-5.08528,19.14403,-0.00945,0.12659,-0.4519
1619610206133,0.14844,1.22583,7.86734,-0.0691,-0.1461,-0.52008
1619610206153,-11.79383,2.57137,16.05551,0.1514,0.06694,-0.35922
1619610206173,9.44273,-6.50744,10.6925,-0.1,0.16388,-0.33472
1619610206193,-0.23942,-1.29286,10.05085,0.29627,0.19264,-0.56695
1619610206213,12.93347,-2.41814,15.17923,-0.18628,-0.11521,-0.49877
1619610206234,12.50252,11.40597,-1.35511,0.00972,0.15323,-0.5776
1619610206253,-7.5561,2.28406,19.6127,0.09068,-0.12799,-0.68519
1619610206273,-15.69638,9.10275,-2.6815,-0.06697,0.06374,-0.54351
1619610206293,-5.71256,-6.30153,15.77778,0.10665,0.0435,-0.57441
1619610206313,-10.04607,-5.91846,19.6127,-0.1703,-0.00655,-0.56695
1619610206333,3.39976,-5.93283,10.63983,0.19401,-0.00123,-0.62021
1619610206353,13.7906,0.34955,8.31745,0.02676,-0.13332,-0.59997
1619610206373,-0.4118,2.29843,6.13394,-0.05845,-0.0939,-0.55523
1619610206393,-0.54587,-1.42215,8.76277,-0.06271,-0.02573,-0.5776
1619610206413,7.80509,-0.47405,7.91523,-0.11704,-0.04064,-0.50942
1619610206433,7.57046,-7.68059,6.3973,0.03209,0.15855,-0.46255
1619610206453,-7.12993,-1.59453,10.62546,-0.01797,-0.13438,-0.57014
1619610206473,0.88106,-13.78581,14.46097,0.03954,0.24484,-0.57867
1619610206493,-3.60087,1.30244,14.84883,0.05552,-0.08538,-0.60423
1619610206513,-5.0374,-7.32625,11.18571,-0.02756,-0.1003,-0.60956
1619610206533,-3.40455,3.05021,5.80833,0.06191,0.14577,-0.5563
1619610206553,13.11543,-4.03183,5.87537,-0.16711,-0.38792,-0.51582
1619610206573,-4.01747,-0.54587,8.82981,0.16631,0.34497,-0.47534
1619610206593,-6.09563,1.17315,3.15076,-0.01265,-0.11521,-0.65004
1619610206613,-1.66636,7.1012,6.78037,-0.07017,0.0744,-0.61382
1619610206633,-11.15219,4.40533,-5.22893,0.01398,-0.06621,-0.54884
1619610206653,-1.04387,0.37349,3.08373,-0.12769,-0.18552,-0.53712
1619610206673,1.58017,1.9393,7.95353,0.06298,0.15323,-0.55417
1619610206693,-1.23061,1.62805,5.64073,0.08215,-0.02999,-0.57334
1619610206713,13.40274,-7.12035,15.04037,0.00439,-0.02253,-0.51155
1619610206733,-9.25598,6.61278,0.10055,-0.11917,0.21608,-0.61169
1619610206753,-7.80509,13.01009,4.19942,0.05126,-0.23132,-0.47214
1619610206773,-4.86501,4.12281,4.91769,-0.16711,-0.01614,-0.5563
1619610206793,6.4404,1.66636,3.25611,0.04807,-0.06727,-0.53925
1619610206813,6.4404,1.66636,3.25611,0.04807,-0.06727,-0.53925
1619610206833,6.4404,1.66636,3.25611,0.04807,-0.06727,-0.53925
1619610206853,6.4404,1.66636,3.25611,0.04807,-0.06727,-0.53925
1619610206873,6.4404,1.66636,3.25611,0.04807,-0.06727,-0.53925
1619610206893,6.4404,1.66636,3.25611,0.04807,-0.06727,-0.53925
1619610206913,3.96,-6.55532,19.6127,-0.01051,0.04777,-0.43486
1619610206933,7.44596,-5.54497,2.50912,-0.03395,0.17453,-0.56162
1619610206953,13.07234,-4.96078,7.41244,0.05446,-0.10775,-0.57973
1619610206973,-0.93373,-6.65109,13.34528,0.00332,0.11594,-0.56056
1619610206993,-3.055,2.37504,3.65834,0.05872,0.04457,-0.59251
1619610207013,-5.94719,-0.68474,19.6127,-0.04034,-0.10243,-0.61169
1619610207033,3.18428,-2.31758,9.85932,0.09387,0.09144,-0.53499
1619610207053,-2.92092,-5.86579,15.08347,-0.01265,-0.09817,-0.61808
1619610207073,2.4756,-1.64721,12.47379,-0.06697,-0.02786,-0.61915
1619610207093,11.82735,-8.14986,10.38125,0.06298,-0.10456,-0.55736
1619610207113,2.53306,-4.2904,12.40196,-0.10532,-0.07366,-0.52753
1619610207133,-2.12605,0.40222,8.17859,-0.08721,0.01581,-0.50623
1619610207153,-3.65834,-6.09563,14.35084,-0.00306,0.0467,-0.52753
1619610207173,14.31253,-7.02937,19.6127,0.0438,-0.0939,-0.55097
1619610207193,-0.64643,-1.50355,3.53863,0.14927,-0.0204,-0.59678
1619610207213,6.67982,-5.01345,14.87278,-0.10319,0.03392,-0.67241
1619610207233,5.75566,-7.63271,15.50485,-0.05845,0.20755,-0.5009
1619610207253,7.4316,-0.22984,12.33013,0.03954,-0.07473,-0.54032
1619610207273,-0.01915,3.20823,17.31486,-0.00306,0.00196,-0.56269
1619610207293,2.99275,1.65678,10.568,-0.05952,0.02859,-0.48812
1619610207313,7.45554,5.41568,16.58702,-0.04567,-0.07793,-0.52434
1619610207333,3.76847,-3.37582,12.71321,0.06831,0.31089,-0.63513
1619610207353,-1.35511,3.42849,4.72615,-0.17989,-0.27287,-0.53819
1619610207373,4.63996,-0.62728,12.02846,0.0992,0.30023,-0.5499
1619610207393,-8.35576,1.03429,7.85298,0.04593,-0.13119,-0.57334
1619610207413,-4.05098,4.50109,17.8751,-0.20759,-0.06621,-0.56695
1619610207433,1.8148,-3.30878,13.57991,0.08961,0.03285,-0.51262
1619610207453,-3.53863,-1.82438,17.29571,0.02889,-0.03425,-0.49984
1619610207473,-0.56024,-2.42293,13.70441,-0.05313,0.01687,-0.5499
1619610207493,7.37414,-0.54108,6.19619,-0.08295,-0.13438,-0.44338
1619610207513,-13.87679,2.52348,13.91031,0.00439,-0.03212,-0.40183
1619610207533,4.84586,-1.34554,9.72045,-0.13302,-0.05129,-0.43912
1619610207553,-4.09887,1.50355,-2.74375,0.11305,-0.09923,-0.44125
1619610207573,7.68538,-0.44053,7.52258,-0.07443,0.14364,-0.45403
1619610207593,-8.07324,2.52348,2.66235,-0.02117,-0.17486,-0.48386
1619610207613,-10.63025,-0.27772,9.77792,0.19188,0.04031,-0.43805
1619610207633,-4.93205,4.17548,4.36702,0.02356,-0.03851,-0.57121
1619610207653,-1.24977,1.85311,-1.79565,0.00226,-0.01401,-0.53925
1619610207673,-2.20745,2.38462,12.29183,0.07257,0.0467,-0.57867
1619610207693,-7.31668,-3.5913,5.43962,-0.01691,-0.05662,-0.62873
1619610207713,-7.48906,9.26077,8.21211,0.05765,0.05096,-0.56801
1619610207733,-8.19774,1.13006,9.53371,-0.09467,-0.0204,-0.59145
1619610207733,5.27682,-0.66079,5.89931,-0.00625,0.04244,-0.60423
1619610207773,6.86178,-6.16746,11.25274,0.01824,0.07546,-0.52753
1619610207793,2.92092,-3.12682,3.12203,0.00226,0.06055,-0.5286
1619610207813,1.08696,-0.79966,16.97967,0.02463,0.01687,-0.59678
1619610207833,3.59609,-1.41736,7.47469,-0.0723,0.0499,-0.58506
1619610207854,0.42616,-1.74297,2.64798,0.06191,-0.11947,-0.53073
1619610207873,-3.63439,0.02873,8.89206,0.05978,0.13086,-0.67987
1619610207893,-4.17069,-6.88093,13.80975,-0.04567,-0.08538,-0.62234
1619610207913,-0.9481,-0.69431,4.5825,0.10772,0.06801,-0.6021
1619610207933,-5.612,5.91367,1.72861,0.07044,-0.05449,-0.67241
1619610207955,6.59841,1.78607,13.09149,-0.03821,0.03498,-0.60956
1619610207973,7.63271,1.04866,7.87692,-0.02969,0.01261,-0.55523
1619610207993,2.69587,0.96246,11.51611,-0.03395,-0.02253,-0.54777
1619610208013,0.63685,2.95923,5.31991,-0.02223,0.08825,-0.49664
1619610208033,-6.78516,6.05733,11.87045,0.01185,-0.06195,-0.4519
1619610208053,2.46123,1.92972,12.25831,0.06191,0.07333,-0.4242
1619610208073,-1.00556,-2.33674,11.18571,-0.14261,-0.0481,-0.43592
1619610208093,1.72382,-3.03584,12.36844,-0.00625,0.09357,-0.43805
1619610208113,-6.75164,6.10521,5.78918,-0.02756,0.08079,-0.51369
1619610208133,-13.31654,9.52413,6.71812,0.02143,-0.0449,-0.53819
1619610208155,1.83874,5.24809,11.81299,-0.00732,-0.0236,-0.59358
1619610208173,5.60243,-4.2904,9.81143,-0.02117,0.03072,-0.60743
1619610208194,2.88261,2.86825,17.25261,-0.07869,-0.00123,-0.62341
1619610208213,7.59919,-5.2002,13.30218,-0.02756,-0.06834,-0.67028
1619610208233,-3.30399,-2.65277,12.44984,-0.00838,0.02433,-0.64684
1619610208254,-10.1562,10.14662,8.37491,0.05872,-0.13119,-0.5531
1619610208273,-2.66235,-1.03908,13.69962,-0.08082,-0.0481,-0.59891
1619610208293,3.94085,-8.37012,12.17691,0.0715,0.02433,-0.61808
1619610208313,-3.73974,-4.0845,14.02044,-0.04141,-0.07793,-0.42633
1619610208333,12.56477,-6.05733,4.87459,-0.06591,0.06161,-0.48386
1619610208356,0.79487,-5.20978,17.3005,-0.11704,-0.11628,-0.52221
1619610208373,-0.89543,-4.83628,14.83447,-0.10213,0.00835,-0.43592
1619610208393,-5.6982,1.83395,17.50161,-0.10958,-0.06301,-0.47427
1619610208413,-1.75255,-4.7453,9.61032,0.13222,0.09144,-0.60423
1619610208433,3.1364,2.1883,2.99275,0.08322,-0.05449,-0.50623
1619610208453,1.45088,-10.83136,12.78982,-0.14154,0.06374,-0.53606
1619610208473,1.75734,-15.01164,19.19192,0.18122,-0.01614,-0.54671
1619610208493,4.48194,4.87938,19.6127,-0.01371,-0.00655,-0.52434
1619610208513,7.96311,-1.64242,10.96065,-0.05632,0.02326,-0.51475
1619610208533,-1.8962,-7.32146,12.45463,0.00119,-0.03745,-0.55097
1619610208554,-5.32949,-1.22104,10.23281,0.06937,-0.02679,-0.49238
1619610208573,3.3423,7.16823,8.00142,-0.00412,-0.0481,-0.46255
1619610208593,0.47405,-0.48841,6.59841,-0.00625,0.00196,-0.44018
1619610208613,13.31654,-1.8148,1.69988,0.11305,0.05735,-0.43486
1619610208633,-14.96854,6.76122,12.24394,-0.06271,0.09357,-0.48279
1619610208653,-11.28147,1.92014,-4.53461,0.03954,-0.11414,-0.40503
1619610208673,2.26012,4.63996,3.4237,0.00652,0.05522,-0.49877
1619610208693,-5.38216,1.37906,4.39096,-0.0201,-0.03532,-0.51155
1619610208713,-3.97437,-1.39342,11.29105,0.0747,0.08398,-0.46042
1619610208733,7.86255,4.65432,13.02924,-0.03821,-0.21215,-0.50197
1619610208753,3.0119,3.23217,-1.30244,0.02569,0.01155,-0.62873
1619610208773,-4.9129,4.54898,4.90811,0.02676,0.12233,-0.5808
1619610208793,-6.04775,1.66636,-1.86747,-0.02436,-0.15995,-0.56588
1619610208813,0.55545,-0.33997,5.75566,0.04274,-0.05129,-0.6788
1619610208833,0.99119,9.97903,6.84262,-0.05845,0.09144,-0.66495
1619610208853,-2.6001,0.40701,10.20408,0.16205,0.01155,-0.61595
1619610208873,0.46447,-0.4932,5.70298,-0.05632,0.00196,-0.67561
1619610208893,-7.77636,9.73003,15.47133,0.09174,-0.00549,-0.64471
1619610208913,-4.01268,6.69418,8.97825,-0.1,0.06481,-0.58719
1619610208933,1.58017,-2.35589,12.58392,-0.04354,-0.02253,-0.57654
1619610208953,-11.69328,11.66933,7.83382,0.04593,0.03072,-0.57121
1619610208973,-4.3766,-1.1971,6.95755,-0.1213,-0.03745,-0.57227
1619610208993,-6.00465,2.49954,5.70298,0.11944,0.29278,-0.51901
1619610209013,15.3995,-6.06211,4.87459,0.02889,-0.16102,-0.47747
1619610209033,1.13006,-8.5042,11.65497,-0.05206,-0.09497,-0.52753
1619610209053,1.97282,-6.83784,11.09951,-0.10106,-0.04703,-0.47534
1619610209073,-8.916,-7.02937,19.6127,-0.02436,-0.04171,-0.46362
1619610209093,-1.05344,-5.66946,19.6127,0.08322,-0.10882,-0.56695
1619610209113,7.01022,2.44687,-3.18907,-0.03289,-0.08112,-0.54777
1619610209133,11.77468,-0.14365,9.38048,0.02143,-0.11521,-0.54777
1619610209153,6.84262,5.02782,14.48013,-0.03182,-0.05875,-0.5563
1619610209173,-8.01578,-10.80263,11.0229,0.19188,-0.04384,-0.4796
1619610209193,6.60799,-8.66701,8.03015,-0.1735,-0.21215,-0.51901
1619610209213,3.85466,-6.7277,15.63413,0.1205,0.20116,-0.56162
1619610209233,-0.72783,0.34955,15.55273,-0.06484,-0.13119,-0.61382
1619610209253,-6.38294,2.19308,19.6127,0.02783,0.0957,-0.46149
1619610209273,1.83874,-2.86346,19.6127,-0.05099,-0.06514,-0.59571
1619610209293,3.64876,-3.94564,9.20809,0.16524,-0.03958,-0.53073
1619610209313,-1.71424,2.10689,13.83848,-0.00732,0.13938,-0.52647
1619610209333,3.78283,-3.2178,17.64526,-0.06058,-0.10669,-0.55843
1619610209353,2.7246,-4.27125,10.44829,0.06511,0.10529,-0.60956
1619610209373,12.91911,-7.31668,15.04516,0.02463,-0.07686,-0.61595
1619610209393,5.74608,-9.52413,18.98123,-0.03608,0.10422,-0.55203
1619610209413,0.89543,-3.1795,13.27824,-0.0201,-0.11414,-0.57227
1619610209433,4.18985,-5.7796,14.15452,0.02676,0.16707,-0.53073
1619610209453,12.62702,-2.83952,12.0141,-0.11704,-0.01294,-0.56482
1619610209473,5.67425,-0.95289,3.66791,0.14287,0.03285,-0.5254
1619610209493,7.68059,6.49786,10.37646,-0.11171,-0.10988,-0.62554
1619610209513,-0.91937,5.81312,15.68681,0.06298,0.05522,-0.65537
1619610209533,3.86903,3.81635,5.54497,-0.00945,-0.12054,-0.50729
1619610209553,7.28316,-2.81079,11.24317,0.01611,0.18305,-0.56269
1619610209573,-14.23592,6.38773,7.28316,-0.00519,-0.06088,-0.56588
1619610209593,2.4325,-3.44286,13.87679,-0.06378,0.05948,-0.52008
1619610209613,5.25766,2.25533,1.61369,-0.0446,-0.04384,-0.58186
1619610209633,-4.65432,8.59039,11.68849,0.02143,0.01155,-0.63939
1619610209653,5.69341,1.64242,8.22168,-0.00625,-0.0236,-0.56482
1619610209673,3.50032,-0.79487,2.86825,-0.01904,0.07227,-0.55097
1619610209693,-9.50976,5.50187,3.35667,-0.01265,-0.04597,-0.59997
1619610209713,-11.33415,-1.83874,10.95586,0.15672,0.00409,-0.52114
1619610209733,-9.10275,10.70208,2.42772,-0.17989,-0.02147,-0.53179
1619610209753,5.49708,-2.10689,7.42202,0.02463,0.01048,-0.60956
1619610209773,-2.02549,-8.12592,2.04464,-0.03502,-0.17593,-0.51369
1619610209793,5.31512,-1.78607,-2.03507,-0.04886,-0.03638,-0.48386
1619610209813,9.13627,2.14999,6.93839,0.1237,-0.10456,-0.48918
1619610209833,5.30555,-3.18428,15.47612,-0.07017,-0.01614,-0.53073
1619610209853,-7.87213,1.90578,15.1122,-0.05419,0.00515,-0.42633
1619610209873,15.47612,-8.22647,9.39963,0.096,-0.15036,-0.4551
1619610209893,-4.14675,-0.81402,13.623,-0.11278,-0.09604,-0.47214
1619610209913,-5.21457,-1.67594,15.31331,0.02676,0.05522,-0.50197
1619610209933,5.06134,-3.50032,6.49307,-0.06591,-0.05449,-0.37733
1619610209953,-9.9072,-1.38384,7.49863,0.11944,-0.00016,-0.50623
1619610209973,10.12268,-3.0119,6.25365,0.22703,0.02753,-0.51369
1619610209993,4.82671,0.64643,0.1628,-0.01691,-0.0204,-0.43699
1619610210013,0.71347,-3.4668,6.01902,0.07576,-0.05662,-0.48918
1619610210033,8.24563,1.90099,10.47702,-0.01158,-0.00336,-0.5254
1619610210053,-2.24576,-7.22091,12.91911,0.11092,0.10103,-0.5776
1619610210074,4.48673,4.88896,13.68046,-0.01691,-0.12586,-0.5499
1619610210093,3.2992,-1.34075,6.2345,-0.01051,0.00942,-0.61915
1619610210113,0.79487,3.27526,10.04128,-0.04141,0.03072,-0.71715
1619610210133,1.96803,-2.85867,11.52089,0.06724,-0.00655,-0.5776
1619610210153,-7.6375,-0.63685,9.43794,0.08961,0.01155,-0.64152
1619610210173,3.47638,-6.45955,10.39562,-0.09254,0.03285,-0.76189
1619610210193,5.54497,-3.57693,12.00931,-0.12663,-0.03745,-0.68413
1619610210213,-0.23942,-2.14999,15.86876,0.04487,-0.01721,-0.71928
1619610210233,5.20978,3.24653,13.71398,0.04913,-0.00442,-0.74804
1619610210253,-1.0295,4.01747,12.51688,-0.09254,-0.01294,-0.63619
1619610210273,8.02057,-1.94888,17.48724,-0.05952,0.01474,-0.59784
1619610210293,-3.29442,-0.49799,15.92144,-0.0446,-0.0204,-0.6511
1619610210313,-13.27345,11.18092,2.73417,-0.08082,-0.07366,-0.63299
1619610210333,-5.83706,3.33751,14.9877,-0.07976,0.12233,-0.55949
1619610210353,-0.85233,-0.00957,19.6127,0.04487,0.08398,-0.682
1619610210373,8.12113,-3.80678,11.70764,-0.15646,-0.19191,-0.60743
1619610210393,3.14119,0.41659,13.79539,-0.00732,0.22673,-0.64578
1619610210413,-12.46421,0.44053,7.04374,0.05126,-0.08538,-0.59038
1619610210433,1.88663,-2.34152,16.42422,-0.12556,-0.08432,-0.60743
1619610210453,9.96466,-14.13536,18.23902,0.02996,0.06055,-0.69158
1619610210474,3.52426,-8.25041,13.44583,-0.01371,-0.0971,-0.5531
1619610210493,1.58017,-0.70389,11.72201,-0.02543,0.05735,-0.63939
1619610210513,-3.41413,4.21379,10.49139,-0.08189,-0.20789,-0.4519
1619610210533,3.90254,-8.19295,15.57188,0.06191,0.14577,-0.41568
1619610210553,4.36702,-1.74776,19.6127,0.02463,0.01581,-0.46681
1619610210575,1.37427,-3.2178,3.96479,-0.05419,-0.03105,-0.52434
1619610210593,-2.98796,-0.08619,9.42357,0.02143,0.11381,-0.52008
1619610210613,0.87627,-0.00957,3.97437,0.06724,-0.13119,-0.4764
1619610210633,1.00556,-4.74051,12.3014,0.04913,0.06694,-0.52647
1619610210653,1.86747,3.28963,18.86152,0.01824,-0.13438,-0.51688
1619610210673,9.17458,-6.53138,10.7739,0.0502,0.09251,-0.5009
1619610210693,-9.58159,4.14196,11.13303,-0.02436,-0.1493,-0.49131
1619610210713,4.36223,-4.41011,2.60967,0.08109,0.09038,-0.58506
1619610210733,0.39743,0.28251,9.25598,-0.09574,-0.09177,-0.51582
1619610210753,-0.26336,1.97761,6.42124,-0.05419,-0.02253,-0.46575
1619610210773,-0.47884,8.9591,9.34696,0.09281,0.07653,-0.56588
1619610210793,12.0141,-4.34787,15.41865,0.07683,0.03924,-0.44977
1619610210813,1.87705,1.47003,10.32858,-0.09574,0.019,-0.41142
1619610210833,7.24485,2.26491,10.28549,0.15885,0.04137,-0.46468
1619610210853,-3.41892,4.96078,13.17768,-0.01051,-0.00336,-0.49025
1619610210873,19.6133,-7.5561,13.69962,-0.08615,-0.07473,-0.46149
1619610210893,-0.09097,-0.37828,7.37892,0.14074,-0.00762,-0.55203
1619610210913,-6.86657,4.43885,-11.18092,-0.01265,-0.3517,-0.5009
1619610210933,-1.36948,1.21625,5.60243,-0.03182,0.15642,-0.43486
1619610210953,3.82593,-8.58081,12.64617,0.05978,-0.275,-0.53606
1619610210973,-6.08606,9.71567,5.43483,-0.02223,0.11914,-0.50197
1619610210993,0.80924,2.94965,11.16655,0.02356,-0.14078,-0.47747
1619610211013,0.56503,-2.98317,8.5856,-0.01797,0.02753,-0.59571
1619610211033,-3.36145,3.84508,7.55131,0.10879,-0.04384,-0.58932
1619610211053,0.03351,0.45489,8.24084,-0.10319,0.0499,-0.56801
1619610211073,-3.32794,1.45567,8.48026,0.09813,0.26082,-0.60317
1619610211093,-4.68305,6.64151,5.39653,0.2249,0.03072,-0.63513
1619610211113,-5.11401,1.04866,3.25611,-0.14261,-0.01508,-0.56056
1619610211133,1.92014,-5.13316,10.67335,-0.05526,0.12766,-0.57014
1619610211153,-4.83628,0.67516,16.12734,0.02356,-0.19617,-0.5254
1619610211173,1.83874,-2.61446,7.47948,0.03635,0.11168,-0.54138
1619610211193,4.07971,8.74841,12.50731,-0.16711,-0.04703,-0.61382
1619610211213,1.44609,3.01669,13.85285,0.1514,0.1234,-0.53393
1619610211233,-0.01915,4.75009,12.95263,-0.0446,-0.02999,-0.58719
1619610211253,9.64863,-5.76523,15.21275,-0.0478,0.03392,-0.5776
1619610211273,-3.22259,9.72524,1.95366,0.11305,0.07653,-0.56162
1619610211293,3.25132,-2.75812,10.46266,-0.01904,-0.09817,-0.55843
1619610211313,-14.16409,-8.12592,19.6127,0.01504,0.08292,-0.63726
1619610211333,-1.92972,-5.34864,7.57046,0.04167,-0.10775,-0.53179
1619610211353,16.19438,-1.20667,12.64617,-0.04886,0.03285,-0.47321
1619610211373,0.74699,-3.64876,8.35576,-0.01371,0.17986,-0.53073
1619610211393,-7.76679,3.42849,10.04128,-0.0691,0.02753,-0.51795
1619610211413,-8.02536,-9.86411,10.34295,0.05765,-0.05769,-0.41568
1619610211433,14.87756,-9.65821,19.6127,-0.00732,-0.04064,-0.59358
1619610211453,4.73573,-0.64643,14.26944,-0.02117,0.02753,-0.54032
1619610211473,6.18661,1.07739,7.57046,0.02569,-0.18019,-0.41355
1619610211493,-1.06302,1.77649,7.91523,0.07683,0.23845,-0.54138
1619610211513,3.51468,-3.6296,12.76588,0.13755,-0.02892,-0.52966
1619610211533,-1.90578,-2.90177,17.42499,0.0715,0.10742,-0.53712
1619610211553,10.42435,-3.24653,13.89115,-0.12876,-0.12906,-0.51049
1619610211573,5.74129,0.3687,11.21444,0.0225,0.07333,-0.64684
1619610211593,11.05163,-7.35019,11.46822,0.02889,-0.08006,-0.57334
1619610211613,3.1795,-1.75734,16.07945,-0.01904,0.17986,-0.50303
1619610211633,15.85919,-2.15957,15.72511,-0.01584,0.01155,-0.5808
1619610211653,-0.37828,7.04374,1.5275,0.05339,-0.15462,-0.57654
1619610211673,1.01514,-0.79966,7.82425,-0.06378,0.2523,-0.57867
1619610211693,-0.11013,7.08204,4.33829,0.02356,-0.12586,-0.56375
1619610211713,-4.35265,-0.48362,7.19697,0.18442,-0.08006,-0.49984
1619610211733,6.29196,-5.66468,11.26232,-0.03715,-0.05129,-0.49558
1619610211753,12.45942,-2.30801,13.20162,0.03741,0.09996,-0.47534
1619610211773,1.90099,1.71424,9.64863,-0.11491,-0.13332,-0.49877
1619610211793,-5.41568,-7.03895,9.71567,-0.03395,-0.00016,-0.50942
1619610211813,-1.78607,11.21444,11.70285,-0.11598,-0.13758,-0.52008
1619610211833,-4.07014,3.69185,7.75721,0.04807,0.12659,-0.58506
1619610211853,3.50989,8.16422,11.33893,-0.02543,-0.14078,-0.51475
1619610211873,-2.2697,7.97269,7.70454,-0.01265,0.00409,-0.53606
1619610211893,-0.99598,1.53707,19.00038,0.1972,0.05629,-0.57014
1619610211913,-11.65018,12.69884,5.51145,-0.02756,-0.05449,-0.61382
1619610211933,-1.154,-4.96078,7.03895,-0.07869,-0.01401,-0.59251
1619610211953,-7.19218,-2.0207,6.59841,-0.01584,-0.06621,-0.50623
1619610211973,6.63672,-5.48751,-5.14274,0.04593,0.02007,-0.53606
1619610211993,-11.30063,9.43794,-2.78685,0.00013,0.019,-0.6021
1619610212013,-0.63685,1.83395,10.95586,0.06298,-0.02253,-0.53393
1619610212033,-1.56101,-2.66714,1.87226,0.18655,0.08079,-0.50516
1619610212053,-5.16189,11.20965,13.78102,0.01504,0.03285,-0.60317
1619610212073,-4.95599,10.21845,6.65588,-0.00625,-0.09284,-0.52647
1619610212093,-3.07894,1.24977,3.93606,0.20146,0.08185,-0.54138
1619610212113,-10.13226,8.76756,4.66869,-0.00732,0.09251,-0.56588
1619610212133,13.83369,7.97269,6.75643,-0.08082,-0.00868,-0.52008
1619610212153,0.23942,2.53306,3.26569,0.01824,-0.18765,-0.49771
1619610212173,4.38617,11.46822,9.88805,-0.03715,0.10103,-0.52647
1619610212194,-1.74297,1.54665,12.21042,0.08109,-0.04916,-0.43059
1619610212213,-5.50187,10.45787,2.51391,-0.01158,-0.05769,-0.46468
1619610212233,-2.93529,1.8962,16.27578,0.00865,0.06161,-0.46894
1619610212253,14.26465,4.64475,7.11556,-0.10852,-0.11734,-0.50942
1619610212273,-2.22181,2.94007,10.97023,-0.06804,0.13831,-0.53393
1619610212294,-3.76847,-0.71826,6.28717,0.44754,-0.09817,-0.5286
1619610212313,-0.56024,-0.43574,17.03714,-0.2747,0.00302,-0.65217
1619610212333,7.74763,10.19451,6.39251,0.02356,0.01155,-0.6511
1619610212353,0.62249,-0.2059,12.50252,0.20892,0.12659,-0.65856
1619610212373,10.87925,-0.2442,17.31965,-0.12876,-0.1248,-0.58612
1619610212395,14.00129,-5.88494,19.31642,-0.08615,0.0467,-0.682
1619610212413,3.16992,-1.63763,15.94538,0.02143,-0.02892,-0.53819
1619610212433,0.44053,-1.42215,19.6127,-0.0478,-0.03958,-0.49664
1619610212453,-6.84262,-2.33674,9.03571,-0.01371,-0.03745,-0.53499
1619610212473,7.20654,-6.60799,8.916,-0.01051,-0.04597,-0.48386
1619610212494,12.16733,13.76666,10.33816,-0.04141,-0.08219,-0.44657
1619610212513,10.50575,-3.4237,8.73404,0.09387,0.00302,-0.47427
1619610212533,5.29597,-6.75643,11.08515,0.06191,0.07653,-0.5808
1619610212553,1.5275,-4.61602,10.98938,0.06298,-0.00655,-0.51369
1619610212573,-5.99986,-3.65834,11.96622,-0.06165,-0.09817,-0.55203
1619610212594,-1.43173,-5.96635,12.52646,0.03209,-0.03532,-0.54884
1619610212613,-6.92403,0.28251,15.36598,0.01291,-0.21428,-0.47427
1619610212633,19.6133,2.37983,19.6127,0.12583,-0.14717,-0.48492
1619610212653,5.77002,-2.806,10.34295,0.04913,0.12553,-0.60317
1619610212673,2.27928,3.74453,-6.12915,-0.07656,0.03711,-0.67134
1619610212695,-2.01112,-3.76847,13.38358,-0.04567,-0.19617,-0.47001
1619610212713,2.94965,-3.96,15.13614,0.02676,0.10742,-0.56908
1619610212733,6.52659,0.39743,6.15788,0.04807,0.04137,-0.57121
1619610212753,-1.00077,-0.11971,16.56787,0.047,-0.0726,-0.53286
1619610212773,19.6133,-0.59855,6.33026,-0.01797,0.19051,-0.57441
1619610212794,-0.32082,4.90811,0.35913,-0.08508,-0.12799,-0.63406
1619610212813,-3.36624,3.04063,8.70052,0.12263,0.18305,-0.63193
1619610212833,2.91134,4.34787,8.54251,-0.01371,0.01794,-0.64471
1619610212853,17.01798,5.97592,9.73003,-0.06484,-0.16954,-0.50836
1619610212873,3.14598,3.16513,0.38786,0.07683,0.04563,-0.58186
1619610212893,8.22168,7.14908,6.08606,-0.04247,-0.01614,-0.47853
1619610212913,4.10845,1.97282,4.94163,-0.09361,0.00622,-0.49877
1619610212933,4.87938,-0.23942,0.46926,0.02996,-0.09923,-0.54884
1619610212953,-6.86657,18.57421,7.01979,-0.10639,-0.17913,-0.55417
1619610212973,-5.88494,6.29196,0.02394,0.04593,0.15003,-0.58825
1619610212994,-1.40779,-2.4325,13.39795,-0.10532,-0.22706,-0.48599
1619610213013,3.84987,0.62249,3.00711,0.13435,0.21927,-0.55417
1619610213033,-6.67982,3.6296,4.55856,0.01291,0.00302,-0.50516
1619610213053,-6.25844,-2.61925,10.30464,0.13968,-0.01934,-0.59358
1619610213073,4.3335,-5.68862,12.82334,-0.06697,0.08185,-0.63299
1619610213093,2.86825,-5.21457,11.57836,-0.01797,-0.28139,-0.53712
1619610213113,3.55778,-2.17393,13.44104,0.096,0.12127,-0.57547
1619610213133,-0.36391,1.90099,6.18661,-0.11065,-0.04064,-0.63193
1619610213153,-7.72848,4.50109,14.06354,-0.11385,0.19477,-0.47214
1619610213173,-5.93283,1.62326,5.17626,0.07896,-0.08006,-0.53073
1619610213193,0.50757,1.32638,1.71424,0.06724,-0.08964,-0.46468
1619610213213,-8.38928,3.7541,12.67969,-0.06697,0.15429,-0.59571
1619610213233,-5.19062,-1.38863,2.97359,0.08535,-0.04597,-0.44657
1619610213253,-1.92493,-8.89206,16.58702,-0.02649,-0.05556,-0.53073
1619610213273,7.06768,2.09732,0.32082,0.00439,0.01474,-0.52647
1619610213293,0.18195,6.81868,2.30801,0.10133,0.04777,-0.49131
1619610213313,-1.6089,-11.31978,12.52167,-0.04141,0.11701,-0.44231
1619610213333,3.3423,2.25533,7.31189,-0.04141,-0.01508,-0.53819
1619610213353,4.71657,-3.35188,7.8003,-0.05419,-0.04597,-0.5254
1619610213373,-0.10055,11.26232,1.5658,0.03315,0.01474,-0.59784
1619610213393,3.11725,-4.9512,8.49941,-0.00519,-0.05449,-0.62341
1619610213413,-2.43729,0.49799,12.00931,0.00972,0.03179,-0.63299
1619610213433,2.7246,0.64164,6.00944,0.03102,0.11594,-0.6575
1619610213453,4.03662,12.01889,11.45386,0.02356,-0.00336,-0.67347
1619610213473,-3.83551,6.96233,13.57991,0.05552,-0.0449,-0.69798
1619610213493,1.14921,8.34139,6.56011,-0.06697,-0.13332,-0.67028
1619610213513,3.10767,-0.29209,17.45851,-0.05419,0.1479,-0.70543
1619610213533,2.20266,1.91536,10.26633,0.01078,-0.05875,-0.66921
1619610213553,-1.00077,0.53151,14.35563,-0.03289,0.01794,-0.66282
1619610213573,0.05267,-2.63362,17.28134,-0.04354,0.05948,-0.6053
1619610213593,-1.43173,-6.82826,-1.13964,-0.04354,0.03605,-0.58186
1619610213613,-5.15711,7.15387,5.72693,-0.15113,-0.06088,-0.57973
1619610213634,7.39808,-15.29416,19.6127,-0.05739,0.13831,-0.59251
1619610213653,0.18674,-5.77002,19.6127,-0.24061,0.02646,-0.68306
1619610213673,10.78348,-7.97269,17.176,0.08428,-0.17273,-0.63726
1619610213693,-5.38216,5.33907,12.84249,0.09813,0.05842,-0.69691
1619610213713,-5.29597,0.52193,12.78982,-0.06058,-0.02892,-0.59784
1619610213733,-2.06859,3.04542,9.35175,0.00865,-0.07899,-0.54671
1619610213753,-0.83318,-3.72058,19.6127,0.05446,0.09357,-0.71928
1619610213773,14.7818,-4.0845,3.74453,-0.02543,-0.16421,-0.61808
1619610213793,1.16837,-3.34709,9.7444,0.06085,-0.39005,-0.61169
1619610213813,9.62947,-0.54108,13.89115,-0.22676,0.10635,-0.63513
1619610213834,-5.43483,7.99663,9.51934,-0.09574,-0.07047,-0.6021
1619610213853,12.46421,-0.04309,12.32535,0.03741,-0.06408,-0.40077
1619610213873,0.14844,1.16837,10.98938,-0.00093,0.07653,-0.4274
1619610213893,-5.31033,6.24407,8.97346,-0.20226,-0.13971,-0.35816
1619610213893,9.74918,4.87459,2.18351,0.00865,-0.03425,-0.31768
1619610213935,-0.75656,0.42616,-0.62728,-0.04354,0.0435,-0.3262
1619610213953,-3.51468,-2.20266,4.26646,0.03422,0.07546,-0.35496
1619610213973,15.20318,-7.57046,2.0207,0.41345,0.24058,-0.39544
1619610213993,-9.00698,7.89128,13.0053,-0.16285,-0.07473,-0.53819
1619610213993,11.69328,-0.54108,-6.25844,-0.16178,-0.12693,-0.49345
1619610214033,-0.71347,-0.84754,12.07156,0.2984,0.06481,-0.56375
1619610214053,18.43056,-2.60489,2.49475,-0.09787,-0.04064,-0.52008
1619610214073,-0.0383,3.83072,3.49074,-0.06058,0.22247,-0.54351
1619610214094,-9.14106,4.63517,3.60566,0.15885,-0.34105,-0.50516
1619610214114,-4.97036,1.83395,12.12423,0.00439,0.31941,-0.49025
1619610214133,7.34062,-3.25611,4.07971,-0.05845,-0.37833,-0.45616
1619610214157,5.20499,-1.08217,8.81545,0.00972,0.25336,-0.40716
1619610214157,-1.68551,-0.1628,19.6127,0.01078,-0.24411,-0.45083
1619610214193,0.76614,3.11725,15.75384,-0.10106,-0.03532,-0.44125
1619610214213,-0.88585,-0.80445,3.91212,0.00865,0.03285,-0.40503
1619610214233,-0.5746,5.97592,12.65575,0.01717,0.08079,-0.50303
1619610214253,8.94473,6.75164,6.68461,0.01824,-0.00016,-0.39864
1619610214273,-15.54794,9.05965,0.17238,0.07789,-0.11947,-0.53179
1619610214296,-4.04141,7.07726,1.8962,-0.0478,0.09783,-0.63086
1619610214313,-4.04141,7.07726,1.8962,-0.0478,0.09783,-0.63086
1619610214333,16.86954,2.72939,7.49385,-0.13195,-0.06195,-0.63086
1619610214353,-4.13239,3.16034,7.17781,-0.01478,0.08292,-0.68732
1619610214373,-8.72447,8.63349,10.2807,0.05872,-0.01401,-0.59784
1619610214393,7.20175,-0.92895,14.39872,-0.05632,-0.05982,-0.55203
1619610214414,-2.48518,-1.94888,19.47922,0.01291,0.08611,-0.61489
1619610214434,3.86424,3.10767,9.02614,-0.03608,-0.12054,-0.50516
1619610214454,-0.77093,-3.96479,16.50562,-0.04993,0.06907,-0.53393
1619610214473,-19.6127,14.55674,5.15232,0.05126,-0.05129,-0.6021
1619610214494,-3.45722,-3.0933,8.46589,-0.11811,0.09677,-0.55523
1619610214513,16.40028,-8.38449,10.04128,0.08428,0.06161,-0.52434
1619610214533,-4.63517,-0.02394,13.01488,0.02889,-0.04171,-0.51901
1619610214554,-7.69017,9.71567,7.62313,-0.03182,-0.09604,-0.5531
1619610214574,-5.30555,-9.78749,11.7651,-0.03075,-0.08538,-0.56695
1619610214593,-7.75242,2.78206,19.47443,-0.01158,0.03818,-0.61915
1619610214614,4.28083,1.31681,3.84508,-0.05313,-0.03851,-0.63513
1619610214633,4.65911,0.07661,8.11634,0.01291,-0.01934,-0.60636
1619610214653,8.37012,-5.80354,19.6127,0.04913,-0.07686,-0.59038
1619610214673,11.63103,2.21224,11.58314,-0.01478,-0.08964,-0.56588
1619610214693,-5.99508,4.67827,2.90656,-0.06484,-0.00762,-0.62021
1619610214716,9.27992,-2.28406,4.18985,-0.02756,-0.02147,-0.59784
1619610214733,4.73094,-7.12993,12.35408,0.13009,-0.07473,-0.67241
1619610214753,-1.35032,2.1452,17.2574,-0.10426,0.05948,-0.71928
1619610214773,2.3511,7.64708,9.13627,-0.00199,0.00302,-0.68306
