1619610184773,0.799,0,0,0,0,-0.691
1619610184793,0.799,0,0,0,0,-0.653
1619610184813,0.792,0,0,0,0,-0.622
1619610184833,0.799,0,0,0,0,-0.588
1619610184854,0.81,0,0,0,0,-0.575
1619610184873,0.81,0,0,0,0,-0.575
1619610184893,0.799,0,0,0,0,-0.601
1619610184913,0.792,0,0,0,0,-0.566
1619610184933,0.803,0,0,0,0,-0.534
1619610184955,0.799,0,0,0,0,-0.567
1619610184973,0.799,0,0,0,0,-0.562
1619610184993,0.806,0,0,0,0,-0.605
1619610185013,0.782,0,0,0,0,-0.664
1619610185033,0.796,0,0,0,0,-0.703
1619610185053,0.792,0,0,0,0,-0.72
1619610185073,0.799,0,0,0,0,-0.759
1619610185093,0.792,0,0,0,0,-0.719
1619610185113,0.813,0,0,0,0,-0.626
1619610185133,0.813,0,0,0,0,-0.626
1619610185154,0.786,0,0,0,0,-0.581
1619610185173,0.799,0,0,0,0,-0.536
1619610185193,0.796,0,0,0,0,-0.506
1619610185213,0.796,0,0,0,0,-0.487
1619610185233,0.796,0,0,0,0,-0.482
1619610185253,0.803,0,0,0,0,-0.468
1619610185273,0.816,0,0,0,0,-0.511
1619610185293,0.786,0,0,0,0,-0.514
1619610185313,0.792,0,0,0,0,-0.521
1619610185333,0.803,0,0,0,0,-0.532
1619610185353,0.806,0,0,0,0,-0.51
1619610185373,0.799,0,0,0,0,-0.453
1619610185393,0.803,0,0,0,0,-0.452
1619610185413,0.82,0,0,0,0,-0.513
1619610185433,0.82,0,0,0,0,-0.513
1619610185453,0.762,0,0,0,0,-0.53
1619610185473,0.799,0,0,0,0,-0.526
1619610185493,0.796,0,0,0,0,-0.518
1619610185513,0.799,0,0,0,0,-0.476
1619610185533,0.796,0,0,0,0,-0.486
1619610185553,0.792,0,0,0,0,-0.531
1619610185573,0.82,0,0,0,0,-0.572
1619610185593,0.779,0,0,0,0,-0.579
1619610185613,0.792,0,0,0,0,-0.632
1619610185633,0.796,0,0,0,0,-0.655
1619610185653,0.796,0,0,0,0,-0.629
1619610185673,0.803,0,0,0,0,-0.642
1619610185693,0.796,0,0,0,0,-0.632
1619610185713,0.83,0,0,0,0,-0.583
1619610185733,0.83,0,0,0,0,-0.583
1619610185753,0.758,0,0,0,0,-0.614
1619610185773,0.799,0,0,0,0,-0.594
1619610185793,0.796,0,0,0,0,-0.529
1619610185813,0.792,0,0,0,0,-0.515
1619610185833,0.799,0,0,0,0,-0.519
1619610185853,0.796,0,0,0,0,-0.462
1619610185873,0.803,0,0,0,0,-0.492
1619610185893,0.813,0,0,0,0,-0.529
1619610185913,0.782,0,0,0,0,-0.536
1619610185933,0.796,0,0,0,0,-0.555
1619610185953,0.803,0,0,0,0,-0.583
1619610185973,0.806,0,0,0,0,-0.518
1619610185993,0.806,0,0,0,0,-0.518
1619610186013,0.786,0,0,0,0,-0.534
1619610186033,0.796,0,0,0,0,-0.569
1619610186053,0.799,0,0,0,0,-0.562
1619610186073,0.796,0,0,0,0,-0.553
1619610186093,0.799,0,0,0,0,-0.56
1619610186113,0.81,0,0,0,0,-0.528
1619610186133,0.786,0,0,0,0,-0.541
1619610186153,0.799,0,0,0,0,-0.601
1619610186173,0.803,0,0,0,0,-0.623
1619610186193,0.803,0,0,0,0,-0.601
1619610186213,0.799,0,0,0,0,-0.599
1619610186233,0.81,0,0,0,0,-0.563
1619610186253,0.81,0,0,0,0,-0.563
1619610186274,0.779,0,0,0,0,-0.558
1619610186293,0.799,0,0,0,0,-0.616
1619610186313,0.792,0,0,0,0,-0.617
1619610186333,0.803,0,0,0,0,-0.573
1619610186353,0.799,0,0,0,0,-0.552
1619610186373,0.81,0,0,0,0,-0.536
1619610186393,0.782,0,0,0,0,-0.526
1619610186413,0.796,0,0,0,0,-0.564
1619610186433,0.796,0,0,0,0,-0.613
1619610186453,0.796,0,0,0,0,-0.61
1619610186473,0.799,0,0,0,0,-0.589
1619610186493,0.796,0,0,0,0,-0.576
1619610186513,0.82,0,0,0,0,-0.559
1619610186533,0.82,0,0,0,0,-0.559
1619610186553,0.758,0,0,0,0,-0.577
1619610186573,0.799,0,0,0,0,-0.598
1619610186593,0.796,0,0,0,0,-0.577
1619610186613,0.792,0,0,0,0,-0.542
1619610186633,0.796,0,0,0,0,-0.502
1619610186653,0.803,0,0,0,0,-0.488
1619610186673,0.827,0,0,0,0,-0.488
1619610186693,0.779,0,0,0,0,-0.489
1619610186713,0.796,0,0,0,0,-0.474
1619610186733,0.806,0,0,0,0,-0.456
1619610186753,0.796,0,0,0,0,-0.466
1619610186774,0.796,0,0,0,0,-0.466
1619610186793,0.82,0,0,0,0,-0.435
1619610186813,0.786,0,0,0,0,-0.461
1619610186833,0.789,0,0,0,0,-0.49
1619610186853,0.803,0,0,0,0,-0.483
1619610186874,0.792,0,0,0,0,-0.482
1619610186893,0.799,0,0,0,0,-0.538
1619610186913,0.81,0,0,0,0,-0.572
1619610186933,0.782,0,0,0,0,-0.586
1619610186953,0.792,0,0,0,0,-0.647
1619610186973,0.799,0,0,0,0,-0.686
1619610186993,0.799,0,0,0,0,-0.687
1619610187013,0.803,0,0,0,0,-0.702
1619610187033,0.803,0,0,0,0,-0.702
1619610187053,0.82,0,0,0,0,-0.717
1619610187074,0.799,0,0,0,0,-0.668
1619610187093,0.779,0,0,0,0,-0.656
1619610187113,0.799,0,0,0,0,-0.643
1619610187133,0.792,0,0,0,0,-0.646
1619610187153,0.799,0,0,0,0,-0.648
1619610187174,0.82,0,0,0,0,-0.637
1619610187193,0.792,0,0,0,0,-0.588
1619610187213,0.786,0,0,0,0,-0.601
1619610187233,0.799,0,0,0,0,-0.623
1619610187253,0.796,0,0,0,0,-0.627
1619610187275,0.799,0,0,0,0,-0.586
1619610187294,0.82,0,0,0,0,-0.555
1619610187313,0.82,0,0,0,0,-0.555
1619610187333,0.799,0,0,0,0,-0.48
1619610187353,0.758,0,0,0,0,-0.4
1619610187373,0.796,0,0,0,0,-0.419
1619610187393,0.792,0,0,0,0,-0.511
1619610187413,0.796,0,0,0,0,-0.492
1619610187433,0.82,0,0,0,0,-0.457
1619610187453,0.792,0,0,0,0,-0.482
1619610187474,0.772,0,0,0,0,-0.482
1619610187493,0.796,0,0,0,0,-0.51
1619610187513,0.803,0,0,0,0,-0.497
1619610187533,0.792,0,0,0,0,-0.48
1619610187553,0.792,0,0,0,0,-0.48
1619610187573,0.806,0,0,0,0,-0.497
1619610187593,0.827,0,0,0,0,-0.461
1619610187613,0.799,0,0,0,0,-0.416
1619610187633,0.762,0,0,0,0,-0.433
1619610187653,0.799,0,0,0,0,-0.491
1619610187673,0.796,0,0,0,0,-0.446
1619610187693,0.796,0,0,0,0,-0.451
1619610187713,0.827,0,0,0,0,-0.47
1619610187733,0.755,0,0,0,0,-0.452
1619610187753,0.803,0,0,0,0,-0.424
1619610187773,0.796,0,0,0,0,-0.411
1619610187793,0.806,0,0,0,0,-0.476
1619610187813,0.806,0,0,0,0,-0.476
1619610187833,0.803,0,0,0,0,-0.518
1619610187853,0.827,0,0,0,0,-0.509
1619610187874,0.762,0,0,0,0,-0.523
1619610187893,0.796,0,0,0,0,-0.544
1619610187913,0.803,0,0,0,0,-0.564
1619610187933,0.799,0,0,0,0,-0.597
1619610187953,0.799,0,0,0,0,-0.608
1619610187973,0.799,0,0,0,0,-0.59
1619610187993,0.796,0,0,0,0,-0.57
1619610188013,0.799,0,0,0,0,-0.552
1619610188033,0.796,0,0,0,0,-0.547
1619610188053,0.799,0,0,0,0,-0.579
1619610188073,0.799,0,0,0,0,-0.579
1619610188093,0.799,0,0,0,0,-0.581
1619610188113,0.803,0,0,0,0,-0.615
1619610188133,0.792,0,0,0,0,-0.588
1619610188153,0.789,0,0,0,0,-0.56
1619610188173,0.799,0,0,0,0,-0.535
1619610188193,0.792,0,0,0,0,-0.495
1619610188213,0.803,0,0,0,0,-0.473
1619610188233,0.81,0,0,0,0,-0.49
1619610188253,0.779,0,0,0,0,-0.48
1619610188273,0.792,0,0,0,0,-0.487
1619610188293,0.796,0,0,0,0,-0.489
1619610188313,0.792,0,0,0,0,-0.478
1619610188333,0.799,0,0,0,0,-0.503
1619610188353,0.799,0,0,0,0,-0.503
1619610188373,0.81,0,0,0,0,-0.563
1619610188393,0.775,0,0,0,0,-0.575
1619610188413,0.792,0,0,0,0,-0.555
1619610188433,0.792,0,0,0,0,-0.533
1619610188453,0.796,0,0,0,0,-0.516
1619610188473,0.799,0,0,0,0,-0.525
1619610188493,0.792,0,0,0,0,-0.567
1619610188513,0.82,0,0,0,0,-0.625
1619610188533,0.775,0,0,0,0,-0.56
1619610188553,0.796,0,0,0,0,-0.519
1619610188573,0.803,0,0,0,0,-0.49
1619610188593,0.803,0,0,0,0,-0.499
1619610188613,0.796,0,0,0,0,-0.507
1619610188633,0.796,0,0,0,0,-0.507
1619610188653,0.803,0,0,0,0,-0.523
1619610188673,0.823,0,0,0,0,-0.517
1619610188693,0.772,0,0,0,0,-0.481
1619610188713,0.796,0,0,0,0,-0.501
1619610188733,0.792,0,0,0,0,-0.556
1619610188753,0.796,0,0,0,0,-0.568
1619610188773,0.803,0,0,0,0,-0.589
1619610188793,0.796,0,0,0,0,-0.578
1619610188813,0.82,0,0,0,0,-0.55
1619610188833,0.769,0,0,0,0,-0.538
1619610188853,0.803,0,0,0,0,-0.527
1619610188873,0.796,0,0,0,0,-0.525
1619610188893,0.799,0,0,0,0,-0.551
1619610188913,0.799,0,0,0,0,-0.551
1619610188933,0.796,0,0,0,0,-0.585
1619610188953,0.83,0,0,0,0,-0.514
1619610188973,0.755,0,0,0,0,-0.479
1619610189003,0.792,0,0,0,0,-0.451
1619610189013,0.792,0,0,0,0,-0.477
1619610189033,0.792,0,0,0,0,-0.477
1619610189053,0.796,0,0,0,0,-0.504
1619610189073,0.803,0,0,0,0,-0.503
1619610189094,0.792,0,0,0,0,-0.502
1619610189113,0.803,0,0,0,0,-0.564
1619610189133,0.796,0,0,0,0,-0.592
1619610189153,0.799,0,0,0,0,-0.603
1619610189173,0.799,0,0,0,0,-0.603
1619610189193,0.799,0,0,0,0,-0.612
1619610189213,0.799,0,0,0,0,-0.634
1619610189233,0.796,0,0,0,0,-0.605
1619610189253,0.792,0,0,0,0,-0.556
1619610189273,0.803,0,0,0,0,-0.478
1619610189294,0.796,0,0,0,0,-0.449
1619610189313,0.799,0,0,0,0,-0.474
1619610189333,0.803,0,0,0,0,-0.514
1619610189353,0.786,0,0,0,0,-0.503
1619610189373,0.796,0,0,0,0,-0.5
1619610189394,0.803,0,0,0,0,-0.509
1619610189413,0.792,0,0,0,0,-0.512
1619610189433,0.792,0,0,0,0,-0.512
1619610189453,0.796,0,0,0,0,-0.532
1619610189473,0.81,0,0,0,0,-0.537
1619610189494,0.782,0,0,0,0,-0.546
1619610189513,0.803,0,0,0,0,-0.54
1619610189533,0.792,0,0,0,0,-0.519
1619610189553,0.796,0,0,0,0,-0.509
1619610189573,0.799,0,0,0,0,-0.541
1619610189594,0.799,0,0,0,0,-0.578
1619610189613,0.813,0,0,0,0,-0.582
1619610189633,0.779,0,0,0,0,-0.578
1619610189653,0.803,0,0,0,0,-0.587
1619610189673,0.796,0,0,0,0,-0.58
1619610189693,0.796,0,0,0,0,-0.561
1619610189713,0.796,0,0,0,0,-0.561
1619610189733,0.799,0,0,0,0,-0.543
1619610189753,0.803,0,0,0,0,-0.537
1619610189773,0.813,0,0,0,0,-0.523
1619610189794,0.772,0,0,0,0,-0.536
1619610189813,0.796,0,0,0,0,-0.545
1619610189833,0.796,0,0,0,0,-0.533
1619610189853,0.796,0,0,0,0,-0.554
1619610189873,0.796,0,0,0,0,-0.588
1619610189893,0.796,0,0,0,0,-0.575
1619610189913,0.83,0,0,0,0,-0.577
1619610189933,0.762,0,0,0,0,-0.576
1619610189953,0.796,0,0,0,0,-0.542
1619610189973,0.803,0,0,0,0,-0.488
1619610189993,0.803,0,0,0,0,-0.488
1619610190013,0.792,0,0,0,0,-0.503
1619610190033,0.803,0,0,0,0,-0.491
1619610190053,0.83,0,0,0,0,-0.477
1619610190073,0.758,0,0,0,0,-0.484
1619610190093,0.792,0,0,0,0,-0.476
1619610190113,0.796,0,0,0,0,-0.493
1619610190133,0.81,0,0,0,0,-0.536
1619610190153,0.789,0,0,0,0,-0.548
1619610190173,0.799,0,0,0,0,-0.563
1619610190193,0.792,0,0,0,0,-0.58
1619610190213,0.803,0,0,0,0,-0.586
1619610190233,0.796,0,0,0,0,-0.607
1619610190253,0.796,0,0,0,0,-0.607
1619610190273,0.799,0,0,0,0,-0.641
1619610190293,0.799,0,0,0,0,-0.686
1619610190313,0.796,0,0,0,0,-0.674
1619610190333,0.786,0,0,0,0,-0.671
1619610190353,0.796,0,0,0,0,-0.666
1619610190373,0.792,0,0,0,0,-0.612
1619610190393,0.799,0,0,0,0,-0.601
1619610190413,0.786,0,0,0,0,-0.602
1619610190433,0.813,0,0,0,0,-0.529
1619610190453,0.782,0,0,0,0,-0.514
1619610190473,0.796,0,0,0,0,-0.502
1619610190493,0.789,0,0,0,0,-0.48
1619610190513,0.789,0,0,0,0,-0.48
1619610190533,0.803,0,0,0,0,-0.522
1619610190553,0.796,0,0,0,0,-0.585
1619610190573,0.81,0,0,0,0,-0.645
1619610190593,0.779,0,0,0,0,-0.655
1619610190613,0.799,0,0,0,0,-0.639
1619610190633,0.796,0,0,0,0,-0.598
1619610190653,0.799,0,0,0,0,-0.608
1619610190673,0.796,0,0,0,0,-0.621
1619610190693,0.796,0,0,0,0,-0.596
1619610190713,0.827,0,0,0,0,-0.524
1619610190733,0.782,0,0,0,0,-0.475
1619610190753,0.799,0,0,0,0,-0.447
1619610190773,0.799,0,0,0,0,-0.43
1619610190793,0.799,0,0,0,0,-0.43
1619610190813,0.803,0,0,0,0,-0.457
1619610190833,0.792,0,0,0,0,-0.476
1619610190853,0.803,0,0,0,0,-0.469
1619610190873,0.823,0,0,0,0,-0.42
1619610190893,0.762,0,0,0,0,-0.39
1619610190913,0.803,0,0,0,0,-0.366
1619610190933,0.799,0,0,0,0,-0.386
1619610190953,0.799,0,0,0,0,-0.424
1619610190973,0.789,0,0,0,0,-0.452
1619610190993,0.799,0,0,0,0,-0.453
1619610191013,0.823,0,0,0,0,-0.465
1619610191033,0.765,0,0,0,0,-0.455
1619610191053,0.792,0,0,0,0,-0.504
1619610191073,0.792,0,0,0,0,-0.504
1619610191093,0.796,0,0,0,0,-0.569
1619610191113,0.803,0,0,0,0,-0.583
1619610191133,0.796,0,0,0,0,-0.574
1619610191153,0.799,0,0,0,0,-0.597
1619610191173,0.803,0,0,0,0,-0.558
1619610191193,0.796,0,0,0,0,-0.554
1619610191213,0.799,0,0,0,0,-0.566
1619610191233,0.796,0,0,0,0,-0.537
1619610191253,0.799,0,0,0,0,-0.542
1619610191273,0.799,0,0,0,0,-0.552
1619610191293,0.796,0,0,0,0,-0.543
1619610191313,0.796,0,0,0,0,-0.544
1619610191333,0.796,0,0,0,0,-0.544
1619610191353,0.799,0,0,0,0,-0.568
1619610191373,0.796,0,0,0,0,-0.558
1619610191393,0.796,0,0,0,0,-0.564
1619610191414,0.81,0,0,0,0,-0.582
1619610191433,0.786,0,0,0,0,-0.555
1619610191453,0.796,0,0,0,0,-0.544
1619610191473,0.792,0,0,0,0,-0.537
1619610191493,0.799,0,0,0,0,-0.578
1619610191514,0.792,0,0,0,0,-0.602
1619610191533,0.81,0,0,0,0,-0.657
1619610191553,0.779,0,0,0,0,-0.692
1619610191573,0.796,0,0,0,0,-0.683
1619610191593,0.796,0,0,0,0,-0.683
1619610191613,0.799,0,0,0,0,-0.674
1619610191633,0.799,0,0,0,0,-0.692
1619610191653,0.803,0,0,0,0,-0.67
1619610191673,0.799,0,0,0,0,-0.639
1619610191693,0.823,0,0,0,0,-0.553
1619610191714,0.779,0,0,0,0,-0.464
1619610191733,0.799,0,0,0,0,-0.438
1619610191753,0.803,0,0,0,0,-0.425
1619610191773,0.796,0,0,0,0,-0.416
1619610191793,0.799,0,0,0,0,-0.465
1619610191814,0.796,0,0,0,0,-0.506
1619610191833,0.83,0,0,0,0,-0.527
1619610191853,0.765,0,0,0,0,-0.537
1619610191873,0.765,0,0,0,0,-0.537
1619610191893,0.796,0,0,0,0,-0.542
1619610191914,0.799,0,0,0,0,-0.529
1619610191934,0.796,0,0,0,0,-0.514
1619610191953,0.799,0,0,0,0,-0.528
1619610191973,0.827,0,0,0,0,-0.511
1619610191993,0.752,0,0,0,0,-0.483
1619610192013,0.799,0,0,0,0,-0.512
1619610192033,0.792,0,0,0,0,-0.515
1619610192053,0.796,0,0,0,0,-0.533
1619610192073,0.789,0,0,0,0,-0.553
1619610192093,0.837,0,0,0,0,-0.571
1619610192114,0.758,0,0,0,0,-0.564
1619610192133,0.758,0,0,0,0,-0.564
1619610192153,0.799,0,0,0,0,-0.56
1619610192173,0.792,0,0,0,0,-0.533
1619610192193,0.799,0,0,0,0,-0.503
1619610192213,0.792,0,0,0,0,-0.497
1619610192233,0.806,0,0,0,0,-0.512
1619610192253,0.792,0,0,0,0,-0.503
1619610192273,0.803,0,0,0,0,-0.495
1619610192293,0.796,0,0,0,0,-0.492
1619610192313,0.796,0,0,0,0,-0.462
1619610192333,0.799,0,0,0,0,-0.475
1619610192353,0.806,0,0,0,0,-0.488
1619610192373,0.792,0,0,0,0,-0.433
1619610192393,0.792,0,0,0,0,-0.433
1619610192413,0.799,0,0,0,0,-0.451
1619610192433,0.803,0,0,0,0,-0.483
1619610192453,0.803,0,0,0,0,-0.461
1619610192473,0.796,0,0,0,0,-0.48
1619610192493,0.806,0,0,0,0,-0.581
1619610192513,0.792,0,0,0,0,-0.614
1619610192533,0.796,0,0,0,0,-0.626
1619610192553,0.806,0,0,0,0,-0.662
1619610192573,0.786,0,0,0,0,-0.613
1619610192593,0.799,0,0,0,0,-0.604
1619610192613,0.816,0,0,0,0,-0.613
1619610192633,0.782,0,0,0,0,-0.61
1619610192653,0.782,0,0,0,0,-0.61
1619610192673,0.796,0,0,0,0,-0.593
1619610192693,0.799,0,0,0,0,-0.563
1619610192713,0.792,0,0,0,0,-0.57
1619610192733,0.796,0,0,0,0,-0.535
1619610192753,0.792,0,0,0,0,-0.546
1619610192773,0.816,0,0,0,0,-0.609
1619610192793,0.775,0,0,0,0,-0.598
1619610192813,0.792,0,0,0,0,-0.578
1619610192833,0.796,0,0,0,0,-0.571
1619610192853,0.792,0,0,0,0,-0.544
1619610192873,0.799,0,0,0,0,-0.538
1619610192893,0.799,0,0,0,0,-0.553
1619610192913,0.827,0,0,0,0,-0.537
1619610192933,0.772,0,0,0,0,-0.525
1619610192953,0.772,0,0,0,0,-0.525
1619610192973,0.792,0,0,0,0,-0.517
1619610192993,0.799,0,0,0,0,-0.508
1619610193013,0.796,0,0,0,0,-0.504
1619610193033,0.796,0,0,0,0,-0.53
1619610193053,0.796,0,0,0,0,-0.564
1619610193073,0.833,0,0,0,0,-0.569
1619610193093,0.765,0,0,0,0,-0.547
1619610193113,0.796,0,0,0,0,-0.524
1619610193133,0.799,0,0,0,0,-0.533
1619610193153,0.796,0,0,0,0,-0.575
1619610193173,0.803,0,0,0,0,-0.56
1619610193193,0.803,0,0,0,0,-0.501
1619610193213,0.803,0,0,0,0,-0.501
1619610193233,0.803,0,0,0,0,-0.478
1619610193253,0.796,0,0,0,0,-0.442
1619610193273,0.796,0,0,0,0,-0.458
1619610193293,0.799,0,0,0,0,-0.493
1619610193313,0.796,0,0,0,0,-0.531
1619610193333,0.803,0,0,0,0,-0.53
1619610193353,0.792,0,0,0,0,-0.538
1619610193373,0.792,0,0,0,0,-0.568
1619610193393,0.792,0,0,0,0,-0.598
1619610193413,0.792,0,0,0,0,-0.598
1619610193433,0.796,0,0,0,0,-0.638
1619610193453,0.81,0,0,0,0,-0.609
1619610193473,0.81,0,0,0,0,-0.609
1619610193493,0.789,0,0,0,0,-0.595
1619610193513,0.796,0,0,0,0,-0.592
1619610193533,0.799,0,0,0,0,-0.556
1619610193553,0.799,0,0,0,0,-0.515
1619610193573,0.799,0,0,0,0,-0.497
1619610193593,0.806,0,0,0,0,-0.48
1619610193613,0.789,0,0,0,0,-0.495
1619610193633,0.799,0,0,0,0,-0.523
1619610193653,0.792,0,0,0,0,-0.508
1619610193673,0.796,0,0,0,0,-0.552
1619610193693,0.796,0,0,0,0,-0.633
1619610193713,0.816,0,0,0,0,-0.664
1619610193733,0.816,0,0,0,0,-0.664
1619610193753,0.782,0,0,0,0,-0.652
1619610193773,0.796,0,0,0,0,-0.664
1619610193793,0.796,0,0,0,0,-0.648
1619610193813,0.799,0,0,0,0,-0.607
1619610193844,0.796,0,0,0,0,-0.557
1619610193853,0.816,0,0,0,0,-0.44
1619610193873,0.816,0,0,0,0,-0.44
1619610193893,0.769,0,0,0,0,-0.418
1619610193913,0.799,0,0,0,0,-0.422
1619610193935,0.796,0,0,0,0,-0.418
1619610193953,0.799,0,0,0,0,-0.431
1619610193973,0.796,0,0,0,0,-0.482
1619610193993,0.803,0,0,0,0,-0.561
1619610194013,0.82,0,0,0,0,-0.587
1619610194034,0.82,0,0,0,0,-0.587
1619610194053,0.769,0,0,0,0,-0.566
1619610194073,0.796,0,0,0,0,-0.526
1619610194093,0.796,0,0,0,0,-0.522
1619610194113,0.799,0,0,0,0,-0.539
1619610194134,0.796,0,0,0,0,-0.551
1619610194153,0.792,0,0,0,0,-0.576
1619610194173,0.83,0,0,0,0,-0.586
1619610194193,0.775,0,0,0,0,-0.51
1619610194213,0.789,0,0,0,0,-0.495
1619610194234,0.796,0,0,0,0,-0.49
1619610194253,0.803,0,0,0,0,-0.492
1619610194273,0.816,0,0,0,0,-0.526
1619610194293,0.816,0,0,0,0,-0.526
1619610194313,0.779,0,0,0,0,-0.579
1619610194335,0.796,0,0,0,0,-0.558
1619610194353,0.792,0,0,0,0,-0.516
1619610194373,0.792,0,0,0,0,-0.465
1619610194393,0.789,0,0,0,0,-0.496
1619610194413,0.816,0,0,0,0,-0.56
1619610194436,0.779,0,0,0,0,-0.501
1619610194453,0.796,0,0,0,0,-0.494
1619610194473,0.792,0,0,0,0,-0.487
1619610194493,0.799,0,0,0,0,-0.488
1619610194513,0.792,0,0,0,0,-0.494
1619610194534,0.823,0,0,0,0,-0.579
1619610194553,0.823,0,0,0,0,-0.579
1619610194573,0.789,0,0,0,0,-0.569
1619610194593,0.792,0,0,0,0,-0.56
1619610194613,0.796,0,0,0,0,-0.509
1619610194633,0.803,0,0,0,0,-0.488
1619610194653,0.796,0,0,0,0,-0.49
1619610194673,0.813,0,0,0,0,-0.488
1619610194693,0.796,0,0,0,0,-0.535
1619610194713,0.779,0,0,0,0,-0.576
1619610194733,0.789,0,0,0,0,-0.562
1619610194753,0.799,0,0,0,0,-0.556
1619610194773,0.799,0,0,0,0,-0.581
1619610194793,0.813,0,0,0,0,-0.591
1619610194813,0.796,0,0,0,0,-0.58
1619610194833,0.796,0,0,0,0,-0.58
1619610194853,0.772,0,0,0,0,-0.595
1619610194873,0.799,0,0,0,0,-0.554
1619610194893,0.81,0,0,0,0,-0.549
1619610194913,0.792,0,0,0,0,-0.554
1619610194933,0.796,0,0,0,0,-0.547
1619610194953,0.816,0,0,0,0,-0.523
1619610194973,0.799,0,0,0,0,-0.543
1619610194993,0.775,0,0,0,0,-0.559
1619610195013,0.796,0,0,0,0,-0.562
1619610195033,0.803,0,0,0,0,-0.531
1619610195053,0.796,0,0,0,0,-0.521
1619610195073,0.796,0,0,0,0,-0.523
1619610195093,0.827,0,0,0,0,-0.555
1619610195113,0.796,0,0,0,0,-0.571
1619610195133,0.796,0,0,0,0,-0.571
1619610195153,0.779,0,0,0,0,-0.527
1619610195173,0.789,0,0,0,0,-0.49
1619610195193,0.796,0,0,0,0,-0.476
1619610195213,0.789,0,0,0,0,-0.463
1619610195233,0.799,0,0,0,0,-0.516
1619610195253,0.83,0,0,0,0,-0.551
1619610195273,0.769,0,0,0,0,-0.517
1619610195293,0.796,0,0,0,0,-0.515
1619610195313,0.803,0,0,0,0,-0.506
1619610195333,0.803,0,0,0,0,-0.503
1619610195353,0.799,0,0,0,0,-0.533
1619610195373,0.792,0,0,0,0,-0.582
1619610195393,0.792,0,0,0,0,-0.582
1619610195413,0.799,0,0,0,0,-0.58
1619610195433,0.792,0,0,0,0,-0.588
1619610195453,0.799,0,0,0,0,-0.589
1619610195473,0.799,0,0,0,0,-0.576
1619610195493,0.796,0,0,0,0,-0.581
1619610195513,0.803,0,0,0,0,-0.606
1619610195533,0.786,0,0,0,0,-0.581
1619610195553,0.799,0,0,0,0,-0.591
1619610195573,0.803,0,0,0,0,-0.567
1619610195593,0.796,0,0,0,0,-0.506
1619610195613,0.799,0,0,0,0,-0.501
1619610195633,0.81,0,0,0,0,-0.582
1619610195653,0.81,0,0,0,0,-0.582
1619610195673,0.786,0,0,0,0,-0.584
1619610195693,0.796,0,0,0,0,-0.554
1619610195713,0.796,0,0,0,0,-0.529
1619610195733,0.799,0,0,0,0,-0.505
1619610195753,0.796,0,0,0,0,-0.476
1619610195773,0.81,0,0,0,0,-0.528
1619610195793,0.775,0,0,0,0,-0.576
1619610195813,0.792,0,0,0,0,-0.591
1619610195833,0.799,0,0,0,0,-0.591
1619610195853,0.799,0,0,0,0,-0.564
1619610195873,0.792,0,0,0,0,-0.549
1619610195893,0.82,0,0,0,0,-0.525
1619610195913,0.82,0,0,0,0,-0.525
1619610195933,0.775,0,0,0,0,-0.504
1619610195953,0.792,0,0,0,0,-0.455
1619610195973,0.796,0,0,0,0,-0.439
1619610195993,0.796,0,0,0,0,-0.43
1619610196013,0.799,0,0,0,0,-0.401
1619610196033,0.796,0,0,0,0,-0.402
1619610196054,0.823,0,0,0,0,-0.496
1619610196073,0.772,0,0,0,0,-0.532
1619610196093,0.789,0,0,0,0,-0.55
1619610196113,0.799,0,0,0,0,-0.565
1619610196133,0.796,0,0,0,0,-0.548
1619610196155,0.796,0,0,0,0,-0.549
1619610196173,0.803,0,0,0,0,-0.579
1619610196193,0.827,0,0,0,0,-0.586
1619610196213,0.827,0,0,0,0,-0.586
1619610196233,0.769,0,0,0,0,-0.588
1619610196255,0.799,0,0,0,0,-0.588
1619610196274,0.803,0,0,0,0,-0.589
1619610196293,0.796,0,0,0,0,-0.58
1619610196313,0.796,0,0,0,0,-0.573
1619610196333,0.827,0,0,0,0,-0.596
1619610196354,0.762,0,0,0,0,-0.594
1619610196373,0.796,0,0,0,0,-0.601
1619610196393,0.799,0,0,0,0,-0.589
1619610196413,0.792,0,0,0,0,-0.538
1619610196433,0.799,0,0,0,0,-0.49
1619610196454,0.803,0,0,0,0,-0.519
1619610196473,0.803,0,0,0,0,-0.519
1619610196493,0.796,0,0,0,0,-0.498
1619610196513,0.796,0,0,0,0,-0.509
1619610196533,0.799,0,0,0,0,-0.519
1619610196554,0.792,0,0,0,0,-0.497
1619610196573,0.792,0,0,0,0,-0.462
1619610196593,0.806,0,0,0,0,-0.51
1619610196613,0.796,0,0,0,0,-0.526
1619610196633,0.789,0,0,0,0,-0.563
1619610196653,0.799,0,0,0,0,-0.623
1619610196673,0.796,0,0,0,0,-0.644
1619610196693,0.799,0,0,0,0,-0.642
1619610196713,0.813,0,0,0,0,-0.634
1619610196733,0.813,0,0,0,0,-0.634
1619610196753,0.782,0,0,0,0,-0.608
1619610196773,0.799,0,0,0,0,-0.573
1619610196793,0.799,0,0,0,0,-0.549
1619610196813,0.799,0,0,0,0,-0.52
1619610196833,0.792,0,0,0,0,-0.473
1619610196854,0.823,0,0,0,0,-0.435
1619610196873,0.775,0,0,0,0,-0.456
1619610196893,0.796,0,0,0,0,-0.484
1619610196913,0.799,0,0,0,0,-0.506
1619610196933,0.796,0,0,0,0,-0.54
1619610196953,0.796,0,0,0,0,-0.521
1619610196973,0.803,0,0,0,0,-0.483
1619610196993,0.823,0,0,0,0,-0.494
1619610197013,0.823,0,0,0,0,-0.494
1619610197033,0.772,0,0,0,0,-0.482
1619610197053,0.792,0,0,0,0,-0.47
1619610197073,0.792,0,0,0,0,-0.488
1619610197093,0.799,0,0,0,0,-0.462
1619610197113,0.799,0,0,0,0,-0.423
1619610197133,0.796,0,0,0,0,-0.436
1619610197153,0.816,0,0,0,0,-0.483
1619610197173,0.772,0,0,0,0,-0.538
1619610197193,0.789,0,0,0,0,-0.604
1619610197213,0.799,0,0,0,0,-0.6
1619610197233,0.799,0,0,0,0,-0.603
1619610197253,0.803,0,0,0,0,-0.639
1619610197273,0.792,0,0,0,0,-0.651
1619610197293,0.827,0,0,0,0,-0.664
1619610197313,0.827,0,0,0,0,-0.664
1619610197333,0.765,0,0,0,0,-0.662
1619610197353,0.796,0,0,0,0,-0.62
1619610197373,0.792,0,0,0,0,-0.585
1619610197393,0.81,0,0,0,0,-0.536
1619610197413,0.792,0,0,0,0,-0.493
1619610197433,0.827,0,0,0,0,-0.502
1619610197453,0.765,0,0,0,0,-0.503
1619610197473,0.799,0,0,0,0,-0.506
1619610197493,0.792,0,0,0,0,-0.503
1619610197513,0.799,0,0,0,0,-0.518
1619610197533,0.796,0,0,0,0,-0.557
1619610197553,0.799,0,0,0,0,-0.553
1619610197573,0.799,0,0,0,0,-0.553
1619610197593,0.799,0,0,0,0,-0.518
1619610197613,0.803,0,0,0,0,-0.51
1619610197633,0.796,0,0,0,0,-0.483
1619610197653,0.789,0,0,0,0,-0.468
1619610197673,0.81,0,0,0,0,-0.509
1619610197693,0.806,0,0,0,0,-0.562
1619610197713,0.796,0,0,0,0,-0.573
1619610197733,0.799,0,0,0,0,-0.563
1619610197753,0.803,0,0,0,0,-0.566
1619610197773,0.799,0,0,0,0,-0.564
1619610197793,0.796,0,0,0,0,-0.579
1619610197813,0.81,0,0,0,0,-0.573
1619610197833,0.81,0,0,0,0,-0.573
1619610197853,0.782,0,0,0,0,-0.588
1619610197873,0.799,0,0,0,0,-0.594
1619610197893,0.796,0,0,0,0,-0.555
1619610197913,0.796,0,0,0,0,-0.539
1619610197933,0.803,0,0,0,0,-0.537
1619610197953,0.81,0,0,0,0,-0.549
1619610197973,0.779,0,0,0,0,-0.561
1619610197993,0.796,0,0,0,0,-0.574
1619610198013,0.799,0,0,0,0,-0.58
1619610198033,0.799,0,0,0,0,-0.57
1619610198053,0.796,0,0,0,0,-0.585
1619610198073,0.796,0,0,0,0,-0.585
1619610198093,0.816,0,0,0,0,-0.56
1619610198113,0.816,0,0,0,0,-0.56
1619610198133,0.772,0,0,0,0,-0.57
1619610198153,0.799,0,0,0,0,-0.597
1619610198173,0.789,0,0,0,0,-0.555
1619610198193,0.799,0,0,0,0,-0.528
1619610198213,0.799,0,0,0,0,-0.526
1619610198233,0.796,0,0,0,0,-0.514
1619610198253,0.816,0,0,0,0,-0.475
1619610198273,0.775,0,0,0,0,-0.492
1619610198293,0.796,0,0,0,0,-0.47
1619610198313,0.803,0,0,0,0,-0.442
1619610198333,0.796,0,0,0,0,-0.466
1619610198353,0.803,0,0,0,0,-0.452
1619610198373,0.796,0,0,0,0,-0.436
1619610198393,0.827,0,0,0,0,-0.486
1619610198413,0.827,0,0,0,0,-0.486
1619610198433,0.769,0,0,0,0,-0.492
1619610198453,0.792,0,0,0,0,-0.451
1619610198473,0.799,0,0,0,0,-0.483
1619610198493,0.792,0,0,0,0,-0.494
1619610198513,0.803,0,0,0,0,-0.507
1619610198533,0.833,0,0,0,0,-0.549
1619610198553,0.762,0,0,0,0,-0.575
1619610198575,0.796,0,0,0,0,-0.593
1619610198594,0.799,0,0,0,0,-0.617
1619610198613,0.799,0,0,0,0,-0.634
1619610198633,0.796,0,0,0,0,-0.691
1619610198653,0.796,0,0,0,0,-0.691
1619610198673,0.803,0,0,0,0,-0.723
1619610198693,0.792,0,0,0,0,-0.71
1619610198713,0.796,0,0,0,0,-0.67
1619610198733,0.803,0,0,0,0,-0.638
1619610198753,0.796,0,0,0,0,-0.656
1619610198774,0.792,0,0,0,0,-0.685
1619610198793,0.806,0,0,0,0,-0.634
1619610198813,0.786,0,0,0,0,-0.637
1619610198833,0.792,0,0,0,0,-0.639
1619610198853,0.799,0,0,0,0,-0.63
1619610198874,0.803,0,0,0,0,-0.668
1619610198893,0.796,0,0,0,0,-0.639
1619610198913,0.796,0,0,0,0,-0.639
1619610198933,0.816,0,0,0,0,-0.588
1619610198953,0.775,0,0,0,0,-0.626
1619610198974,0.796,0,0,0,0,-0.603
1619610198993,0.792,0,0,0,0,-0.539
1619610199013,0.803,0,0,0,0,-0.497
1619610199033,0.799,0,0,0,0,-0.472
1619610199053,0.813,0,0,0,0,-0.453
1619610199075,0.775,0,0,0,0,-0.472
1619610199093,0.799,0,0,0,0,-0.476
1619610199113,0.792,0,0,0,0,-0.46
1619610199133,0.799,0,0,0,0,-0.465
1619610199153,0.799,0,0,0,0,-0.49
1619610199173,0.799,0,0,0,0,-0.49
1619610199193,0.796,0,0,0,0,-0.488
1619610199213,0.823,0,0,0,0,-0.506
1619610199233,0.772,0,0,0,0,-0.499
1619610199253,0.792,0,0,0,0,-0.464
1619610199274,0.799,0,0,0,0,-0.432
1619610199293,0.799,0,0,0,0,-0.426
1619610199313,0.796,0,0,0,0,-0.424
1619610199333,0.799,0,0,0,0,-0.444
1619610199353,0.827,0,0,0,0,-0.5
1619610199373,0.755,0,0,0,0,-0.488
1619610199393,0.796,0,0,0,0,-0.443
1619610199413,0.803,0,0,0,0,-0.478
1619610199433,0.803,0,0,0,0,-0.542
1619610199453,0.803,0,0,0,0,-0.542
1619610199473,0.796,0,0,0,0,-0.538
1619610199493,0.83,0,0,0,0,-0.561
1619610199513,0.762,0,0,0,0,-0.558
1619610199533,0.799,0,0,0,0,-0.513
1619610199553,0.81,0,0,0,0,-0.524
1619610199574,0.796,0,0,0,0,-0.547
1619610199593,0.799,0,0,0,0,-0.557
1619610199613,0.803,0,0,0,0,-0.574
1619610199633,0.796,0,0,0,0,-0.566
1619610199653,0.796,0,0,0,0,-0.535
1619610199673,0.799,0,0,0,0,-0.578
1619610199693,0.799,0,0,0,0,-0.587
1619610199713,0.799,0,0,0,0,-0.587
1619610199733,0.799,0,0,0,0,-0.591
1619610199753,0.799,0,0,0,0,-0.635
1619610199773,0.792,0,0,0,0,-0.635
1619610199793,0.789,0,0,0,0,-0.604
1619610199813,0.792,0,0,0,0,-0.572
1619610199833,0.803,0,0,0,0,-0.519
1619610199853,0.796,0,0,0,0,-0.485
1619610199873,0.806,0,0,0,0,-0.455
1619610199893,0.786,0,0,0,0,-0.47
1619610199913,0.792,0,0,0,0,-0.487
1619610199933,0.792,0,0,0,0,-0.489
1619610199953,0.796,0,0,0,0,-0.528
1619610199973,0.796,0,0,0,0,-0.528
1619610199993,0.799,0,0,0,0,-0.543
1619610200013,0.806,0,0,0,0,-0.566
1619610200033,0.779,0,0,0,0,-0.577
1619610200053,0.792,0,0,0,0,-0.557
1619610200073,0.796,0,0,0,0,-0.511
1619610200093,0.799,0,0,0,0,-0.511
1619610200113,0.799,0,0,0,0,-0.515
1619610200133,0.813,0,0,0,0,-0.54
1619610200153,0.779,0,0,0,0,-0.56
1619610200173,0.792,0,0,0,0,-0.556
1619610200193,0.799,0,0,0,0,-0.543
1619610200213,0.799,0,0,0,0,-0.566
1619610200233,0.799,0,0,0,0,-0.566
1619610200253,0.799,0,0,0,0,-0.541
1619610200273,0.792,0,0,0,0,-0.509
1619610200293,0.82,0,0,0,0,-0.501
1619610200313,0.775,0,0,0,0,-0.511
1619610200333,0.789,0,0,0,0,-0.513
1619610200353,0.792,0,0,0,0,-0.535
1619610200373,0.796,0,0,0,0,-0.603
1619610200393,0.799,0,0,0,0,-0.598
1619610200413,0.803,0,0,0,0,-0.578
1619610200433,0.823,0,0,0,0,-0.576
1619610200453,0.772,0,0,0,0,-0.585
1619610200473,0.799,0,0,0,0,-0.568
1619610200493,0.799,0,0,0,0,-0.54
1619610200513,0.796,0,0,0,0,-0.516
1619610200533,0.796,0,0,0,0,-0.516
1619610200553,0.796,0,0,0,0,-0.507
1619610200573,0.799,0,0,0,0,-0.529
1619610200593,0.83,0,0,0,0,-0.514
1619610200613,0.762,0,0,0,0,-0.469
1619610200633,0.796,0,0,0,0,-0.487
1619610200653,0.799,0,0,0,0,-0.469
1619610200673,0.792,0,0,0,0,-0.454
1619610200693,0.799,0,0,0,0,-0.465
1619610200713,0.82,0,0,0,0,-0.51
1619610200733,0.769,0,0,0,0,-0.513
1619610200753,0.796,0,0,0,0,-0.55
1619610200773,0.799,0,0,0,0,-0.566
1619610200793,0.792,0,0,0,0,-0.574
1619610200813,0.792,0,0,0,0,-0.573
1619610200833,0.792,0,0,0,0,-0.573
1619610200853,0.799,0,0,0,0,-0.644
1619610200873,0.806,0,0,0,0,-0.621
1619610200904,0.792,0,0,0,0,-0.557
1619610200913,0.796,0,0,0,0,-0.474
1619610200933,0.796,0,0,0,0,-0.474
1619610200953,0.799,0,0,0,0,-0.457
1619610200973,0.81,0,0,0,0,-0.468
1619610200994,0.789,0,0,0,0,-0.462
1619610201013,0.789,0,0,0,0,-0.47
1619610201033,0.796,0,0,0,0,-0.502
1619610201053,0.796,0,0,0,0,-0.502
1619610201073,0.799,0,0,0,0,-0.509
1619610201095,0.786,0,0,0,0,-0.523
1619610201113,0.82,0,0,0,0,-0.557
1619610201133,0.796,0,0,0,0,-0.586
1619610201153,0.772,0,0,0,0,-0.576
1619610201173,0.792,0,0,0,0,-0.559
1619610201194,0.803,0,0,0,0,-0.544
1619610201213,0.796,0,0,0,0,-0.525
1619610201233,0.799,0,0,0,0,-0.521
1619610201253,0.82,0,0,0,0,-0.548
1619610201273,0.799,0,0,0,0,-0.573
1619610201294,0.769,0,0,0,0,-0.617
1619610201313,0.803,0,0,0,0,-0.591
1619610201333,0.803,0,0,0,0,-0.591
1619610201353,0.796,0,0,0,0,-0.54
1619610201373,0.799,0,0,0,0,-0.506
1619610201394,0.799,0,0,0,0,-0.504
1619610201413,0.813,0,0,0,0,-0.538
1619610201433,0.796,0,0,0,0,-0.579
1619610201453,0.765,0,0,0,0,-0.591
1619610201473,0.796,0,0,0,0,-0.565
1619610201495,0.799,0,0,0,0,-0.52
1619610201513,0.803,0,0,0,0,-0.525
1619610201533,0.792,0,0,0,0,-0.525
1619610201553,0.827,0,0,0,0,-0.586
1619610201573,0.765,0,0,0,0,-0.609
1619610201593,0.799,0,0,0,0,-0.558
1619610201613,0.799,0,0,0,0,-0.558
1619610201633,0.799,0,0,0,0,-0.486
1619610201653,0.799,0,0,0,0,-0.478
1619610201673,0.799,0,0,0,0,-0.516
1619610201694,0.83,0,0,0,0,-0.509
1619610201713,0.762,0,0,0,0,-0.524
1619610201733,0.796,0,0,0,0,-0.521
1619610201753,0.799,0,0,0,0,-0.488
1619610201773,0.799,0,0,0,0,-0.47
1619610201793,0.792,0,0,0,0,-0.469
1619610201813,0.799,0,0,0,0,-0.511
1619610201833,0.796,0,0,0,0,-0.593
1619610201853,0.796,0,0,0,0,-0.621
1619610201873,0.796,0,0,0,0,-0.621
1619610201893,0.799,0,0,0,0,-0.637
1619610201913,0.796,0,0,0,0,-0.664
1619610201933,0.796,0,0,0,0,-0.722
1619610201953,0.799,0,0,0,0,-0.675
1619610201973,0.786,0,0,0,0,-0.671
1619610201993,0.796,0,0,0,0,-0.669
1619610202013,0.796,0,0,0,0,-0.602
1619610202033,0.796,0,0,0,0,-0.572
1619610202053,0.796,0,0,0,0,-0.567
1619610202073,0.81,0,0,0,0,-0.495
1619610202093,0.786,0,0,0,0,-0.487
1619610202113,0.803,0,0,0,0,-0.501
1619610202133,0.803,0,0,0,0,-0.501
1619610202153,0.789,0,0,0,0,-0.549
1619610202173,0.799,0,0,0,0,-0.61
1619610202193,0.796,0,0,0,0,-0.642
1619610202213,0.806,0,0,0,0,-0.63
1619610202233,0.775,0,0,0,0,-0.626
1619610202253,0.796,0,0,0,0,-0.632
1619610202273,0.799,0,0,0,0,-0.664
1619610202293,0.799,0,0,0,0,-0.644
1619610202313,0.799,0,0,0,0,-0.595
1619610202333,0.83,0,0,0,0,-0.523
1619610202353,0.762,0,0,0,0,-0.471
1619610202373,0.762,0,0,0,0,-0.471
1619610202393,0.806,0,0,0,0,-0.455
1619610202413,0.799,0,0,0,0,-0.436
1619610202433,0.803,0,0,0,0,-0.459
1619610202453,0.799,0,0,0,0,-0.478
1619610202473,0.823,0,0,0,0,-0.466
1619610202493,0.782,0,0,0,0,-0.433
1619610202513,0.799,0,0,0,0,-0.409
1619610202533,0.792,0,0,0,0,-0.398
1619610202553,0.799,0,0,0,0,-0.388
1619610202573,0.799,0,0,0,0,-0.426
1619610202593,0.796,0,0,0,0,-0.451
1619610202613,0.823,0,0,0,0,-0.433
1619610202633,0.762,0,0,0,0,-0.456
1619610202653,0.762,0,0,0,0,-0.456
1619610202673,0.799,0,0,0,0,-0.48
1619610202693,0.789,0,0,0,0,-0.482
1619610202713,0.796,0,0,0,0,-0.507
1619610202733,0.792,0,0,0,0,-0.56
1619610202753,0.799,0,0,0,0,-0.573
1619610202773,0.796,0,0,0,0,-0.591
1619610202793,0.796,0,0,0,0,-0.605
1619610202813,0.799,0,0,0,0,-0.605
1619610202833,0.796,0,0,0,0,-0.598
1619610202853,0.803,0,0,0,0,-0.573
1619610202873,0.803,0,0,0,0,-0.511
1619610202893,0.799,0,0,0,0,-0.509
1619610202913,0.799,0,0,0,0,-0.509
1619610202933,0.803,0,0,0,0,-0.538
1619610202953,0.796,0,0,0,0,-0.578
1619610202973,0.799,0,0,0,0,-0.592
1619610202993,0.799,0,0,0,0,-0.573
1619610203013,0.806,0,0,0,0,-0.528
1619610203033,0.786,0,0,0,0,-0.512
1619610203053,0.799,0,0,0,0,-0.538
1619610203074,0.789,0,0,0,0,-0.562
1619610203093,0.799,0,0,0,0,-0.569
1619610203113,0.796,0,0,0,0,-0.587
1619610203133,0.803,0,0,0,0,-0.606
1619610203153,0.782,0,0,0,0,-0.609
1619610203173,0.782,0,0,0,0,-0.609
1619610203193,0.796,0,0,0,0,-0.646
1619610203213,0.796,0,0,0,0,-0.672
1619610203233,0.796,0,0,0,0,-0.695
1619610203253,0.796,0,0,0,0,-0.715
1619610203273,0.82,0,0,0,0,-0.656
1619610203293,0.779,0,0,0,0,-0.616
1619610203324,0.803,0,0,0,0,-0.578
1619610203333,0.799,0,0,0,0,-0.535
1619610203353,0.803,0,0,0,0,-0.488
1619610203373,0.803,0,0,0,0,-0.479
1619610203393,0.799,0,0,0,0,-0.503
1619610203414,0.823,0,0,0,0,-0.486
1619610203433,0.779,0,0,0,0,-0.467
1619610203453,0.779,0,0,0,0,-0.467
1619610203473,0.796,0,0,0,0,-0.467
1619610203493,0.799,0,0,0,0,-0.482
1619610203515,0.796,0,0,0,0,-0.494
1619610203533,0.799,0,0,0,0,-0.525
1619610203553,0.792,0,0,0,0,-0.562
1619610203573,0.823,0,0,0,0,-0.518
1619610203593,0.765,0,0,0,0,-0.531
1619610203614,0.792,0,0,0,0,-0.553
1619610203633,0.799,0,0,0,0,-0.572
1619610203653,0.799,0,0,0,0,-0.562
1619610203673,0.789,0,0,0,0,-0.546
1619610203693,0.83,0,0,0,0,-0.492
1619610203714,0.83,0,0,0,0,-0.492
1619610203733,0.762,0,0,0,0,-0.509
1619610203753,0.796,0,0,0,0,-0.524
1619610203773,0.799,0,0,0,0,-0.532
1619610203793,0.792,0,0,0,0,-0.544
1619610203815,0.796,0,0,0,0,-0.568
1619610203833,0.796,0,0,0,0,-0.532
1619610203853,0.796,0,0,0,0,-0.507
1619610203873,0.796,0,0,0,0,-0.514
1619610203893,0.796,0,0,0,0,-0.506
1619610203913,0.799,0,0,0,0,-0.478
1619610203933,0.796,0,0,0,0,-0.449
1619610203953,0.799,0,0,0,0,-0.397
1619610203973,0.799,0,0,0,0,-0.397
1619610203993,0.799,0,0,0,0,-0.388
1619610204014,0.803,0,0,0,0,-0.404
1619610204034,0.799,0,0,0,0,-0.449
1619610204053,0.796,0,0,0,0,-0.492
1619610204073,0.796,0,0,0,0,-0.518
1619610204093,0.803,0,0,0,0,-0.566
1619610204113,0.786,0,0,0,0,-0.609
1619610204133,0.799,0,0,0,0,-0.654
1619610204153,0.82,0,0,0,0,-0.657
1619610204173,0.779,0,0,0,0,-0.638
1619610204194,0.799,0,0,0,0,-0.584
1619610204213,0.816,0,0,0,0,-0.565
1619610204233,0.816,0,0,0,0,-0.565
1619610204253,0.786,0,0,0,0,-0.566
1619610204273,0.803,0,0,0,0,-0.592
1619610204293,0.796,0,0,0,0,-0.597
1619610204313,0.799,0,0,0,0,-0.582
1619610204333,0.799,0,0,0,0,-0.587
1619610204353,0.82,0,0,0,0,-0.605
1619610204373,0.775,0,0,0,0,-0.601
1619610204393,0.796,0,0,0,0,-0.604
1619610204413,0.796,0,0,0,0,-0.597
1619610204433,0.792,0,0,0,0,-0.553
1619610204453,0.799,0,0,0,0,-0.542
1619610204473,0.803,0,0,0,0,-0.541
1619610204493,0.816,0,0,0,0,-0.499
1619610204513,0.816,0,0,0,0,-0.499
1619610204533,0.772,0,0,0,0,-0.511
1619610204553,0.799,0,0,0,0,-0.542
1619610204573,0.792,0,0,0,0,-0.521
1619610204593,0.792,0,0,0,0,-0.546
1619610204613,0.796,0,0,0,0,-0.557
1619610204633,0.792,0,0,0,0,-0.553
1619610204653,0.823,0,0,0,0,-0.54
1619610204673,0.765,0,0,0,0,-0.547
1619610204693,0.792,0,0,0,0,-0.543
1619610204713,0.796,0,0,0,0,-0.527
1619610204733,0.796,0,0,0,0,-0.564
1619610204753,0.799,0,0,0,0,-0.586
1619610204773,0.83,0,0,0,0,-0.555
1619610204793,0.83,0,0,0,0,-0.555
1619610204813,0.762,0,0,0,0,-0.566
1619610204833,0.803,0,0,0,0,-0.509
1619610204853,0.792,0,0,0,0,-0.474
1619610204873,0.796,0,0,0,0,-0.486
1619610204893,0.803,0,0,0,0,-0.501
1619610204913,0.799,0,0,0,0,-0.477
1619610204933,0.803,0,0,0,0,-0.503
1619610204953,0.796,0,0,0,0,-0.517
1619610204973,0.796,0,0,0,0,-0.543
1619610204993,0.799,0,0,0,0,-0.594
1619610205013,0.799,0,0,0,0,-0.642
1619610205033,0.799,0,0,0,0,-0.604
1619610205053,0.799,0,0,0,0,-0.604
1619610205073,0.799,0,0,0,0,-0.599
1619610205093,0.796,0,0,0,0,-0.605
1619610205113,0.796,0,0,0,0,-0.566
1619610205133,0.799,0,0,0,0,-0.56
1619610205153,0.796,0,0,0,0,-0.555
1619610205173,0.803,0,0,0,0,-0.513
1619610205193,0.796,0,0,0,0,-0.48
1619610205213,0.796,0,0,0,0,-0.464
1619610205233,0.799,0,0,0,0,-0.476
1619610205253,0.789,0,0,0,0,-0.534
1619610205273,0.799,0,0,0,0,-0.611
1619610205293,0.806,0,0,0,0,-0.686
1619610205313,0.806,0,0,0,0,-0.686
1619610205333,0.789,0,0,0,0,-0.645
1619610205353,0.813,0,0,0,0,-0.643
1619610205373,0.792,0,0,0,0,-0.644
1619610205393,0.789,0,0,0,0,-0.634
1619610205413,0.799,0,0,0,0,-0.614
1619610205433,0.813,0,0,0,0,-0.521
1619610205453,0.782,0,0,0,0,-0.456
1619610205473,0.799,0,0,0,0,-0.452
1619610205493,0.796,0,0,0,0,-0.471
1619610205513,0.799,0,0,0,0,-0.429
1619610205534,0.796,0,0,0,0,-0.47
1619610205553,0.799,0,0,0,0,-0.507
1619610205573,0.82,0,0,0,0,-0.513
1619610205593,0.82,0,0,0,0,-0.513
1619610205613,0.775,0,0,0,0,-0.54
1619610205635,0.786,0,0,0,0,-0.534
1619610205653,0.803,0,0,0,0,-0.496
1619610205673,0.792,0,0,0,0,-0.506
1619610205693,0.796,0,0,0,0,-0.508
1619610205713,0.792,0,0,0,0,-0.527
1619610205733,0.823,0,0,0,0,-0.612
1619610205753,0.775,0,0,0,0,-0.621
1619610205773,0.796,0,0,0,0,-0.586
1619610205793,0.792,0,0,0,0,-0.543
1619610205813,0.799,0,0,0,0,-0.533
1619610205834,0.803,0,0,0,0,-0.52
1619610205853,0.799,0,0,0,0,-0.5
1619610205873,0.827,0,0,0,0,-0.533
1619610205893,0.827,0,0,0,0,-0.533
1619610205913,0.765,0,0,0,0,-0.53
1619610205933,0.796,0,0,0,0,-0.498
1619610205953,0.796,0,0,0,0,-0.486
1619610205973,0.792,0,0,0,0,-0.544
1619610205993,0.799,0,0,0,0,-0.582
1619610206013,0.799,0,0,0,0,-0.615
1619610206035,0.796,0,0,0,0,-0.536
1619610206053,0.799,0,0,0,0,-0.486
1619610206073,0.796,0,0,0,0,-0.496
1619610206093,0.803,0,0,0,0,-0.519
1619610206113,0.799,0,0,0,0,-0.463
1619610206133,0.803,0,0,0,0,-0.449
1619610206153,0.803,0,0,0,0,-0.449
1619610206173,0.792,0,0,0,0,-0.448
1619610206193,0.796,0,0,0,0,-0.389
1619610206213,0.796,0,0,0,0,-0.411
1619610206234,0.796,0,0,0,0,-0.498
1619610206253,0.782,0,0,0,0,-0.54
1619610206273,0.803,0,0,0,0,-0.608
1619610206293,0.786,0,0,0,0,-0.615
1619610206313,0.792,0,0,0,0,-0.578
1619610206333,0.792,0,0,0,0,-0.557
1619610206353,0.796,0,0,0,0,-0.596
1619610206373,0.792,0,0,0,0,-0.593
1619610206393,0.803,0,0,0,0,-0.571
1619610206413,0.803,0,0,0,0,-0.571
1619610206433,0.786,0,0,0,0,-0.548
1619610206453,0.796,0,0,0,0,-0.516
1619610206473,0.796,0,0,0,0,-0.51
1619610206493,0.803,0,0,0,0,-0.537
1619610206513,0.796,0,0,0,0,-0.588
1619610206533,0.796,0,0,0,0,-0.597
1619610206553,0.82,0,0,0,0,-0.576
1619610206573,0.779,0,0,0,0,-0.529
1619610206593,0.796,0,0,0,0,-0.521
1619610206613,0.803,0,0,0,0,-0.538
1619610206633,0.796,0,0,0,0,-0.607
1619610206653,0.796,0,0,0,0,-0.565
1619610206673,0.799,0,0,0,0,-0.563
1619610206693,0.823,0,0,0,0,-0.568
1619610206713,0.823,0,0,0,0,-0.568
1619610206733,0.772,0,0,0,0,-0.548
1619610206753,0.799,0,0,0,0,-0.557
1619610206773,0.792,0,0,0,0,-0.543
1619610206793,0.792,0,0,0,0,-0.55
1619610206813,0.796,0,0,0,0,-0.533
1619610206833,0.803,0,0,0,0,-0.542
1619610206853,0.823,0,0,0,0,-0.504
1619610206873,0.765,0,0,0,0,-0.489
1619610206893,0.792,0,0,0,0,-0.489
1619610206913,0.799,0,0,0,0,-0.506
1619610206933,0.799,0,0,0,0,-0.493
1619610206953,0.796,0,0,0,0,-0.515
1619610206973,0.827,0,0,0,0,-0.578
1619610206993,0.827,0,0,0,0,-0.578
1619610207013,0.775,0,0,0,0,-0.592
1619610207033,0.789,0,0,0,0,-0.588
1619610207053,0.799,0,0,0,0,-0.581
1619610207073,0.796,0,0,0,0,-0.589
1619610207093,0.816,0,0,0,0,-0.61
1619610207113,0.782,0,0,0,0,-0.584
1619610207133,0.789,0,0,0,0,-0.545
1619610207153,0.806,0,0,0,0,-0.513
1619610207173,0.816,0,0,0,0,-0.513
1619610207193,0.779,0,0,0,0,-0.539
1619610207213,0.816,0,0,0,0,-0.61
1619610207233,0.816,0,0,0,0,-0.61
1619610207253,0.799,0,0,0,0,-0.598
1619610207273,0.779,0,0,0,0,-0.556
1619610207293,0.799,0,0,0,0,-0.534
1619610207313,0.796,0,0,0,0,-0.533
1619610207333,0.796,0,0,0,0,-0.507
1619610207353,0.816,0,0,0,0,-0.57
1619610207373,0.789,0,0,0,0,-0.589
1619610207393,0.775,0,0,0,0,-0.577
1619610207413,0.792,0,0,0,0,-0.57
1619610207433,0.799,0,0,0,0,-0.568
1619610207453,0.799,0,0,0,0,-0.532
1619610207473,0.796,0,0,0,0,-0.522
1619610207493,0.796,0,0,0,0,-0.522
1619610207513,0.789,0,0,0,0,-0.498
1619610207533,0.799,0,0,0,0,-0.463
1619610207553,0.796,0,0,0,0,-0.43
1619610207573,0.799,0,0,0,0,-0.422
1619610207593,0.813,0,0,0,0,-0.453
1619610207613,0.782,0,0,0,0,-0.467
1619610207633,0.792,0,0,0,0,-0.471
1619610207653,0.803,0,0,0,0,-0.491
1619610207673,0.799,0,0,0,0,-0.541
1619610207693,0.803,0,0,0,0,-0.56
1619610207713,0.799,0,0,0,0,-0.601
1619610207733,0.823,0,0,0,0,-0.599
1619610207763,0.823,0,0,0,0,-0.599
1619610207773,0.81,0,0,0,0,-0.565
1619610207793,0.81,0,0,0,0,-0.565
1619610207813,0.799,0,0,0,0,-0.545
1619610207833,0.789,0,0,0,0,-0.541
1619610207854,0.799,0,0,0,0,-0.562
1619610207873,0.796,0,0,0,0,-0.562
1619610207893,0.827,0,0,0,0,-0.6
1619610207913,0.765,0,0,0,0,-0.635
1619610207933,0.796,0,0,0,0,-0.628
1619610207955,0.799,0,0,0,0,-0.633
1619610207973,0.799,0,0,0,0,-0.634
1619610207993,0.792,0,0,0,0,-0.584
1619610208013,0.799,0,0,0,0,-0.546
1619610208033,0.83,0,0,0,0,-0.492
1619610208053,0.83,0,0,0,0,-0.492
1619610208073,0.755,0,0,0,0,-0.453
1619610208093,0.799,0,0,0,0,-0.427
1619610208113,0.803,0,0,0,0,-0.426
1619610208133,0.792,0,0,0,0,-0.455
1619610208155,0.799,0,0,0,0,-0.491
1619610208173,0.796,0,0,0,0,-0.573
1619610208194,0.792,0,0,0,0,-0.611
1619610208213,0.803,0,0,0,0,-0.626
1619610208233,0.792,0,0,0,0,-0.631
1619610208254,0.799,0,0,0,0,-0.635
1619610208273,0.796,0,0,0,0,-0.615
1619610208293,0.803,0,0,0,0,-0.602
1619610208313,0.803,0,0,0,0,-0.602
1619610208333,0.792,0,0,0,0,-0.558
1619610208356,0.796,0,0,0,0,-0.503
1619610208373,0.799,0,0,0,0,-0.474
1619610208393,0.796,0,0,0,0,-0.477
1619610208413,0.796,0,0,0,0,-0.468
1619610208433,0.81,0,0,0,0,-0.519
1619610208453,0.786,0,0,0,0,-0.537
1619610208473,0.799,0,0,0,0,-0.529
1619610208493,0.792,0,0,0,0,-0.534
1619610208513,0.799,0,0,0,0,-0.534
1619610208533,0.796,0,0,0,0,-0.52
1619610208554,0.813,0,0,0,0,-0.514
1619610208573,0.813,0,0,0,0,-0.514
1619610208593,0.775,0,0,0,0,-0.498
1619610208613,0.792,0,0,0,0,-0.448
1619610208633,0.799,0,0,0,0,-0.43
1619610208653,0.803,0,0,0,0,-0.452
1619610208673,0.792,0,0,0,0,-0.438
1619610208693,0.813,0,0,0,0,-0.453
1619610208713,0.775,0,0,0,0,-0.495
1619610208733,0.792,0,0,0,0,-0.491
1619610208753,0.799,0,0,0,0,-0.499
1619610208773,0.796,0,0,0,0,-0.558
1619610208793,0.799,0,0,0,0,-0.585
1619610208813,0.799,0,0,0,0,-0.591
1619610208833,0.823,0,0,0,0,-0.632
1619610208853,0.823,0,0,0,0,-0.632
1619610208873,0.772,0,0,0,0,-0.648
1619610208893,0.792,0,0,0,0,-0.656
1619610208913,0.799,0,0,0,0,-0.645
1619610208933,0.796,0,0,0,0,-0.638
1619610208953,0.799,0,0,0,0,-0.598
1619610208973,0.799,0,0,0,0,-0.572
1619610208993,0.823,0,0,0,0,-0.579
1619610209013,0.772,0,0,0,0,-0.562
1619610209033,0.792,0,0,0,0,-0.519
1619610209053,0.799,0,0,0,0,-0.513
1619610209073,0.796,0,0,0,0,-0.488
1619610209093,0.803,0,0,0,0,-0.493
1619610209113,0.833,0,0,0,0,-0.549
1619610209133,0.833,0,0,0,0,-0.549
1619610209153,0.762,0,0,0,0,-0.545
1619610209173,0.792,0,0,0,0,-0.546
1619610209193,0.799,0,0,0,0,-0.545
1619610209213,0.792,0,0,0,0,-0.514
1619610209233,0.799,0,0,0,0,-0.508
1619610209253,0.806,0,0,0,0,-0.565
1619610209273,0.796,0,0,0,0,-0.553
1619610209293,0.796,0,0,0,0,-0.537
1619610209313,0.796,0,0,0,0,-0.556
1619610209333,0.803,0,0,0,0,-0.535
1619610209353,0.796,0,0,0,0,-0.548
1619610209373,0.803,0,0,0,0,-0.601
1619610209393,0.803,0,0,0,0,-0.601
1619610209413,0.789,0,0,0,0,-0.597
1619610209433,0.796,0,0,0,0,-0.575
1619610209453,0.799,0,0,0,0,-0.553
1619610209473,0.799,0,0,0,0,-0.554
1619610209493,0.799,0,0,0,0,-0.543
1619610209513,0.81,0,0,0,0,-0.577
1619610209533,0.786,0,0,0,0,-0.61
1619610209553,0.799,0,0,0,0,-0.571
1619610209573,0.803,0,0,0,0,-0.549
1619610209593,0.796,0,0,0,0,-0.559
1619610209613,0.799,0,0,0,0,-0.555
1619610209633,0.81,0,0,0,0,-0.578
1619610209653,0.81,0,0,0,0,-0.578
1619610209673,0.782,0,0,0,0,-0.605
1619610209693,0.796,0,0,0,0,-0.585
1619610209713,0.796,0,0,0,0,-0.571
1619610209733,0.803,0,0,0,0,-0.561
1619610209753,0.789,0,0,0,0,-0.546
1619610209773,0.799,0,0,0,0,-0.55
1619610209793,0.813,0,0,0,0,-0.554
1619610209813,0.775,0,0,0,0,-0.518
1619610209833,0.799,0,0,0,0,-0.498
1619610209853,0.803,0,0,0,0,-0.513
1619610209873,0.799,0,0,0,0,-0.484
1619610209893,0.803,0,0,0,0,-0.458
1619610209913,0.786,0,0,0,0,-0.461
1619610209933,0.786,0,0,0,0,-0.461
1619610209953,0.823,0,0,0,0,-0.459
1619610209973,0.762,0,0,0,0,-0.459
1619610209993,0.796,0,0,0,0,-0.476
1619610210013,0.792,0,0,0,0,-0.488
1619610210033,0.796,0,0,0,0,-0.476
1619610210053,0.799,0,0,0,0,-0.488
1619610210074,0.803,0,0,0,0,-0.529
1619610210093,0.83,0,0,0,0,-0.565
1619610210113,0.769,0,0,0,0,-0.595
1619610210133,0.799,0,0,0,0,-0.656
1619610210153,0.799,0,0,0,0,-0.645
1619610210173,0.803,0,0,0,0,-0.641
1619610210193,0.799,0,0,0,0,-0.69
1619610210213,0.799,0,0,0,0,-0.69
1619610210233,0.799,0,0,0,0,-0.713
1619610210253,0.796,0,0,0,0,-0.711
1619610210273,0.796,0,0,0,0,-0.704
1619610210293,0.799,0,0,0,0,-0.646
1619610210313,0.796,0,0,0,0,-0.618
1619610210333,0.796,0,0,0,0,-0.631
1619610210353,0.806,0,0,0,0,-0.614
1619610210373,0.789,0,0,0,0,-0.632
1619610210393,0.792,0,0,0,0,-0.639
1619610210413,0.81,0,0,0,0,-0.642
1619610210433,0.796,0,0,0,0,-0.615
1619610210453,0.799,0,0,0,0,-0.614
1619610210474,0.799,0,0,0,0,-0.614
1619610210493,0.803,0,0,0,0,-0.632
1619610210513,0.789,0,0,0,0,-0.624
1619610210533,0.796,0,0,0,0,-0.563
1619610210553,0.803,0,0,0,0,-0.496
1619610210575,0.796,0,0,0,0,-0.437
1619610210593,0.796,0,0,0,0,-0.468
1619610210613,0.81,0,0,0,0,-0.506
1619610210633,0.782,0,0,0,0,-0.501
1619610210653,0.792,0,0,0,0,-0.514
1619610210673,0.799,0,0,0,0,-0.51
1619610210693,0.792,0,0,0,0,-0.502
1619610210713,0.796,0,0,0,0,-0.5
1619610210733,0.796,0,0,0,0,-0.5
1619610210753,0.813,0,0,0,0,-0.545
1619610210773,0.775,0,0,0,0,-0.515
1619610210793,0.792,0,0,0,0,-0.492
1619610210813,0.799,0,0,0,0,-0.5
1619610210833,0.796,0,0,0,0,-0.469
1619610210853,0.792,0,0,0,0,-0.424
1619610210873,0.803,0,0,0,0,-0.449
1619610210893,0.823,0,0,0,0,-0.471
1619610210913,0.765,0,0,0,0,-0.502
1619610210933,0.796,0,0,0,0,-0.513
1619610210953,0.792,0,0,0,0,-0.48
1619610210973,0.803,0,0,0,0,-0.479
1619610210993,0.803,0,0,0,0,-0.479
1619610211013,0.796,0,0,0,0,-0.501
1619610211033,0.827,0,0,0,0,-0.509
1619610211053,0.772,0,0,0,0,-0.555
1619610211073,0.803,0,0,0,0,-0.594
1619610211093,0.803,0,0,0,0,-0.577
1619610211113,0.799,0,0,0,0,-0.599
1619610211133,0.799,0,0,0,0,-0.608
1619610211153,0.799,0,0,0,0,-0.573
1619610211173,0.83,0,0,0,0,-0.547
1619610211193,0.765,0,0,0,0,-0.551
1619610211213,0.799,0,0,0,0,-0.573
1619610211233,0.796,0,0,0,0,-0.582
1619610211253,0.799,0,0,0,0,-0.576
1619610211273,0.799,0,0,0,0,-0.576
1619610211293,0.792,0,0,0,0,-0.595
1619610211313,0.799,0,0,0,0,-0.579
1619610211333,0.792,0,0,0,0,-0.585
1619610211353,0.796,0,0,0,0,-0.59
1619610211373,0.792,0,0,0,0,-0.546
1619610211393,0.803,0,0,0,0,-0.502
1619610211413,0.799,0,0,0,0,-0.507
1619610211433,0.799,0,0,0,0,-0.481
1619610211453,0.789,0,0,0,0,-0.509
1619610211473,0.796,0,0,0,0,-0.532
1619610211493,0.786,0,0,0,0,-0.489
1619610211513,0.803,0,0,0,0,-0.489
1619610211533,0.803,0,0,0,0,-0.489
1619610211553,0.796,0,0,0,0,-0.526
1619610211573,0.803,0,0,0,0,-0.521
1619610211593,0.779,0,0,0,0,-0.557
1619610211613,0.796,0,0,0,0,-0.593
1619610211633,0.792,0,0,0,0,-0.571
1619610211653,0.799,0,0,0,0,-0.545
1619610211673,0.792,0,0,0,0,-0.561
1619610211693,0.813,0,0,0,0,-0.568
1619610211713,0.779,0,0,0,0,-0.566
1619610211733,0.803,0,0,0,0,-0.542
1619610211753,0.803,0,0,0,0,-0.518
1619610211773,0.799,0,0,0,0,-0.497
1619610211793,0.799,0,0,0,0,-0.497
1619610211813,0.799,0,0,0,0,-0.483
1619610211833,0.81,0,0,0,0,-0.508
1619610211853,0.779,0,0,0,0,-0.546
1619610211873,0.799,0,0,0,0,-0.552
1619610211893,0.796,0,0,0,0,-0.541
1619610211913,0.792,0,0,0,0,-0.536
1619610211933,0.803,0,0,0,0,-0.584
1619610211953,0.799,0,0,0,0,-0.6
1619610211973,0.82,0,0,0,0,-0.561
1619610211993,0.775,0,0,0,0,-0.553
1619610212013,0.799,0,0,0,0,-0.559
1619610212033,0.803,0,0,0,0,-0.53
1619610212053,0.796,0,0,0,0,-0.516
1619610212073,0.796,0,0,0,0,-0.516
1619610212093,0.796,0,0,0,0,-0.533
1619610212113,0.792,0,0,0,0,-0.558
1619610212133,0.83,0,0,0,0,-0.548
1619610212153,0.765,0,0,0,0,-0.532
1619610212173,0.789,0,0,0,0,-0.503
1619610212194,0.803,0,0,0,0,-0.493
1619610212213,0.796,0,0,0,0,-0.477
1619610212233,0.796,0,0,0,0,-0.457
1619610212253,0.823,0,0,0,0,-0.472
1619610212273,0.762,0,0,0,0,-0.506
1619610212294,0.799,0,0,0,0,-0.522
1619610212313,0.789,0,0,0,0,-0.579
1619610212333,0.789,0,0,0,0,-0.579
1619610212353,0.799,0,0,0,0,-0.607
1619610212373,0.796,0,0,0,0,-0.649
1619610212395,0.792,0,0,0,0,-0.639
1619610212413,0.799,0,0,0,0,-0.618
1619610212433,0.796,0,0,0,0,-0.604
1619610212453,0.796,0,0,0,0,-0.541
1619610212473,0.796,0,0,0,0,-0.508
1619610212494,0.803,0,0,0,0,-0.483
1619610212513,0.799,0,0,0,0,-0.445
1619610212533,0.792,0,0,0,0,-0.473
1619610212553,0.799,0,0,0,0,-0.517
1619610212573,0.796,0,0,0,0,-0.544
1619610212594,0.796,0,0,0,0,-0.544
1619610212613,0.796,0,0,0,0,-0.524
1619610212633,0.796,0,0,0,0,-0.531
1619610212653,0.803,0,0,0,0,-0.51
1619610212673,0.789,0,0,0,0,-0.551
1619610212695,0.799,0,0,0,0,-0.608
1619610212713,0.796,0,0,0,0,-0.566
1619610212733,0.799,0,0,0,0,-0.535
1619610212753,0.799,0,0,0,0,-0.546
1619610212773,0.816,0,0,0,0,-0.544
1619610212794,0.782,0,0,0,0,-0.567
1619610212813,0.803,0,0,0,0,-0.62
1619610212833,0.799,0,0,0,0,-0.654
1619610212853,0.799,0,0,0,0,-0.654
1619610212873,0.796,0,0,0,0,-0.604
1619610212893,0.803,0,0,0,0,-0.569
1619610212913,0.796,0,0,0,0,-0.53
1619610212933,0.816,0,0,0,0,-0.511
1619610212953,0.772,0,0,0,0,-0.532
1619610212973,0.796,0,0,0,0,-0.555
1619610212994,0.796,0,0,0,0,-0.572
1619610213013,0.792,0,0,0,0,-0.547
1619610213033,0.796,0,0,0,0,-0.527
1619610213053,0.796,0,0,0,0,-0.511
1619610213073,0.82,0,0,0,0,-0.565
1619610213093,0.772,0,0,0,0,-0.586
1619610213113,0.792,0,0,0,0,-0.58
1619610213133,0.796,0,0,0,0,-0.599
1619610213153,0.796,0,0,0,0,-0.599
1619610213173,0.799,0,0,0,0,-0.575
1619610213193,0.799,0,0,0,0,-0.543
1619610213213,0.792,0,0,0,0,-0.495
1619610213233,0.827,0,0,0,0,-0.532
1619610213253,0.765,0,0,0,0,-0.524
1619610213273,0.792,0,0,0,0,-0.504
1619610213293,0.799,0,0,0,0,-0.516
1619610213313,0.796,0,0,0,0,-0.512
1619610213333,0.799,0,0,0,0,-0.482
1619610213353,0.827,0,0,0,0,-0.503
1619610213373,0.758,0,0,0,0,-0.546
1619610213393,0.796,0,0,0,0,-0.583
1619610213413,0.796,0,0,0,0,-0.583
1619610213433,0.803,0,0,0,0,-0.62
1619610213453,0.796,0,0,0,0,-0.641
1619610213473,0.796,0,0,0,0,-0.664
1619610213493,0.799,0,0,0,0,-0.697
1619610213513,0.789,0,0,0,0,-0.692
1619610213533,0.796,0,0,0,0,-0.695
1619610213553,0.799,0,0,0,0,-0.683
1619610213573,0.792,0,0,0,0,-0.677
1619610213593,0.799,0,0,0,0,-0.636
1619610213613,0.806,0,0,0,0,-0.582
1619610213634,0.786,0,0,0,0,-0.58
1619610213653,0.803,0,0,0,0,-0.608
1619610213673,0.803,0,0,0,0,-0.608
1619610213693,0.789,0,0,0,0,-0.631
1619610213713,0.799,0,0,0,0,-0.669
1619610213733,0.803,0,0,0,0,-0.65
1619610213753,0.803,0,0,0,0,-0.591
1619610213773,0.789,0,0,0,0,-0.63
1619610213793,0.792,0,0,0,0,-0.656
1619610213813,0.789,0,0,0,0,-0.635
1619610213834,0.799,0,0,0,0,-0.619
1619610213853,0.796,0,0,0,0,-0.594
1619610213873,0.82,0,0,0,0,-0.469
1619610213893,0.782,0,0,0,0,-0.401
1619610213918,0.796,0,0,0,0,-0.358
1619610213935,0.806,0,0,0,0,-0.333
1619610213953,0.806,0,0,0,0,-0.333
1619610213973,0.799,0,0,0,0,-0.331
1619610213993,0.799,0,0,0,0,-0.347
1619610214020,0.799,0,0,0,0,-0.432
1619610214033,0.813,0,0,0,0,-0.491
1619610214053,0.779,0,0,0,0,-0.509
1619610214073,0.786,0,0,0,0,-0.541
1619610214094,0.799,0,0,0,0,-0.536
1619610214114,0.789,0,0,0,0,-0.52
1619610214133,0.796,0,0,0,0,-0.504
1619610214157,0.796,0,0,0,0,-0.472
1619610214178,0.823,0,0,0,0,-0.42
1619610214193,0.762,0,0,0,0,-0.421
1619610214213,0.799,0,0,0,0,-0.426
1619610214233,0.799,0,0,0,0,-0.426
1619610214253,0.796,0,0,0,0,-0.443
1619610214273,0.796,0,0,0,0,-0.433
1619610214296,0.799,0,0,0,0,-0.457
1619610214313,0.792,0,0,0,0,-0.523
1619610214333,0.83,0,0,0,0,-0.585
1619610214353,0.762,0,0,0,0,-0.588
1619610214373,0.796,0,0,0,0,-0.63
1619610214393,0.796,0,0,0,0,-0.624
1619610214414,0.799,0,0,0,0,-0.589
1619610214434,0.799,0,0,0,0,-0.579
1619610214454,0.833,0,0,0,0,-0.547
1619610214473,0.833,0,0,0,0,-0.547
1619610214494,0.772,0,0,0,0,-0.538
1619610214513,0.792,0,0,0,0,-0.566
1619610214533,0.803,0,0,0,0,-0.56
1619610214554,0.796,0,0,0,0,-0.527
1619610214574,0.803,0,0,0,0,-0.53
1619610214593,0.782,0,0,0,0,-0.543
1619610214614,0.789,0,0,0,0,-0.573
1619610214633,0.796,0,0,0,0,-0.607
1619610214653,0.796,0,0,0,0,-0.612
1619610214673,0.792,0,0,0,0,-0.598
1619610214693,0.82,0,0,0,0,-0.593
1619610214716,0.792,0,0,0,0,-0.594
1619610214733,0.786,0,0,0,0,-0.627
1619610214753,0.786,0,0,0,0,-0.627
1619610214773,0.803,0,0,0,0,-0.666
