DT_acceleration,Timestamp,Action,Bump,Traffic congestion
0.056,1569306195847.0,2,0,0
0.053,1569306196308.0,2,0,0
-0.001,1569306196767.0,2,0,0
-0.015,1569306197230.0,2,0,0
-0.014,1569306197698.0,2,0,0
-0.007,1569306198157.0,2,0,0
-0.006,1569306198618.0,2,0,0
-0.004,1569306199078.0,2,0,0
0.01,1569306199537.0,2,0,0
0.01,1569306200031.0,2,0,0
-0.016,1569306200467.0,2,0,0
-0.011,1569306200928.0,1,0,0
0.005,1569306201387.0,1,0,0
0.011,1569306201847.0,1,0,0
0.034,1569306202298.0,1,0,0
0.054,1569306202757.0,1,0,0
0.031,1569306203227.0,1,0,0
0.018000000000000002,1569306203688.0,1,0,0
0.008,1569306204148.0,1,0,0
-0.017,1569306204607.0,1,0,0
-0.11800000000000001,1569306205078.0,2,0,0
-0.083,1569306205548.0,2,0,0
-0.11,1569306206008.0,2,0,0
-0.08700000000000001,1569306206478.0,2,0,0
-0.026000000000000002,1569306206938.0,2,0,0
0.004,1569306207410.0,2,0,0
-0.012,1569306207868.0,2,0,0
-0.05,1569306208328.0,2,0,0
-0.11900000000000001,1569306208788.0,2,0,0
-0.188,1569306209248.0,2,0,0
-0.2,1569306209718.0,2,0,0
-0.171,1569306210178.0,2,0,0
-0.114,1569306210637.0,2,0,0
-0.016,1569306211088.0,2,0,0
0.082,1569306211548.0,1,0,0
0.073,1569306212018.0,1,0,0
0.027,1569306212477.0,1,0,0
0.033,1569306212938.0,1,0,0
0.278,1569306213398.0,1,0,0
0.442,1569306213858.0,1,0,0
0.463,1569306214318.0,1,0,0
0.43,1569306214778.0,2,0,0
0.308,1569306215240.0,2,0,0
0.145,1569306215698.0,2,0,0
-0.178,1569306216158.0,2,0,0
-0.29,1569306216618.0,2,0,0
-0.262,1569306217088.0,2,0,0
-0.215,1569306217549.0,2,0,0
-0.176,1569306218007.0,2,0,0
-0.192,1569306218467.0,2,0,0
-0.233,1569306218927.0,2,0,0
-0.231,1569306219398.0,2,0,0
-0.245,1569306219848.0,2,0,0
-0.20600000000000002,1569306220308.0,2,0,0
-0.158,1569306220768.0,3,0,0
-0.17400000000000002,1569306221238.0,3,0,0
-0.159,1569306221697.0,3,0,0
-0.17500000000000002,1569306222158.0,3,0,0
-0.146,1569306222618.0,3,0,0
-0.114,1569306223078.0,3,0,0
-0.07,1569306223558.0,3,0,0
-0.052000000000000005,1569306224018.0,3,0,0
-0.042,1569306224477.0,3,0,0
-0.061,1569306224938.0,3,0,0
-0.148,1569306225416.0,3,0,0
-0.19,1569306225868.0,3,0,0
-0.278,1569306226328.0,3,0,0
-0.252,1569306226788.0,3,0,0
-0.168,1569306227259.0,2,0,0
-0.057,1569306227718.0,2,0,0
-0.006,1569306228188.0,2,0,0
0.018000000000000002,1569306228647.0,2,0,0
0.055,1569306229108.0,2,0,0
0.037,1569306229568.0,2,0,0
0.014,1569306230028.0,2,0,0
-0.017,1569306230488.0,2,0,0
-0.023,1569306230958.0,2,0,0
-0.03,1569306231429.0,2,0,0
-0.02,1569306231877.0,2,0,0
-0.04,1569306232337.0,2,0,0
-0.038,1569306232798.0,2,0,0
0.006,1569306233257.0,2,0,0
0.046,1569306233717.0,2,0,0
0.028,1569306234177.0,3,0,0
0.013000000000000001,1569306234638.0,3,0,0
0.029,1569306235098.0,3,0,0
0.079,1569306235557.0,3,0,0
0.082,1569306236018.0,3,0,0
0.091,1569306236478.0,3,0,0
0.081,1569306236938.0,3,0,0
0.046,1569306237426.0,3,0,0
0.06,1569306237867.0,3,0,0
0.096,1569306238337.0,3,0,0
0.136,1569306238798.0,3,0,0
0.14300000000000002,1569306239257.0,3,0,0
0.182,1569306239718.0,3,0,0
0.169,1569306240223.0,3,0,0
0.145,1569306240637.0,1,0,0
0.12,1569306241098.0,1,0,0
0.116,1569306241558.0,1,0,0
0.146,1569306242018.0,1,0,0
0.2,1569306242478.0,1,0,0
0.214,1569306242937.0,1,0,0
0.279,1569306243426.0,1,0,0
0.275,1569306243868.0,1,0,0
0.248,1569306244318.0,1,0,0
0.08700000000000001,1569306244788.0,1,0,0
-0.658,1569306245248.0,1,0,0
-0.997,1569306245708.0,1,0,0
-0.653,1569306246168.0,1,0,0
-0.335,1569306246638.0,1,0,0
-0.242,1569306247098.0,1,0,0
-0.058,1569306247572.0,1,0,0
-0.032,1569306248018.0,1,0,0
-0.23700000000000002,1569306248488.0,1,0,0
-0.076,1569306248948.0,6,0,0
0.015,1569306249429.0,6,0,0
0.05,1569306249878.0,6,0,0
0.088,1569306250348.0,6,0,0
0.153,1569306250798.0,6,0,0
0.251,1569306251258.0,6,0,0
0.32,1569306251718.0,6,0,0
0.33,1569306252191.0,6,0,0
0.244,1569306252648.0,6,0,0
0.057,1569306253108.0,6,0,0
-0.165,1569306253568.0,6,0,0
-0.232,1569306254028.0,6,0,0
-0.26,1569306254497.0,6,0,0
-0.219,1569306254948.0,6,0,0
-0.14100000000000001,1569306255430.0,6,0,0
-0.067,1569306255878.0,6,0,0
-0.022,1569306256340.0,6,0,0
0.088,1569306256798.0,6,0,0
0.364,1569306257258.0,6,0,0
0.508,1569306257718.0,6,0,0
0.522,1569306258212.0,6,0,0
0.518,1569306258638.0,6,0,0
0.442,1569306259097.0,6,0,0
0.394,1569306259558.0,6,0,0
0.328,1569306260008.0,6,0,0
0.429,1569306260478.0,6,0,0
0.432,1569306260938.0,1,0,0
0.385,1569306261397.0,1,0,0
0.312,1569306261858.0,1,0,0
0.278,1569306262320.0,1,0,0
0.261,1569306262778.0,1,0,0
0.049,1569306263248.0,6,0,0
-0.666,1569306263708.0,6,0,0
-0.902,1569306264178.0,6,0,0
-0.763,1569306264638.0,6,0,0
-0.632,1569306265098.0,6,0,0
-0.652,1569306265558.0,6,0,0
-0.558,1569306266018.0,6,0,0
-0.47900000000000004,1569306266477.0,6,0,0
-0.352,1569306266938.0,6,0,0
-0.23600000000000002,1569306267409.0,6,0,0
-0.133,1569306267858.0,6,0,0
-0.024,1569306268318.0,6,0,0
0.007,1569306268785.0,6,0,0
0.10400000000000001,1569306269238.0,6,0,0
0.139,1569306269698.0,6,0,0
0.163,1569306270158.0,6,0,0
0.189,1569306270618.0,6,0,0
0.192,1569306271078.0,6,0,0
0.232,1569306271548.0,6,0,0
0.28300000000000003,1569306272008.0,6,0,0
0.263,1569306272468.0,6,0,0
0.191,1569306272928.0,6,0,0
0.147,1569306273388.0,6,0,0
0.025,1569306273848.0,6,0,0
-0.079,1569306274308.0,6,0,0
-0.146,1569306274758.0,6,0,0
-0.158,1569306275228.0,6,0,0
-0.229,1569306275689.0,6,0,0
-0.246,1569306276148.0,6,0,0
-0.178,1569306276608.0,6,0,0
-0.123,1569306277069.0,6,0,0
-0.075,1569306277528.0,6,0,0
-0.23800000000000002,1569306277988.0,6,0,0
-0.523,1569306278459.0,6,0,0
-0.486,1569306278918.0,6,0,0
-0.067,1569306279378.0,6,0,0
0.209,1569306279828.0,6,0,0
0.109,1569306280298.0,6,0,0
0.064,1569306280758.0,6,0,0
0.057,1569306281218.0,6,0,0
0.107,1569306281688.0,6,0,0
0.177,1569306282148.0,6,0,0
0.06,1569306282608.0,6,0,0
-0.393,1569306283058.0,6,0,0
-0.485,1569306283538.0,6,0,0
-0.202,1569306283998.0,6,0,0
0.091,1569306284459.0,6,0,0
0.107,1569306284908.0,6,0,0
0.165,1569306285368.0,6,0,0
0.439,1569306285829.0,6,0,0
0.437,1569306286288.0,6,0,0
0.453,1569306286779.0,6,0,0
0.718,1569306287198.0,6,0,0
0.865,1569306287658.0,6,0,0
0.595,1569306288108.0,6,0,0
0.092,1569306288558.0,6,0,0
-0.311,1569306289019.0,6,0,0
-0.008,1569306289478.0,6,0,0
0.17300000000000001,1569306289970.0,6,0,0
-0.14300000000000002,1569306290408.0,6,0,0
-0.311,1569306290868.0,6,0,0
0.109,1569306291329.0,6,0,0
0.488,1569306291788.0,6,0,0
0.217,1569306292248.0,6,0,0
-0.135,1569306292708.0,6,0,0
-0.269,1569306293168.0,6,0,0
-0.34800000000000003,1569306293628.0,6,0,0
-0.336,1569306294088.0,6,0,0
-0.273,1569306294548.0,6,0,0
0.04,1569306295008.0,6,0,0
0.21,1569306295468.0,6,0,0
0.292,1569306295928.0,6,0,0
0.218,1569306296399.0,6,0,0
0.116,1569306296858.0,6,0,0
0.082,1569306297318.0,6,0,0
0.031,1569306297768.0,6,0,0
0.041,1569306298238.0,1,0,0
0.08600000000000001,1569306298688.0,1,0,0
0.167,1569306299148.0,1,0,0
0.227,1569306299618.0,1,0,0
0.23700000000000002,1569306300068.0,1,0,0
0.216,1569306300528.0,1,0,0
0.183,1569306300998.0,1,0,0
0.153,1569306301468.0,1,0,0
0.151,1569306301928.0,1,0,0
0.132,1569306302388.0,1,0,0
0.096,1569306302848.0,1,0,0
0.122,1569306303318.0,1,0,0
-0.462,1569306303778.0,8,0,0
-1.065,1569306304248.0,8,0,0
-0.652,1569306304708.0,8,0,0
-0.269,1569306305168.0,8,0,0
-0.061,1569306305628.0,8,0,0
0.122,1569306306088.0,8,0,0
0.185,1569306306549.0,8,0,0
0.12,1569306307008.0,8,0,0
0.076,1569306307468.0,8,0,0
0.007,1569306307964.0,8,0,0
-0.019,1569306308388.0,8,0,0
0.001,1569306308848.0,8,0,0
-0.033,1569306309308.0,8,0,0
-0.138,1569306309758.0,8,0,0
-0.256,1569306310218.0,8,0,0
-0.182,1569306310691.0,8,0,0
-0.162,1569306311148.0,8,0,0
-0.23600000000000002,1569306311598.0,8,0,0
-0.165,1569306312058.0,8,0,0
-0.082,1569306312518.0,8,0,0
-0.20800000000000002,1569306312978.0,8,0,0
-0.194,1569306313446.0,8,0,0
-0.165,1569306313898.0,8,0,0
-0.135,1569306314358.0,8,0,0
-0.148,1569306314808.0,8,0,0
-0.14400000000000002,1569306315278.0,8,0,0
-0.09,1569306315728.0,8,0,0
0.40700000000000003,1569306316188.0,8,0,0
0.965,1569306316648.0,8,0,0
1.19,1569306317108.0,1,0,0
0.778,1569306317568.0,1,0,0
0.338,1569306318028.0,1,0,0
0.1,1569306318504.0,1,0,0
0.007,1569306318948.0,1,0,0
-0.036000000000000004,1569306319408.0,8,0,0
-0.029,1569306319858.0,8,0,0
-0.055,1569306320329.0,8,0,0
-0.156,1569306320788.0,8,0,0
-0.503,1569306321248.0,8,0,0
-0.746,1569306321709.0,8,0,0
-0.529,1569306322158.0,8,0,0
-0.308,1569306322618.0,8,0,0
-0.188,1569306323079.0,8,0,0
-0.147,1569306323539.0,8,0,0
-0.168,1569306323998.0,8,0,0
-0.182,1569306324468.0,8,0,0
-0.148,1569306324929.0,8,0,0
-0.113,1569306325398.0,8,0,0
-0.133,1569306325848.0,8,0,0
-0.243,1569306326308.0,8,0,0
-0.998,1569306326768.0,8,0,0
-0.934,1569306327228.0,8,0,0
-0.65,1569306327689.0,8,0,0
-0.516,1569306328149.0,8,0,0
-0.362,1569306328619.0,8,0,0
-0.243,1569306329078.0,8,0,0
-0.094,1569306329538.0,8,0,0
0.051000000000000004,1569306329998.0,8,0,0
0.054,1569306330459.0,8,0,0
0.044,1569306330918.0,8,0,0
0.077,1569306331368.0,8,0,0
0.107,1569306331828.0,8,0,0
0.10200000000000001,1569306332288.0,8,0,0
0.097,1569306332748.0,8,0,0
0.11800000000000001,1569306333209.0,8,0,0
0.159,1569306333668.0,8,0,0
0.28400000000000003,1569306334138.0,8,0,0
0.426,1569306334589.0,8,0,0
0.482,1569306335049.0,8,0,0
0.355,1569306335509.0,8,0,0
0.129,1569306335968.0,8,0,0
-0.059000000000000004,1569306336442.0,8,0,0
-0.11,1569306336888.0,8,0,0
-0.109,1569306337369.0,8,0,0
-0.154,1569306337820.0,8,0,0
-0.58,1569306338279.0,8,0,0
-0.522,1569306338748.0,8,0,0
-0.312,1569306339198.0,8,0,0
-0.13,1569306339658.0,8,0,0
0.033,1569306340118.0,8,0,0
0.042,1569306340578.0,1,1,0
0.03,1569306341039.0,1,1,0
0.242,1569306341499.0,1,1,0
0.377,1569306341969.0,1,1,0
0.393,1569306342428.0,1,1,0
0.328,1569306342888.0,1,1,0
0.221,1569306343359.0,1,1,0
0.14200000000000002,1569306343818.0,1,1,0
0.031,1569306344289.0,1,1,0
-0.08600000000000001,1569306344738.0,1,1,0
-0.17200000000000001,1569306345199.0,1,1,0
-0.269,1569306345668.0,1,1,0
-0.577,1569306346129.0,1,1,0
-0.538,1569306346588.0,1,1,0
-0.303,1569306347049.0,1,1,0
-0.035,1569306347508.0,1,1,0
0.164,1569306348004.0,1,1,0
0.203,1569306348449.0,1,1,0
0.139,1569306348908.0,1,1,0
0.10200000000000001,1569306349369.0,1,1,0
0.091,1569306349829.0,1,1,0
0.077,1569306350289.0,1,1,0
0.043000000000000003,1569306350748.0,1,1,0
0.035,1569306351208.0,1,1,0
0.0,1569306351669.0,1,1,0
-0.019,1569306352119.0,1,1,0
-0.035,1569306352578.0,1,1,0
-0.043000000000000003,1569306353039.0,1,1,0
0.044,1569306353499.0,1,1,0
0.001,1569306353959.0,1,1,0
-0.028,1569306354419.0,1,1,0
-0.085,1569306354879.0,1,1,0
-0.017,1569306355349.0,1,1,0
-0.372,1569306355809.0,1,1,0
-0.47800000000000004,1569306356259.0,1,1,0
-0.547,1569306356729.0,1,1,0
-0.077,1569306357189.0,1,1,0
0.049,1569306357649.0,1,1,0
0.133,1569306358109.0,1,1,0
0.622,1569306358568.0,1,1,0
0.557,1569306359028.0,1,1,0
0.262,1569306359488.0,1,0,0
0.216,1569306359939.0,1,0,0
0.522,1569306360409.0,1,0,0
0.354,1569306360859.0,1,0,0
0.117,1569306361318.0,1,0,0
0.162,1569306361778.0,1,0,0
0.271,1569306362248.0,1,0,0
0.512,1569306362727.0,3,0,0
0.511,1569306363158.0,3,0,0
0.396,1569306363619.0,3,0,0
0.34500000000000003,1569306364079.0,3,0,0
0.28800000000000003,1569306364548.0,3,0,0
0.249,1569306365019.0,3,0,0
0.122,1569306365478.0,3,0,0
0.098,1569306365949.0,3,0,0
0.074,1569306366408.0,3,0,0
0.038,1569306366868.0,3,0,0
0.013000000000000001,1569306367339.0,3,0,0
-0.067,1569306367798.0,3,0,0
-0.108,1569306368258.0,3,0,0
-0.07100000000000001,1569306368718.0,3,0,0
-0.016,1569306369178.0,3,0,0
0.031,1569306369639.0,1,0,0
0.048,1569306370153.0,1,0,0
0.059000000000000004,1569306370558.0,1,0,0
0.146,1569306371018.0,1,0,0
0.452,1569306371479.0,1,0,0
0.578,1569306371939.0,1,0,0
0.327,1569306372401.0,1,0,0
0.168,1569306372859.0,1,0,0
0.131,1569306373336.0,1,0,0
0.429,1569306373769.0,1,0,0
0.644,1569306374229.0,1,0,0
0.594,1569306374689.0,1,0,0
0.537,1569306375148.0,1,0,0
0.482,1569306375609.0,1,0,0
0.324,1569306376069.0,1,0,0
0.314,1569306376529.0,1,0,0
0.41200000000000003,1569306376979.0,1,0,0
0.272,1569306377447.0,1,0,0
0.159,1569306377898.0,1,0,0
0.084,1569306378359.0,1,0,0
0.003,1569306378819.0,1,0,0
-0.082,1569306379269.0,1,0,0
-0.114,1569306379739.0,1,0,0
-0.231,1569306380199.0,1,0,0
-0.533,1569306380659.0,1,0,0
-0.652,1569306381119.0,1,0,0
-0.435,1569306381579.0,1,0,0
-0.261,1569306382039.0,3,0,0
-0.199,1569306382499.0,3,0,0
-0.17400000000000002,1569306382959.0,3,0,0
-0.177,1569306383429.0,3,0,0
-0.191,1569306383889.0,3,0,0
-0.161,1569306384358.0,3,0,0
-0.063,1569306384819.0,3,0,0
-0.008,1569306385279.0,3,0,0
-0.01,1569306385739.0,3,0,0
-0.041,1569306386199.0,3,0,0
-0.083,1569306386659.0,3,0,0
-0.098,1569306387119.0,3,0,0
-0.079,1569306387589.0,3,0,0
-0.053,1569306388049.0,3,0,0
-0.041,1569306388509.0,3,0,0
-0.029,1569306388969.0,3,0,0
0.02,1569306389429.0,3,0,0
0.129,1569306389889.0,3,0,0
0.29,1569306390349.0,1,0,0
0.456,1569306390809.0,1,0,0
0.547,1569306391290.0,1,0,0
0.533,1569306391739.0,1,0,0
0.486,1569306392188.0,1,0,0
0.37,1569306392649.0,1,0,0
0.24,1569306393119.0,1,0,0
0.14300000000000002,1569306393579.0,1,0,0
0.08600000000000001,1569306394039.0,1,0,0
0.132,1569306394536.0,1,0,0
0.101,1569306394959.0,1,0,0
0.124,1569306395419.0,1,0,0
0.114,1569306395879.0,1,0,0
0.128,1569306396339.0,1,0,0
0.127,1569306396809.0,1,0,0
0.115,1569306397269.0,1,0,0
0.13,1569306397719.0,1,0,0
0.081,1569306398179.0,1,0,0
0.033,1569306398639.0,4,0,0
0.04,1569306399099.0,4,0,0
0.058,1569306399559.0,4,0,0
0.117,1569306400019.0,4,0,0
0.006,1569306400479.0,4,0,0
-0.128,1569306400948.0,4,0,0
-0.218,1569306401399.0,4,0,0
-0.295,1569306401859.0,4,0,0
-0.34,1569306402329.0,4,0,0
-0.28300000000000003,1569306402789.0,4,0,0
-0.321,1569306403249.0,4,0,0
-0.359,1569306403719.0,4,0,0
-0.612,1569306404178.0,4,0,0
-0.93,1569306404639.0,4,0,0
-0.77,1569306405098.0,4,0,0
-0.582,1569306405569.0,4,0,0
-0.641,1569306406028.0,4,0,0
-0.583,1569306406488.0,4,0,0
-0.34,1569306406959.0,4,0,0
-0.2,1569306407409.0,4,0,0
-0.145,1569306407879.0,4,0,0
-0.15,1569306408329.0,4,0,0
-0.213,1569306408799.0,1,0,0
-0.23600000000000002,1569306409274.0,1,0,0
-0.178,1569306409719.0,1,0,0
-0.138,1569306410179.0,1,0,0
-0.123,1569306410639.0,1,0,0
-0.117,1569306411099.0,1,0,0
-0.112,1569306411569.0,1,0,0
-0.109,1569306412029.0,1,0,0
-0.10400000000000001,1569306412489.0,1,0,0
-0.127,1569306412949.0,1,0,0
-0.221,1569306413409.0,1,0,0
-0.31,1569306413869.0,1,0,0
-0.374,1569306414329.0,1,0,0
-0.293,1569306414789.0,1,0,0
-0.181,1569306415249.0,1,0,0
-0.125,1569306415709.0,1,0,0
-0.278,1569306416169.0,1,0,0
-0.591,1569306416629.0,1,0,0
-0.493,1569306417089.0,1,0,0
-0.221,1569306417549.0,1,0,0
0.047,1569306418019.0,1,0,0
-0.045,1569306418479.0,1,0,0
-0.241,1569306418939.0,1,0,0
-0.243,1569306419399.0,1,0,0
-0.148,1569306419876.0,1,0,0
-0.035,1569306420319.0,1,0,0
-0.055,1569306420779.0,1,0,0
-0.229,1569306421239.0,1,0,0
-0.366,1569306421699.0,1,0,0
-0.378,1569306422161.0,0,0,0
-0.264,1569306422629.0,0,0,0
-0.149,1569306423099.0,0,0,0
-0.082,1569306423559.0,0,0,0
-0.036000000000000004,1569306424019.0,0,0,0
-0.015,1569306424479.0,0,0,0
-0.006,1569306424941.0,0,0,0
-0.002,1569306425409.0,0,0,0
-0.001,1569306425869.0,0,0,0
0.0,1569306426329.0,0,0,0
0.0,1569306426789.0,0,0,0
0.0,1569306427249.0,0,0,0
0.0,1569306427719.0,0,0,0
0.0,1569306428169.0,0,0,0
0.0,1569306428629.0,0,0,0
0.0,1569306429089.0,0,0,0
0.0,1569306429559.0,0,0,0
0.0,1569306430019.0,0,0,0
0.0,1569306430479.0,0,0,0
0.0,1569306430939.0,0,0,0
0.0,1569306431418.0,0,0,0
0.0,1569306431859.0,0,0,0
0.0,1569306432319.0,0,0,0
0.0,1569306432779.0,0,0,0
0.0,1569306433239.0,0,0,0
0.0,1569306433699.0,0,0,0
0.0,1569306434159.0,0,0,0
0.0,1569306434619.0,0,0,0
0.0,1569306435079.0,0,0,0
0.0,1569306435539.0,0,0,0
0.0,1569306435999.0,0,0,0
0.0,1569306436469.0,0,0,0
0.0,1569306436929.0,0,0,0
0.0,1569306437389.0,0,0,0
0.0,1569306437849.0,0,0,0
0.0,1569306438300.0,0,0,0
0.0,1569306438769.0,0,0,0
0.0,1569306439219.0,0,0,0
0.0,1569306439689.0,0,0,0
0.0,1569306440149.0,0,0,0
0.0,1569306440599.0,0,0,0
0.0,1569306441059.0,0,0,0
0.0,1569306441519.0,0,0,0
0.0,1569306441979.0,0,0,0
0.0,1569306442440.0,0,0,0
0.0,1569306442909.0,0,0,0
0.0,1569306443369.0,0,0,0
0.0,1569306443829.0,0,0,0
0.0,1569306444289.0,0,0,0
0.0,1569306444749.0,0,0,0
0.0,1569306445219.0,0,0,0
0.0,1569306445680.0,0,0,0
0.0,1569306446139.0,0,0,0
0.0,1569306446599.0,0,0,0
0.0,1569306447069.0,0,0,0
0.0,1569306447529.0,0,0,0
0.0,1569306447991.0,0,0,0
0.0,1569306448460.0,0,0,0
0.0,1569306448909.0,0,0,0
0.0,1569306449379.0,0,0,0
0.0,1569306449839.0,0,0,0
0.0,1569306450289.0,0,0,0
0.0,1569306450749.0,0,0,0
0.0,1569306451209.0,0,0,0
0.0,1569306451679.0,0,0,0
0.0,1569306452139.0,0,0,0
0.0,1569306452599.0,0,0,0
0.0,1569306453069.0,0,0,0
0.0,1569306453519.0,0,0,0
0.0,1569306453980.0,0,0,0
0.0,1569306454460.0,0,0,0
0.0,1569306454909.0,0,0,0
0.0,1569306455369.0,0,0,0
0.0,1569306455829.0,0,0,0
0.0,1569306456289.0,0,0,0
0.0,1569306456749.0,0,0,0
0.0,1569306457209.0,0,0,0
0.0,1569306457669.0,0,0,0
0.0,1569306458129.0,0,0,0
0.0,1569306458589.0,0,0,0
0.0,1569306459049.0,0,0,0
0.0,1569306459509.0,0,0,0
0.0,1569306459959.0,0,0,0
0.0,1569306460419.0,0,0,0
0.0,1569306460879.0,0,0,0
0.0,1569306461339.0,0,0,0
0.0,1569306461799.0,0,0,0
0.0,1569306462259.0,0,0,0
0.0,1569306462719.0,0,0,0
0.0,1569306463189.0,0,0,0
0.0,1569306463649.0,0,0,0
0.0,1569306464129.0,0,0,0
0.0,1569306464569.0,0,0,0
0.0,1569306465029.0,0,0,0
0.0,1569306465499.0,0,0,0
0.0,1569306465959.0,0,0,0
0.0,1569306466419.0,0,0,0
0.0,1569306466889.0,0,0,0
0.0,1569306467339.0,0,0,0
0.0,1569306467799.0,0,0,0
0.0,1569306468259.0,0,0,0
0.0,1569306468729.0,0,0,0
0.0,1569306469191.0,0,0,0
0.0,1569306469649.0,0,0,0
0.0,1569306470109.0,0,0,0
0.0,1569306470569.0,0,0,0
0.0,1569306471031.0,0,0,0
0.0,1569306471489.0,0,0,0
0.0,1569306471949.0,0,0,0
0.0,1569306472409.0,0,0,0
0.0,1569306472869.0,0,0,0
0.0,1569306473329.0,0,0,0
0.0,1569306473789.0,0,0,0
0.0,1569306474249.0,0,0,0
0.0,1569306474754.0,0,0,0
0.0,1569306475169.0,0,0,0
0.0,1569306475629.0,0,0,0
0.0,1569306476089.0,0,0,0
0.0,1569306476549.0,0,0,0
0.0,1569306477009.0,0,0,0
0.0,1569306477470.0,0,0,0
0.0,1569306477952.0,0,0,0
0.0,1569306478399.0,0,0,0
0.0,1569306478859.0,0,0,0
0.0,1569306479319.0,0,0,0
0.0,1569306479779.0,0,0,0
0.0,1569306480230.0,0,0,0
0.0,1569306480690.0,0,0,0
0.0,1569306481159.0,0,0,0
0.0,1569306481619.0,0,0,0
0.0,1569306482079.0,0,0,0
0.0,1569306482539.0,0,0,0
0.0,1569306483000.0,0,0,0
0.0,1569306483471.0,0,0,0
0.0,1569306483929.0,0,0,0
0.0,1569306484390.0,0,0,0
0.0,1569306484849.0,0,0,0
0.0,1569306485319.0,1,0,0
0.0,1569306485779.0,1,0,0
0.187,1569306486239.0,1,0,0
0.35000000000000003,1569306486690.0,1,0,0
0.20600000000000002,1569306487149.0,1,0,0
0.107,1569306487609.0,1,0,0
0.227,1569306488069.0,1,0,0
0.362,1569306488530.0,1,0,0
0.371,1569306488999.0,1,0,0
0.331,1569306489489.0,1,0,0
0.367,1569306489921.0,1,0,0
0.73,1569306490379.0,1,0,0
1.093,1569306490839.0,1,0,0
1.491,1569306491299.0,1,0,0
1.351,1569306491760.0,1,0,0
0.751,1569306492220.0,1,0,0
0.855,1569306492680.0,1,0,0
0.759,1569306493139.0,1,0,0
0.37,1569306493589.0,1,0,0
0.06,1569306494059.0,1,0,0
-0.12,1569306494519.0,1,0,0
-0.135,1569306494979.0,1,0,0
-0.039,1569306495429.0,1,0,0
-0.154,1569306495899.0,1,0,0
-1.389,1569306496349.0,1,0,0
-1.949,1569306496819.0,1,0,0
-1.996,1569306497280.0,1,0,0
-1.368,1569306497741.0,2,0,0
-0.65,1569306498199.0,2,0,0
0.059000000000000004,1569306498659.0,2,0,0
0.271,1569306499120.0,2,0,0
0.263,1569306499569.0,2,0,0
0.212,1569306500039.0,2,0,0
0.309,1569306500499.0,2,0,0
0.598,1569306500959.0,2,0,0
0.713,1569306501420.0,2,0,0
0.721,1569306501879.0,2,0,0
0.788,1569306502339.0,2,0,0
0.588,1569306502800.0,2,0,0
0.402,1569306503260.0,2,0,0
0.32,1569306503729.0,2,0,0
0.326,1569306504189.0,2,0,0
0.46900000000000003,1569306504649.0,2,0,0
0.274,1569306505109.0,2,0,0
0.113,1569306505560.0,2,0,0
0.019,1569306506031.0,2,0,0
-0.046,1569306506502.0,2,0,0
-0.08,1569306506960.0,2,0,0
-0.11800000000000001,1569306507451.0,2,0,0
-0.112,1569306507880.0,2,0,0
-0.117,1569306508340.0,2,0,0
-0.10400000000000001,1569306508800.0,2,0,0
-0.057,1569306509259.0,2,0,0
-0.017,1569306509719.0,2,0,0
0.122,1569306510179.0,1,0,0
0.183,1569306510639.0,1,0,0
0.278,1569306511110.0,1,0,0
0.305,1569306511570.0,1,0,0
0.273,1569306512030.0,1,0,0
0.23800000000000002,1569306512484.0,1,0,0
0.203,1569306512950.0,1,0,0
0.199,1569306513400.0,1,0,0
0.225,1569306513860.0,1,0,0
0.265,1569306514319.0,1,0,0
0.107,1569306514801.0,1,0,0
0.113,1569306515249.0,1,0,0
0.088,1569306515710.0,1,0,0
0.14300000000000002,1569306516170.0,1,0,0
0.183,1569306516630.0,1,0,0
0.185,1569306517090.0,1,0,0
0.215,1569306517549.0,1,0,0
0.356,1569306518020.0,1,0,0
0.4,1569306518483.0,1,0,0
0.526,1569306518940.0,1,0,0
0.513,1569306519390.0,1,0,0
0.327,1569306519850.0,1,0,0
0.132,1569306520310.0,1,0,0
-0.034,1569306520770.0,1,0,0
-0.077,1569306521229.0,1,0,0
-0.19,1569306521690.0,1,0,0
-0.139,1569306522160.0,1,0,0
-0.093,1569306522620.0,1,0,0
-0.075,1569306523080.0,1,0,0
-0.031,1569306523540.0,1,0,0
-0.048,1569306524010.0,1,0,0
-0.041,1569306524482.0,1,0,0
-0.026000000000000002,1569306524920.0,1,0,0
0.006,1569306525380.0,1,0,0
-0.009000000000000001,1569306525840.0,1,0,0
0.006,1569306526310.0,1,0,0
0.007,1569306526779.0,1,0,0
-0.02,1569306527240.0,1,0,0
-0.012,1569306527700.0,1,0,0
-0.074,1569306528160.0,1,0,0
-0.011,1569306528620.0,1,0,0
-0.036000000000000004,1569306529080.0,1,0,0
-0.04,1569306529544.0,1,0,0
-0.038,1569306530000.0,1,0,0
0.001,1569306530481.0,1,0,0
0.001,1569306530930.0,1,0,0
0.017,1569306531390.0,1,0,0
0.048,1569306531850.0,1,0,0
0.252,1569306532309.0,1,0,0
0.367,1569306532770.0,1,0,0
0.307,1569306533220.0,1,0,0
0.12,1569306533680.0,1,0,0
-0.026000000000000002,1569306534140.0,1,0,0
-0.297,1569306534600.0,1,0,0
-0.513,1569306535060.0,1,0,0
-0.448,1569306535509.0,1,0,0
-0.436,1569306535970.0,1,0,0
-0.459,1569306536440.0,1,0,0
-0.468,1569306536900.0,1,0,0
-0.443,1569306537360.0,1,0,0
-0.435,1569306537820.0,1,0,0
-0.433,1569306538279.0,1,0,0
-0.451,1569306538740.0,1,0,0
-0.429,1569306539199.0,1,0,0
-0.267,1569306539670.0,1,0,0
-0.181,1569306540130.0,1,0,0
-0.14,1569306540590.0,1,0,0
-0.045,1569306541050.0,1,0,0
0.127,1569306541511.0,1,0,0
0.139,1569306541971.0,1,0,0
0.039,1569306542429.0,1,0,0
0.005,1569306542890.0,1,0,0
0.022,1569306543350.0,1,0,0
0.129,1569306543820.0,1,0,0
0.327,1569306544280.0,1,0,0
0.448,1569306544740.0,1,0,0
0.47000000000000003,1569306545201.0,1,0,0
0.431,1569306545660.0,1,0,0
0.23600000000000002,1569306546132.0,1,0,0
0.057,1569306546590.0,1,0,0
0.013000000000000001,1569306547050.0,1,0,0
0.051000000000000004,1569306547510.0,1,0,0
0.185,1569306547970.0,1,0,0
0.217,1569306548430.0,1,0,0
0.136,1569306548890.0,1,0,0
0.031,1569306549360.0,1,0,0
-0.081,1569306549820.0,1,0,0
-0.098,1569306550280.0,1,0,0
-0.164,1569306550740.0,1,0,0
-0.092,1569306551200.0,1,0,0
-0.059000000000000004,1569306551660.0,1,0,0
-0.075,1569306552130.0,1,0,0
-0.088,1569306552590.0,1,0,0
-0.113,1569306553050.0,1,0,0
-0.053,1569306553510.0,1,0,0
0.036000000000000004,1569306553970.0,1,0,0
0.054,1569306554430.0,1,0,0
0.096,1569306554890.0,1,0,0
0.019,1569306555810.0,1,0,0
0.066,1569306556270.0,1,0,0
0.122,1569306556730.0,1,0,0
0.112,1569306557192.0,1,0,0
0.114,1569306557650.0,1,0,0
0.167,1569306558134.0,1,0,0
0.07100000000000001,1569306558570.0,1,0,0
0.019,1569306559030.0,1,0,0
-0.244,1569306559490.0,1,0,0
-0.528,1569306559950.0,1,0,0
-0.686,1569306560411.0,1,0,0
-0.638,1569306560880.0,5,0,0
-0.449,1569306561341.0,5,0,0
-0.28,1569306561800.0,5,0,0
-0.203,1569306562260.0,5,0,0
-0.23500000000000001,1569306562720.0,5,0,0
-0.201,1569306563190.0,5,0,0
-0.148,1569306563650.0,5,0,0
-0.098,1569306564120.0,5,0,0
-0.083,1569306564570.0,5,0,0
-0.065,1569306565030.0,5,0,0
-0.051000000000000004,1569306565490.0,5,0,0
-0.046,1569306565952.0,5,0,0
-0.052000000000000005,1569306566420.0,5,0,0
-0.054,1569306566880.0,5,0,0
-0.065,1569306567340.0,5,0,0
-0.11800000000000001,1569306567790.0,5,0,0
-0.079,1569306568260.0,5,0,0
-0.046,1569306568731.0,5,0,0
-0.057,1569306569180.0,5,0,0
-0.08700000000000001,1569306569640.0,5,0,0
-0.054,1569306570100.0,1,0,0
-0.062,1569306570570.0,1,0,0
-0.084,1569306571030.0,1,0,0
-0.302,1569306571491.0,1,0,0
-0.753,1569306571950.0,1,0,0
-0.628,1569306572410.0,1,0,0
-0.963,1569306572870.0,1,0,0
-0.928,1569306573330.0,1,0,0
-0.5680000000000001,1569306573790.0,1,0,0
-0.313,1569306574260.0,1,0,0
-0.523,1569306574720.0,1,0,0
-0.41500000000000004,1569306575180.0,1,0,0
-0.34700000000000003,1569306575640.0,1,0,0
-0.14,1569306576100.0,1,0,0
-0.11900000000000001,1569306576560.0,1,0,0
-0.129,1569306577020.0,1,0,0
-0.20500000000000002,1569306577480.0,0,0,0
-0.23,1569306577950.0,0,0,0
-0.156,1569306578410.0,0,0,0
-0.1,1569306578880.0,0,0,0
-0.048,1569306579340.0,0,0,0
-0.02,1569306579800.0,0,0,0
-0.008,1569306580260.0,0,0,0
-0.003,1569306580730.0,0,0,0
-0.001,1569306581190.0,0,0,0
-0.001,1569306581650.0,0,0,0
0.0,1569306582110.0,0,0,0
0.0,1569306582570.0,0,0,0
0.0,1569306583030.0,0,0,0
0.0,1569306583490.0,0,0,0
0.0,1569306583950.0,0,0,0
0.0,1569306584410.0,0,0,0
0.0,1569306584870.0,0,0,0
0.0,1569306585330.0,0,0,0
0.0,1569306585790.0,0,0,0
0.0,1569306586260.0,0,0,0
0.0,1569306586720.0,0,0,0
0.0,1569306587181.0,0,0,0
0.0,1569306587640.0,0,0,0
0.0,1569306588100.0,0,0,0
0.0,1569306588560.0,0,0,0
0.0,1569306589020.0,0,0,0
0.0,1569306589481.0,0,0,0
0.0,1569306589950.0,1,0,0
0.0,1569306590410.0,1,0,0
0.0,1569306590931.0,1,0,0
0.378,1569306591330.0,1,0,0
0.505,1569306591800.0,1,0,0
0.48,1569306592260.0,1,0,0
0.41400000000000003,1569306592720.0,1,0,0
0.379,1569306593180.0,1,0,0
0.437,1569306593631.0,1,0,0
0.518,1569306594121.0,1,0,0
0.561,1569306594550.0,1,0,0
0.513,1569306595010.0,-1,0,0
0.325,1569306595474.0,-1,0,0
0.155,1569306595930.0,-1,0,0
0.068,1569306596390.0,-1,0,0
0.067,1569306596860.0,-1,0,0
0.037,1569306597320.0,-1,0,0
0.016,1569306597780.0,-1,0,0
-0.004,1569306598241.0,-1,0,0
0.13,1569306598690.0,-1,0,0
0.387,1569306599150.0,-1,0,0
0.26,1569306599610.0,-1,0,0
0.11900000000000001,1569306600070.0,-1,0,0
0.061,1569306600530.0,-1,0,0
0.184,1569306600990.0,-1,0,0
0.34800000000000003,1569306601441.0,-1,0,0
0.398,1569306601900.0,-1,0,0
0.277,1569306602360.0,-1,0,0
0.15,1569306602830.0,-1,0,0
0.421,1569306603290.0,-1,0,0
0.712,1569306603751.0,-1,0,0
0.543,1569306604210.0,-1,0,0
0.441,1569306604699.0,-1,0,0
0.316,1569306605140.0,-1,0,0
0.264,1569306605600.0,-1,0,0
0.268,1569306606061.0,-1,0,0
0.319,1569306606520.0,-1,0,0
0.328,1569306606980.0,5,0,0
0.395,1569306607450.0,5,0,0
0.326,1569306607920.0,5,0,0
0.215,1569306608380.0,5,0,0
0.088,1569306608850.0,5,0,0
-0.006,1569306609310.0,5,0,0
-0.07,1569306609770.0,5,0,0
-0.16,1569306610230.0,5,0,0
-0.15,1569306610690.0,5,0,0
-0.186,1569306611162.0,5,0,0
-0.145,1569306611620.0,5,0,0
-0.039,1569306612080.0,5,0,0
0.17500000000000002,1569306612540.0,5,0,0
0.225,1569306613001.0,5,0,0
0.221,1569306613460.0,5,0,0
0.167,1569306613930.0,1,0,0
0.138,1569306614400.0,1,0,0
0.092,1569306614860.0,1,0,0
0.059000000000000004,1569306615337.0,1,0,0
-0.013000000000000001,1569306615782.0,3,0,0
-0.115,1569306616240.0,3,0,0
-0.108,1569306616700.0,3,0,0
-0.109,1569306617161.0,3,0,0
-0.148,1569306617620.0,3,0,0
-0.061,1569306618092.0,3,0,0
-0.025,1569306618550.0,3,0,0
-0.039,1569306619010.0,3,0,0
-0.052000000000000005,1569306619471.0,3,0,0
-0.188,1569306619930.0,3,0,0
-0.148,1569306620390.0,3,0,0
-0.149,1569306620850.0,3,0,0
-0.17400000000000002,1569306621310.0,3,0,0
-0.274,1569306621770.0,3,0,0
-0.405,1569306622230.0,3,0,0
-0.34400000000000003,1569306622690.0,3,0,0
-0.315,1569306623150.0,3,0,0
-0.291,1569306623610.0,3,0,0
-0.243,1569306624070.0,3,0,0
-0.14400000000000002,1569306624530.0,3,0,0
0.125,1569306624990.0,3,0,0
0.518,1569306625450.0,3,0,0
0.755,1569306625941.0,1,0,0
0.859,1569306626370.0,1,0,0
0.84,1569306626830.0,1,0,0
0.91,1569306627310.0,1,0,0
0.875,1569306627771.0,1,0,0
0.863,1569306628230.0,1,0,0
0.71,1569306628691.0,1,0,0
0.512,1569306629160.0,1,0,0
0.40800000000000003,1569306629610.0,1,0,0
0.357,1569306630071.0,1,0,0
0.294,1569306630530.0,1,0,0
0.273,1569306630991.0,1,0,0
0.20400000000000001,1569306631450.0,1,0,0
0.09,1569306631911.0,1,0,0
0.002,1569306632380.0,1,0,0
-0.031,1569306632841.0,1,0,0
0.046,1569306633304.0,1,0,0
0.04,1569306633761.0,1,0,0
0.037,1569306634221.0,1,0,0
-0.035,1569306634680.0,1,0,0
-0.055,1569306635140.0,1,0,0
-0.084,1569306635601.0,1,0,0
-0.06,1569306636060.0,1,0,0
-0.095,1569306636542.0,1,0,0
-0.121,1569306636990.0,1,0,0
-0.108,1569306637451.0,1,0,0
-0.113,1569306637901.0,1,0,0
-0.148,1569306638370.0,1,0,0
-0.149,1569306638820.0,1,0,0
-0.13,1569306639280.0,1,0,0
-0.157,1569306639740.0,1,0,0
-0.159,1569306640201.0,1,0,0
-0.163,1569306640660.0,1,0,0
-0.153,1569306641130.0,1,0,0
-0.137,1569306641580.0,1,0,0
-0.14100000000000001,1569306642040.0,1,0,0
-0.14400000000000002,1569306642501.0,1,0,0
-0.139,1569306642960.0,1,0,0
-0.115,1569306643421.0,1,0,0
-0.123,1569306643880.0,1,0,0
-0.133,1569306644340.0,1,0,0
-0.129,1569306644810.0,1,0,0
-0.136,1569306645260.0,1,0,0
-0.138,1569306645721.0,1,0,0
-0.17500000000000002,1569306646180.0,1,0,0
-0.266,1569306646640.0,1,0,0
-0.20800000000000002,1569306647115.0,1,0,0
0.027,1569306647570.0,1,0,0
0.209,1569306648030.0,1,0,0
0.255,1569306648500.0,1,0,0
0.311,1569306648951.0,1,0,0
0.314,1569306649410.0,1,0,0
0.314,1569306649871.0,1,0,0
0.329,1569306650330.0,1,0,0
0.305,1569306650790.0,1,0,0
0.261,1569306651261.0,1,0,0
0.20800000000000002,1569306651720.0,1,0,0
0.165,1569306652180.0,1,0,0
0.17200000000000001,1569306652641.0,1,0,0
0.184,1569306653111.0,1,0,0
0.187,1569306653560.0,1,0,0
0.188,1569306654030.0,1,0,0
0.124,1569306654510.0,1,0,0
0.122,1569306654950.0,1,0,0
0.08,1569306655411.0,1,0,0
0.068,1569306655870.0,1,0,0
0.056,1569306656321.0,1,0,0
-0.04,1569306656780.0,1,0,0
-0.18,1569306657231.0,1,0,0
-0.319,1569306657690.0,1,0,0
-0.338,1569306658150.0,1,0,0
-0.26,1569306658610.0,1,0,0
-0.165,1569306659071.0,1,0,0
-0.302,1569306659530.0,1,0,0
-0.899,1569306659990.0,1,0,0
-0.836,1569306660451.0,1,0,0
-0.834,1569306660911.0,1,0,0
-1.2510000000000001,1569306661360.0,1,0,0
-0.96,1569306661821.0,1,0,0
-0.582,1569306662281.0,1,0,0
-0.376,1569306662741.0,1,0,0
-0.255,1569306663211.0,1,0,0
-0.227,1569306663671.0,1,0,0
-0.203,1569306664130.0,1,0,0
-0.146,1569306664591.0,1,0,0
0.07200000000000001,1569306665079.0,1,0,0
0.193,1569306665511.0,1,0,0
0.148,1569306665971.0,1,0,0
0.133,1569306666430.0,1,0,0
0.131,1569306666891.0,1,0,0
0.181,1569306667360.0,1,0,0
0.265,1569306667831.0,1,0,0
0.393,1569306668290.0,1,0,0
0.528,1569306668751.0,1,0,0
0.5630000000000001,1569306669210.0,1,0,0
0.624,1569306669670.0,1,0,0
0.622,1569306670141.0,1,0,0
0.519,1569306670601.0,1,0,0
0.495,1569306671060.0,1,0,0
0.498,1569306671520.0,1,0,0
0.514,1569306671981.0,1,0,0
0.515,1569306672474.0,1,0,0
0.496,1569306672901.0,1,0,0
0.403,1569306673370.0,1,0,0
0.264,1569306673831.0,1,0,0
0.115,1569306674291.0,1,0,0
-0.01,1569306674751.0,1,0,0
-0.07100000000000001,1569306675211.0,1,0,0
-0.041,1569306675670.0,1,0,0
-0.077,1569306676141.0,1,0,0
-0.15,1569306676600.0,1,0,0
-0.68,1569306677061.0,1,0,0
-1.072,1569306677520.0,1,0,0
-1.1380000000000001,1569306677981.0,1,0,0
-1.258,1569306678441.0,1,0,0
-1.422,1569306678901.0,1,0,0
-1.466,1569306679360.0,1,0,0
-1.484,1569306679845.0,1,0,0
-1.478,1569306680271.0,1,0,0
-1.292,1569306680732.0,1,0,0
-1.175,1569306681201.0,1,0,0
-0.936,1569306681670.0,1,0,0
-0.705,1569306682121.0,1,0,0
-0.522,1569306682580.0,1,0,0
-0.33,1569306683040.0,1,0,0
-0.218,1569306683501.0,1,0,0
-0.187,1569306683961.0,1,0,0
-0.324,1569306684420.0,1,0,0
-0.38,1569306684882.0,1,0,0
-0.334,1569306685352.0,0,0,0
-0.219,1569306685801.0,0,0,0
-0.125,1569306686271.0,0,0,0
-0.065,1569306686721.0,0,0,0
-0.027,1569306687201.0,0,0,0
-0.011,1569306687661.0,0,0,0
-0.005,1569306688121.0,0,0,0
-0.002,1569306688581.0,0,0,0
-0.001,1569306689041.0,0,0,0
0.0,1569306689501.0,0,0,0
0.0,1569306689961.0,1,0,0
0.0,1569306690421.0,1,0,0
0.006,1569306690891.0,1,0,0
0.489,1569306691351.0,1,0,0
0.553,1569306691811.0,1,0,0
0.486,1569306692271.0,1,0,0
0.542,1569306692732.0,1,0,0
0.836,1569306693201.0,1,0,0
0.854,1569306693673.0,1,0,0
0.727,1569306694121.0,1,0,0
0.661,1569306694581.0,1,0,0
0.763,1569306695040.0,1,0,0
0.926,1569306695508.0,1,0,0
0.9530000000000001,1569306695951.0,1,0,0
0.926,1569306696411.0,1,0,0
0.881,1569306696870.0,1,0,0
0.675,1569306697331.0,1,0,0
0.597,1569306697791.0,1,0,0
0.579,1569306698261.0,1,0,0
0.59,1569306698721.0,1,0,0
0.584,1569306699182.0,1,0,0
0.258,1569306699651.0,1,0,0
-0.791,1569306700101.0,1,0,0
-1.2670000000000001,1569306700561.0,1,0,0
-1.0030000000000001,1569306701021.0,1,0,0
-0.654,1569306701494.0,1,0,0
-0.767,1569306701941.0,1,0,0
-0.528,1569306702411.0,1,0,0
-0.29,1569306702861.0,1,0,0
-0.166,1569306703321.0,1,0,0
-0.098,1569306703781.0,1,0,0
0.012,1569306704273.0,1,0,0
0.183,1569306704701.0,1,0,0
0.249,1569306705162.0,1,0,0
0.248,1569306705641.0,1,0,0
0.256,1569306706101.0,1,0,0
0.292,1569306706561.0,1,0,0
0.327,1569306707021.0,1,0,0
0.32,1569306707492.0,1,0,0
0.28,1569306707951.0,1,0,0
0.232,1569306708421.0,1,0,0
0.193,1569306708881.0,1,0,0
0.262,1569306709341.0,1,0,0
0.306,1569306709811.0,1,0,0
0.317,1569306710271.0,1,0,0
0.34,1569306710731.0,1,0,0
0.279,1569306711201.0,1,0,0
0.139,1569306711661.0,1,0,0
-0.026000000000000002,1569306712131.0,1,0,0
-0.151,1569306712601.0,1,0,0
-0.202,1569306713061.0,1,0,0
-0.253,1569306713521.0,1,0,0
-0.277,1569306713981.0,1,0,0
-0.23700000000000002,1569306714441.0,1,0,0
-0.23600000000000002,1569306714901.0,1,0,0
-0.462,1569306715361.0,1,0,0
-0.5730000000000001,1569306715822.0,1,0,0
-0.378,1569306716281.0,1,0,0
-0.266,1569306716741.0,1,0,0
-0.312,1569306717201.0,1,0,0
-0.5740000000000001,1569306717661.0,1,0,0
-0.977,1569306718131.0,1,0,0
-1.127,1569306718591.0,1,0,0
-0.9580000000000001,1569306719081.0,1,0,0
-0.652,1569306719521.0,1,0,0
-0.551,1569306719981.0,1,0,0
-0.591,1569306720431.0,1,0,0
-0.616,1569306720891.0,1,0,0
-0.743,1569306721362.0,1,0,0
-0.664,1569306721824.0,0,0,0
-0.622,1569306722281.0,0,0,0
-0.403,1569306722741.0,0,0,0
-0.20600000000000002,1569306723201.0,0,0,0
-0.094,1569306723661.0,0,0,0
-0.039,1569306724122.0,0,0,0
-0.016,1569306724581.0,0,0,0
-0.007,1569306725041.0,0,0,0
-0.003,1569306725511.0,0,0,0
-0.001,1569306725972.0,0,0,0
0.0,1569306726497.0,0,0,0
0.0,1569306726901.0,0,0,0
0.0,1569306727362.0,0,0,0
0.0,1569306727822.0,0,0,0
0.0,1569306728305.0,0,0,0
0.0,1569306728762.0,0,0,0
0.0,1569306729222.0,0,0,0
0.0,1569306729682.0,0,0,0
0.0,1569306730142.0,0,0,0
0.0,1569306730611.0,0,0,0
0.0,1569306731071.0,0,0,0
0.0,1569306731531.0,0,0,0
0.0,1569306731991.0,0,0,0
0.0,1569306732462.0,0,0,0
0.0,1569306732921.0,0,0,0
0.0,1569306733382.0,0,0,0
0.0,1569306733832.0,0,0,0
0.0,1569306734292.0,0,0,0
0.0,1569306734752.0,0,0,0
0.0,1569306735212.0,0,0,0
0.0,1569306735681.0,0,0,0
0.0,1569306736142.0,0,0,0
0.0,1569306736601.0,0,0,0
0.0,1569306737085.0,0,0,0
0.0,1569306737521.0,0,0,0
0.0,1569306737983.0,0,0,0
0.0,1569306738432.0,0,0,0
0.0,1569306738891.0,0,0,0
0.0,1569306739351.0,0,0,0
0.0,1569306739812.0,0,0,0
0.0,1569306740271.0,0,0,0
0.0,1569306740732.0,0,0,0
0.0,1569306741192.0,0,0,0
0.0,1569306741651.0,0,0,0
0.0,1569306742111.0,0,0,0
0.0,1569306742572.0,0,0,0
0.0,1569306743032.0,0,0,0
0.0,1569306743492.0,0,0,0
0.0,1569306743951.0,0,0,0
0.0,1569306744421.0,0,0,0
0.0,1569306744872.0,0,0,0
0.0,1569306745342.0,0,0,0
0.0,1569306745811.0,0,0,0
0.0,1569306746272.0,0,0,0
0.0,1569306746731.0,0,0,0
0.0,1569306747182.0,0,0,0
0.0,1569306747651.0,0,0,0
0.0,1569306748112.0,0,0,0
0.0,1569306748581.0,0,0,0
0.0,1569306749042.0,0,0,0
0.0,1569306749511.0,0,0,0
0.0,1569306749972.0,0,0,0
0.0,1569306750432.0,0,0,0
0.0,1569306750881.0,0,0,0
0.0,1569306751352.0,0,0,0
0.0,1569306751811.0,0,0,0
0.0,1569306752282.0,0,0,0
0.0,1569306752741.0,0,0,0
0.0,1569306753201.0,0,0,0
0.0,1569306753661.0,0,0,0
0.0,1569306754122.0,0,0,0
0.0,1569306754592.0,0,0,0
0.0,1569306755511.0,0,0,0
0.0,1569306755972.0,0,0,0
0.0,1569306756432.0,0,0,0
0.0,1569306756891.0,0,0,0
0.0,1569306757352.0,0,0,0
0.0,1569306757812.0,0,0,0
0.0,1569306758271.0,0,0,0
0.0,1569306758731.0,0,0,0
0.0,1569306759192.0,0,0,0
0.0,1569306759651.0,0,0,0
0.0,1569306760111.0,0,0,0
0.0,1569306760571.0,0,0,0
0.0,1569306761032.0,0,0,0
0.0,1569306761492.0,0,0,0
0.0,1569306761951.0,0,0,0
0.0,1569306762426.0,0,0,0
0.0,1569306762871.0,0,0,0
0.0,1569306763332.0,0,0,0
0.0,1569306763792.0,0,0,0
0.0,1569306764251.0,0,0,0
0.0,1569306764711.0,0,0,0
0.0,1569306765162.0,0,0,0
0.0,1569306765643.0,0,0,0
0.0,1569306766092.0,0,0,0
0.0,1569306766552.0,0,0,0
0.0,1569306767014.0,0,0,0
0.0,1569306767482.0,0,0,0
0.0,1569306767942.0,0,0,0
0.0,1569306768422.0,0,0,0
0.0,1569306768882.0,0,0,0
0.0,1569306769342.0,0,0,0
0.0,1569306769844.0,0,0,0
0.0,1569306770262.0,0,0,0
0.0,1569306770721.0,0,0,0
0.0,1569306771191.0,0,0,0
0.0,1569306771652.0,0,0,0
0.0,1569306772112.0,0,0,0
0.0,1569306772572.0,0,0,0
0.0,1569306773042.0,0,0,0
0.0,1569306773502.0,0,0,0
0.0,1569306773962.0,0,0,0
0.0,1569306774432.0,0,0,0
0.0,1569306774892.0,0,0,0
0.0,1569306775342.0,0,0,0
0.0,1569306775811.0,0,0,0
0.0,1569306776272.0,0,0,0
0.0,1569306776731.0,0,0,0
0.0,1569306777224.0,0,0,0
0.0,1569306777652.0,0,0,0
0.0,1569306778112.0,0,0,0
0.0,1569306778572.0,0,0,0
0.0,1569306779031.0,0,0,0
0.0,1569306779492.0,0,0,0
0.0,1569306779951.0,0,0,0
0.0,1569306780435.0,0,0,0
0.0,1569306780871.0,0,0,0
0.0,1569306781344.0,0,0,0
0.0,1569306781801.0,0,0,0
0.0,1569306782252.0,0,0,0
0.0,1569306782711.0,0,0,0
0.0,1569306783172.0,2,0,0
0.0,1569306783641.0,2,0,0
0.042,1569306784102.0,2,0,0
0.46,1569306784562.0,2,0,0
0.858,1569306785023.0,2,0,0
0.992,1569306785482.0,2,0,0
0.739,1569306785944.0,2,0,0
0.551,1569306786411.0,2,0,0
0.5670000000000001,1569306786872.0,2,0,0
0.929,1569306787332.0,2,0,0
1.528,1569306787808.0,2,0,0
1.991,1569306788262.0,2,0,0
1.089,1569306788721.0,2,0,0
0.6,1569306789182.0,2,0,0
0.399,1569306789642.0,2,0,0
0.22,1569306790101.0,2,0,0
0.07,1569306790562.0,2,0,0
-0.007,1569306791021.0,2,0,0
0.021,1569306791482.0,2,0,0
0.013000000000000001,1569306791942.0,2,0,0
0.049,1569306792411.0,2,0,0
0.123,1569306792872.0,2,0,0
0.321,1569306793331.0,2,0,0
0.357,1569306793791.0,2,0,0
0.227,1569306794252.0,2,0,0
0.08600000000000001,1569306794721.0,2,0,0
0.038,1569306795197.0,2,0,0
0.031,1569306795642.0,2,0,0
0.052000000000000005,1569306796102.0,2,0,0
0.139,1569306796572.0,2,0,0
0.324,1569306797032.0,2,0,0
0.462,1569306797491.0,2,0,0
0.485,1569306797941.0,1,0,0
0.518,1569306798412.0,1,0,0
0.493,1569306798872.0,1,0,0
0.406,1569306799332.0,1,0,0
0.323,1569306799801.0,1,0,0
0.277,1569306800261.0,1,0,0
0.277,1569306800722.0,1,0,0
0.186,1569306801182.0,1,0,0
-0.027,1569306801652.0,1,0,0
-0.194,1569306802112.0,1,0,0
-0.226,1569306802597.0,1,0,0
-0.012,1569306803042.0,1,0,0
0.169,1569306803491.0,1,0,0
0.159,1569306803952.0,1,0,0
0.051000000000000004,1569306804422.0,1,0,0
0.006,1569306804881.0,1,0,0
-0.013000000000000001,1569306805342.0,1,0,0
0.018000000000000002,1569306805802.0,1,0,0
0.018000000000000002,1569306806272.0,1,0,0
-0.003,1569306806731.0,1,0,0
-0.097,1569306807202.0,1,0,0
-0.042,1569306807662.0,1,0,0
-0.105,1569306808122.0,5,0,0
-0.20800000000000002,1569306808591.0,5,0,0
-0.301,1569306809052.0,5,0,0
-0.405,1569306809511.0,5,0,0
-0.404,1569306810004.0,5,0,0
-0.428,1569306810432.0,5,0,0
-0.316,1569306810891.0,5,0,0
0.121,1569306811352.0,5,0,0
0.311,1569306811812.0,5,0,0
0.265,1569306812272.0,5,0,0
0.23900000000000002,1569306812742.0,5,0,0
0.179,1569306813212.0,5,0,0
0.157,1569306813671.0,5,0,0
0.199,1569306814132.0,5,0,0
0.135,1569306814591.0,1,0,0
0.14100000000000001,1569306815052.0,1,0,0
0.154,1569306815514.0,1,0,0
0.125,1569306815972.0,1,0,0
0.10200000000000001,1569306816442.0,1,0,0
0.067,1569306816902.0,3,0,0
-0.049,1569306817361.0,3,0,0
-0.123,1569306817822.0,3,0,0
-0.17,1569306818282.0,3,0,0
-0.28200000000000003,1569306818742.0,3,0,0
-0.40900000000000003,1569306819201.0,3,0,0
-0.458,1569306819671.0,3,0,0
-0.4,1569306820121.0,3,0,0
-0.429,1569306820582.0,3,0,0
-0.486,1569306821041.0,3,0,0
-0.508,1569306821501.0,3,0,0
-0.43,1569306821962.0,3,0,0
-0.365,1569306822422.0,3,0,0
-0.309,1569306822882.0,3,0,0
-0.138,1569306823341.0,3,0,0
0.075,1569306823812.0,3,0,0
0.183,1569306824271.0,3,0,0
0.21,1569306824732.0,3,0,0
0.268,1569306825192.0,3,0,0
0.515,1569306825651.0,3,0,0
0.779,1569306826112.0,3,0,0
0.871,1569306826581.0,3,0,0
0.884,1569306827042.0,1,0,0
0.897,1569306827502.0,1,0,0
0.852,1569306827971.0,1,0,0
0.648,1569306828422.0,4,0,0
0.539,1569306828882.0,4,0,0
0.393,1569306829352.0,4,0,0
0.329,1569306829812.0,4,0,0
0.361,1569306830272.0,4,0,0
0.436,1569306830732.0,4,0,0
0.553,1569306831207.0,4,0,0
0.6,1569306831652.0,4,0,0
0.646,1569306832112.0,4,0,0
0.617,1569306832582.0,4,0,0
0.5720000000000001,1569306833042.0,4,0,0
0.541,1569306833502.0,1,0,0
0.523,1569306833952.0,1,0,0
0.585,1569306834421.0,1,0,0
0.546,1569306834883.0,1,0,0
0.493,1569306835342.0,1,0,0
0.401,1569306835812.0,1,0,0
0.363,1569306836272.0,1,0,0
0.28800000000000003,1569306836732.0,1,0,0
0.179,1569306837193.0,1,0,0
0.149,1569306837652.0,1,0,0
0.116,1569306838111.0,1,0,0
0.123,1569306838572.0,1,0,0
0.08600000000000001,1569306839022.0,1,0,0
0.132,1569306839491.0,1,0,0
-0.023,1569306839952.0,1,0,0
-0.132,1569306840422.0,1,0,0
-0.322,1569306840882.0,1,0,0
-0.295,1569306841342.0,1,0,0
-0.305,1569306841802.0,1,0,0
-0.335,1569306842262.0,1,0,0
-0.353,1569306842722.0,1,0,0
-0.35100000000000003,1569306843193.0,1,0,0
-0.34600000000000003,1569306843652.0,1,0,0
-0.442,1569306844122.0,1,0,0
-0.375,1569306844582.0,1,0,0
-0.315,1569306845053.0,1,0,0
-0.234,1569306845502.0,1,0,0
-0.115,1569306845975.0,1,0,0
-0.062,1569306846422.0,1,0,0
-0.066,1569306846892.0,1,0,0
-0.165,1569306847352.0,1,0,0
-0.214,1569306847812.0,1,0,0
-0.20500000000000002,1569306848272.0,1,0,0
-0.135,1569306848742.0,1,0,0
-0.091,1569306849212.0,1,0,0
-0.154,1569306849683.0,1,0,0
-0.254,1569306850142.0,1,0,0
-0.28800000000000003,1569306850602.0,1,0,0
-0.33,1569306851062.0,1,0,0
-0.368,1569306851522.0,1,0,0
-0.299,1569306851982.0,1,0,0
-0.249,1569306852442.0,1,0,0
-0.099,1569306852902.0,1,0,0
0.017,1569306853363.0,1,0,0
0.07200000000000001,1569306853832.0,1,0,0
0.066,1569306854282.0,1,0,0
0.061,1569306854742.0,1,0,0
0.054,1569306855202.0,1,0,0
0.055,1569306855662.0,1,0,0
0.034,1569306856122.0,1,0,0
0.027,1569306856598.0,1,0,0
-0.036000000000000004,1569306857052.0,1,0,0
-0.081,1569306857512.0,1,0,0
-0.112,1569306857972.0,4,0,0
-0.101,1569306858432.0,4,0,0
-0.075,1569306858892.0,4,0,0
-0.061,1569306859352.0,4,0,0
-0.057,1569306859812.0,4,0,0
-0.07200000000000001,1569306860272.0,4,0,0
-0.07,1569306860732.0,4,0,0
-0.089,1569306861182.0,4,0,0
-0.039,1569306861652.0,4,0,0
-0.065,1569306862102.0,4,0,0
-0.003,1569306862572.0,4,0,0
0.044,1569306863032.0,4,0,0
-0.076,1569306863492.0,4,0,0
-0.209,1569306863980.0,4,0,0
-0.257,1569306864413.0,1,0,0
-0.167,1569306864872.0,1,0,0
-0.093,1569306865342.0,1,0,0
-0.049,1569306865802.0,1,0,0
-0.021,1569306866263.0,1,0,0
0.07200000000000001,1569306866732.0,1,0,0
0.129,1569306867192.0,4,0,0
0.163,1569306867652.0,4,0,0
0.20700000000000002,1569306868112.0,4,0,0
0.211,1569306868582.0,4,0,0
0.243,1569306869042.0,4,0,0
0.214,1569306869502.0,4,0,0
0.187,1569306869962.0,4,0,0
0.198,1569306870422.0,4,0,0
0.197,1569306870882.0,4,0,0
0.179,1569306871342.0,4,0,0
0.19,1569306871802.0,4,0,0
0.171,1569306872262.0,4,0,0
0.23900000000000002,1569306872732.0,4,0,0
0.228,1569306873183.0,1,0,0
0.185,1569306873653.0,1,0,0
0.193,1569306874112.0,1,0,0
0.182,1569306874573.0,1,0,0
0.188,1569306875042.0,1,0,0
0.185,1569306875527.0,1,0,0
0.159,1569306875952.0,2,0,0
0.12,1569306876412.0,2,0,0
0.019,1569306876882.0,2,0,0
0.014,1569306877343.0,2,0,0
0.06,1569306877802.0,2,0,0
0.068,1569306878262.0,2,0,0
0.034,1569306878722.0,2,0,0
-0.015,1569306879183.0,2,0,0
-0.064,1569306879643.0,2,0,0
-0.063,1569306880102.0,2,0,0
-0.056,1569306880563.0,2,0,0
-0.07200000000000001,1569306881022.0,2,0,0
-0.152,1569306881472.0,2,0,0
-0.098,1569306881932.0,1,0,0
-0.107,1569306882393.0,1,0,0
-0.107,1569306882862.0,1,0,0
-0.098,1569306883316.0,1,0,0
-0.07100000000000001,1569306883782.0,1,0,0
-0.046,1569306884233.0,1,0,0
-0.024,1569306884693.0,1,0,0
-0.033,1569306885152.0,3,0,0
-0.024,1569306885612.0,3,0,0
-0.045,1569306886072.0,3,0,0
0.025,1569306886545.0,3,0,0
0.108,1569306887003.0,3,0,0
0.156,1569306887463.0,3,0,0
0.199,1569306887922.0,3,0,0
0.214,1569306888373.0,3,0,0
0.212,1569306888833.0,3,0,0
0.228,1569306889303.0,3,0,0
0.245,1569306889773.0,3,0,0
0.241,1569306890242.0,3,0,0
0.264,1569306890713.0,1,0,0
0.28600000000000003,1569306891163.0,1,0,0
0.27,1569306891633.0,1,0,0
0.182,1569306892092.0,1,0,0
-0.054,1569306892553.0,1,0,0
-0.177,1569306893013.0,1,0,0
-0.161,1569306893473.0,1,0,0
-0.096,1569306893932.0,1,0,0
-0.025,1569306894437.0,1,0,0
-0.025,1569306894863.0,1,0,0
-0.069,1569306895323.0,1,0,0
-0.187,1569306895783.0,1,0,0
-0.313,1569306896252.0,1,0,0
-0.365,1569306896713.0,1,0,0
-0.364,1569306897172.0,1,0,0
-0.353,1569306897632.0,1,0,0
-0.289,1569306898093.0,1,0,0
-0.14200000000000002,1569306898553.0,1,0,0
0.003,1569306899012.0,1,0,0
0.094,1569306899473.0,1,0,0
0.145,1569306899932.0,1,0,0
0.151,1569306900392.0,1,0,0
0.14400000000000002,1569306900863.0,1,0,0
0.125,1569306901312.0,1,0,0
0.101,1569306901772.0,1,0,0
0.105,1569306902232.0,1,0,0
0.108,1569306902693.0,1,0,0
0.114,1569306903163.0,1,0,0
0.101,1569306903623.0,1,0,0
0.108,1569306904083.0,1,0,0
0.073,1569306904533.0,1,0,0
-0.031,1569306905036.0,1,0,0
-0.185,1569306905463.0,1,0,0
-0.314,1569306905932.0,1,0,0
-0.331,1569306906383.0,1,0,0
-0.332,1569306906852.0,1,0,0
-0.353,1569306907314.0,1,0,0
-0.343,1569306907774.0,5,0,0
-0.199,1569306908232.0,5,0,0
-0.022,1569306908703.0,5,0,0
-0.001,1569306909152.0,5,0,0
-0.045,1569306909632.0,5,0,0
-0.154,1569306910093.0,5,0,0
-0.249,1569306910554.0,5,0,0
-0.302,1569306911013.0,5,0,0
-0.215,1569306911482.0,5,0,0
-0.14200000000000002,1569306911932.0,5,0,0
-0.088,1569306912392.0,5,0,0
-0.065,1569306912852.0,5,0,0
-0.06,1569306913323.0,5,0,0
-0.063,1569306913783.0,5,0,0
-0.064,1569306914243.0,5,0,0
-0.08600000000000001,1569306914703.0,5,0,0
-0.04,1569306915162.0,5,0,0
0.019,1569306915623.0,5,0,0
0.075,1569306916083.0,5,0,0
0.117,1569306916546.0,1,0,0
0.157,1569306917004.0,1,0,0
0.17500000000000002,1569306917463.0,1,0,0
0.162,1569306917912.0,1,0,0
0.157,1569306918373.0,1,0,0
0.232,1569306918842.0,1,0,0
0.28400000000000003,1569306919305.0,1,0,0
0.252,1569306919762.0,1,0,0
0.171,1569306920222.0,1,0,0
0.107,1569306920682.0,1,0,0
0.078,1569306921142.0,1,0,0
0.065,1569306921593.0,1,0,0
0.025,1569306922052.0,1,0,0
-0.189,1569306922513.0,9,0,0
-0.363,1569306922973.0,9,0,0
-0.592,1569306923432.0,9,0,0
-0.972,1569306923892.0,9,0,0
-1.331,1569306924343.0,9,0,0
-1.45,1569306924813.0,9,0,0
-1.427,1569306925272.0,9,0,0
-0.896,1569306925733.0,9,0,0
-0.607,1569306926193.0,9,0,0
-0.599,1569306926663.0,9,0,0
-0.619,1569306927132.0,9,0,0
-0.11900000000000001,1569306927593.0,9,0,0
0.061,1569306928053.0,9,0,0
0.123,1569306928513.0,9,0,0
0.135,1569306928973.0,9,0,0
0.124,1569306929432.0,9,0,0
0.158,1569306929902.0,9,0,0
0.20400000000000001,1569306930373.0,9,0,0
0.158,1569306930832.0,9,0,0
0.17,1569306931292.0,9,0,0
0.196,1569306931753.0,9,0,0
0.05,1569306932213.0,9,0,0
-0.187,1569306932673.0,9,0,0
-0.179,1569306933133.0,9,0,0
-0.113,1569306933592.0,9,0,0
-0.067,1569306934052.0,9,0,0
0.045,1569306934523.0,9,0,0
0.234,1569306934993.0,9,0,0
0.37,1569306935452.0,9,0,0
0.503,1569306935913.0,9,0,0
0.374,1569306936373.0,9,0,0
0.149,1569306936857.0,9,0,0
0.14,1569306937292.0,9,0,0
0.234,1569306937753.0,9,0,0
0.29,1569306938223.0,9,0,0
0.295,1569306938684.0,9,0,0
0.099,1569306939143.0,9,0,0
-0.2,1569306939593.0,9,0,0
-0.447,1569306940053.0,9,0,0
-0.42,1569306940513.0,9,0,0
-0.317,1569306940973.0,9,0,0
-0.193,1569306941433.0,9,0,0
-0.114,1569306941893.0,9,0,0
0.016,1569306942353.0,9,0,0
0.17,1569306942814.0,9,0,0
0.122,1569306943272.0,9,0,0
-0.1,1569306943733.0,9,0,0
-0.266,1569306944193.0,9,0,0
-0.177,1569306944653.0,9,0,0
0.007,1569306945113.0,9,0,0
0.251,1569306945573.0,9,0,0
0.34700000000000003,1569306946033.0,9,0,0
0.431,1569306946492.0,9,0,0
0.41300000000000003,1569306946953.0,9,0,0
0.463,1569306947413.0,1,0,0
0.434,1569306947883.0,1,0,0
0.365,1569306948343.0,1,0,0
0.28300000000000003,1569306948803.0,1,0,0
0.186,1569306949263.0,1,0,0
0.263,1569306949733.0,1,0,0
0.29,1569306950206.0,1,0,0
0.28700000000000003,1569306950652.0,1,0,0
0.156,1569306951113.0,1,0,0
-0.054,1569306951573.0,1,0,0
-0.08700000000000001,1569306952033.0,1,0,0
-0.042,1569306952493.0,1,0,0
0.066,1569306952962.0,1,0,0
0.156,1569306953423.0,1,0,0
0.251,1569306953893.0,1,0,0
0.199,1569306954363.0,1,0,0
0.131,1569306954823.0,1,0,0
0.107,1569306955283.0,1,0,0
0.067,1569306955743.0,1,0,0
0.077,1569306956203.0,1,0,0
0.109,1569306956663.0,1,0,0
0.105,1569306957123.0,1,0,0
0.035,1569306957583.0,1,0,0
-0.02,1569306958070.0,1,0,0
-0.2,1569306958503.0,1,0,0
-0.553,1569306958973.0,1,0,0
-0.706,1569306959433.0,1,0,0
-0.686,1569306959893.0,1,0,0
-0.528,1569306960373.0,1,0,0
-0.338,1569306960833.0,1,0,0
-0.188,1569306961296.0,1,0,0
-0.076,1569306961753.0,1,0,0
-0.007,1569306962213.0,1,0,0
0.46900000000000003,1569306962673.0,1,0,0
0.64,1569306963134.0,1,0,0
0.666,1569306963603.0,1,0,0
0.712,1569306964063.0,1,0,0
0.71,1569306964523.0,1,0,0
0.6920000000000001,1569306964982.0,1,0,0
0.71,1569306965443.0,1,0,0
0.729,1569306965902.0,1,0,0
0.74,1569306966363.0,1,0,0
0.717,1569306966823.0,1,0,0
0.535,1569306967283.0,1,0,0
0.355,1569306967756.0,1,0,0
0.353,1569306968213.0,1,0,0
0.298,1569306968673.0,1,0,0
0.3,1569306969133.0,1,0,0
0.225,1569306969584.0,1,0,0
0.16,1569306970043.0,1,0,0
-0.027,1569306970513.0,1,0,0
-0.022,1569306970973.0,1,0,0
-0.069,1569306971443.0,4,0,0
-0.015,1569306971903.0,4,0,0
-0.067,1569306972363.0,4,0,0
-0.126,1569306972852.0,4,0,0
-0.169,1569306973273.0,4,0,0
-0.28500000000000003,1569306973733.0,4,0,0
-0.269,1569306974194.0,4,0,0
-0.291,1569306974663.0,4,0,0
-0.23900000000000002,1569306975123.0,4,0,0
-0.12,1569306975583.0,4,0,0
0.066,1569306976043.0,4,0,0
0.261,1569306976503.0,4,0,0
0.35000000000000003,1569306976973.0,4,0,0
0.392,1569306977433.0,1,0,0
0.389,1569306977893.0,1,0,0
0.325,1569306978353.0,1,0,0
0.41400000000000003,1569306978813.0,1,0,0
0.398,1569306979273.0,1,0,0
0.309,1569306979733.0,1,0,0
0.402,1569306980193.0,1,0,0
0.355,1569306980653.0,1,0,0
0.322,1569306981123.0,1,0,0
0.255,1569306981574.0,1,0,0
0.313,1569306982033.0,1,0,0
0.40900000000000003,1569306982493.0,1,0,0
0.378,1569306982954.0,1,0,0
0.459,1569306983413.0,1,0,0
0.426,1569306983874.0,1,0,0
0.33,1569306984333.0,1,0,0
0.324,1569306984793.0,1,0,0
0.361,1569306985253.0,1,0,0
0.361,1569306985713.0,1,0,0
0.306,1569306986173.0,1,0,0
0.28800000000000003,1569306986633.0,1,0,0
0.251,1569306987093.0,1,0,0
0.18,1569306987558.0,1,0,0
0.068,1569306988013.0,1,0,0
0.005,1569306988473.0,1,0,0
0.013000000000000001,1569306988933.0,1,0,0
0.035,1569306989393.0,1,0,0
0.009000000000000001,1569306989853.0,1,0,0
0.016,1569306990313.0,1,0,0
0.015,1569306990774.0,1,0,0
0.025,1569306991233.0,1,0,0
0.008,1569306991693.0,1,0,0
0.015,1569306992153.0,1,0,0
0.004,1569306992613.0,1,0,0
-0.003,1569306993083.0,1,0,0
0.004,1569306993533.0,1,0,0
-0.012,1569306993993.0,1,0,0
-0.008,1569306994463.0,1,0,0
0.006,1569306994923.0,1,0,0
-0.014,1569306995383.0,1,0,0
-0.009000000000000001,1569306995853.0,1,0,0
0.0,1569306996313.0,1,0,0
-0.004,1569306996773.0,1,0,0
-0.018000000000000002,1569306997233.0,1,0,0
-0.011,1569306997693.0,1,0,0
-0.019,1569306998143.0,1,0,0
-0.01,1569306998613.0,1,0,0
-0.021,1569306999083.0,1,0,0
0.008,1569306999533.0,1,0,0
-0.006,1569307000003.0,1,0,0
-0.081,1569307000454.0,1,0,0
-0.176,1569307000914.0,1,0,0
-0.269,1569307001374.0,1,0,0
-0.314,1569307001833.0,1,0,0
-0.327,1569307002294.0,1,0,0
-0.319,1569307002753.0,1,0,0
-0.315,1569307003213.0,1,0,0
-0.32,1569307003673.0,1,0,0
-0.252,1569307004134.0,1,0,0
-0.135,1569307004594.0,1,0,0
-0.025,1569307005054.0,1,0,0
0.035,1569307005576.0,1,0,0
0.013000000000000001,1569307005963.0,1,0,0
-0.038,1569307006423.0,1,0,0
-0.158,1569307006883.0,1,0,0
-0.212,1569307007353.0,1,0,0
-0.314,1569307007814.0,1,0,0
-0.31,1569307008274.0,1,0,0
-0.309,1569307008759.0,1,0,0
-0.314,1569307009184.0,1,0,0
-0.493,1569307009644.0,1,0,0
-1.045,1569307010104.0,1,0,0
-1.2790000000000001,1569307010584.0,1,0,0
-1.337,1569307011044.0,1,0,0
-1.377,1569307011504.0,1,0,0
-1.453,1569307011973.0,1,0,0
-1.453,1569307012433.0,1,0,0
-1.452,1569307012894.0,1,0,0
-1.439,1569307013354.0,1,0,0
-1.561,1569307013814.0,1,0,0
-1.5150000000000001,1569307014274.0,1,0,0
-0.9500000000000001,1569307014743.0,1,0,0
-0.561,1569307015203.0,1,0,0
-1.317,1569307015664.0,1,0,0
-1.316,1569307016134.0,1,0,0
-0.683,1569307016594.0,1,0,0
-0.622,1569307017053.0,1,0,0
-0.934,1569307017514.0,1,0,0
-0.708,1569307017984.0,1,0,0
-0.354,1569307018443.0,1,0,0
-0.389,1569307018904.0,1,0,0
-0.6890000000000001,1569307019385.0,1,0,0
-0.842,1569307019824.0,1,0,0
-0.788,1569307020273.0,1,0,0
-0.545,1569307020733.0,1,0,0
-0.393,1569307021193.0,1,0,0
-0.392,1569307021653.0,1,0,0
-0.329,1569307022123.0,1,0,0
-0.29,1569307022584.0,1,0,0
-0.482,1569307023053.0,1,0,0
-0.401,1569307023513.0,1,0,0
-0.298,1569307023974.0,1,0,0
-0.212,1569307024434.0,1,0,0
-0.127,1569307024894.0,1,0,0
-0.05,1569307025354.0,1,0,0
0.159,1569307025814.0,1,0,0
0.057,1569307026274.0,0,0,0
-0.17400000000000002,1569307026734.0,0,0,0
-0.152,1569307027193.0,0,0,0
-0.08600000000000001,1569307027654.0,0,0,0
-0.038,1569307028113.0,0,0,0
-0.016,1569307028573.0,0,0,0
-0.007,1569307029034.0,0,0,0
-0.003,1569307029503.0,0,0,0
-0.001,1569307029958.0,0,0,0
0.0,1569307030414.0,0,0,0
0.0,1569307030874.0,0,0,0
0.0,1569307031354.0,0,0,0
0.0,1569307031813.0,0,0,0
0.0,1569307032274.0,0,0,0
0.0,1569307032734.0,0,0,0
0.0,1569307033193.0,0,0,0
0.0,1569307033654.0,0,0,0
0.0,1569307034124.0,0,0,0
0.0,1569307034584.0,0,0,0
0.0,1569307035044.0,0,0,0
0.0,1569307035503.0,0,0,0
0.0,1569307035963.0,0,0,0
0.0,1569307036423.0,0,0,0
0.0,1569307036885.0,0,0,0
0.0,1569307037379.0,0,0,0
0.0,1569307037803.0,0,0,0
0.0,1569307038263.0,0,0,0
0.0,1569307038724.0,0,0,0
0.0,1569307039184.0,0,0,0
0.0,1569307039644.0,0,0,0
0.0,1569307040114.0,0,0,0
0.0,1569307040607.0,0,0,0
0.0,1569307041024.0,0,0,0
0.0,1569307041484.0,0,0,0
0.0,1569307041944.0,0,0,0
0.0,1569307042404.0,0,0,0
0.0,1569307042865.0,0,0,0
0.0,1569307043323.0,0,0,0
0.0,1569307043794.0,0,0,0
0.0,1569307044253.0,0,0,0
0.0,1569307044713.0,0,0,0
0.0,1569307045174.0,0,0,0
0.0,1569307045634.0,0,0,0
0.0,1569307046094.0,0,0,0
0.0,1569307046554.0,0,0,0
0.0,1569307047014.0,0,0,0
0.0,1569307047464.0,0,0,0
0.0,1569307047923.0,0,0,0
0.0,1569307048384.0,0,0,0
0.0,1569307048854.0,0,0,0
0.0,1569307049313.0,0,0,0
0.0,1569307049774.0,0,0,0
0.0,1569307050233.0,0,0,0
0.0,1569307050693.0,0,0,0
0.0,1569307051163.0,0,0,0
0.0,1569307051624.0,0,0,0
0.0,1569307052094.0,0,0,0
0.0,1569307052544.0,0,0,0
0.0,1569307053014.0,0,0,0
0.0,1569307053473.0,0,0,0
0.0,1569307053934.0,0,0,0
0.0,1569307054394.0,0,0,0
0.0,1569307054853.0,0,0,0
0.0,1569307055324.0,0,0,0
0.0,1569307055783.0,0,0,0
0.0,1569307056244.0,0,0,0
0.0,1569307056704.0,0,0,0
0.0,1569307057154.0,0,0,0
0.0,1569307057613.0,0,0,0
0.0,1569307058074.0,0,0,0
0.0,1569307058544.0,0,0,0
0.0,1569307059003.0,0,0,0
0.0,1569307059463.0,0,0,0
0.0,1569307059924.0,0,0,0
0.0,1569307060383.0,0,0,0
0.0,1569307060843.0,0,0,0
0.0,1569307061304.0,0,0,0
0.0,1569307061764.0,0,0,0
0.0,1569307062224.0,0,0,0
0.0,1569307062684.0,0,0,0
0.0,1569307063144.0,0,0,0
0.0,1569307063604.0,0,0,0
0.0,1569307064073.0,0,0,0
0.0,1569307064534.0,0,0,0
0.0,1569307064993.0,0,0,0
0.0,1569307065444.0,0,0,0
0.0,1569307065914.0,0,0,0
0.0,1569307066364.0,0,0,0
0.0,1569307066834.0,0,0,0
0.0,1569307067284.0,0,0,0
0.0,1569307067754.0,0,0,0
0.0,1569307068206.0,0,0,0
0.0,1569307068664.0,0,0,0
0.0,1569307069134.0,0,0,0
0.0,1569307069593.0,0,0,0
0.0,1569307070054.0,0,0,0
0.0,1569307070514.0,0,0,0
0.0,1569307070984.0,0,0,0
0.0,1569307071454.0,0,0,0
0.0,1569307071914.0,0,0,0
0.0,1569307072374.0,0,0,0
0.0,1569307072834.0,0,0,0
0.0,1569307073303.0,0,0,0
0.0,1569307073754.0,0,0,0
0.0,1569307074214.0,0,0,0
0.0,1569307074674.0,0,0,0
0.0,1569307075143.0,0,0,0
0.0,1569307075604.0,0,0,0
0.0,1569307076064.0,0,0,0
0.0,1569307076524.0,0,0,0
0.0,1569307076983.0,0,0,0
0.0,1569307077453.0,0,0,0
0.0,1569307077915.0,0,0,0
0.0,1569307078374.0,0,0,0
0.0,1569307078833.0,0,0,0
0.0,1569307079294.0,0,0,0
0.0,1569307079764.0,0,0,0
0.0,1569307080225.0,0,0,0
0.0,1569307080717.0,0,0,0
0.0,1569307081144.0,0,0,0
0.0,1569307081604.0,0,0,0
0.0,1569307082064.0,0,0,0
0.0,1569307082524.0,0,0,0
0.0,1569307082994.0,0,0,0
0.0,1569307083454.0,0,0,0
0.0,1569307083914.0,0,0,0
0.0,1569307084373.0,1,0,1
0.0,1569307084833.0,1,0,1
0.0,1569307085293.0,1,0,1
0.0,1569307085754.0,1,0,1
0.389,1569307086214.0,1,0,1
1.086,1569307086674.0,1,0,1
1.62,1569307087144.0,1,0,1
1.435,1569307087604.0,1,0,1
1.085,1569307088063.0,1,0,1
1.012,1569307088523.0,1,0,1
1.187,1569307088984.0,1,0,1
1.185,1569307089443.0,1,0,1
1.186,1569307089903.0,1,0,1
0.979,1569307090374.0,1,0,1
0.869,1569307090834.0,1,0,1
0.867,1569307091304.0,1,0,1
0.661,1569307091763.0,1,0,1
0.305,1569307092234.0,1,0,1
0.021,1569307092684.0,1,0,1
-0.161,1569307093143.0,1,0,1
-0.241,1569307093604.0,1,0,1
-0.23800000000000002,1569307094064.0,1,0,1
-0.123,1569307094524.0,1,0,1
0.14200000000000002,1569307094984.0,1,0,1
0.34500000000000003,1569307095501.0,1,0,1
0.28200000000000003,1569307095913.0,1,0,1
0.185,1569307096374.0,1,0,1
0.17300000000000001,1569307096843.0,1,0,1
0.222,1569307097304.0,1,0,1
0.28200000000000003,1569307097756.0,1,0,1
0.29,1569307098214.0,1,0,1
0.261,1569307098684.0,1,0,1
0.28200000000000003,1569307099144.0,1,0,1
0.295,1569307099604.0,1,0,1
0.266,1569307100064.0,1,0,1
0.137,1569307100514.0,1,0,1
0.018000000000000002,1569307100974.0,1,0,1
0.122,1569307101434.0,1,0,1
0.257,1569307101894.0,1,0,1
0.257,1569307102353.0,1,0,1
0.253,1569307102814.0,1,0,1
0.272,1569307103274.0,1,0,1
0.21,1569307103735.0,1,0,1
0.189,1569307104194.0,1,0,1
0.188,1569307104654.0,1,0,1
0.223,1569307105124.0,1,0,1
0.23,1569307105583.0,1,0,1
0.246,1569307106087.0,1,0,1
0.25,1569307106504.0,1,0,1
0.257,1569307106964.0,1,0,1
0.24,1569307107434.0,1,0,1
0.3,1569307107894.0,1,0,1
0.458,1569307108354.0,1,0,1
0.684,1569307108814.0,1,0,1
0.771,1569307109283.0,1,0,1
0.732,1569307109744.0,1,0,1
0.6880000000000001,1569307110214.0,1,0,1
0.671,1569307110674.0,1,0,1
0.654,1569307111134.0,1,0,1
0.585,1569307111604.0,1,0,1
0.379,1569307112064.0,1,0,1
0.164,1569307112524.0,1,0,1
-0.048,1569307112984.0,1,0,1
-0.199,1569307113444.0,1,0,1
-0.331,1569307113894.0,1,0,1
-0.262,1569307114354.0,1,0,1
-0.139,1569307114824.0,1,0,1
-0.017,1569307115284.0,1,0,1
0.096,1569307115744.0,1,0,1
0.14,1569307116214.0,1,0,1
0.152,1569307116715.0,1,0,1
0.147,1569307117134.0,1,0,1
0.145,1569307117594.0,1,0,1
0.14,1569307118054.0,1,0,1
0.14200000000000002,1569307118524.0,1,0,1
0.17500000000000002,1569307118984.0,1,0,1
0.20700000000000002,1569307119444.0,1,0,1
0.221,1569307119914.0,1,0,1
0.227,1569307120374.0,1,0,1
0.231,1569307120834.0,1,0,1
0.211,1569307121284.0,1,0,1
0.245,1569307121754.0,1,0,1
0.23800000000000002,1569307122214.0,1,0,1
0.233,1569307122674.0,1,0,1
0.219,1569307123134.0,1,0,1
0.242,1569307123594.0,1,0,1
0.226,1569307124064.0,1,0,1
0.22,1569307124514.0,1,0,1
0.212,1569307124984.0,1,0,1
0.20600000000000002,1569307125444.0,1,0,1
0.20600000000000002,1569307125895.0,1,0,1
0.227,1569307126354.0,1,0,1
0.23700000000000002,1569307126814.0,1,0,1
0.245,1569307127284.0,1,0,1
0.225,1569307127744.0,1,0,1
0.247,1569307128205.0,1,0,1
0.164,1569307128664.0,1,0,1
0.018000000000000002,1569307129134.0,1,0,1
-0.074,1569307129585.0,1,0,1
-0.113,1569307130044.0,1,0,1
-0.14,1569307130514.0,1,0,1
-0.11900000000000001,1569307130964.0,1,0,1
-0.128,1569307131426.0,1,0,1
-0.113,1569307131884.0,1,0,1
-0.114,1569307132355.0,1,0,1
-0.116,1569307132814.0,1,0,1
-0.113,1569307133274.0,1,0,1
-0.127,1569307133745.0,1,0,1
-0.186,1569307134205.0,1,0,1
-0.252,1569307134697.0,1,0,1
-0.309,1569307135125.0,1,0,1
-0.317,1569307135575.0,1,0,1
-0.325,1569307136034.0,1,0,1
-0.343,1569307136506.0,1,0,1
-0.328,1569307136965.0,1,0,1
-0.325,1569307137425.0,1,0,1
-0.34400000000000003,1569307137926.0,1,0,1
-0.331,1569307138334.0,1,0,1
-0.329,1569307138795.0,1,0,1
-0.339,1569307139255.0,1,0,1
-0.35000000000000003,1569307139715.0,1,0,1
-0.355,1569307140194.0,1,0,1
-0.35000000000000003,1569307140654.0,1,0,1
-0.37,1569307141114.0,1,0,1
-0.364,1569307141575.0,1,0,1
-0.332,1569307142035.0,1,0,1
-0.275,1569307142505.0,1,0,1
-0.295,1569307142973.0,1,0,1
-0.32,1569307143425.0,1,0,1
-0.376,1569307143885.0,1,0,1
-0.648,1569307144344.0,1,0,1
-0.891,1569307144805.0,1,0,1
-1.081,1569307145265.0,1,0,1
-1.306,1569307145725.0,1,0,1
-0.909,1569307146185.0,1,0,1
-0.7020000000000001,1569307146644.0,1,0,1
-0.661,1569307147105.0,1,0,1
-0.648,1569307147564.0,1,0,1
-0.52,1569307148024.0,1,0,1
-0.357,1569307148485.0,1,0,1
-0.334,1569307148945.0,1,0,1
-0.659,1569307149404.0,1,0,1
-1.135,1569307149865.0,1,0,1
-1.3,1569307150324.0,1,0,1
-1.164,1569307150785.0,1,0,1
-0.977,1569307151246.0,1,0,1
-0.6930000000000001,1569307151705.0,1,0,1
-0.522,1569307152174.0,1,0,1
-0.552,1569307152634.0,1,0,1
-0.5,1569307153095.0,1,0,1
-0.324,1569307153555.0,1,0,1
-0.215,1569307154014.0,1,0,1
-0.161,1569307154475.0,1,0,1
-0.13,1569307154935.0,1,0,1
-0.111,1569307155405.0,1,0,1
-0.101,1569307155864.0,1,0,1
-0.105,1569307156335.0,1,0,1
-0.136,1569307156794.0,1,0,1
-0.707,1569307157715.0,1,0,1
-0.757,1569307158185.0,1,0,1
-0.504,1569307158645.0,1,0,1
-0.304,1569307159130.0,1,0,1
-0.161,1569307159565.0,1,0,1
-0.122,1569307160025.0,1,0,1
-0.292,1569307160484.0,1,0,1
-0.35100000000000003,1569307160944.0,1,0,1
-0.549,1569307161414.0,0,0,1
-0.621,1569307161875.0,0,0,1
-0.364,1569307162335.0,0,0,1
-0.187,1569307162807.0,0,0,1
-0.1,1569307163265.0,0,0,1
-0.043000000000000003,1569307163725.0,0,0,1
-0.018000000000000002,1569307164185.0,0,0,1
-0.007,1569307164644.0,0,0,1
-0.003,1569307165104.0,0,0,1
-0.001,1569307165564.0,0,0,1
0.0,1569307166034.0,0,0,1
0.0,1569307166485.0,0,0,1
0.0,1569307166945.0,0,0,1
0.0,1569307167405.0,0,0,1
0.0,1569307167864.0,0,0,1
0.0,1569307168325.0,0,0,1
0.0,1569307168785.0,0,0,1
0.0,1569307169245.0,0,0,1
0.0,1569307169705.0,0,0,1
0.0,1569307170164.0,0,0,1
0.0,1569307170648.0,0,0,1
0.0,1569307171084.0,0,0,1
0.0,1569307171555.0,0,0,1
0.0,1569307172014.0,0,0,1
0.0,1569307172484.0,0,0,1
0.0,1569307172945.0,0,0,1
0.0,1569307173405.0,0,0,1
0.0,1569307173865.0,0,0,1
0.0,1569307174325.0,0,0,1
0.0,1569307174785.0,0,0,1
0.0,1569307175245.0,0,0,1
0.0,1569307175705.0,0,0,1
0.0,1569307176165.0,0,0,1
0.0,1569307176625.0,0,0,1
0.0,1569307177085.0,0,0,1
0.0,1569307177545.0,0,0,1
0.0,1569307178027.0,0,0,1
0.0,1569307178475.0,0,0,1
0.0,1569307178935.0,0,0,1
0.0,1569307179395.0,0,0,1
0.0,1569307179857.0,0,0,1
0.0,1569307180324.0,0,0,1
0.0,1569307180784.0,0,0,1
0.0,1569307181245.0,0,0,1
0.0,1569307181704.0,0,0,1
0.0,1569307182165.0,0,0,1
0.0,1569307182625.0,0,0,1
0.0,1569307183085.0,0,0,1
0.0,1569307183545.0,0,0,1
0.0,1569307184005.0,0,0,1
0.0,1569307184465.0,0,0,1
0.0,1569307184925.0,0,0,1
0.0,1569307185395.0,0,0,1
0.0,1569307185845.0,0,0,1
0.0,1569307186305.0,0,0,1
0.0,1569307186775.0,0,0,1
0.0,1569307187235.0,0,0,1
0.0,1569307187695.0,0,0,1
0.0,1569307188155.0,0,0,1
0.0,1569307188615.0,0,0,1
0.0,1569307189075.0,0,0,1
0.0,1569307189535.0,0,0,1
0.0,1569307189994.0,0,0,1
0.0,1569307190455.0,0,0,1
0.0,1569307190915.0,0,0,1
0.0,1569307191374.0,0,0,1
0.0,1569307191835.0,0,0,1
0.0,1569307192315.0,0,0,1
0.0,1569307192774.0,0,0,1
0.0,1569307193225.0,0,0,1
0.0,1569307193695.0,0,0,1
0.0,1569307194155.0,0,0,1
0.0,1569307194625.0,0,0,1
0.0,1569307195085.0,0,0,1
0.0,1569307195545.0,0,0,1
0.0,1569307196005.0,0,0,1
0.0,1569307196475.0,0,0,1
0.0,1569307196925.0,0,0,1
0.0,1569307197395.0,0,0,1
0.0,1569307197845.0,0,0,1
0.0,1569307198315.0,0,0,1
0.0,1569307198775.0,0,0,1
0.0,1569307199235.0,0,0,1
0.0,1569307199695.0,0,0,1
0.0,1569307200165.0,0,0,1
0.0,1569307200625.0,0,0,1
0.0,1569307201085.0,0,0,1
0.0,1569307201545.0,0,0,1
0.0,1569307202005.0,0,0,1
0.0,1569307202475.0,0,0,1
0.0,1569307202935.0,0,0,1
0.0,1569307203405.0,0,0,1
0.0,1569307203856.0,0,0,1
0.0,1569307204315.0,0,0,1
0.0,1569307204775.0,0,0,1
0.0,1569307205235.0,0,0,1
0.0,1569307205705.0,0,0,1
0.0,1569307206165.0,0,0,1
0.0,1569307206635.0,0,0,1
0.0,1569307207095.0,0,0,1
0.0,1569307207555.0,0,0,1
0.0,1569307208015.0,0,0,1
0.0,1569307208485.0,0,0,1
0.0,1569307208945.0,0,0,1
0.0,1569307209405.0,0,0,1
0.0,1569307209855.0,0,0,1
0.0,1569307210325.0,0,0,1
0.0,1569307210786.0,0,0,1
0.0,1569307211255.0,0,0,1
0.0,1569307211736.0,0,0,1
0.0,1569307212185.0,0,0,1
0.0,1569307212635.0,0,0,1
0.0,1569307213095.0,0,0,1
0.0,1569307213555.0,0,0,1
0.0,1569307214014.0,0,0,1
0.0,1569307214475.0,0,0,1
0.0,1569307214935.0,0,0,1
0.0,1569307215395.0,0,0,1
0.0,1569307215855.0,0,0,1
0.0,1569307216325.0,0,0,1
0.0,1569307216785.0,0,0,1
0.0,1569307217245.0,0,0,1
0.0,1569307217705.0,0,0,1
0.0,1569307218165.0,0,0,1
0.0,1569307218625.0,0,0,1
0.0,1569307219132.0,1,0,1
0.0,1569307219555.0,1,0,1
0.0,1569307220015.0,1,0,1
0.149,1569307220464.0,1,0,1
0.374,1569307220924.0,1,0,1
0.553,1569307221385.0,1,0,1
0.585,1569307221845.0,1,0,1
0.523,1569307222305.0,1,0,1
0.464,1569307222765.0,1,0,1
0.417,1569307223227.0,1,0,1
0.383,1569307223685.0,1,0,1
0.401,1569307224145.0,1,0,1
0.507,1569307224605.0,1,0,1
0.585,1569307225065.0,1,0,1
0.604,1569307225535.0,1,0,1
0.7010000000000001,1569307225995.0,1,0,1
0.84,1569307226455.0,1,0,1
0.729,1569307226925.0,1,0,1
0.646,1569307227385.0,1,0,1
0.529,1569307227845.0,1,0,1
0.391,1569307228306.0,1,0,1
0.328,1569307228765.0,1,0,1
0.324,1569307229225.0,1,0,1
0.369,1569307229685.0,1,0,1
0.339,1569307230146.0,1,0,1
0.178,1569307230605.0,1,0,1
0.108,1569307231065.0,1,0,1
0.21,1569307231535.0,1,0,1
0.3,1569307231985.0,1,0,1
0.295,1569307232465.0,1,0,1
0.256,1569307232915.0,1,0,1
0.227,1569307233375.0,1,0,1
0.23,1569307233845.0,1,0,1
0.47400000000000003,1569307234305.0,1,0,1
0.481,1569307234765.0,1,0,1
0.171,1569307235225.0,1,0,1
-0.131,1569307235685.0,1,0,1
-0.232,1569307236145.0,1,0,1
-0.111,1569307236615.0,1,0,1
0.099,1569307237075.0,1,0,1
0.212,1569307237545.0,1,0,1
0.23700000000000002,1569307238005.0,1,0,1
0.23900000000000002,1569307238465.0,1,0,1
0.149,1569307238925.0,1,0,1
-0.051000000000000004,1569307239386.0,1,0,1
-0.234,1569307239845.0,1,0,1
-0.291,1569307240305.0,1,0,1
-0.328,1569307240765.0,1,0,1
-0.322,1569307241264.0,1,0,1
-0.316,1569307241685.0,1,0,1
-0.34,1569307242145.0,1,0,1
-0.34800000000000003,1569307242605.0,1,0,1
-0.325,1569307243065.0,1,0,1
-0.315,1569307243525.0,1,0,1
-0.295,1569307243985.0,1,0,1
-0.26,1569307244445.0,1,0,1
-0.241,1569307244905.0,1,0,1
-0.106,1569307245375.0,1,0,1
0.337,1569307245835.0,1,0,1
0.846,1569307246295.0,1,0,1
1.064,1569307246755.0,1,0,1
1.039,1569307247215.0,1,0,1
0.963,1569307247675.0,1,0,1
0.893,1569307248135.0,1,0,1
0.774,1569307248604.0,1,0,1
0.81,1569307249045.0,1,0,1
0.589,1569307249506.0,1,0,1
0.391,1569307249965.0,1,0,1
0.289,1569307250425.0,1,0,1
0.268,1569307250885.0,1,0,1
0.23500000000000001,1569307251345.0,1,0,1
0.271,1569307251811.0,1,0,1
0.263,1569307252265.0,1,0,1
0.209,1569307252725.0,1,0,1
0.227,1569307253195.0,1,0,1
0.291,1569307253655.0,1,0,1
0.167,1569307254115.0,1,0,1
0.0,1569307254575.0,1,0,1
-0.094,1569307255035.0,1,0,1
-0.125,1569307255505.0,1,0,1
-0.108,1569307255955.0,1,0,1
-0.066,1569307256425.0,1,0,1
0.012,1569307256885.0,1,0,1
0.075,1569307257345.0,1,0,1
0.108,1569307257805.0,1,0,1
0.101,1569307258265.0,1,0,1
0.074,1569307258725.0,1,0,1
-0.009000000000000001,1569307259185.0,1,0,1
-0.096,1569307259645.0,1,0,1
-0.14400000000000002,1569307260106.0,5,0,1
-0.169,1569307260565.0,5,0,1
-0.179,1569307261025.0,5,0,1
-0.186,1569307261475.0,5,0,1
-0.18,1569307261935.0,5,0,1
-0.151,1569307262410.0,5,0,1
-0.011,1569307262865.0,5,0,1
0.159,1569307263325.0,5,0,1
0.28700000000000003,1569307263785.0,5,0,1
0.321,1569307264255.0,5,0,1
0.34500000000000003,1569307264715.0,5,0,1
0.34400000000000003,1569307265175.0,5,0,1
0.304,1569307265635.0,5,0,1
0.249,1569307266096.0,5,0,1
0.216,1569307266555.0,1,0,1
0.222,1569307267016.0,1,0,1
0.333,1569307267475.0,1,0,1
0.396,1569307267936.0,1,0,1
0.403,1569307268396.0,1,0,1
0.367,1569307268856.0,1,0,1
0.383,1569307269315.0,1,0,1
0.363,1569307269776.0,1,0,1
0.243,1569307270237.0,1,0,1
0.006,1569307270696.0,1,0,1
-0.111,1569307271156.0,1,0,1
-0.109,1569307271615.0,1,0,1
-0.069,1569307272076.0,1,0,1
-0.021,1569307272548.0,1,0,1
-0.109,1569307273006.0,1,0,1
-0.195,1569307273476.0,1,0,1
-0.211,1569307273935.0,1,0,1
-0.19,1569307274395.0,1,0,1
-0.229,1569307274857.0,1,0,1
-0.33,1569307275306.0,1,0,1
-0.40800000000000003,1569307275776.0,1,0,1
-0.419,1569307276236.0,1,0,1
-0.26,1569307276696.0,1,0,1
-0.082,1569307277155.0,1,0,1
0.029,1569307277616.0,1,0,1
0.056,1569307278075.0,1,0,1
0.097,1569307278535.0,1,0,1
0.08700000000000001,1569307278996.0,1,0,1
0.11900000000000001,1569307279456.0,1,0,1
0.123,1569307279926.0,1,0,1
0.139,1569307280386.0,1,0,1
0.163,1569307280836.0,1,0,1
0.17,1569307281295.0,1,0,1
0.263,1569307281756.0,1,0,1
0.461,1569307282216.0,1,0,1
0.5650000000000001,1569307282666.0,1,0,1
0.595,1569307283136.0,1,0,1
0.561,1569307283609.0,1,0,1
0.543,1569307284056.0,1,0,1
0.544,1569307284543.0,1,0,1
0.553,1569307284975.0,1,0,1
0.425,1569307285435.0,1,0,1
0.231,1569307285896.0,1,0,1
-0.02,1569307286355.0,1,0,1
-0.155,1569307286816.0,1,0,1
-0.274,1569307287286.0,1,0,1
-0.256,1569307287746.0,1,0,1
-0.14200000000000002,1569307288206.0,1,0,1
-0.063,1569307288666.0,1,0,1
-0.033,1569307289125.0,1,0,1
-0.027,1569307289575.0,1,0,1
-0.054,1569307290036.0,1,0,1
-0.057,1569307290496.0,1,0,1
-0.07200000000000001,1569307290956.0,1,0,1
-0.08700000000000001,1569307291415.0,1,0,1
-0.054,1569307291899.0,1,0,1
-0.024,1569307292335.0,1,0,1
0.039,1569307292796.0,1,0,1
0.056,1569307293266.0,1,0,1
0.044,1569307293736.0,1,0,1
-0.005,1569307294186.0,1,0,1
0.011,1569307294656.0,1,0,1
0.013000000000000001,1569307295115.0,1,0,1
0.029,1569307295575.0,1,0,1
0.055,1569307296035.0,1,0,1
0.017,1569307296496.0,1,0,1
0.043000000000000003,1569307296955.0,1,0,1
0.028,1569307297426.0,1,0,1
-0.011,1569307297885.0,1,0,1
0.001,1569307298356.0,1,0,1
0.012,1569307298816.0,1,0,1
-0.02,1569307299265.0,1,0,1
0.003,1569307299726.0,1,0,1
0.025,1569307300186.0,1,0,1
-0.002,1569307300646.0,1,0,1
-0.057,1569307301105.0,1,0,1
0.002,1569307301565.0,1,0,1
0.07100000000000001,1569307302026.0,1,0,1
0.098,1569307302485.0,1,0,1
0.109,1569307302946.0,1,0,1
0.132,1569307303406.0,1,0,1
0.129,1569307303866.0,1,0,1
0.116,1569307304326.0,1,0,1
0.098,1569307304786.0,1,0,1
0.1,1569307305245.0,1,0,1
0.003,1569307305706.0,1,0,1
-0.139,1569307306165.0,1,0,1
-0.168,1569307306636.0,1,0,1
-0.152,1569307307096.0,1,0,1
-0.17,1569307307556.0,1,0,1
-0.167,1569307308015.0,1,0,1
-0.159,1569307308476.0,1,0,1
-0.182,1569307308936.0,1,0,1
-0.17300000000000001,1569307309396.0,1,0,1
-0.177,1569307309866.0,1,0,1
-0.148,1569307310325.0,1,0,1
-0.163,1569307310786.0,1,0,1
-0.183,1569307311246.0,1,0,1
-0.211,1569307311705.0,1,0,1
-0.201,1569307312166.0,1,0,1
-0.225,1569307312636.0,1,0,1
-0.197,1569307313096.0,1,0,1
-0.154,1569307313565.0,1,0,1
-0.248,1569307314026.0,1,0,1
-0.254,1569307314485.0,1,0,1
-0.213,1569307314955.0,1,0,1
-0.14,1569307315406.0,1,0,1
-0.137,1569307315865.0,1,0,1
-0.128,1569307316325.0,1,0,1
-0.088,1569307316785.0,1,0,1
-0.148,1569307317290.0,1,0,1
-0.121,1569307317715.0,1,0,1
-0.17300000000000001,1569307318175.0,1,0,1
-0.10200000000000001,1569307318646.0,1,0,1
-0.181,1569307319105.0,1,0,1
-0.094,1569307319565.0,1,0,1
-0.026000000000000002,1569307320026.0,1,0,1
0.057,1569307320495.0,1,0,1
0.22,1569307320946.0,1,0,1
0.212,1569307321406.0,1,0,1
0.193,1569307321865.0,1,0,1
0.215,1569307322325.0,1,0,1
0.266,1569307322785.0,1,0,1
0.329,1569307323245.0,1,0,1
0.34,1569307323706.0,1,0,1
0.317,1569307324165.0,1,0,1
0.28300000000000003,1569307324656.0,1,0,1
0.233,1569307325095.0,1,0,1
0.23700000000000002,1569307325555.0,1,0,1
0.218,1569307326026.0,1,0,1
0.231,1569307326486.0,1,0,1
0.216,1569307326946.0,1,0,1
0.213,1569307327406.0,1,0,1
0.229,1569307327866.0,1,0,1
0.23900000000000002,1569307328326.0,1,0,1
0.23600000000000002,1569307328785.0,1,0,1
0.227,1569307329247.0,1,0,1
0.228,1569307329716.0,1,0,1
0.216,1569307330176.0,1,0,1
0.17300000000000001,1569307330646.0,1,0,1
0.17,1569307331097.0,1,0,1
0.094,1569307331566.0,1,0,1
0.093,1569307332039.0,1,0,1
0.085,1569307332476.0,1,0,1
0.037,1569307332946.0,1,0,1
0.023,1569307333416.0,1,0,1
-0.065,1569307333878.0,1,0,1
-0.068,1569307334336.0,1,0,1
-0.093,1569307334796.0,1,0,1
-0.134,1569307335256.0,1,0,1
-0.171,1569307335716.0,1,0,1
-0.191,1569307336175.0,1,0,1
-0.193,1569307336635.0,1,0,1
-0.193,1569307337096.0,1,0,1
-0.212,1569307337556.0,1,0,1
-0.266,1569307338016.0,1,0,1
-0.258,1569307338475.0,1,0,1
-0.28,1569307338935.0,1,0,1
-0.337,1569307339406.0,1,0,1
-0.352,1569307339866.0,1,0,1
-0.342,1569307340326.0,1,0,1
-0.246,1569307340786.0,1,0,1
-0.10200000000000001,1569307341236.0,1,0,1
-0.027,1569307341696.0,1,0,1
0.018000000000000002,1569307342156.0,1,0,1
0.033,1569307342636.0,1,0,1
0.029,1569307343096.0,1,0,1
0.034,1569307343556.0,1,0,1
-0.01,1569307344017.0,1,0,1
-0.061,1569307344476.0,1,0,1
-0.155,1569307344936.0,1,0,1
-0.308,1569307345406.0,1,0,1
-0.218,1569307345866.0,1,0,1
-0.124,1569307346326.0,1,0,1
-0.036000000000000004,1569307346801.0,1,0,1
0.029,1569307347256.0,1,0,1
0.038,1569307347716.0,1,0,1
-0.002,1569307348176.0,1,0,1
0.04,1569307348636.0,1,0,1
0.092,1569307349106.0,1,0,1
0.13,1569307349566.0,1,0,1
0.099,1569307350026.0,1,0,1
0.113,1569307350485.0,1,0,1
0.076,1569307350945.0,1,0,1
-0.018000000000000002,1569307351408.0,1,0,1
0.03,1569307351876.0,1,0,1
0.053,1569307352336.0,1,0,1
0.109,1569307352796.0,1,0,1
0.116,1569307353256.0,1,0,1
0.114,1569307353716.0,1,0,1
0.082,1569307354193.0,1,0,1
0.013000000000000001,1569307354646.0,1,0,1
0.036000000000000004,1569307355106.0,1,0,1
0.076,1569307355566.0,1,0,1
0.115,1569307356026.0,1,0,1
0.154,1569307356496.0,1,0,1
0.193,1569307356956.0,1,0,1
0.23,1569307357415.0,1,0,1
0.245,1569307357877.0,1,0,1
0.223,1569307358336.0,1,0,1
0.162,1569307358796.0,1,0,1
0.156,1569307359256.0,1,0,1
0.17300000000000001,1569307359716.0,1,0,1
0.20600000000000002,1569307360176.0,1,0,1
0.23,1569307360636.0,1,0,1
0.196,1569307361096.0,1,0,1
0.20600000000000002,1569307361596.0,1,0,1
0.184,1569307362026.0,1,0,1
0.116,1569307362486.0,1,0,1
0.095,1569307362946.0,1,0,1
0.02,1569307363406.0,1,0,1
0.047,1569307363876.0,1,0,1
0.021,1569307364336.0,1,0,1
0.041,1569307364796.0,1,0,1
0.041,1569307365256.0,1,0,1
0.031,1569307365716.0,1,0,1
0.023,1569307366176.0,1,0,1
0.015,1569307366636.0,1,0,1
0.026000000000000002,1569307367096.0,1,0,1
-0.032,1569307367556.0,1,0,1
-0.152,1569307368016.0,1,0,1
-0.219,1569307368486.0,1,0,1
-0.23900000000000002,1569307368946.0,1,0,1
-0.28600000000000003,1569307369406.0,1,0,1
-0.28500000000000003,1569307369866.0,1,0,1
-0.304,1569307370326.0,1,0,1
-0.277,1569307370797.0,1,0,1
-0.224,1569307371246.0,1,0,1
-0.211,1569307371706.0,4,0,1
-0.194,1569307372176.0,4,0,1
-0.294,1569307372636.0,4,0,1
-0.333,1569307373096.0,4,0,1
-0.267,1569307373556.0,4,0,1
-0.054,1569307374016.0,4,0,1
0.274,1569307374486.0,4,0,1
0.447,1569307374946.0,4,0,1
0.551,1569307375407.0,4,0,1
0.5680000000000001,1569307375866.0,4,0,1
0.593,1569307376326.0,4,0,1
0.614,1569307376787.0,4,0,1
0.591,1569307377256.0,4,0,1
0.384,1569307377726.0,4,0,1
0.076,1569307378190.0,4,0,1
-0.147,1569307378646.0,1,0,0
-0.278,1569307379116.0,1,0,0
-0.244,1569307379566.0,1,0,0
-0.186,1569307380038.0,1,0,0
-0.17,1569307380509.0,1,0,0
-0.124,1569307380946.0,1,0,0
-0.079,1569307381406.0,1,0,0
-0.07,1569307381866.0,1,0,0
-0.048,1569307382326.0,1,0,0
-0.041,1569307382786.0,1,0,0
-0.054,1569307383256.0,1,0,0
-0.037,1569307383716.0,1,0,0
0.006,1569307384176.0,1,0,0
0.125,1569307384636.0,1,0,0
0.158,1569307385096.0,1,0,0
0.181,1569307385557.0,1,0,0
-0.008,1569307386017.0,1,0,0
-0.10200000000000001,1569307386476.0,1,0,0
-0.229,1569307386946.0,1,0,0
-0.323,1569307387406.0,1,0,0
-0.289,1569307387887.0,1,0,0
-0.242,1569307388326.0,1,0,0
-0.182,1569307388786.0,1,0,0
-0.161,1569307389246.0,1,0,0
-0.15,1569307389707.0,1,0,0
-0.134,1569307390166.0,1,0,0
-0.138,1569307390627.0,1,0,0
-0.125,1569307391096.0,1,0,0
-0.113,1569307391556.0,1,0,0
-0.10300000000000001,1569307392016.0,1,0,0
-0.116,1569307392486.0,1,0,0
-0.14400000000000002,1569307392946.0,1,0,0
-0.275,1569307393406.0,1,0,0
-0.537,1569307393876.0,1,0,0
-0.755,1569307394346.0,1,0,0
-0.781,1569307394806.0,1,0,0
-0.611,1569307395272.0,1,0,0
-0.464,1569307395736.0,1,0,0
-0.448,1569307396196.0,1,0,0
-0.518,1569307396666.0,1,0,0
-0.61,1569307397126.0,1,0,0
-0.726,1569307397596.0,1,0,0
-0.588,1569307398056.0,1,0,0
-0.505,1569307398516.0,1,0,0
-0.5,1569307398976.0,1,0,0
-0.447,1569307399475.0,1,0,0
-0.399,1569307399887.0,1,0,0
-0.385,1569307400347.0,1,0,0
-0.368,1569307400806.0,1,0,0
-0.366,1569307401267.0,1,0,0
-0.352,1569307401727.0,1,0,0
-0.34800000000000003,1569307402186.0,1,0,0
-0.341,1569307402688.0,1,0,0
-0.294,1569307403106.0,1,0,0
-0.168,1569307403568.0,1,0,0
-0.055,1569307404026.0,1,0,0
0.045,1569307404487.0,1,0,0
0.113,1569307404946.0,1,0,0
0.209,1569307405407.0,1,0,0
0.34600000000000003,1569307405876.0,1,0,0
0.499,1569307406336.0,1,0,0
0.551,1569307406796.0,1,0,0
0.545,1569307407256.0,1,0,0
0.515,1569307407707.0,1,0,0
0.47600000000000003,1569307408156.0,1,0,0
0.40700000000000003,1569307408607.0,1,0,0
0.424,1569307409066.0,1,0,0
0.41500000000000004,1569307409527.0,1,0,0
0.425,1569307409986.0,1,0,0
0.436,1569307410436.0,1,0,0
0.466,1569307410896.0,1,0,0
0.364,1569307411367.0,1,0,0
0.162,1569307411826.0,1,0,0
-0.122,1569307412287.0,1,0,0
-0.234,1569307412747.0,1,0,0
-0.20700000000000002,1569307413207.0,1,0,0
-0.186,1569307413676.0,1,0,0
-0.15,1569307414140.0,1,0,0
-0.133,1569307414607.0,1,0,0
-0.08,1569307415067.0,1,0,0
-0.081,1569307415527.0,1,0,0
-0.016,1569307415997.0,1,0,0
0.11800000000000001,1569307416456.0,1,0,0
0.3,1569307416917.0,1,0,0
0.355,1569307417377.0,1,0,0
0.385,1569307417837.0,1,0,0
0.41000000000000003,1569307418306.0,1,0,0
0.40700000000000003,1569307418767.0,1,0,0
0.401,1569307419237.0,1,0,0
0.34800000000000003,1569307419697.0,1,0,0
0.328,1569307420157.0,1,0,0
0.337,1569307420628.0,1,0,0
0.312,1569307421077.0,1,0,0
0.32,1569307421536.0,1,0,0
0.311,1569307421997.0,1,0,0
0.274,1569307422456.0,1,0,0
0.264,1569307422917.0,1,0,0
0.29,1569307423377.0,1,0,0
0.309,1569307423847.0,1,0,0
0.328,1569307424307.0,1,0,0
0.334,1569307424767.0,1,0,0
0.324,1569307425227.0,1,0,0
0.301,1569307425687.0,1,0,0
0.299,1569307426147.0,1,0,0
0.28300000000000003,1569307426607.0,1,0,0
0.23700000000000002,1569307427066.0,1,0,0
0.256,1569307427528.0,1,0,0
0.177,1569307428015.0,1,0,0
0.131,1569307428447.0,1,0,0
-0.031,1569307428906.0,1,0,0
-0.153,1569307429367.0,1,0,0
-0.232,1569307429838.0,1,0,0
-0.279,1569307430286.0,1,0,0
-0.272,1569307430747.0,1,0,0
-0.223,1569307431207.0,1,0,0
-0.223,1569307431667.0,1,0,0
-0.246,1569307432136.0,1,0,0
-0.271,1569307432597.0,1,0,0
-0.302,1569307433056.0,1,0,0
-0.335,1569307433516.0,1,0,0
-0.313,1569307433976.0,1,0,0
-0.352,1569307434447.0,1,0,0
-0.379,1569307434907.0,1,0,0
-0.39,1569307435366.0,1,0,0
-0.328,1569307435836.0,1,0,0
-0.321,1569307436302.0,1,0,0
-0.34,1569307436757.0,1,0,0
-0.34,1569307437216.0,1,0,0
-0.257,1569307437677.0,1,0,0
-0.335,1569307438137.0,1,0,0
-0.301,1569307438600.0,1,0,0
-0.34400000000000003,1569307439057.0,1,0,0
-0.134,1569307439527.0,1,0,0
0.124,1569307439987.0,1,0,0
0.20800000000000002,1569307440447.0,1,0,0
0.162,1569307440907.0,1,0,0
-0.019,1569307441367.0,1,0,0
-0.126,1569307441837.0,1,0,0
-0.10300000000000001,1569307442287.0,1,0,0
-0.051000000000000004,1569307442757.0,1,0,0
-0.05,1569307443207.0,1,0,0
-0.049,1569307443667.0,1,0,0
-0.074,1569307444137.0,1,0,0
-0.10300000000000001,1569307444597.0,1,0,0
-0.022,1569307445057.0,1,0,0
0.047,1569307445517.0,1,0,0
0.04,1569307445976.0,1,0,0
0.074,1569307446427.0,1,0,0
0.159,1569307446897.0,1,0,0
0.123,1569307447347.0,1,0,0
0.08,1569307447807.0,1,0,0
0.11,1569307448267.0,1,0,0
0.107,1569307448727.0,1,0,0
0.12,1569307449191.0,1,0,0
0.126,1569307449647.0,1,0,0
0.201,1569307450107.0,1,0,0
0.215,1569307450567.0,1,0,0
0.23800000000000002,1569307451027.0,1,0,0
0.27,1569307451487.0,1,0,0
0.257,1569307451947.0,1,0,0
0.332,1569307452407.0,1,0,0
0.328,1569307452877.0,1,0,0
0.262,1569307453336.0,1,0,0
0.14300000000000002,1569307453797.0,1,0,0
0.21,1569307454257.0,1,0,0
0.267,1569307454727.0,1,0,0
0.254,1569307455197.0,1,0,0
0.198,1569307455657.0,1,0,0
0.106,1569307456117.0,1,0,0
-0.008,1569307456599.0,1,0,0
0.14200000000000002,1569307457036.0,1,0,0
0.157,1569307457488.0,1,0,0
0.164,1569307457947.0,1,0,0
0.14300000000000002,1569307458407.0,1,0,0
0.19,1569307458867.0,1,0,0
0.291,1569307459327.0,1,0,0
0.342,1569307459800.0,4,1,0
0.313,1569307460247.0,4,1,0
0.213,1569307460717.0,4,1,0
0.24,1569307461167.0,4,1,0
0.318,1569307461628.0,4,1,0
0.35100000000000003,1569307462087.0,4,1,0
0.42,1569307462557.0,4,1,0
0.446,1569307463017.0,4,1,0
0.361,1569307463477.0,4,1,0
0.403,1569307463937.0,4,1,0
0.355,1569307464397.0,4,1,0
0.354,1569307464867.0,4,1,0
0.25,1569307465327.0,4,1,0
0.147,1569307465787.0,4,1,0
0.278,1569307466237.0,1,0,0
-0.121,1569307466707.0,1,0,0
-0.058,1569307467157.0,1,0,0
-0.105,1569307467616.0,1,0,0
-0.14400000000000002,1569307468077.0,1,0,0
-0.184,1569307468537.0,1,0,0
-0.255,1569307469007.0,1,0,0
-0.276,1569307469456.0,1,0,0
-0.294,1569307469927.0,1,0,0
-0.363,1569307470409.0,1,0,0
-0.377,1569307470837.0,1,0,0
-0.406,1569307471297.0,1,0,0
-0.436,1569307471767.0,1,0,0
-0.43,1569307472227.0,1,0,0
-0.41100000000000003,1569307472687.0,1,0,0
-0.41400000000000003,1569307473146.0,1,0,0
-0.405,1569307473607.0,1,0,0
-0.406,1569307474067.0,1,0,0
-0.39,1569307474527.0,1,0,0
-0.319,1569307474987.0,1,0,0
-0.202,1569307475457.0,1,0,0
-0.114,1569307475917.0,1,0,0
-0.078,1569307476387.0,1,0,0
-0.062,1569307476847.0,1,0,0
-0.062,1569307477307.0,1,0,0
-0.108,1569307477798.0,1,0,0
-0.241,1569307478227.0,1,0,0
-0.342,1569307478686.0,1,0,0
-0.41300000000000003,1569307479147.0,1,0,0
-0.447,1569307479617.0,3,0,0
-0.426,1569307480067.0,3,0,0
-0.367,1569307480526.0,3,0,0
-0.371,1569307480987.0,3,0,0
-0.321,1569307481447.0,3,0,0
-0.39,1569307481907.0,3,0,0
-0.34700000000000003,1569307482357.0,3,0,0
-0.326,1569307482819.0,3,0,0
-0.47400000000000003,1569307483287.0,3,0,0
-0.484,1569307483746.0,3,0,0
-0.47400000000000003,1569307484207.0,3,0,0
-0.487,1569307484666.0,3,0,0
-0.47300000000000003,1569307485151.0,3,0,0
-0.34400000000000003,1569307485587.0,3,0,0
-0.244,1569307486046.0,3,0,0
-0.26,1569307486516.0,3,0,0
-0.851,1569307486977.0,3,0,0
-1.495,1569307487437.0,3,0,0
-1.701,1569307487896.0,3,0,0
-1.812,1569307488367.0,3,0,0
-1.901,1569307488827.0,3,0,0
-1.77,1569307489287.0,3,0,0
-1.438,1569307489746.0,3,0,0
-1.167,1569307490207.0,3,0,0
-0.8230000000000001,1569307490667.0,3,0,0
-0.5730000000000001,1569307491127.0,3,0,0
-0.34700000000000003,1569307491597.0,3,0,0
-0.201,1569307492056.0,3,0,0
-0.11800000000000001,1569307492517.0,3,0,0
-0.227,1569307492977.0,3,0,0
-0.314,1569307493437.0,3,0,0
-0.34700000000000003,1569307493897.0,3,0,0
-0.452,1569307494357.0,3,0,0
-0.4,1569307494817.0,3,0,0
-0.312,1569307495287.0,3,0,0
-0.25,1569307495737.0,0,0,0
-0.214,1569307496196.0,0,0,0
-0.178,1569307496667.0,0,0,0
-0.132,1569307497127.0,0,0,0
-0.092,1569307497587.0,0,0,0
-0.055,1569307498057.0,0,0,0
-0.024,1569307498517.0,0,0,0
-0.01,1569307498977.0,0,0,0
-0.004,1569307499437.0,0,0,0
-0.002,1569307499907.0,0,0,0
-0.001,1569307500367.0,1,0,0
0.0,1569307500827.0,1,0,0
0.0,1569307501277.0,1,0,0
0.016,1569307501737.0,1,0,0
0.062,1569307502207.0,1,0,0
0.139,1569307502667.0,1,0,0
0.241,1569307503157.0,1,0,0
0.277,1569307503599.0,1,0,0
0.187,1569307504057.0,1,0,0
-0.036000000000000004,1569307504517.0,1,0,0
-0.16,1569307504977.0,1,0,0
-0.222,1569307505437.0,1,0,0
-0.221,1569307505907.0,0,0,0
-0.156,1569307506366.0,0,0,0
-0.105,1569307506817.0,0,0,0
-0.056,1569307507277.0,0,0,0
-0.024,1569307507739.0,0,0,0
-0.01,1569307508207.0,0,0,0
-0.004,1569307508667.0,0,0,0
-0.002,1569307509127.0,0,0,0
-0.001,1569307509586.0,0,0,0
0.0,1569307510048.0,0,0,0
0.0,1569307510507.0,0,0,0
0.0,1569307510967.0,0,0,0
0.0,1569307511417.0,0,0,0
0.0,1569307511877.0,0,0,0
0.0,1569307512337.0,0,0,0
0.0,1569307512807.0,1,0,0
0.0,1569307513257.0,1,0,0
0.0,1569307513768.0,1,0,0
0.397,1569307514187.0,1,0,0
0.462,1569307514647.0,1,0,0
0.40900000000000003,1569307515107.0,1,0,0
0.328,1569307515577.0,1,0,0
0.388,1569307516037.0,1,0,0
0.604,1569307516497.0,1,0,0
0.717,1569307516957.0,1,0,0
0.731,1569307517407.0,1,0,0
0.725,1569307517877.0,1,0,0
0.778,1569307518327.0,1,0,0
0.878,1569307518787.0,1,0,0
0.8290000000000001,1569307519247.0,1,0,0
0.44,1569307519707.0,1,0,0
0.14100000000000001,1569307520167.0,1,0,0
0.10300000000000001,1569307520627.0,1,0,0
0.17300000000000001,1569307521087.0,1,0,0
0.23,1569307521547.0,1,0,0
0.23500000000000001,1569307522007.0,1,0,0
0.166,1569307522467.0,1,0,0
0.052000000000000005,1569307522927.0,1,0,0
-0.047,1569307523387.0,1,0,0
0.009000000000000001,1569307523857.0,1,0,0
0.109,1569307524366.0,1,0,0
0.08600000000000001,1569307524777.0,1,0,0
0.028,1569307525237.0,1,0,0
-0.058,1569307525697.0,1,0,0
-0.106,1569307526157.0,1,0,0
-0.069,1569307526617.0,1,0,0
-0.012,1569307527077.0,1,0,0
0.02,1569307527537.0,1,0,0
0.037,1569307528008.0,6,0,0
0.054,1569307528457.0,6,0,0
0.066,1569307528927.0,6,0,0
0.043000000000000003,1569307529387.0,6,0,0
-0.096,1569307529847.0,6,0,0
-0.589,1569307530317.0,6,0,0
-0.67,1569307530777.0,6,0,0
-0.397,1569307531237.0,6,0,0
-0.216,1569307531724.0,6,0,0
-0.126,1569307532167.0,6,0,0
-0.14200000000000002,1569307532627.0,6,0,0
0.048,1569307533088.0,6,0,0
0.5670000000000001,1569307533547.0,6,0,0
0.9490000000000001,1569307534007.0,6,0,0
1.143,1569307534477.0,6,0,0
0.928,1569307534938.0,6,0,0
0.751,1569307535408.0,6,0,0
0.685,1569307535867.0,6,0,0
0.8210000000000001,1569307536328.0,6,0,0
0.787,1569307536778.0,6,0,0
0.752,1569307537237.0,6,0,0
0.776,1569307537698.0,6,0,0
0.789,1569307538157.0,4,0,0
0.77,1569307538618.0,4,0,0
0.668,1569307539078.0,4,0,0
0.587,1569307539547.0,4,0,0
0.295,1569307540008.0,4,0,0
0.17200000000000001,1569307540467.0,4,0,0
0.133,1569307540938.0,4,0,0
0.165,1569307541398.0,4,0,0
0.28800000000000003,1569307541857.0,4,0,0
0.397,1569307542317.0,4,0,0
0.41400000000000003,1569307542777.0,4,0,0
0.422,1569307543237.0,4,0,0
0.417,1569307543697.0,4,0,0
0.371,1569307544158.0,4,0,0
0.438,1569307544607.0,4,0,0
0.434,1569307545068.0,1,0,0
0.447,1569307545527.0,1,0,0
0.442,1569307545988.0,1,0,0
0.437,1569307546448.0,1,0,0
0.468,1569307546908.0,1,0,0
0.47700000000000004,1569307547367.0,1,0,0
0.47200000000000003,1569307547832.0,1,0,0
0.47200000000000003,1569307548287.0,1,0,0
0.435,1569307548757.0,1,0,0
0.47200000000000003,1569307549217.0,1,0,0
0.387,1569307549678.0,1,0,0
0.319,1569307550137.0,1,0,0
0.125,1569307550587.0,1,0,0
0.057,1569307551058.0,1,0,0
0.061,1569307551508.0,1,0,0
0.046,1569307551977.0,1,0,0
0.073,1569307552438.0,1,0,0
0.063,1569307552898.0,1,0,0
0.057,1569307553358.0,1,0,0
0.07100000000000001,1569307553818.0,1,0,0
0.055,1569307554278.0,1,0,0
0.083,1569307554737.0,1,0,0
0.095,1569307555207.0,1,0,0
0.132,1569307555677.0,1,0,0
0.139,1569307556137.0,1,0,0
0.131,1569307556597.0,1,0,0
0.121,1569307557107.0,1,0,0
0.14400000000000002,1569307557528.0,1,0,0
0.132,1569307557988.0,1,0,0
0.123,1569307558438.0,1,0,0
0.11900000000000001,1569307558897.0,5,0,0
0.113,1569307559357.0,5,0,0
0.08,1569307559828.0,5,0,0
0.048,1569307560287.0,5,0,0
0.03,1569307560747.0,5,0,0
0.029,1569307561207.0,5,0,0
0.003,1569307561660.0,5,0,0
-0.046,1569307562117.0,5,0,0
-0.057,1569307562587.0,5,0,0
-0.096,1569307563047.0,1,0,0
-0.091,1569307563498.0,1,0,0
-0.115,1569307563958.0,1,0,0
-0.262,1569307564428.0,1,0,0
-0.209,1569307564888.0,1,0,0
-0.246,1569307565348.0,1,0,0
-0.23900000000000002,1569307565808.0,1,0,0
-0.242,1569307566267.0,1,0,0
-0.157,1569307566727.0,1,0,0
-0.052000000000000005,1569307567188.0,1,0,0
-0.012,1569307567660.0,1,0,0
-0.074,1569307568108.0,1,0,0
-0.06,1569307568568.0,1,0,0
-0.069,1569307569028.0,1,0,0
-0.091,1569307569489.0,1,0,0
-0.084,1569307569948.0,1,0,0
-0.099,1569307570408.0,1,0,0
-0.08,1569307570868.0,1,0,0
-0.066,1569307571328.0,1,0,0
-0.082,1569307571797.0,1,0,0
-0.092,1569307572258.0,1,0,0
-0.109,1569307572718.0,1,0,0
-0.1,1569307573178.0,1,0,0
-0.116,1569307574098.0,1,0,0
-0.133,1569307574558.0,1,0,0
-0.047,1569307575018.0,1,0,0
-0.008,1569307575478.0,1,0,0
0.048,1569307575948.0,1,0,0
0.109,1569307576408.0,1,0,0
0.128,1569307576879.0,1,0,0
0.17300000000000001,1569307577338.0,1,0,0
0.153,1569307577798.0,1,0,0
0.257,1569307578257.0,1,0,0
0.267,1569307578718.0,1,0,0
0.335,1569307579178.0,1,0,0
0.343,1569307579638.0,1,0,0
0.39,1569307580098.0,1,0,0
0.444,1569307580568.0,1,0,0
0.33,1569307581028.0,1,0,0
0.181,1569307581488.0,1,0,0
0.082,1569307581948.0,1,0,0
-0.052000000000000005,1569307582437.0,1,0,0
-0.14100000000000001,1569307582868.0,1,0,0
-0.059000000000000004,1569307583328.0,1,0,0
-0.024,1569307583788.0,1,0,0
0.203,1569307584248.0,1,0,0
0.074,1569307584708.0,1,0,0
0.08,1569307585167.0,4,0,0
0.051000000000000004,1569307585628.0,4,0,0
-0.024,1569307586088.0,4,0,0
-0.165,1569307586548.0,4,0,0
-0.507,1569307587009.0,4,0,0
-0.5710000000000001,1569307587468.0,4,0,0
-0.303,1569307587928.0,4,0,0
-0.117,1569307588398.0,4,0,0
-0.022,1569307588848.0,4,0,0
-0.015,1569307589308.0,4,0,0
-0.039,1569307589791.0,4,0,0
-0.031,1569307590228.0,4,0,0
-0.016,1569307590688.0,1,0,0
0.01,1569307591158.0,1,0,0
0.031,1569307591618.0,1,0,0
0.033,1569307592078.0,1,0,0
0.016,1569307592538.0,1,0,0
0.005,1569307593002.0,1,0,0
-0.035,1569307593458.0,1,0,0
-0.10400000000000001,1569307593928.0,1,0,0
-0.271,1569307594388.0,1,0,0
-0.462,1569307594848.0,5,0,0
-0.601,1569307595309.0,5,0,0
-0.562,1569307595768.0,5,0,0
-0.517,1569307596248.0,5,0,0
-0.304,1569307596708.0,5,0,0
0.15,1569307597168.0,5,0,0
0.65,1569307597638.0,5,0,0
0.768,1569307598098.0,5,0,0
0.594,1569307598558.0,5,0,0
0.261,1569307599018.0,5,0,0
0.056,1569307599478.0,5,0,0
-0.001,1569307599938.0,5,0,0
-0.028,1569307600433.0,5,0,0
0.026000000000000002,1569307600868.0,5,0,0
0.07100000000000001,1569307601328.0,5,0,0
0.083,1569307601788.0,5,0,0
0.08,1569307602248.0,1,0,0
0.074,1569307602708.0,1,0,0
0.08700000000000001,1569307603168.0,1,0,0
0.095,1569307603628.0,1,0,0
0.094,1569307604088.0,1,0,0
0.107,1569307604548.0,1,0,0
0.117,1569307605010.0,1,0,0
0.124,1569307605468.0,1,0,0
0.128,1569307605928.0,1,0,0
0.164,1569307606388.0,1,0,0
0.182,1569307606848.0,1,0,0
0.188,1569307607308.0,1,0,0
0.218,1569307607768.0,1,0,0
0.217,1569307608229.0,1,0,0
0.183,1569307608689.0,1,0,0
-0.046,1569307609148.0,1,0,0
-0.101,1569307609608.0,1,0,0
-0.12,1569307610069.0,1,0,0
-0.089,1569307610528.0,1,0,0
-0.065,1569307610988.0,5,0,0
-0.055,1569307611448.0,5,0,0
-0.054,1569307611908.0,5,0,0
-0.025,1569307612358.0,5,0,0
0.076,1569307612828.0,5,0,0
0.075,1569307613288.0,5,0,0
0.07,1569307613749.0,5,0,0
-0.011,1569307614218.0,5,0,0
-0.114,1569307614678.0,5,0,0
-0.149,1569307615138.0,5,0,0
-0.193,1569307615598.0,5,0,0
-0.17200000000000001,1569307616058.0,5,0,0
-0.23900000000000002,1569307616538.0,5,0,0
-0.333,1569307616998.0,1,0,0
-0.298,1569307617458.0,1,0,0
-0.261,1569307617918.0,1,0,0
-0.248,1569307618378.0,1,0,0
-0.669,1569307618838.0,1,0,0
-0.9470000000000001,1569307619298.0,1,0,0
-1.064,1569307619758.0,1,0,0
-1.096,1569307620228.0,1,0,0
-1.155,1569307620688.0,1,0,0
-1.365,1569307621148.0,1,0,0
-1.29,1569307621608.0,9,0,0
-0.976,1569307622058.0,9,0,0
-0.595,1569307622518.0,9,0,0
-0.375,1569307622988.0,9,0,0
-0.258,1569307623438.0,9,0,0
-0.123,1569307623908.0,9,0,0
0.046,1569307624368.0,9,0,0
0.148,1569307624828.0,9,0,0
0.17400000000000002,1569307625288.0,9,0,0
0.185,1569307625750.0,9,0,0
0.177,1569307626208.0,9,0,0
0.17400000000000002,1569307626668.0,9,0,0
0.151,1569307627128.0,9,0,0
0.11800000000000001,1569307627588.0,9,0,0
0.138,1569307628048.0,9,0,0
0.092,1569307628518.0,9,0,0
-0.036000000000000004,1569307628978.0,9,0,0
-0.058,1569307629438.0,9,0,0
-0.01,1569307629898.0,9,0,0
-0.125,1569307630358.0,9,0,0
-0.125,1569307630818.0,9,0,0
-0.098,1569307631278.0,9,0,0
-0.114,1569307631738.0,9,0,0
-0.163,1569307632198.0,9,0,0
-0.076,1569307632659.0,9,0,0
-0.036000000000000004,1569307633119.0,9,0,0
0.018000000000000002,1569307633578.0,9,0,0
0.061,1569307634048.0,9,0,0
0.048,1569307634508.0,9,0,0
0.004,1569307634968.0,9,0,0
-0.005,1569307635428.0,9,0,0
-0.013000000000000001,1569307635888.0,9,0,0
-0.035,1569307636368.0,9,0,0
-0.063,1569307636828.0,9,0,0
-0.069,1569307637289.0,9,0,0
-0.066,1569307637748.0,9,0,0
-0.08700000000000001,1569307638208.0,9,0,0
-0.10200000000000001,1569307638668.0,9,0,0
-0.129,1569307639138.0,9,0,0
-0.11800000000000001,1569307639598.0,9,0,0
-0.094,1569307640058.0,9,0,0
-0.08,1569307640528.0,9,0,0
-0.052000000000000005,1569307640988.0,9,0,0
-0.066,1569307641458.0,9,0,0
-0.079,1569307641918.0,9,0,0
-0.075,1569307642378.0,9,0,0
-0.036000000000000004,1569307642828.0,9,0,0
0.028,1569307643288.0,9,0,0
-0.062,1569307643748.0,9,0,0
0.061,1569307644208.0,9,0,0
0.166,1569307644668.0,9,0,0
0.147,1569307645128.0,9,0,0
0.332,1569307645578.0,9,0,0
0.382,1569307646038.0,1,0,0
0.298,1569307646498.0,1,0,0
0.329,1569307646958.0,1,0,0
0.191,1569307647418.0,1,0,0
0.083,1569307647878.0,1,0,0
0.158,1569307648338.0,1,0,0
0.109,1569307648798.0,1,0,0
0.14100000000000001,1569307649248.0,1,0,0
0.15,1569307649708.0,1,0,0
0.138,1569307650168.0,1,0,0
0.13,1569307650628.0,1,0,0
0.134,1569307651088.0,1,0,0
0.159,1569307651548.0,1,0,0
0.124,1569307652008.0,1,0,0
0.088,1569307652468.0,1,0,0
-0.054,1569307652928.0,3,0,0
-0.197,1569307653388.0,3,0,0
-0.298,1569307653848.0,3,0,0
-0.327,1569307654343.0,3,0,0
-0.366,1569307654778.0,3,0,0
-0.37,1569307655238.0,3,0,0
-0.209,1569307655698.0,3,0,0
-0.08700000000000001,1569307656158.0,3,0,0
-0.06,1569307656628.0,3,0,0
-0.056,1569307657088.0,3,0,0
-0.065,1569307657538.0,3,0,0
0.016,1569307657998.0,1,0,0
0.055,1569307658468.0,1,0,0
0.057,1569307658918.0,1,0,0
-0.012,1569307659388.0,1,0,0
-0.037,1569307659850.0,1,0,0
-0.066,1569307660308.0,1,0,0
-0.094,1569307660768.0,1,0,0
-0.154,1569307661238.0,1,0,0
-0.201,1569307661699.0,1,0,0
-0.194,1569307662158.0,1,0,0
-0.234,1569307662619.0,1,0,0
-0.291,1569307663078.0,1,0,0
-0.272,1569307663538.0,1,0,0
-0.251,1569307663998.0,1,0,0
-0.194,1569307664458.0,1,0,0
-0.198,1569307664940.0,1,0,0
-0.28800000000000003,1569307665378.0,1,0,0
-0.377,1569307665838.0,1,0,0
-0.47600000000000003,1569307666308.0,1,0,0
-0.583,1569307666768.0,1,0,0
-0.558,1569307667218.0,1,0,0
-0.427,1569307667688.0,1,0,0
-0.34700000000000003,1569307668148.0,1,0,0
-0.332,1569307668609.0,1,0,0
-0.31,1569307669068.0,1,0,0
-0.459,1569307669528.0,1,0,0
-0.869,1569307669988.0,1,0,0
-1.212,1569307670448.0,1,0,0
-1.428,1569307670908.0,1,0,0
-1.518,1569307671378.0,1,0,0
-1.31,1569307671838.0,1,0,0
-1.045,1569307672298.0,1,0,0
-0.848,1569307672758.0,1,0,0
-0.766,1569307673218.0,1,0,0
-0.6950000000000001,1569307673688.0,1,0,0
