DT_vehicleSpeed,Timestamp,Action,Bump,Traffic congestion
11.0,1569306195878.0,2,0,0
11.0,1569306196347.0,2,0,0
11.0,1569306196853.0,2,0,0
11.0,1569306197267.0,2,0,0
11.0,1569306197728.0,2,0,0
11.0,1569306198188.0,2,0,0
11.0,1569306198658.0,2,0,0
11.0,1569306199118.0,2,0,0
11.0,1569306199567.0,2,0,0
11.0,1569306200034.0,2,0,0
11.0,1569306200498.0,2,0,0
11.0,1569306200958.0,1,0,0
11.0,1569306201417.0,1,0,0
11.0,1569306201877.0,1,0,0
11.0,1569306202337.0,1,0,0
11.0,1569306202798.0,1,0,0
11.0,1569306203267.0,1,0,0
11.0,1569306203728.0,1,0,0
11.0,1569306204188.0,1,0,0
11.0,1569306204648.0,1,0,0
11.0,1569306205108.0,2,0,0
11.0,1569306205580.0,2,0,0
10.0,1569306206048.0,2,0,0
10.0,1569306206508.0,2,0,0
10.0,1569306206968.0,2,0,0
10.0,1569306207438.0,2,0,0
10.0,1569306207897.0,2,0,0
10.0,1569306208367.0,2,0,0
10.0,1569306208818.0,2,0,0
9.0,1569306209288.0,2,0,0
9.0,1569306209748.0,2,0,0
9.0,1569306210208.0,2,0,0
9.0,1569306210667.0,2,0,0
9.0,1569306211128.0,2,0,0
9.0,1569306211630.0,1,0,0
9.0,1569306212048.0,1,0,0
9.0,1569306212509.0,1,0,0
10.0,1569306212968.0,1,0,0
10.0,1569306213427.0,1,0,0
11.0,1569306213888.0,1,0,0
12.0,1569306214348.0,1,0,0
13.0,1569306214844.0,2,0,0
13.0,1569306215268.0,2,0,0
13.0,1569306215728.0,2,0,0
12.0,1569306216188.0,2,0,0
12.0,1569306216648.0,2,0,0
11.0,1569306217118.0,2,0,0
11.0,1569306217578.0,2,0,0
11.0,1569306218037.0,2,0,0
10.0,1569306218497.0,2,0,0
10.0,1569306218957.0,2,0,0
9.0,1569306219427.0,2,0,0
9.0,1569306219888.0,2,0,0
9.0,1569306220348.0,2,0,0
9.0,1569306220807.0,3,0,0
8.0,1569306221267.0,3,0,0
8.0,1569306221728.0,3,0,0
8.0,1569306222214.0,3,0,0
8.0,1569306222647.0,3,0,0
7.0,1569306223107.0,3,0,0
7.0,1569306223588.0,3,0,0
7.0,1569306224048.0,3,0,0
7.0,1569306224507.0,3,0,0
7.0,1569306224968.0,3,0,0
7.0,1569306225438.0,3,0,0
6.0,1569306225898.0,3,0,0
6.0,1569306226358.0,3,0,0
5.0,1569306226818.0,3,0,0
5.0,1569306227288.0,2,0,0
5.0,1569306227748.0,2,0,0
5.0,1569306228218.0,2,0,0
6.0,1569306228678.0,2,0,0
6.0,1569306229138.0,2,0,0
6.0,1569306229610.0,2,0,0
6.0,1569306230058.0,2,0,0
6.0,1569306230528.0,2,0,0
6.0,1569306230988.0,2,0,0
6.0,1569306231448.0,2,0,0
6.0,1569306231908.0,2,0,0
5.0,1569306232377.0,2,0,0
5.0,1569306232828.0,2,0,0
6.0,1569306233298.0,2,0,0
6.0,1569306233758.0,2,0,0
6.0,1569306234218.0,3,0,0
6.0,1569306234668.0,3,0,0
6.0,1569306235127.0,3,0,0
6.0,1569306235588.0,3,0,0
6.0,1569306236048.0,3,0,0
6.0,1569306236518.0,3,0,0
6.0,1569306236978.0,3,0,0
6.0,1569306237438.0,3,0,0
6.0,1569306237898.0,3,0,0
7.0,1569306238368.0,3,0,0
7.0,1569306238828.0,3,0,0
7.0,1569306239288.0,3,0,0
8.0,1569306239748.0,3,0,0
8.0,1569306240225.0,3,0,0
8.0,1569306240668.0,1,0,0
8.0,1569306241138.0,1,0,0
8.0,1569306241588.0,1,0,0
9.0,1569306242047.0,1,0,0
9.0,1569306242508.0,1,0,0
10.0,1569306242968.0,1,0,0
10.0,1569306243438.0,1,0,0
10.0,1569306243898.0,1,0,0
11.0,1569306244358.0,1,0,0
10.0,1569306244818.0,1,0,0
9.0,1569306245278.0,1,0,0
7.0,1569306245748.0,1,0,0
7.0,1569306246208.0,1,0,0
6.0,1569306246668.0,1,0,0
6.0,1569306247128.0,1,0,0
6.0,1569306247597.0,1,0,0
6.0,1569306248058.0,1,0,0
6.0,1569306248518.0,6,0,0
6.0,1569306248989.0,6,0,0
6.0,1569306249448.0,6,0,0
6.0,1569306249908.0,6,0,0
6.0,1569306250378.0,6,0,0
7.0,1569306250838.0,6,0,0
7.0,1569306251288.0,6,0,0
8.0,1569306251758.0,6,0,0
8.0,1569306252218.0,6,0,0
9.0,1569306252678.0,6,0,0
8.0,1569306253148.0,6,0,0
8.0,1569306253608.0,6,0,0
7.0,1569306254068.0,6,0,0
7.0,1569306254527.0,6,0,0
7.0,1569306255029.0,6,0,0
7.0,1569306255448.0,6,0,0
7.0,1569306255908.0,6,0,0
7.0,1569306256368.0,6,0,0
7.0,1569306256828.0,6,0,0
8.0,1569306257288.0,6,0,0
9.0,1569306257748.0,6,0,0
10.0,1569306258214.0,6,0,0
11.0,1569306258668.0,6,0,0
11.0,1569306259127.0,6,0,0
12.0,1569306259588.0,6,0,0
12.0,1569306260048.0,6,0,0
13.0,1569306260508.0,6,0,0
14.0,1569306260968.0,1,0,0
14.0,1569306261429.0,1,0,0
15.0,1569306261888.0,1,0,0
15.0,1569306262348.0,1,0,0
16.0,1569306262808.0,1,0,0
15.0,1569306263288.0,6,0,0
13.0,1569306263748.0,6,0,0
12.0,1569306264208.0,6,0,0
11.0,1569306264668.0,6,0,0
10.0,1569306265138.0,6,0,0
9.0,1569306265620.0,6,0,0
8.0,1569306266048.0,6,0,0
7.0,1569306266518.0,6,0,0
7.0,1569306266968.0,6,0,0
7.0,1569306267438.0,6,0,0
7.0,1569306267898.0,6,0,0
7.0,1569306268348.0,6,0,0
7.0,1569306268808.0,6,0,0
7.0,1569306269278.0,6,0,0
8.0,1569306269729.0,6,0,0
8.0,1569306270198.0,6,0,0
8.0,1569306270659.0,6,0,0
8.0,1569306271118.0,6,0,0
9.0,1569306271578.0,6,0,0
9.0,1569306272038.0,6,0,0
10.0,1569306272498.0,6,0,0
10.0,1569306272958.0,6,0,0
10.0,1569306273429.0,6,0,0
10.0,1569306273878.0,6,0,0
10.0,1569306274338.0,6,0,0
9.0,1569306274798.0,6,0,0
9.0,1569306275258.0,6,0,0
9.0,1569306275718.0,6,0,0
8.0,1569306276226.0,6,0,0
8.0,1569306276638.0,6,0,0
8.0,1569306277108.0,6,0,0
8.0,1569306277568.0,6,0,0
7.0,1569306278028.0,6,0,0
6.0,1569306278488.0,6,0,0
6.0,1569306278948.0,6,0,0
6.0,1569306279409.0,6,0,0
7.0,1569306279868.0,6,0,0
7.0,1569306280328.0,6,0,0
7.0,1569306280788.0,6,0,0
7.0,1569306281258.0,6,0,0
7.0,1569306281718.0,6,0,0
7.0,1569306282178.0,6,0,0
7.0,1569306282638.0,6,0,0
6.0,1569306283098.0,6,0,0
6.0,1569306283568.0,6,0,0
6.0,1569306284028.0,6,0,0
6.0,1569306284488.0,6,0,0
6.0,1569306284948.0,6,0,0
7.0,1569306285410.0,6,0,0
8.0,1569306285868.0,6,0,0
8.0,1569306286328.0,6,0,0
9.0,1569306286781.0,6,0,0
11.0,1569306287228.0,6,0,0
12.0,1569306287688.0,6,0,0
13.0,1569306288138.0,6,0,0
12.0,1569306288598.0,6,0,0
11.0,1569306289048.0,6,0,0
12.0,1569306289518.0,6,0,0
12.0,1569306289978.0,6,0,0
11.0,1569306290438.0,6,0,0
11.0,1569306290898.0,6,0,0
12.0,1569306291358.0,6,0,0
13.0,1569306291818.0,6,0,0
12.0,1569306292278.0,6,0,0
12.0,1569306292738.0,6,0,0
11.0,1569306293198.0,6,0,0
11.0,1569306293658.0,6,0,0
10.0,1569306294118.0,6,0,0
10.0,1569306294588.0,6,0,0
10.0,1569306295048.0,6,0,0
11.0,1569306295508.0,6,0,0
12.0,1569306295968.0,6,0,0
12.0,1569306296428.0,6,0,0
12.0,1569306296888.0,6,0,0
12.0,1569306297349.0,6,0,0
12.0,1569306297808.0,6,0,0
12.0,1569306298268.0,1,0,0
12.0,1569306298728.0,1,0,0
13.0,1569306299189.0,1,0,0
13.0,1569306299648.0,1,0,0
13.0,1569306300108.0,1,0,0
14.0,1569306300588.0,1,0,0
14.0,1569306301028.0,1,0,0
14.0,1569306301508.0,1,0,0
14.0,1569306301968.0,1,0,0
15.0,1569306302429.0,1,0,0
15.0,1569306302888.0,1,0,0
15.0,1569306303349.0,1,0,0
13.0,1569306303808.0,8,0,0
11.0,1569306304288.0,8,0,0
11.0,1569306304738.0,8,0,0
11.0,1569306305198.0,8,0,0
11.0,1569306305658.0,8,0,0
12.0,1569306306118.0,8,0,0
12.0,1569306306588.0,8,0,0
12.0,1569306307048.0,8,0,0
12.0,1569306307508.0,8,0,0
12.0,1569306307967.0,8,0,0
12.0,1569306308428.0,8,0,0
12.0,1569306308878.0,8,0,0
12.0,1569306309338.0,8,0,0
11.0,1569306309798.0,8,0,0
11.0,1569306310258.0,8,0,0
11.0,1569306310718.0,8,0,0
10.0,1569306311178.0,8,0,0
10.0,1569306311638.0,8,0,0
10.0,1569306312098.0,8,0,0
10.0,1569306312558.0,8,0,0
9.0,1569306313018.0,8,0,0
9.0,1569306313469.0,8,0,0
9.0,1569306313928.0,8,0,0
9.0,1569306314388.0,8,0,0
8.0,1569306314848.0,8,0,0
8.0,1569306315349.0,8,0,0
8.0,1569306315768.0,8,0,0
10.0,1569306316229.0,8,0,0
12.0,1569306316688.0,8,0,0
14.0,1569306317148.0,1,0,0
14.0,1569306317609.0,1,0,0
14.0,1569306318058.0,1,0,0
14.0,1569306318518.0,1,0,0
14.0,1569306318978.0,1,0,0
14.0,1569306319438.0,8,0,0
14.0,1569306319898.0,8,0,0
14.0,1569306320358.0,8,0,0
13.0,1569306320818.0,8,0,0
12.0,1569306321278.0,8,0,0
10.0,1569306321738.0,8,0,0
10.0,1569306322188.0,8,0,0
10.0,1569306322648.0,8,0,0
10.0,1569306323109.0,8,0,0
9.0,1569306323569.0,8,0,0
9.0,1569306324029.0,8,0,0
9.0,1569306324499.0,8,0,0
9.0,1569306324969.0,8,0,0
8.0,1569306325428.0,8,0,0
8.0,1569306325888.0,8,0,0
7.0,1569306326348.0,8,0,0
5.0,1569306326808.0,8,0,0
4.0,1569306327258.0,8,0,0
3.0,1569306327728.0,8,0,0
3.0,1569306328191.0,8,0,0
2.0,1569306328659.0,8,0,0
2.0,1569306329108.0,8,0,0
2.0,1569306329578.0,8,0,0
2.0,1569306330077.0,8,0,0
2.0,1569306330488.0,8,0,0
2.0,1569306330948.0,8,0,0
3.0,1569306331408.0,8,0,0
3.0,1569306331868.0,8,0,0
3.0,1569306332318.0,8,0,0
3.0,1569306332778.0,8,0,0
3.0,1569306333253.0,8,0,0
4.0,1569306333699.0,8,0,0
4.0,1569306334169.0,8,0,0
5.0,1569306334629.0,8,0,0
6.0,1569306335089.0,8,0,0
6.0,1569306335549.0,8,0,0
6.0,1569306336009.0,8,0,0
6.0,1569306336468.0,8,0,0
6.0,1569306336928.0,8,0,0
5.0,1569306337398.0,8,0,0
5.0,1569306337858.0,8,0,0
4.0,1569306338318.0,8,0,0
3.0,1569306338778.0,8,0,0
3.0,1569306339238.0,8,0,0
3.0,1569306339688.0,8,0,0
3.0,1569306340158.0,1,1,0
3.0,1569306340619.0,1,1,0
3.0,1569306341078.0,1,1,0
4.0,1569306341538.0,1,1,0
5.0,1569306342009.0,1,1,0
5.0,1569306342469.0,1,1,0
6.0,1569306342928.0,1,1,0
6.0,1569306343388.0,1,1,0
6.0,1569306343849.0,1,1,0
6.0,1569306344319.0,1,1,0
6.0,1569306344778.0,1,1,0
5.0,1569306345239.0,1,1,0
5.0,1569306345699.0,1,1,0
3.0,1569306346159.0,1,1,0
3.0,1569306346619.0,1,1,0
3.0,1569306347079.0,1,1,0
3.0,1569306347549.0,1,1,0
4.0,1569306348008.0,1,1,0
4.0,1569306348479.0,1,1,0
4.0,1569306348939.0,1,1,0
4.0,1569306349399.0,1,1,0
4.0,1569306349858.0,1,1,0
4.0,1569306350318.0,1,1,0
4.0,1569306350779.0,1,1,0
4.0,1569306351238.0,1,1,0
4.0,1569306351699.0,1,1,0
4.0,1569306352159.0,1,1,0
4.0,1569306352619.0,1,1,0
4.0,1569306353079.0,1,1,0
4.0,1569306353539.0,1,1,0
4.0,1569306353999.0,1,1,0
4.0,1569306354459.0,1,1,0
4.0,1569306354920.0,1,1,0
4.0,1569306355379.0,1,1,0
3.0,1569306355838.0,1,1,0
2.0,1569306356299.0,1,1,0
1.0,1569306356760.0,1,1,0
2.0,1569306357219.0,1,1,0
2.0,1569306357678.0,1,1,0
3.0,1569306358138.0,1,1,0
4.0,1569306358599.0,1,1,0
5.0,1569306359059.0,1,1,0
5.0,1569306359519.0,1,0,0
5.0,1569306359978.0,1,0,0
6.0,1569306360447.0,1,0,0
6.0,1569306360889.0,1,0,0
6.0,1569306361358.0,1,0,0
6.0,1569306361819.0,1,0,0
7.0,1569306362279.0,1,0,0
8.0,1569306362738.0,3,0,0
9.0,1569306363189.0,3,0,0
9.0,1569306363648.0,3,0,0
10.0,1569306364119.0,3,0,0
10.0,1569306364589.0,3,0,0
10.0,1569306365049.0,3,0,0
11.0,1569306365518.0,3,0,0
11.0,1569306365979.0,3,0,0
11.0,1569306366449.0,3,0,0
11.0,1569306366909.0,3,0,0
11.0,1569306367368.0,3,0,0
10.0,1569306367829.0,3,0,0
10.0,1569306368299.0,3,0,0
10.0,1569306368759.0,3,0,0
10.0,1569306369219.0,3,0,0
10.0,1569306369679.0,1,0,0
11.0,1569306370155.0,1,0,0
11.0,1569306370588.0,1,0,0
11.0,1569306371049.0,1,0,0
12.0,1569306371510.0,1,0,0
13.0,1569306371969.0,1,0,0
13.0,1569306372430.0,1,0,0
13.0,1569306372889.0,1,0,0
14.0,1569306373349.0,1,0,0
15.0,1569306373809.0,1,0,0
16.0,1569306374259.0,1,0,0
17.0,1569306374719.0,1,0,0
18.0,1569306375179.0,1,0,0
18.0,1569306375639.0,1,0,0
19.0,1569306376099.0,1,0,0
19.0,1569306376558.0,1,0,0
20.0,1569306377019.0,1,0,0
20.0,1569306377469.0,1,0,0
20.0,1569306377928.0,1,0,0
20.0,1569306378389.0,1,0,0
20.0,1569306378849.0,1,0,0
20.0,1569306379309.0,1,0,0
20.0,1569306379779.0,1,0,0
19.0,1569306380229.0,1,0,0
18.0,1569306380729.0,1,0,0
17.0,1569306381149.0,1,0,0
16.0,1569306381609.0,1,0,0
16.0,1569306382069.0,3,0,0
16.0,1569306382539.0,3,0,0
16.0,1569306382999.0,3,0,0
15.0,1569306383459.0,3,0,0
15.0,1569306383920.0,3,0,0
15.0,1569306384389.0,3,0,0
15.0,1569306384859.0,3,0,0
15.0,1569306385319.0,3,0,0
15.0,1569306385779.0,3,0,0
15.0,1569306386229.0,3,0,0
14.0,1569306386689.0,3,0,0
14.0,1569306387148.0,3,0,0
14.0,1569306387619.0,3,0,0
14.0,1569306388079.0,3,0,0
14.0,1569306388549.0,3,0,0
14.0,1569306389009.0,3,0,0
14.0,1569306389469.0,3,0,0
15.0,1569306389928.0,3,0,0
15.0,1569306390389.0,1,0,0
16.0,1569306390849.0,1,0,0
17.0,1569306391308.0,1,0,0
18.0,1569306391769.0,1,0,0
19.0,1569306392229.0,1,0,0
19.0,1569306392689.0,1,0,0
19.0,1569306393149.0,1,0,0
19.0,1569306393609.0,1,0,0
20.0,1569306394079.0,1,0,0
20.0,1569306394545.0,1,0,0
20.0,1569306394999.0,1,0,0
20.0,1569306395459.0,1,0,0
20.0,1569306395919.0,1,0,0
21.0,1569306396379.0,1,0,0
21.0,1569306396840.0,1,0,0
21.0,1569306397299.0,1,0,0
21.0,1569306397748.0,1,0,0
21.0,1569306398209.0,4,0,0
21.0,1569306398669.0,4,0,0
21.0,1569306399139.0,4,0,0
22.0,1569306399600.0,4,0,0
22.0,1569306400049.0,4,0,0
21.0,1569306400519.0,4,0,0
21.0,1569306400979.0,4,0,0
21.0,1569306401431.0,4,0,0
20.0,1569306401899.0,4,0,0
20.0,1569306402359.0,4,0,0
19.0,1569306402819.0,4,0,0
18.0,1569306403289.0,4,0,0
18.0,1569306403749.0,4,0,0
16.0,1569306404208.0,4,0,0
15.0,1569306404669.0,4,0,0
14.0,1569306405128.0,4,0,0
13.0,1569306405598.0,4,0,0
12.0,1569306406059.0,4,0,0
11.0,1569306406528.0,4,0,0
11.0,1569306406989.0,4,0,0
11.0,1569306407449.0,4,0,0
10.0,1569306407909.0,4,0,0
10.0,1569306408369.0,4,0,0
10.0,1569306408829.0,1,0,0
9.0,1569306409299.0,1,0,0
9.0,1569306409749.0,1,0,0
9.0,1569306410209.0,1,0,0
9.0,1569306410669.0,1,0,0
9.0,1569306411139.0,1,0,0
8.0,1569306411599.0,1,0,0
8.0,1569306412059.0,1,0,0
8.0,1569306412529.0,1,0,0
8.0,1569306412989.0,1,0,0
7.0,1569306413449.0,1,0,0
7.0,1569306413909.0,1,0,0
6.0,1569306414369.0,1,0,0
6.0,1569306414829.0,1,0,0
6.0,1569306415291.0,1,0,0
5.0,1569306415749.0,1,0,0
4.0,1569306416210.0,1,0,0
3.0,1569306416693.0,1,0,0
3.0,1569306417119.0,1,0,0
3.0,1569306417589.0,1,0,0
3.0,1569306418049.0,1,0,0
3.0,1569306418509.0,1,0,0
2.0,1569306418979.0,1,0,0
2.0,1569306419429.0,1,0,0
2.0,1569306419899.0,1,0,0
2.0,1569306420349.0,1,0,0
2.0,1569306420819.0,1,0,0
1.0,1569306421270.0,1,0,0
0.0,1569306421729.0,1,0,0
0.0,1569306422199.0,0,0,0
0.0,1569306422669.0,0,0,0
0.0,1569306423129.0,0,0,0
0.0,1569306423589.0,0,0,0
0.0,1569306424066.0,0,0,0
0.0,1569306424509.0,0,0,0
0.0,1569306424969.0,0,0,0
0.0,1569306425442.0,0,0,0
0.0,1569306425899.0,0,0,0
0.0,1569306426360.0,0,0,0
0.0,1569306426829.0,0,0,0
0.0,1569306427279.0,0,0,0
0.0,1569306427749.0,0,0,0
0.0,1569306428209.0,0,0,0
0.0,1569306428659.0,0,0,0
0.0,1569306429129.0,0,0,0
0.0,1569306429589.0,0,0,0
0.0,1569306430049.0,0,0,0
0.0,1569306430509.0,0,0,0
0.0,1569306430979.0,0,0,0
0.0,1569306431439.0,0,0,0
0.0,1569306431899.0,0,0,0
0.0,1569306432349.0,0,0,0
0.0,1569306432809.0,0,0,0
0.0,1569306433269.0,0,0,0
0.0,1569306433729.0,0,0,0
0.0,1569306434189.0,0,0,0
0.0,1569306434649.0,0,0,0
0.0,1569306435109.0,0,0,0
0.0,1569306435579.0,0,0,0
0.0,1569306436039.0,0,0,0
0.0,1569306436499.0,0,0,0
0.0,1569306436959.0,0,0,0
0.0,1569306437419.0,0,0,0
0.0,1569306437879.0,0,0,0
0.0,1569306438329.0,0,0,0
0.0,1569306438799.0,0,0,0
0.0,1569306439259.0,0,0,0
0.0,1569306439719.0,0,0,0
0.0,1569306440179.0,0,0,0
0.0,1569306440639.0,0,0,0
0.0,1569306441100.0,0,0,0
0.0,1569306441549.0,0,0,0
0.0,1569306442009.0,0,0,0
0.0,1569306442469.0,0,0,0
0.0,1569306442949.0,0,0,0
0.0,1569306443399.0,0,0,0
0.0,1569306443859.0,0,0,0
0.0,1569306444320.0,0,0,0
0.0,1569306444789.0,0,0,0
0.0,1569306445259.0,0,0,0
0.0,1569306445709.0,0,0,0
0.0,1569306446169.0,0,0,0
0.0,1569306446639.0,0,0,0
0.0,1569306447099.0,0,0,0
0.0,1569306447559.0,0,0,0
0.0,1569306448019.0,0,0,0
0.0,1569306448479.0,0,0,0
0.0,1569306448949.0,0,0,0
0.0,1569306449409.0,0,0,0
0.0,1569306449869.0,0,0,0
0.0,1569306450329.0,0,0,0
0.0,1569306450789.0,0,0,0
0.0,1569306451251.0,0,0,0
0.0,1569306451709.0,0,0,0
0.0,1569306452169.0,0,0,0
0.0,1569306452639.0,0,0,0
0.0,1569306453099.0,0,0,0
0.0,1569306453569.0,0,0,0
0.0,1569306454019.0,0,0,0
0.0,1569306454479.0,0,0,0
0.0,1569306454939.0,0,0,0
0.0,1569306455399.0,0,0,0
0.0,1569306455859.0,0,0,0
0.0,1569306456329.0,0,0,0
0.0,1569306456789.0,0,0,0
0.0,1569306457249.0,0,0,0
0.0,1569306457709.0,0,0,0
0.0,1569306458169.0,0,0,0
0.0,1569306458629.0,0,0,0
0.0,1569306459079.0,0,0,0
0.0,1569306459539.0,0,0,0
0.0,1569306459999.0,0,0,0
0.0,1569306460461.0,0,0,0
0.0,1569306460909.0,0,0,0
0.0,1569306461371.0,0,0,0
0.0,1569306461840.0,0,0,0
0.0,1569306462289.0,0,0,0
0.0,1569306462749.0,0,0,0
0.0,1569306463219.0,0,0,0
0.0,1569306463679.0,0,0,0
0.0,1569306464149.0,0,0,0
0.0,1569306464609.0,0,0,0
0.0,1569306465069.0,0,0,0
0.0,1569306465529.0,0,0,0
0.0,1569306465999.0,0,0,0
0.0,1569306466462.0,0,0,0
0.0,1569306466919.0,0,0,0
0.0,1569306467379.0,0,0,0
0.0,1569306467839.0,0,0,0
0.0,1569306468351.0,0,0,0
0.0,1569306468759.0,0,0,0
0.0,1569306469219.0,0,0,0
0.0,1569306469679.0,0,0,0
0.0,1569306470139.0,0,0,0
0.0,1569306470611.0,0,0,0
0.0,1569306471069.0,0,0,0
0.0,1569306471536.0,0,0,0
0.0,1569306471979.0,0,0,0
0.0,1569306472439.0,0,0,0
0.0,1569306472899.0,0,0,0
0.0,1569306473359.0,0,0,0
0.0,1569306473819.0,0,0,0
0.0,1569306474279.0,0,0,0
0.0,1569306474756.0,0,0,0
0.0,1569306475209.0,0,0,0
0.0,1569306475659.0,0,0,0
0.0,1569306476119.0,0,0,0
0.0,1569306476579.0,0,0,0
0.0,1569306477039.0,0,0,0
0.0,1569306477499.0,0,0,0
0.0,1569306477969.0,0,0,0
0.0,1569306478429.0,0,0,0
0.0,1569306478889.0,0,0,0
0.0,1569306479349.0,0,0,0
0.0,1569306479809.0,0,0,0
0.0,1569306480269.0,0,0,0
0.0,1569306480729.0,0,0,0
0.0,1569306481199.0,0,0,0
0.0,1569306481650.0,0,0,0
0.0,1569306482119.0,0,0,0
0.0,1569306482580.0,0,0,0
0.0,1569306483039.0,0,0,0
0.0,1569306483499.0,0,0,0
0.0,1569306483970.0,0,0,0
0.0,1569306484419.0,0,0,0
0.0,1569306484879.0,0,0,0
0.0,1569306485349.0,1,0,0
0.0,1569306485809.0,1,0,0
0.0,1569306486269.0,1,0,0
1.0,1569306486719.0,1,0,0
1.0,1569306487179.0,1,0,0
1.0,1569306487639.0,1,0,0
1.0,1569306488109.0,1,0,0
2.0,1569306488569.0,1,0,0
3.0,1569306489030.0,1,0,0
3.0,1569306489494.0,1,0,0
4.0,1569306489949.0,1,0,0
6.0,1569306490409.0,1,0,0
8.0,1569306490870.0,1,0,0
11.0,1569306491329.0,1,0,0
12.0,1569306491790.0,1,0,0
13.0,1569306492249.0,1,0,0
15.0,1569306492709.0,1,0,0
16.0,1569306493169.0,1,0,0
15.0,1569306493629.0,1,0,0
15.0,1569306494089.0,1,0,0
15.0,1569306494549.0,1,0,0
15.0,1569306495010.0,1,0,0
15.0,1569306495469.0,1,0,0
14.0,1569306495929.0,1,0,0
11.0,1569306496389.0,1,0,0
7.0,1569306496886.0,1,0,0
4.0,1569306497311.0,1,0,0
3.0,1569306497770.0,2,0,0
3.0,1569306498230.0,2,0,0
4.0,1569306498689.0,2,0,0
4.0,1569306499149.0,2,0,0
4.0,1569306499610.0,2,0,0
5.0,1569306500069.0,2,0,0
6.0,1569306500529.0,2,0,0
7.0,1569306500989.0,2,0,0
8.0,1569306501449.0,2,0,0
9.0,1569306501920.0,2,0,0
11.0,1569306502370.0,2,0,0
11.0,1569306502840.0,2,0,0
12.0,1569306503299.0,2,0,0
12.0,1569306503760.0,2,0,0
13.0,1569306504220.0,2,0,0
14.0,1569306504680.0,2,0,0
14.0,1569306505139.0,2,0,0
14.0,1569306505600.0,2,0,0
13.0,1569306506060.0,2,0,0
13.0,1569306506531.0,2,0,0
13.0,1569306507000.0,2,0,0
13.0,1569306507460.0,2,0,0
13.0,1569306507921.0,2,0,0
13.0,1569306508370.0,2,0,0
12.0,1569306508839.0,2,0,0
12.0,1569306509290.0,2,0,0
12.0,1569306509760.0,2,0,0
13.0,1569306510211.0,1,0,0
13.0,1569306510680.0,1,0,0
14.0,1569306511140.0,1,0,0
14.0,1569306511644.0,1,0,0
15.0,1569306512060.0,1,0,0
15.0,1569306512520.0,1,0,0
15.0,1569306512980.0,1,0,0
16.0,1569306513440.0,1,0,0
16.0,1569306513902.0,1,0,0
16.0,1569306514360.0,1,0,0
17.0,1569306514830.0,1,0,0
17.0,1569306515290.0,1,0,0
17.0,1569306515750.0,1,0,0
17.0,1569306516199.0,1,0,0
18.0,1569306516670.0,1,0,0
18.0,1569306517130.0,1,0,0
18.0,1569306517590.0,1,0,0
19.0,1569306518050.0,1,0,0
20.0,1569306518510.0,1,0,0
21.0,1569306518970.0,1,0,0
22.0,1569306519430.0,1,0,0
21.0,1569306519890.0,1,0,0
22.0,1569306520350.0,1,0,0
22.0,1569306520810.0,1,0,0
21.0,1569306521269.0,1,0,0
21.0,1569306521730.0,1,0,0
21.0,1569306522189.0,1,0,0
20.0,1569306522650.0,1,0,0
20.0,1569306523120.0,1,0,0
20.0,1569306523580.0,1,0,0
20.0,1569306524040.0,1,0,0
20.0,1569306524499.0,1,0,0
20.0,1569306524960.0,1,0,0
20.0,1569306525420.0,1,0,0
20.0,1569306525880.0,1,0,0
20.0,1569306526350.0,1,0,0
20.0,1569306526810.0,1,0,0
20.0,1569306527270.0,1,0,0
20.0,1569306527730.0,1,0,0
20.0,1569306528189.0,1,0,0
20.0,1569306528650.0,1,0,0
20.0,1569306529120.0,1,0,0
20.0,1569306529570.0,1,0,0
20.0,1569306530030.0,1,0,0
20.0,1569306530500.0,1,0,0
20.0,1569306530960.0,1,0,0
20.0,1569306531420.0,1,0,0
20.0,1569306531880.0,1,0,0
21.0,1569306532340.0,1,0,0
22.0,1569306532800.0,1,0,0
22.0,1569306533260.0,1,0,0
22.0,1569306533710.0,1,0,0
22.0,1569306534180.0,1,0,0
21.0,1569306534630.0,1,0,0
20.0,1569306535090.0,1,0,0
19.0,1569306535550.0,1,0,0
19.0,1569306536010.0,1,0,0
17.0,1569306536482.0,1,0,0
17.0,1569306536930.0,1,0,0
16.0,1569306537389.0,1,0,0
15.0,1569306537850.0,1,0,0
15.0,1569306538310.0,1,0,0
14.0,1569306538770.0,1,0,0
13.0,1569306539240.0,1,0,0
13.0,1569306539700.0,1,0,0
13.0,1569306540189.0,1,0,0
13.0,1569306540620.0,1,0,0
13.0,1569306541080.0,1,0,0
13.0,1569306541540.0,1,0,0
13.0,1569306542010.0,1,0,0
13.0,1569306542461.0,1,0,0
13.0,1569306542920.0,1,0,0
13.0,1569306543380.0,1,0,0
14.0,1569306543850.0,1,0,0
15.0,1569306544310.0,1,0,0
16.0,1569306544780.0,1,0,0
16.0,1569306545230.0,1,0,0
17.0,1569306545700.0,1,0,0
17.0,1569306546170.0,1,0,0
17.0,1569306546621.0,1,0,0
17.0,1569306547080.0,1,0,0
17.0,1569306547550.0,1,0,0
18.0,1569306548010.0,1,0,0
18.0,1569306548476.0,1,0,0
18.0,1569306548930.0,1,0,0
18.0,1569306549390.0,1,0,0
18.0,1569306549850.0,1,0,0
17.0,1569306550310.0,1,0,0
17.0,1569306550770.0,1,0,0
17.0,1569306551240.0,1,0,0
17.0,1569306551700.0,1,0,0
17.0,1569306552160.0,1,0,0
17.0,1569306552621.0,1,0,0
16.0,1569306553080.0,1,0,0
16.0,1569306553540.0,1,0,0
17.0,1569306554000.0,1,0,0
17.0,1569306554460.0,1,0,0
17.0,1569306554959.0,1,0,0
17.0,1569306555380.0,1,0,0
17.0,1569306555840.0,1,0,0
17.0,1569306556300.0,1,0,0
17.0,1569306556760.0,1,0,0
17.0,1569306557220.0,1,0,0
18.0,1569306557680.0,1,0,0
18.0,1569306558140.0,1,0,0
18.0,1569306558600.0,1,0,0
18.0,1569306559060.0,1,0,0
17.0,1569306559520.0,1,0,0
16.0,1569306559990.0,1,0,0
14.0,1569306560450.0,1,0,0
13.0,1569306560910.0,5,0,0
13.0,1569306561370.0,5,0,0
13.0,1569306561840.0,5,0,0
13.0,1569306562300.0,5,0,0
12.0,1569306562760.0,5,0,0
12.0,1569306563220.0,5,0,0
12.0,1569306563680.0,5,0,0
12.0,1569306564150.0,5,0,0
12.0,1569306564610.0,5,0,0
12.0,1569306565070.0,5,0,0
12.0,1569306565520.0,5,0,0
11.0,1569306565980.0,5,0,0
11.0,1569306566450.0,5,0,0
11.0,1569306566910.0,5,0,0
11.0,1569306567370.0,5,0,0
11.0,1569306567830.0,5,0,0
10.0,1569306568290.0,5,0,0
11.0,1569306568750.0,5,0,0
11.0,1569306569210.0,5,0,0
10.0,1569306569670.0,5,0,0
10.0,1569306570130.0,1,0,0
10.0,1569306570600.0,1,0,0
10.0,1569306571060.0,1,0,0
9.0,1569306571520.0,1,0,0
8.0,1569306571981.0,1,0,0
7.0,1569306572450.0,1,0,0
5.0,1569306572910.0,1,0,0
4.0,1569306573370.0,1,0,0
3.0,1569306573830.0,1,0,0
3.0,1569306574290.0,1,0,0
2.0,1569306574750.0,1,0,0
1.0,1569306575220.0,1,0,0
1.0,1569306575680.0,1,0,0
1.0,1569306576140.0,1,0,0
1.0,1569306576600.0,1,0,0
1.0,1569306577060.0,1,0,0
0.0,1569306577521.0,0,0,0
0.0,1569306577980.0,0,0,0
0.0,1569306578440.0,0,0,0
0.0,1569306578910.0,0,0,0
0.0,1569306579370.0,0,0,0
0.0,1569306579840.0,0,0,0
0.0,1569306580300.0,0,0,0
0.0,1569306580761.0,0,0,0
0.0,1569306581220.0,0,0,0
0.0,1569306581680.0,0,0,0
0.0,1569306582140.0,0,0,0
0.0,1569306582600.0,0,0,0
0.0,1569306583060.0,0,0,0
0.0,1569306583546.0,0,0,0
0.0,1569306583981.0,0,0,0
0.0,1569306584440.0,0,0,0
0.0,1569306584900.0,0,0,0
0.0,1569306585361.0,0,0,0
0.0,1569306585821.0,0,0,0
0.0,1569306586300.0,0,0,0
0.0,1569306586760.0,0,0,0
0.0,1569306587220.0,0,0,0
0.0,1569306587672.0,0,0,0
0.0,1569306588130.0,0,0,0
0.0,1569306588600.0,0,0,0
0.0,1569306589050.0,0,0,0
0.0,1569306589510.0,0,0,0
0.0,1569306589981.0,1,0,0
0.0,1569306590450.0,1,0,0
0.0,1569306590933.0,1,0,0
1.0,1569306591370.0,1,0,0
2.0,1569306591830.0,1,0,0
2.0,1569306592290.0,1,0,0
3.0,1569306592750.0,1,0,0
4.0,1569306593210.0,1,0,0
5.0,1569306593661.0,1,0,0
5.0,1569306594130.0,1,0,0
6.0,1569306594591.0,1,0,0
7.0,1569306595051.0,-1,0,0
7.0,1569306595500.0,-1,0,0
7.0,1569306595970.0,-1,0,0
7.0,1569306596430.0,-1,0,0
7.0,1569306596890.0,-1,0,0
7.0,1569306597350.0,-1,0,0
7.0,1569306597810.0,-1,0,0
7.0,1569306598270.0,-1,0,0
8.0,1569306598730.0,-1,0,0
9.0,1569306599191.0,-1,0,0
9.0,1569306599640.0,-1,0,0
9.0,1569306600100.0,-1,0,0
9.0,1569306600560.0,-1,0,0
10.0,1569306601020.0,-1,0,0
10.0,1569306601498.0,-1,0,0
11.0,1569306601940.0,-1,0,0
11.0,1569306602401.0,-1,0,0
11.0,1569306602861.0,-1,0,0
12.0,1569306603320.0,-1,0,0
14.0,1569306603780.0,-1,0,0
14.0,1569306604250.0,-1,0,0
15.0,1569306604720.0,-1,0,0
15.0,1569306605181.0,-1,0,0
16.0,1569306605641.0,-1,0,0
16.0,1569306606100.0,-1,0,0
17.0,1569306606550.0,-1,0,0
17.0,1569306607011.0,5,0,0
18.0,1569306607492.0,5,0,0
18.0,1569306607950.0,5,0,0
19.0,1569306608421.0,5,0,0
19.0,1569306608881.0,5,0,0
18.0,1569306609340.0,5,0,0
18.0,1569306609800.0,5,0,0
18.0,1569306610271.0,5,0,0
18.0,1569306610730.0,5,0,0
17.0,1569306611191.0,5,0,0
17.0,1569306611650.0,5,0,0
17.0,1569306612155.0,5,0,0
18.0,1569306612570.0,5,0,0
18.0,1569306613040.0,5,0,0
18.0,1569306613500.0,5,0,0
19.0,1569306613960.0,1,0,0
19.0,1569306614430.0,1,0,0
19.0,1569306614900.0,1,0,0
19.0,1569306615350.0,1,0,0
19.0,1569306615810.0,3,0,0
18.0,1569306616270.0,3,0,0
18.0,1569306616730.0,3,0,0
18.0,1569306617200.0,3,0,0
18.0,1569306617650.0,3,0,0
18.0,1569306618120.0,3,0,0
18.0,1569306618580.0,3,0,0
19.0,1569306619041.0,3,0,0
18.0,1569306619501.0,3,0,0
17.0,1569306619970.0,3,0,0
17.0,1569306620430.0,3,0,0
17.0,1569306620890.0,3,0,0
17.0,1569306621350.0,3,0,0
16.0,1569306621800.0,3,0,0
15.0,1569306622260.0,3,0,0
15.0,1569306622760.0,3,0,0
14.0,1569306623180.0,3,0,0
14.0,1569306623640.0,3,0,0
14.0,1569306624100.0,3,0,0
14.0,1569306624570.0,3,0,0
14.0,1569306625020.0,3,0,0
16.0,1569306625495.0,3,0,0
17.0,1569306625950.0,1,0,0
18.0,1569306626400.0,1,0,0
20.0,1569306626860.0,1,0,0
21.0,1569306627341.0,1,0,0
23.0,1569306627801.0,1,0,0
24.0,1569306628271.0,1,0,0
25.0,1569306628731.0,1,0,0
26.0,1569306629190.0,1,0,0
26.0,1569306629650.0,1,0,0
27.0,1569306630111.0,1,0,0
27.0,1569306630570.0,1,0,0
28.0,1569306631030.0,1,0,0
28.0,1569306631495.0,1,0,0
28.0,1569306631951.0,1,0,0
28.0,1569306632410.0,1,0,0
28.0,1569306632871.0,1,0,0
28.0,1569306633341.0,1,0,0
28.0,1569306633791.0,1,0,0
28.0,1569306634252.0,1,0,0
28.0,1569306634711.0,1,0,0
28.0,1569306635171.0,1,0,0
27.0,1569306635641.0,1,0,0
27.0,1569306636101.0,1,0,0
27.0,1569306636560.0,1,0,0
27.0,1569306637020.0,1,0,0
27.0,1569306637492.0,1,0,0
27.0,1569306637940.0,1,0,0
26.0,1569306638401.0,1,0,0
26.0,1569306638861.0,1,0,0
26.0,1569306639321.0,1,0,0
26.0,1569306639770.0,1,0,0
25.0,1569306640232.0,1,0,0
25.0,1569306640690.0,1,0,0
25.0,1569306641161.0,1,0,0
25.0,1569306641611.0,1,0,0
24.0,1569306642070.0,1,0,0
24.0,1569306642540.0,1,0,0
24.0,1569306643001.0,1,0,0
24.0,1569306643450.0,1,0,0
24.0,1569306643910.0,1,0,0
23.0,1569306644371.0,1,0,0
23.0,1569306644841.0,1,0,0
23.0,1569306645300.0,1,0,0
23.0,1569306645751.0,1,0,0
22.0,1569306646210.0,1,0,0
22.0,1569306646671.0,1,0,0
22.0,1569306647150.0,1,0,0
22.0,1569306647610.0,1,0,0
23.0,1569306648070.0,1,0,0
23.0,1569306648531.0,1,0,0
24.0,1569306648990.0,1,0,0
24.0,1569306649440.0,1,0,0
25.0,1569306649901.0,1,0,0
25.0,1569306650370.0,1,0,0
26.0,1569306650831.0,1,0,0
26.0,1569306651352.0,1,0,0
26.0,1569306651761.0,1,0,0
26.0,1569306652220.0,1,0,0
27.0,1569306652681.0,1,0,0
27.0,1569306653141.0,1,0,0
27.0,1569306653600.0,1,0,0
28.0,1569306654060.0,1,0,0
28.0,1569306654525.0,1,0,0
28.0,1569306654980.0,1,0,0
28.0,1569306655451.0,1,0,0
28.0,1569306655900.0,1,0,0
28.0,1569306656361.0,1,0,0
28.0,1569306656810.0,1,0,0
27.0,1569306657271.0,1,0,0
27.0,1569306657730.0,1,0,0
26.0,1569306658191.0,1,0,0
26.0,1569306658712.0,1,0,0
26.0,1569306659101.0,1,0,0
25.0,1569306659570.0,1,0,0
23.0,1569306660020.0,1,0,0
22.0,1569306660492.0,1,0,0
20.0,1569306660941.0,1,0,0
18.0,1569306661400.0,1,0,0
17.0,1569306661885.0,1,0,0
16.0,1569306662321.0,1,0,0
16.0,1569306662781.0,1,0,0
16.0,1569306663241.0,1,0,0
15.0,1569306663700.0,1,0,0
15.0,1569306664161.0,1,0,0
15.0,1569306664621.0,1,0,0
15.0,1569306665091.0,1,0,0
16.0,1569306665551.0,1,0,0
16.0,1569306666011.0,1,0,0
16.0,1569306666471.0,1,0,0
17.0,1569306666932.0,1,0,0
17.0,1569306667401.0,1,0,0
17.0,1569306667861.0,1,0,0
18.0,1569306668321.0,1,0,0
19.0,1569306668781.0,1,0,0
20.0,1569306669251.0,1,0,0
21.0,1569306669711.0,1,0,0
22.0,1569306670170.0,1,0,0
23.0,1569306670631.0,1,0,0
24.0,1569306671091.0,1,0,0
25.0,1569306671550.0,1,0,0
26.0,1569306672021.0,1,0,0
26.0,1569306672481.0,1,0,0
27.0,1569306672941.0,1,0,0
28.0,1569306673400.0,1,0,0
28.0,1569306673861.0,1,0,0
28.0,1569306674331.0,1,0,0
28.0,1569306674791.0,1,0,0
28.0,1569306675251.0,1,0,0
27.0,1569306675711.0,1,0,0
27.0,1569306676171.0,1,0,0
27.0,1569306676630.0,1,0,0
25.0,1569306677091.0,1,0,0
23.0,1569306677550.0,1,0,0
21.0,1569306678011.0,1,0,0
19.0,1569306678471.0,1,0,0
16.0,1569306678930.0,1,0,0
14.0,1569306679400.0,1,0,0
11.0,1569306679850.0,1,0,0
9.0,1569306680312.0,1,0,0
7.0,1569306680771.0,1,0,0
5.0,1569306681240.0,1,0,0
4.0,1569306681700.0,1,0,0
3.0,1569306682160.0,1,0,0
2.0,1569306682610.0,1,0,0
2.0,1569306683070.0,1,0,0
2.0,1569306683530.0,1,0,0
2.0,1569306683991.0,1,0,0
1.0,1569306684451.0,1,0,0
0.0,1569306684910.0,1,0,0
0.0,1569306685381.0,0,0,0
0.0,1569306685841.0,0,0,0
0.0,1569306686300.0,0,0,0
0.0,1569306686762.0,0,0,0
0.0,1569306687232.0,0,0,0
0.0,1569306687691.0,0,0,0
0.0,1569306688151.0,0,0,0
0.0,1569306688611.0,0,0,0
0.0,1569306689082.0,0,0,0
0.0,1569306689541.0,0,0,0
0.0,1569306690001.0,1,0,0
0.0,1569306690461.0,1,0,0
0.0,1569306690921.0,1,0,0
1.0,1569306691392.0,1,0,0
2.0,1569306691851.0,1,0,0
3.0,1569306692311.0,1,0,0
4.0,1569306692771.0,1,0,0
6.0,1569306693231.0,1,0,0
7.0,1569306693691.0,1,0,0
8.0,1569306694151.0,1,0,0
9.0,1569306694611.0,1,0,0
10.0,1569306695071.0,1,0,0
12.0,1569306695531.0,1,0,0
14.0,1569306695991.0,1,0,0
15.0,1569306696451.0,1,0,0
17.0,1569306696901.0,1,0,0
18.0,1569306697371.0,1,0,0
18.0,1569306697832.0,1,0,0
19.0,1569306698291.0,1,0,0
20.0,1569306698751.0,1,0,0
21.0,1569306699222.0,1,0,0
21.0,1569306699681.0,1,0,0
19.0,1569306700141.0,1,0,0
16.0,1569306700601.0,1,0,0
15.0,1569306701096.0,1,0,0
14.0,1569306701521.0,1,0,0
13.0,1569306701981.0,1,0,0
13.0,1569306702441.0,1,0,0
12.0,1569306702891.0,1,0,0
12.0,1569306703351.0,1,0,0
12.0,1569306703811.0,1,0,0
13.0,1569306704281.0,1,0,0
13.0,1569306704741.0,1,0,0
14.0,1569306705201.0,1,0,0
14.0,1569306705671.0,1,0,0
14.0,1569306706131.0,1,0,0
15.0,1569306706591.0,1,0,0
16.0,1569306707051.0,1,0,0
16.0,1569306707531.0,1,0,0
16.0,1569306707981.0,1,0,0
17.0,1569306708451.0,1,0,0
17.0,1569306708911.0,1,0,0
18.0,1569306709371.0,1,0,0
18.0,1569306709841.0,1,0,0
19.0,1569306710301.0,1,0,0
19.0,1569306710771.0,1,0,0
20.0,1569306711231.0,1,0,0
20.0,1569306711691.0,1,0,0
19.0,1569306712171.0,1,0,0
19.0,1569306712631.0,1,0,0
18.0,1569306713091.0,1,0,0
18.0,1569306713551.0,1,0,0
17.0,1569306714011.0,1,0,0
17.0,1569306714471.0,1,0,0
17.0,1569306714931.0,1,0,0
16.0,1569306715391.0,1,0,0
15.0,1569306715851.0,1,0,0
14.0,1569306716311.0,1,0,0
14.0,1569306716771.0,1,0,0
13.0,1569306717241.0,1,0,0
12.0,1569306717701.0,1,0,0
10.0,1569306718161.0,1,0,0
8.0,1569306718631.0,1,0,0
7.0,1569306719091.0,1,0,0
6.0,1569306719551.0,1,0,0
5.0,1569306720011.0,1,0,0
4.0,1569306720471.0,1,0,0
3.0,1569306720932.0,1,0,0
2.0,1569306721392.0,1,0,0
1.0,1569306721852.0,0,0,0
0.0,1569306722311.0,0,0,0
0.0,1569306722771.0,0,0,0
0.0,1569306723241.0,0,0,0
0.0,1569306723691.0,0,0,0
0.0,1569306724151.0,0,0,0
0.0,1569306724612.0,0,0,0
0.0,1569306725071.0,0,0,0
0.0,1569306725541.0,0,0,0
0.0,1569306726001.0,0,0,0
0.0,1569306726500.0,0,0,0
0.0,1569306726932.0,0,0,0
0.0,1569306727391.0,0,0,0
0.0,1569306727852.0,0,0,0
0.0,1569306728331.0,0,0,0
0.0,1569306728792.0,0,0,0
0.0,1569306729252.0,0,0,0
0.0,1569306729711.0,0,0,0
0.0,1569306730172.0,0,0,0
0.0,1569306730672.0,0,0,0
0.0,1569306731101.0,0,0,0
0.0,1569306731562.0,0,0,0
0.0,1569306732021.0,0,0,0
0.0,1569306732510.0,0,0,0
0.0,1569306732951.0,0,0,0
0.0,1569306733412.0,0,0,0
0.0,1569306733887.0,0,0,0
0.0,1569306734332.0,0,0,0
0.0,1569306734792.0,0,0,0
0.0,1569306735252.0,0,0,0
0.0,1569306735711.0,0,0,0
0.0,1569306736172.0,0,0,0
0.0,1569306736632.0,0,0,0
0.0,1569306737092.0,0,0,0
0.0,1569306737552.0,0,0,0
0.0,1569306738012.0,0,0,0
0.0,1569306738471.0,0,0,0
0.0,1569306738931.0,0,0,0
0.0,1569306739391.0,0,0,0
0.0,1569306739851.0,0,0,0
0.0,1569306740301.0,0,0,0
0.0,1569306740762.0,0,0,0
0.0,1569306741222.0,0,0,0
0.0,1569306741692.0,0,0,0
0.0,1569306742151.0,0,0,0
0.0,1569306742611.0,0,0,0
0.0,1569306743062.0,0,0,0
0.0,1569306743532.0,0,0,0
0.0,1569306743992.0,0,0,0
0.0,1569306744477.0,0,0,0
0.0,1569306744912.0,0,0,0
0.0,1569306745372.0,0,0,0
0.0,1569306745842.0,0,0,0
0.0,1569306746302.0,0,0,0
0.0,1569306746761.0,0,0,0
0.0,1569306747221.0,0,0,0
0.0,1569306747681.0,0,0,0
0.0,1569306748161.0,0,0,0
0.0,1569306748621.0,0,0,0
0.0,1569306749072.0,0,0,0
0.0,1569306749541.0,0,0,0
0.0,1569306750002.0,0,0,0
0.0,1569306750462.0,0,0,0
0.0,1569306750921.0,0,0,0
0.0,1569306751381.0,0,0,0
0.0,1569306751845.0,0,0,0
0.0,1569306752313.0,0,0,0
0.0,1569306752782.0,0,0,0
0.0,1569306753232.0,0,0,0
0.0,1569306753691.0,0,0,0
0.0,1569306754162.0,0,0,0
0.0,1569306754622.0,0,0,0
0.0,1569306755081.0,0,0,0
0.0,1569306755542.0,0,0,0
0.0,1569306756002.0,0,0,0
0.0,1569306756462.0,0,0,0
0.0,1569306756922.0,0,0,0
0.0,1569306757381.0,0,0,0
0.0,1569306757842.0,0,0,0
0.0,1569306758303.0,0,0,0
0.0,1569306758762.0,0,0,0
0.0,1569306759256.0,0,0,0
0.0,1569306759681.0,0,0,0
0.0,1569306760142.0,0,0,0
0.0,1569306760601.0,0,0,0
0.0,1569306761062.0,0,0,0
0.0,1569306761521.0,0,0,0
0.0,1569306761982.0,0,0,0
0.0,1569306762441.0,0,0,0
0.0,1569306762901.0,0,0,0
0.0,1569306763362.0,0,0,0
0.0,1569306763822.0,0,0,0
0.0,1569306764282.0,0,0,0
0.0,1569306764741.0,0,0,0
0.0,1569306765192.0,0,0,0
0.0,1569306765661.0,0,0,0
0.0,1569306766121.0,0,0,0
0.0,1569306766592.0,0,0,0
0.0,1569306767052.0,0,0,0
0.0,1569306767528.0,0,0,0
0.0,1569306767982.0,0,0,0
0.0,1569306768452.0,0,0,0
0.0,1569306768912.0,0,0,0
0.0,1569306769382.0,0,0,0
0.0,1569306769846.0,0,0,0
0.0,1569306770292.0,0,0,0
0.0,1569306770761.0,0,0,0
0.0,1569306771221.0,0,0,0
0.0,1569306771681.0,0,0,0
0.0,1569306772142.0,0,0,0
0.0,1569306772612.0,0,0,0
0.0,1569306773072.0,0,0,0
0.0,1569306773532.0,0,0,0
0.0,1569306773992.0,0,0,0
0.0,1569306774462.0,0,0,0
0.0,1569306774922.0,0,0,0
0.0,1569306775382.0,0,0,0
0.0,1569306775842.0,0,0,0
0.0,1569306776302.0,0,0,0
0.0,1569306776761.0,0,0,0
0.0,1569306777226.0,0,0,0
0.0,1569306777691.0,0,0,0
0.0,1569306778144.0,0,0,0
0.0,1569306778612.0,0,0,0
0.0,1569306779061.0,0,0,0
0.0,1569306779532.0,0,0,0
0.0,1569306779981.0,0,0,0
0.0,1569306780451.0,0,0,0
0.0,1569306780912.0,0,0,0
0.0,1569306781372.0,0,0,0
0.0,1569306781831.0,0,0,0
0.0,1569306782292.0,0,0,0
0.0,1569306782752.0,0,0,0
0.0,1569306783212.0,2,0,0
0.0,1569306783671.0,2,0,0
0.0,1569306784132.0,2,0,0
1.0,1569306784666.0,2,0,0
3.0,1569306785061.0,2,0,0
4.0,1569306785527.0,2,0,0
5.0,1569306785983.0,2,0,0
6.0,1569306786442.0,2,0,0
7.0,1569306786902.0,2,0,0
9.0,1569306787362.0,2,0,0
12.0,1569306787821.0,2,0,0
15.0,1569306788292.0,2,0,0
16.0,1569306788752.0,2,0,0
17.0,1569306789212.0,2,0,0
17.0,1569306789682.0,2,0,0
17.0,1569306790132.0,2,0,0
17.0,1569306790592.0,2,0,0
17.0,1569306791052.0,2,0,0
17.0,1569306791512.0,2,0,0
17.0,1569306792011.0,2,0,0
17.0,1569306792441.0,2,0,0
18.0,1569306792902.0,2,0,0
18.0,1569306793372.0,2,0,0
19.0,1569306793834.0,2,0,0
19.0,1569306794281.0,2,0,0
19.0,1569306794751.0,2,0,0
19.0,1569306795212.0,2,0,0
19.0,1569306795673.0,2,0,0
19.0,1569306796132.0,2,0,0
20.0,1569306796602.0,2,0,0
20.0,1569306797061.0,2,0,0
21.0,1569306797527.0,2,0,0
22.0,1569306797981.0,1,0,0
23.0,1569306798442.0,1,0,0
24.0,1569306798901.0,1,0,0
24.0,1569306799371.0,1,0,0
25.0,1569306799832.0,1,0,0
25.0,1569306800292.0,1,0,0
26.0,1569306800751.0,1,0,0
26.0,1569306801221.0,1,0,0
25.0,1569306801682.0,1,0,0
25.0,1569306802152.0,1,0,0
25.0,1569306802612.0,1,0,0
25.0,1569306803071.0,1,0,0
25.0,1569306803531.0,1,0,0
25.0,1569306803992.0,1,0,0
25.0,1569306804452.0,1,0,0
25.0,1569306804922.0,1,0,0
25.0,1569306805382.0,1,0,0
25.0,1569306805842.0,1,0,0
25.0,1569306806302.0,1,0,0
25.0,1569306806772.0,1,0,0
25.0,1569306807232.0,1,0,0
25.0,1569306807691.0,1,0,0
25.0,1569306808152.0,5,0,0
24.0,1569306808622.0,5,0,0
24.0,1569306809092.0,5,0,0
23.0,1569306809551.0,5,0,0
22.0,1569306810007.0,5,0,0
21.0,1569306810461.0,5,0,0
21.0,1569306810921.0,5,0,0
22.0,1569306811381.0,5,0,0
23.0,1569306811842.0,5,0,0
23.0,1569306812311.0,5,0,0
23.0,1569306812772.0,5,0,0
24.0,1569306813242.0,5,0,0
24.0,1569306813701.0,5,0,0
24.0,1569306814161.0,5,0,0
24.0,1569306814623.0,1,0,0
24.0,1569306815082.0,1,0,0
25.0,1569306815542.0,1,0,0
25.0,1569306816001.0,1,0,0
25.0,1569306816472.0,1,0,0
25.0,1569306816931.0,3,0,0
25.0,1569306817391.0,3,0,0
24.0,1569306817852.0,3,0,0
24.0,1569306818322.0,3,0,0
23.0,1569306818782.0,3,0,0
23.0,1569306819241.0,3,0,0
22.0,1569306819701.0,3,0,0
21.0,1569306820152.0,3,0,0
20.0,1569306820621.0,3,0,0
20.0,1569306821072.0,3,0,0
19.0,1569306821532.0,3,0,0
18.0,1569306821991.0,3,0,0
18.0,1569306822452.0,3,0,0
17.0,1569306822914.0,3,0,0
17.0,1569306823382.0,3,0,0
18.0,1569306823842.0,3,0,0
18.0,1569306824302.0,3,0,0
19.0,1569306824762.0,3,0,0
19.0,1569306825222.0,3,0,0
20.0,1569306825681.0,3,0,0
22.0,1569306826142.0,3,0,0
24.0,1569306826612.0,3,0,0
25.0,1569306827082.0,1,0,0
26.0,1569306827542.0,1,0,0
28.0,1569306828002.0,1,0,0
29.0,1569306828462.0,4,0,0
29.0,1569306828922.0,4,0,0
30.0,1569306829392.0,4,0,0
30.0,1569306829852.0,4,0,0
31.0,1569306830302.0,4,0,0
32.0,1569306830761.0,4,0,0
33.0,1569306831232.0,4,0,0
34.0,1569306831692.0,4,0,0
35.0,1569306832152.0,4,0,0
36.0,1569306832611.0,4,0,0
37.0,1569306833072.0,4,0,0
38.0,1569306833544.0,1,0,0
39.0,1569306833992.0,1,0,0
40.0,1569306834452.0,1,0,0
40.0,1569306834912.0,1,0,0
41.0,1569306835382.0,1,0,0
42.0,1569306835842.0,1,0,0
42.0,1569306836302.0,1,0,0
42.0,1569306836762.0,1,0,0
43.0,1569306837222.0,1,0,0
43.0,1569306837682.0,1,0,0
43.0,1569306838143.0,1,0,0
43.0,1569306838602.0,1,0,0
44.0,1569306839062.0,1,0,0
43.0,1569306839532.0,1,0,0
43.0,1569306839982.0,1,0,0
43.0,1569306840452.0,1,0,0
42.0,1569306840912.0,1,0,0
42.0,1569306841372.0,1,0,0
41.0,1569306841832.0,1,0,0
41.0,1569306842292.0,1,0,0
40.0,1569306842761.0,1,0,0
39.0,1569306843222.0,1,0,0
39.0,1569306843692.0,1,0,0
38.0,1569306844152.0,1,0,0
38.0,1569306844623.0,1,0,0
37.0,1569306845082.0,1,0,0
37.0,1569306845543.0,1,0,0
37.0,1569306845992.0,1,0,0
37.0,1569306846462.0,1,0,0
37.0,1569306846932.0,1,0,0
36.0,1569306847392.0,1,0,0
36.0,1569306847852.0,1,0,0
36.0,1569306848316.0,1,0,0
36.0,1569306848772.0,1,0,0
36.0,1569306849252.0,1,0,0
35.0,1569306849712.0,1,0,0
35.0,1569306850172.0,1,0,0
34.0,1569306850632.0,1,0,0
33.0,1569306851092.0,1,0,0
33.0,1569306851562.0,1,0,0
32.0,1569306852012.0,1,0,0
32.0,1569306852472.0,1,0,0
32.0,1569306852934.0,1,0,0
33.0,1569306853430.0,1,0,0
33.0,1569306853862.0,1,0,0
33.0,1569306854322.0,1,0,0
33.0,1569306854782.0,1,0,0
33.0,1569306855232.0,1,0,0
33.0,1569306855702.0,1,0,0
33.0,1569306856162.0,1,0,0
33.0,1569306856622.0,1,0,0
33.0,1569306857082.0,1,0,0
33.0,1569306857545.0,1,0,0
33.0,1569306858002.0,4,0,0
32.0,1569306858472.0,4,0,0
32.0,1569306858922.0,4,0,0
32.0,1569306859383.0,4,0,0
32.0,1569306859852.0,4,0,0
32.0,1569306860303.0,4,0,0
32.0,1569306860762.0,4,0,0
32.0,1569306861222.0,4,0,0
32.0,1569306861682.0,4,0,0
32.0,1569306862142.0,4,0,0
32.0,1569306862602.0,4,0,0
32.0,1569306863062.0,4,0,0
31.0,1569306863524.0,4,0,0
31.0,1569306863982.0,4,0,0
31.0,1569306864443.0,1,0,0
30.0,1569306864902.0,1,0,0
31.0,1569306865372.0,1,0,0
30.0,1569306865832.0,1,0,0
31.0,1569306866302.0,1,0,0
31.0,1569306866772.0,1,0,0
31.0,1569306867222.0,4,0,0
31.0,1569306867693.0,4,0,0
32.0,1569306868184.0,4,0,0
32.0,1569306868613.0,4,0,0
32.0,1569306869072.0,4,0,0
33.0,1569306869542.0,4,0,0
33.0,1569306869992.0,4,0,0
33.0,1569306870452.0,4,0,0
34.0,1569306870923.0,4,0,0
34.0,1569306871372.0,4,0,0
34.0,1569306871842.0,4,0,0
35.0,1569306872302.0,4,0,0
35.0,1569306872762.0,4,0,0
35.0,1569306873222.0,1,0,0
35.0,1569306873682.0,1,0,0
36.0,1569306874143.0,1,0,0
36.0,1569306874613.0,1,0,0
36.0,1569306875072.0,1,0,0
37.0,1569306875542.0,2,0,0
37.0,1569306875992.0,2,0,0
37.0,1569306876452.0,2,0,0
37.0,1569306876912.0,2,0,0
37.0,1569306877372.0,2,0,0
37.0,1569306877832.0,2,0,0
37.0,1569306878293.0,2,0,0
37.0,1569306878762.0,2,0,0
37.0,1569306879214.0,2,0,0
37.0,1569306879682.0,2,0,0
37.0,1569306880132.0,2,0,0
37.0,1569306880603.0,2,0,0
37.0,1569306881052.0,2,0,0
36.0,1569306881513.0,1,0,0
36.0,1569306881972.0,1,0,0
36.0,1569306882433.0,1,0,0
36.0,1569306882913.0,1,0,0
36.0,1569306883353.0,1,0,0
36.0,1569306883812.0,1,0,0
36.0,1569306884263.0,1,0,0
36.0,1569306884733.0,1,0,0
36.0,1569306885182.0,3,0,0
35.0,1569306885653.0,3,0,0
35.0,1569306886112.0,3,0,0
36.0,1569306886573.0,3,0,0
36.0,1569306887033.0,3,0,0
36.0,1569306887493.0,3,0,0
37.0,1569306887953.0,3,0,0
37.0,1569306888403.0,3,0,0
37.0,1569306888872.0,3,0,0
38.0,1569306889343.0,3,0,0
38.0,1569306889803.0,3,0,0
39.0,1569306890272.0,3,0,0
39.0,1569306890743.0,1,0,0
40.0,1569306891203.0,1,0,0
40.0,1569306891662.0,1,0,0
40.0,1569306892122.0,1,0,0
39.0,1569306892583.0,1,0,0
39.0,1569306893043.0,1,0,0
39.0,1569306893513.0,1,0,0
39.0,1569306893972.0,1,0,0
39.0,1569306894439.0,1,0,0
39.0,1569306894892.0,1,0,0
39.0,1569306895353.0,1,0,0
38.0,1569306895813.0,1,0,0
37.0,1569306896282.0,1,0,0
37.0,1569306896743.0,1,0,0
36.0,1569306897203.0,1,0,0
36.0,1569306897662.0,1,0,0
35.0,1569306898123.0,1,0,0
35.0,1569306898582.0,1,0,0
36.0,1569306899043.0,1,0,0
36.0,1569306899502.0,1,0,0
36.0,1569306899963.0,1,0,0
36.0,1569306900424.0,1,0,0
37.0,1569306900893.0,1,0,0
37.0,1569306901343.0,1,0,0
37.0,1569306901812.0,1,0,0
37.0,1569306902262.0,1,0,0
37.0,1569306902723.0,1,0,0
38.0,1569306903192.0,1,0,0
38.0,1569306903653.0,1,0,0
38.0,1569306904113.0,1,0,0
38.0,1569306904572.0,1,0,0
38.0,1569306905042.0,1,0,0
37.0,1569306905503.0,1,0,0
36.0,1569306905962.0,1,0,0
36.0,1569306906413.0,1,0,0
35.0,1569306906882.0,1,0,0
35.0,1569306907354.0,1,0,0
34.0,1569306907813.0,5,0,0
34.0,1569306908273.0,5,0,0
34.0,1569306908733.0,5,0,0
34.0,1569306909192.0,5,0,0
34.0,1569306909663.0,5,0,0
34.0,1569306910122.0,5,0,0
33.0,1569306910582.0,5,0,0
33.0,1569306911043.0,5,0,0
33.0,1569306911512.0,5,0,0
32.0,1569306911972.0,5,0,0
32.0,1569306912432.0,5,0,0
32.0,1569306912893.0,5,0,0
32.0,1569306913353.0,5,0,0
32.0,1569306913812.0,5,0,0
32.0,1569306914273.0,5,0,0
32.0,1569306914732.0,5,0,0
32.0,1569306915193.0,5,0,0
32.0,1569306915663.0,5,0,0
32.0,1569306916123.0,5,0,0
32.0,1569306916582.0,1,0,0
33.0,1569306917033.0,1,0,0
33.0,1569306917493.0,1,0,0
33.0,1569306917952.0,1,0,0
34.0,1569306918412.0,1,0,0
34.0,1569306918873.0,1,0,0
35.0,1569306919332.0,1,0,0
35.0,1569306919802.0,1,0,0
35.0,1569306920252.0,1,0,0
35.0,1569306920712.0,1,0,0
35.0,1569306921173.0,1,0,0
35.0,1569306921633.0,1,0,0
35.0,1569306922083.0,1,0,0
35.0,1569306922546.0,9,0,0
34.0,1569306923013.0,9,0,0
32.0,1569306923463.0,9,0,0
31.0,1569306923922.0,9,0,0
28.0,1569306924383.0,9,0,0
26.0,1569306924843.0,9,0,0
24.0,1569306925303.0,9,0,0
23.0,1569306925763.0,9,0,0
22.0,1569306926250.0,9,0,0
21.0,1569306926703.0,9,0,0
20.0,1569306927162.0,9,0,0
20.0,1569306927633.0,9,0,0
21.0,1569306928093.0,9,0,0
21.0,1569306928562.0,9,0,0
21.0,1569306929013.0,9,0,0
21.0,1569306929472.0,9,0,0
22.0,1569306929932.0,9,0,0
22.0,1569306930403.0,9,0,0
22.0,1569306930863.0,9,0,0
22.0,1569306931323.0,9,0,0
23.0,1569306931783.0,9,0,0
22.0,1569306932253.0,9,0,0
22.0,1569306932703.0,9,0,0
22.0,1569306933173.0,9,0,0
22.0,1569306933659.0,9,0,0
22.0,1569306934093.0,9,0,0
22.0,1569306934563.0,9,0,0
23.0,1569306935022.0,9,0,0
23.0,1569306935484.0,9,0,0
24.0,1569306935943.0,9,0,0
25.0,1569306936403.0,9,0,0
25.0,1569306936873.0,9,0,0
25.0,1569306937323.0,9,0,0
25.0,1569306937794.0,9,0,0
26.0,1569306938253.0,9,0,0
26.0,1569306938713.0,9,0,0
26.0,1569306939173.0,9,0,0
25.0,1569306939623.0,9,0,0
24.0,1569306940084.0,9,0,0
24.0,1569306940543.0,9,0,0
23.0,1569306941003.0,9,0,0
23.0,1569306941463.0,9,0,0
23.0,1569306941923.0,9,0,0
24.0,1569306942383.0,9,0,0
24.0,1569306942843.0,9,0,0
24.0,1569306943303.0,9,0,0
24.0,1569306943763.0,9,0,0
23.0,1569306944223.0,9,0,0
23.0,1569306944683.0,9,0,0
23.0,1569306945143.0,9,0,0
24.0,1569306945603.0,9,0,0
25.0,1569306946063.0,9,0,0
25.0,1569306946523.0,9,0,0
26.0,1569306946985.0,9,0,0
27.0,1569306947455.0,1,0,0
28.0,1569306947913.0,1,0,0
28.0,1569306948373.0,1,0,0
28.0,1569306948833.0,1,0,0
28.0,1569306949302.0,1,0,0
29.0,1569306949763.0,1,0,0
30.0,1569306950233.0,1,0,0
30.0,1569306950693.0,1,0,0
30.0,1569306951153.0,1,0,0
30.0,1569306951613.0,1,0,0
29.0,1569306952063.0,1,0,0
29.0,1569306952533.0,1,0,0
30.0,1569306952993.0,1,0,0
30.0,1569306953463.0,1,0,0
31.0,1569306953934.0,1,0,0
31.0,1569306954393.0,1,0,0
31.0,1569306954853.0,1,0,0
31.0,1569306955315.0,1,0,0
31.0,1569306955783.0,1,0,0
32.0,1569306956243.0,1,0,0
32.0,1569306956703.0,1,0,0
32.0,1569306957153.0,1,0,0
32.0,1569306957613.0,1,0,0
32.0,1569306958073.0,1,0,0
31.0,1569306958560.0,1,0,0
30.0,1569306959003.0,1,0,0
28.0,1569306959463.0,1,0,0
27.0,1569306959943.0,1,0,0
27.0,1569306960403.0,1,0,0
26.0,1569306960873.0,1,0,0
26.0,1569306961323.0,1,0,0
26.0,1569306961783.0,1,0,0
27.0,1569306962272.0,1,0,0
28.0,1569306962713.0,1,0,0
29.0,1569306963174.0,1,0,0
30.0,1569306963633.0,1,0,0
31.0,1569306964093.0,1,0,0
33.0,1569306964561.0,1,0,0
34.0,1569306965023.0,1,0,0
35.0,1569306965483.0,1,0,0
36.0,1569306965933.0,1,0,0
38.0,1569306966403.0,1,0,0
38.0,1569306966863.0,1,0,0
39.0,1569306967324.0,1,0,0
40.0,1569306967783.0,1,0,0
40.0,1569306968243.0,1,0,0
40.0,1569306968703.0,1,0,0
41.0,1569306969163.0,1,0,0
41.0,1569306969623.0,1,0,0
41.0,1569306970083.0,1,0,0
41.0,1569306970561.0,1,0,0
41.0,1569306971013.0,1,0,0
41.0,1569306971473.0,4,0,0
41.0,1569306971933.0,4,0,0
41.0,1569306972393.0,4,0,0
40.0,1569306972854.0,4,0,0
40.0,1569306973313.0,4,0,0
39.0,1569306973763.0,4,0,0
39.0,1569306974233.0,4,0,0
39.0,1569306974693.0,4,0,0
38.0,1569306975153.0,4,0,0
38.0,1569306975613.0,4,0,0
39.0,1569306976083.0,4,0,0
40.0,1569306976544.0,4,0,0
40.0,1569306977003.0,4,0,0
41.0,1569306977463.0,1,0,0
41.0,1569306977923.0,1,0,0
42.0,1569306978383.0,1,0,0
43.0,1569306978843.0,1,0,0
43.0,1569306979303.0,1,0,0
43.0,1569306979763.0,1,0,0
44.0,1569306980233.0,1,0,0
45.0,1569306980693.0,1,0,0
45.0,1569306981153.0,1,0,0
46.0,1569306981613.0,1,0,0
46.0,1569306982063.0,1,0,0
47.0,1569306982526.0,1,0,0
47.0,1569306982993.0,1,0,0
48.0,1569306983443.0,1,0,0
49.0,1569306983903.0,1,0,0
50.0,1569306984363.0,1,0,0
50.0,1569306984823.0,1,0,0
51.0,1569306985283.0,1,0,0
51.0,1569306985743.0,1,0,0
52.0,1569306986204.0,1,0,0
52.0,1569306986663.0,1,0,0
52.0,1569306987123.0,1,0,0
53.0,1569306987601.0,1,0,0
52.0,1569306988053.0,1,0,0
52.0,1569306988513.0,1,0,0
53.0,1569306988973.0,1,0,0
53.0,1569306989433.0,1,0,0
53.0,1569306989883.0,1,0,0
53.0,1569306990354.0,1,0,0
53.0,1569306990813.0,1,0,0
53.0,1569306991273.0,1,0,0
53.0,1569306991733.0,1,0,0
53.0,1569306992183.0,1,0,0
53.0,1569306992653.0,1,0,0
53.0,1569306993113.0,1,0,0
53.0,1569306993575.0,1,0,0
53.0,1569306994033.0,1,0,0
53.0,1569306994493.0,1,0,0
53.0,1569306994953.0,1,0,0
53.0,1569306995423.0,1,0,0
53.0,1569306995883.0,1,0,0
53.0,1569306996343.0,1,0,0
53.0,1569306996805.0,1,0,0
52.0,1569306997263.0,1,0,0
53.0,1569306997723.0,1,0,0
53.0,1569306998206.0,1,0,0
52.0,1569306998653.0,1,0,0
52.0,1569306999113.0,1,0,0
53.0,1569306999575.0,1,0,0
52.0,1569307000034.0,1,0,0
52.0,1569307000484.0,1,0,0
52.0,1569307000954.0,1,0,0
51.0,1569307001414.0,1,0,0
51.0,1569307001874.0,1,0,0
50.0,1569307002323.0,1,0,0
50.0,1569307002785.0,1,0,0
49.0,1569307003244.0,1,0,0
49.0,1569307003704.0,1,0,0
48.0,1569307004163.0,1,0,0
48.0,1569307004623.0,1,0,0
48.0,1569307005083.0,1,0,0
49.0,1569307005578.0,1,0,0
48.0,1569307006003.0,1,0,0
48.0,1569307006463.0,1,0,0
48.0,1569307006924.0,1,0,0
47.0,1569307007383.0,1,0,0
47.0,1569307007843.0,1,0,0
46.0,1569307008304.0,1,0,0
46.0,1569307008764.0,1,0,0
45.0,1569307009224.0,1,0,0
44.0,1569307009684.0,1,0,0
42.0,1569307010144.0,1,0,0
40.0,1569307010624.0,1,0,0
37.0,1569307011084.0,1,0,0
35.0,1569307011544.0,1,0,0
33.0,1569307012003.0,1,0,0
30.0,1569307012464.0,1,0,0
28.0,1569307012924.0,1,0,0
25.0,1569307013384.0,1,0,0
23.0,1569307013844.0,1,0,0
20.0,1569307014313.0,1,0,0
19.0,1569307014773.0,1,0,0
19.0,1569307015234.0,1,0,0
16.0,1569307015704.0,1,0,0
14.0,1569307016189.0,1,0,0
13.0,1569307016624.0,1,0,0
12.0,1569307017083.0,1,0,0
11.0,1569307017544.0,1,0,0
10.0,1569307018014.0,1,0,0
10.0,1569307018473.0,1,0,0
9.0,1569307018934.0,1,0,0
7.0,1569307019393.0,1,0,0
6.0,1569307019854.0,1,0,0
5.0,1569307020314.0,1,0,0
4.0,1569307020773.0,1,0,0
4.0,1569307021234.0,1,0,0
3.0,1569307021694.0,1,0,0
3.0,1569307022154.0,1,0,0
2.0,1569307022623.0,1,0,0
1.0,1569307023084.0,1,0,0
1.0,1569307023544.0,1,0,0
0.0,1569307024004.0,1,0,0
0.0,1569307024463.0,1,0,0
0.0,1569307024923.0,1,0,0
0.0,1569307025384.0,1,0,0
1.0,1569307025844.0,1,0,0
0.0,1569307026304.0,0,0,0
0.0,1569307026786.0,0,0,0
0.0,1569307027233.0,0,0,0
0.0,1569307027694.0,0,0,0
0.0,1569307028144.0,0,0,0
0.0,1569307028614.0,0,0,0
0.0,1569307029073.0,0,0,0
0.0,1569307029533.0,0,0,0
0.0,1569307029993.0,0,0,0
0.0,1569307030444.0,0,0,0
0.0,1569307030914.0,0,0,0
0.0,1569307031384.0,0,0,0
0.0,1569307031845.0,0,0,0
0.0,1569307032313.0,0,0,0
0.0,1569307032774.0,0,0,0
0.0,1569307033234.0,0,0,0
0.0,1569307033694.0,0,0,0
0.0,1569307034236.0,0,0,0
0.0,1569307034614.0,0,0,0
0.0,1569307035073.0,0,0,0
0.0,1569307035544.0,0,0,0
0.0,1569307036004.0,0,0,0
0.0,1569307036454.0,0,0,0
0.0,1569307036924.0,0,0,0
0.0,1569307037384.0,0,0,0
0.0,1569307037843.0,0,0,0
0.0,1569307038294.0,0,0,0
0.0,1569307038753.0,0,0,0
0.0,1569307039214.0,0,0,0
0.0,1569307039683.0,0,0,0
0.0,1569307040144.0,0,0,0
0.0,1569307040608.0,0,0,0
0.0,1569307041064.0,0,0,0
0.0,1569307041514.0,0,0,0
0.0,1569307041973.0,0,0,0
0.0,1569307042446.0,0,0,0
0.0,1569307042903.0,0,0,0
0.0,1569307043364.0,0,0,0
0.0,1569307043824.0,0,0,0
0.0,1569307044284.0,0,0,0
0.0,1569307044744.0,0,0,0
0.0,1569307045214.0,0,0,0
0.0,1569307045663.0,0,0,0
0.0,1569307046124.0,0,0,0
0.0,1569307046584.0,0,0,0
0.0,1569307047043.0,0,0,0
0.0,1569307047504.0,0,0,0
0.0,1569307047964.0,0,0,0
0.0,1569307048425.0,0,0,0
0.0,1569307048883.0,0,0,0
0.0,1569307049343.0,0,0,0
0.0,1569307049814.0,0,0,0
0.0,1569307050274.0,0,0,0
0.0,1569307050735.0,0,0,0
0.0,1569307051204.0,0,0,0
0.0,1569307051663.0,0,0,0
0.0,1569307052124.0,0,0,0
0.0,1569307052583.0,0,0,0
0.0,1569307053045.0,0,0,0
0.0,1569307053504.0,0,0,0
0.0,1569307053964.0,0,0,0
0.0,1569307054423.0,0,0,0
0.0,1569307054883.0,0,0,0
0.0,1569307055378.0,0,0,0
0.0,1569307055813.0,0,0,0
0.0,1569307056274.0,0,0,0
0.0,1569307056734.0,0,0,0
0.0,1569307057184.0,0,0,0
0.0,1569307057644.0,0,0,0
0.0,1569307058114.0,0,0,0
0.0,1569307058575.0,0,0,0
0.0,1569307059043.0,0,0,0
0.0,1569307059493.0,0,0,0
0.0,1569307059954.0,0,0,0
0.0,1569307060414.0,0,0,0
0.0,1569307060874.0,0,0,0
0.0,1569307061334.0,0,0,0
0.0,1569307061794.0,0,0,0
0.0,1569307062254.0,0,0,0
0.0,1569307062724.0,0,0,0
0.0,1569307063184.0,0,0,0
0.0,1569307063644.0,0,0,0
0.0,1569307064104.0,0,0,0
0.0,1569307064575.0,0,0,0
0.0,1569307065024.0,0,0,0
0.0,1569307065484.0,0,0,0
0.0,1569307065944.0,0,0,0
0.0,1569307066404.0,0,0,0
0.0,1569307066864.0,0,0,0
0.0,1569307067324.0,0,0,0
0.0,1569307067786.0,0,0,0
0.0,1569307068244.0,0,0,0
0.0,1569307068704.0,0,0,0
0.0,1569307069164.0,0,0,0
0.0,1569307069624.0,0,0,0
0.0,1569307070093.0,0,0,0
0.0,1569307070554.0,0,0,0
0.0,1569307071014.0,0,0,0
0.0,1569307071484.0,0,0,0
0.0,1569307071954.0,0,0,0
0.0,1569307072414.0,0,0,0
0.0,1569307072874.0,0,0,0
0.0,1569307073334.0,0,0,0
0.0,1569307073794.0,0,0,0
0.0,1569307074254.0,0,0,0
0.0,1569307074716.0,0,0,0
0.0,1569307075173.0,0,0,0
0.0,1569307075633.0,0,0,0
0.0,1569307076104.0,0,0,0
0.0,1569307076577.0,0,0,0
0.0,1569307077023.0,0,0,0
0.0,1569307077484.0,0,0,0
0.0,1569307077943.0,0,0,0
0.0,1569307078403.0,0,0,0
0.0,1569307078874.0,0,0,0
0.0,1569307079334.0,0,0,0
0.0,1569307079793.0,0,0,0
0.0,1569307080253.0,0,0,0
0.0,1569307080720.0,0,0,0
0.0,1569307081173.0,0,0,0
0.0,1569307081643.0,0,0,0
0.0,1569307082104.0,0,0,0
0.0,1569307082575.0,0,0,0
0.0,1569307083034.0,0,0,0
0.0,1569307083483.0,0,0,0
0.0,1569307083944.0,0,0,0
0.0,1569307084403.0,1,0,1
0.0,1569307084873.0,1,0,1
0.0,1569307085334.0,1,0,1
0.0,1569307085784.0,1,0,1
1.0,1569307086243.0,1,0,1
3.0,1569307086713.0,1,0,1
6.0,1569307087174.0,1,0,1
8.0,1569307087634.0,1,0,1
10.0,1569307088093.0,1,0,1
12.0,1569307088554.0,1,0,1
14.0,1569307089024.0,1,0,1
16.0,1569307089473.0,1,0,1
18.0,1569307089943.0,1,0,1
19.0,1569307090405.0,1,0,1
20.0,1569307090863.0,1,0,1
22.0,1569307091334.0,1,0,1
22.0,1569307091804.0,1,0,1
22.0,1569307092264.0,1,0,1
22.0,1569307092714.0,1,0,1
22.0,1569307093184.0,1,0,1
21.0,1569307093634.0,1,0,1
21.0,1569307094104.0,1,0,1
21.0,1569307094577.0,1,0,1
22.0,1569307095026.0,1,0,1
22.0,1569307095503.0,1,0,1
23.0,1569307095954.0,1,0,1
23.0,1569307096414.0,1,0,1
23.0,1569307096874.0,1,0,1
24.0,1569307097334.0,1,0,1
24.0,1569307097794.0,1,0,1
25.0,1569307098254.0,1,0,1
25.0,1569307098714.0,1,0,1
26.0,1569307099174.0,1,0,1
26.0,1569307099634.0,1,0,1
26.0,1569307100094.0,1,0,1
26.0,1569307100554.0,1,0,1
26.0,1569307101006.0,1,0,1
27.0,1569307101464.0,1,0,1
27.0,1569307101924.0,1,0,1
27.0,1569307102384.0,1,0,1
28.0,1569307102844.0,1,0,1
28.0,1569307103304.0,1,0,1
29.0,1569307103764.0,1,0,1
29.0,1569307104224.0,1,0,1
29.0,1569307104694.0,1,0,1
30.0,1569307105164.0,1,0,1
30.0,1569307105614.0,1,0,1
31.0,1569307106089.0,1,0,1
31.0,1569307106533.0,1,0,1
31.0,1569307106994.0,1,0,1
32.0,1569307107464.0,1,0,1
32.0,1569307107924.0,1,0,1
33.0,1569307108383.0,1,0,1
35.0,1569307108854.0,1,0,1
36.0,1569307109324.0,1,0,1
37.0,1569307109784.0,1,0,1
38.0,1569307110244.0,1,0,1
39.0,1569307110705.0,1,0,1
41.0,1569307111164.0,1,0,1
41.0,1569307111634.0,1,0,1
41.0,1569307112094.0,1,0,1
41.0,1569307112554.0,1,0,1
41.0,1569307113014.0,1,0,1
40.0,1569307113474.0,1,0,1
40.0,1569307113934.0,1,0,1
40.0,1569307114394.0,1,0,1
40.0,1569307114854.0,1,0,1
40.0,1569307115324.0,1,0,1
40.0,1569307115784.0,1,0,1
40.0,1569307116244.0,1,0,1
41.0,1569307116717.0,1,0,1
41.0,1569307117174.0,1,0,1
41.0,1569307117634.0,1,0,1
41.0,1569307118094.0,1,0,1
42.0,1569307118554.0,1,0,1
42.0,1569307119016.0,1,0,1
42.0,1569307119474.0,1,0,1
43.0,1569307119944.0,1,0,1
43.0,1569307120404.0,1,0,1
43.0,1569307120864.0,1,0,1
44.0,1569307121325.0,1,0,1
44.0,1569307121784.0,1,0,1
45.0,1569307122244.0,1,0,1
45.0,1569307122704.0,1,0,1
45.0,1569307123164.0,1,0,1
46.0,1569307123634.0,1,0,1
46.0,1569307124094.0,1,0,1
46.0,1569307124554.0,1,0,1
47.0,1569307125015.0,1,0,1
47.0,1569307125475.0,1,0,1
47.0,1569307125934.0,1,0,1
48.0,1569307126394.0,1,0,1
48.0,1569307126854.0,1,0,1
49.0,1569307127325.0,1,0,1
49.0,1569307127774.0,1,0,1
49.0,1569307128244.0,1,0,1
50.0,1569307128704.0,1,0,1
49.0,1569307129164.0,1,0,1
49.0,1569307129614.0,1,0,1
49.0,1569307130074.0,1,0,1
49.0,1569307130534.0,1,0,1
48.0,1569307130994.0,1,0,1
48.0,1569307131455.0,1,0,1
48.0,1569307131926.0,1,0,1
48.0,1569307132395.0,1,0,1
48.0,1569307132846.0,1,0,1
47.0,1569307133314.0,1,0,1
47.0,1569307133775.0,1,0,1
47.0,1569307134235.0,1,0,1
46.0,1569307134699.0,1,0,1
46.0,1569307135155.0,1,0,1
45.0,1569307135615.0,1,0,1
45.0,1569307136075.0,1,0,1
44.0,1569307136534.0,1,0,1
43.0,1569307136995.0,1,0,1
43.0,1569307137455.0,1,0,1
42.0,1569307137928.0,1,0,1
42.0,1569307138375.0,1,0,1
41.0,1569307138825.0,1,0,1
41.0,1569307139285.0,1,0,1
40.0,1569307139745.0,1,0,1
40.0,1569307140225.0,1,0,1
39.0,1569307140685.0,1,0,1
38.0,1569307141145.0,1,0,1
38.0,1569307141605.0,1,0,1
37.0,1569307142064.0,1,0,1
37.0,1569307142535.0,1,0,1
36.0,1569307142995.0,1,0,1
36.0,1569307143455.0,1,0,1
35.0,1569307143915.0,1,0,1
34.0,1569307144374.0,1,0,1
32.0,1569307144845.0,1,0,1
30.0,1569307145305.0,1,0,1
28.0,1569307145755.0,1,0,1
27.0,1569307146225.0,1,0,1
26.0,1569307146675.0,1,0,1
25.0,1569307147135.0,1,0,1
24.0,1569307147594.0,1,0,1
23.0,1569307148054.0,1,0,1
23.0,1569307148546.0,1,0,1
22.0,1569307148975.0,1,0,1
20.0,1569307149444.0,1,0,1
18.0,1569307149905.0,1,0,1
16.0,1569307150364.0,1,0,1
14.0,1569307150815.0,1,0,1
13.0,1569307151275.0,1,0,1
12.0,1569307151735.0,1,0,1
11.0,1569307152215.0,1,0,1
10.0,1569307152675.0,1,0,1
10.0,1569307153135.0,1,0,1
9.0,1569307153595.0,1,0,1
9.0,1569307154045.0,1,0,1
9.0,1569307154515.0,1,0,1
9.0,1569307154975.0,1,0,1
9.0,1569307155435.0,1,0,1
8.0,1569307155905.0,1,0,1
8.0,1569307156364.0,1,0,1
8.0,1569307156825.0,1,0,1
7.0,1569307157295.0,1,0,1
5.0,1569307157754.0,1,0,1
4.0,1569307158214.0,1,0,1
4.0,1569307158685.0,1,0,1
4.0,1569307159145.0,1,0,1
4.0,1569307159605.0,1,0,1
3.0,1569307160064.0,1,0,1
3.0,1569307160524.0,1,0,1
2.0,1569307160984.0,1,0,1
1.0,1569307161444.0,0,0,1
0.0,1569307161904.0,0,0,1
0.0,1569307162375.0,0,0,1
0.0,1569307162834.0,0,0,1
0.0,1569307163295.0,0,0,1
0.0,1569307163755.0,0,0,1
0.0,1569307164214.0,0,0,1
0.0,1569307164685.0,0,0,1
0.0,1569307165144.0,0,0,1
0.0,1569307165605.0,0,0,1
0.0,1569307166064.0,0,0,1
0.0,1569307166525.0,0,0,1
0.0,1569307166984.0,0,0,1
0.0,1569307167445.0,0,0,1
0.0,1569307167905.0,0,0,1
0.0,1569307168365.0,0,0,1
0.0,1569307168815.0,0,0,1
0.0,1569307169284.0,0,0,1
0.0,1569307169735.0,0,0,1
0.0,1569307170195.0,0,0,1
0.0,1569307170655.0,0,0,1
0.0,1569307171125.0,0,0,1
0.0,1569307171594.0,0,0,1
0.0,1569307172045.0,0,0,1
0.0,1569307172515.0,0,0,1
0.0,1569307172975.0,0,0,1
0.0,1569307173435.0,0,0,1
0.0,1569307173895.0,0,0,1
0.0,1569307174354.0,0,0,1
0.0,1569307174832.0,0,0,1
0.0,1569307175275.0,0,0,1
0.0,1569307175735.0,0,0,1
0.0,1569307176205.0,0,0,1
0.0,1569307176665.0,0,0,1
0.0,1569307177115.0,0,0,1
0.0,1569307177576.0,0,0,1
0.0,1569307178044.0,0,0,1
0.0,1569307178505.0,0,0,1
0.0,1569307178974.0,0,0,1
0.0,1569307179436.0,0,0,1
0.0,1569307179885.0,0,0,1
0.0,1569307180355.0,0,0,1
0.0,1569307180814.0,0,0,1
0.0,1569307181275.0,0,0,1
0.0,1569307181735.0,0,0,1
0.0,1569307182195.0,0,0,1
0.0,1569307182655.0,0,0,1
0.0,1569307183117.0,0,0,1
0.0,1569307183577.0,0,0,1
0.0,1569307184045.0,0,0,1
0.0,1569307184505.0,0,0,1
0.0,1569307184965.0,0,0,1
0.0,1569307185414.0,0,0,1
0.0,1569307185875.0,0,0,1
0.0,1569307186345.0,0,0,1
0.0,1569307186805.0,0,0,1
0.0,1569307187265.0,0,0,1
0.0,1569307187724.0,0,0,1
0.0,1569307188185.0,0,0,1
0.0,1569307188655.0,0,0,1
0.0,1569307189115.0,0,0,1
0.0,1569307189565.0,0,0,1
0.0,1569307190024.0,0,0,1
0.0,1569307190485.0,0,0,1
0.0,1569307190946.0,0,0,1
0.0,1569307191405.0,0,0,1
0.0,1569307191875.0,0,0,1
0.0,1569307192344.0,0,0,1
0.0,1569307192805.0,0,0,1
0.0,1569307193265.0,0,0,1
0.0,1569307193725.0,0,0,1
0.0,1569307194195.0,0,0,1
0.0,1569307194655.0,0,0,1
0.0,1569307195115.0,0,0,1
0.0,1569307195575.0,0,0,1
0.0,1569307196036.0,0,0,1
0.0,1569307196505.0,0,0,1
0.0,1569307196965.0,0,0,1
0.0,1569307197425.0,0,0,1
0.0,1569307197885.0,0,0,1
0.0,1569307198345.0,0,0,1
0.0,1569307198805.0,0,0,1
0.0,1569307199265.0,0,0,1
0.0,1569307199725.0,0,0,1
0.0,1569307200195.0,0,0,1
0.0,1569307200665.0,0,0,1
0.0,1569307201125.0,0,0,1
0.0,1569307201575.0,0,0,1
0.0,1569307202045.0,0,0,1
0.0,1569307202505.0,0,0,1
0.0,1569307202965.0,0,0,1
0.0,1569307203437.0,0,0,1
0.0,1569307203895.0,0,0,1
0.0,1569307204375.0,0,0,1
0.0,1569307204815.0,0,0,1
0.0,1569307205287.0,0,0,1
0.0,1569307205745.0,0,0,1
0.0,1569307206205.0,0,0,1
0.0,1569307206665.0,0,0,1
0.0,1569307207125.0,0,0,1
0.0,1569307207595.0,0,0,1
0.0,1569307208045.0,0,0,1
0.0,1569307208515.0,0,0,1
0.0,1569307208975.0,0,0,1
0.0,1569307209435.0,0,0,1
0.0,1569307209895.0,0,0,1
0.0,1569307210355.0,0,0,1
0.0,1569307210815.0,0,0,1
0.0,1569307211285.0,0,0,1
0.0,1569307211745.0,0,0,1
0.0,1569307212215.0,0,0,1
0.0,1569307212675.0,0,0,1
0.0,1569307213125.0,0,0,1
0.0,1569307213594.0,0,0,1
0.0,1569307214045.0,0,0,1
0.0,1569307214505.0,0,0,1
0.0,1569307214965.0,0,0,1
0.0,1569307215435.0,0,0,1
0.0,1569307215895.0,0,0,1
0.0,1569307216355.0,0,0,1
0.0,1569307216814.0,0,0,1
0.0,1569307217275.0,0,0,1
0.0,1569307217745.0,0,0,1
0.0,1569307218205.0,0,0,1
0.0,1569307218666.0,0,0,1
0.0,1569307219134.0,1,0,1
0.0,1569307219594.0,1,0,1
0.0,1569307220044.0,1,0,1
0.0,1569307220505.0,1,0,1
1.0,1569307220964.0,1,0,1
2.0,1569307221425.0,1,0,1
3.0,1569307221875.0,1,0,1
4.0,1569307222335.0,1,0,1
5.0,1569307222795.0,1,0,1
5.0,1569307223255.0,1,0,1
6.0,1569307223725.0,1,0,1
7.0,1569307224175.0,1,0,1
8.0,1569307224635.0,1,0,1
9.0,1569307225095.0,1,0,1
10.0,1569307225565.0,1,0,1
11.0,1569307226025.0,1,0,1
12.0,1569307226495.0,1,0,1
13.0,1569307226955.0,1,0,1
14.0,1569307227415.0,1,0,1
15.0,1569307227875.0,1,0,1
16.0,1569307228335.0,1,0,1
16.0,1569307228795.0,1,0,1
17.0,1569307229255.0,1,0,1
17.0,1569307229715.0,1,0,1
18.0,1569307230175.0,1,0,1
18.0,1569307230645.0,1,0,1
18.0,1569307231105.0,1,0,1
18.0,1569307231565.0,1,0,1
19.0,1569307232025.0,1,0,1
19.0,1569307232496.0,1,0,1
20.0,1569307232955.0,1,0,1
20.0,1569307233405.0,1,0,1
21.0,1569307233876.0,1,0,1
22.0,1569307234335.0,1,0,1
22.0,1569307234795.0,1,0,1
22.0,1569307235255.0,1,0,1
21.0,1569307235725.0,1,0,1
21.0,1569307236185.0,1,0,1
21.0,1569307236645.0,1,0,1
22.0,1569307237115.0,1,0,1
22.0,1569307237575.0,1,0,1
23.0,1569307238035.0,1,0,1
23.0,1569307238496.0,1,0,1
23.0,1569307238955.0,1,0,1
22.0,1569307239415.0,1,0,1
22.0,1569307239875.0,1,0,1
21.0,1569307240345.0,1,0,1
21.0,1569307240795.0,1,0,1
20.0,1569307241266.0,1,0,1
20.0,1569307241715.0,1,0,1
19.0,1569307242175.0,1,0,1
19.0,1569307242635.0,1,0,1
18.0,1569307243095.0,1,0,1
17.0,1569307243555.0,1,0,1
17.0,1569307244015.0,1,0,1
17.0,1569307244485.0,1,0,1
16.0,1569307244945.0,1,0,1
17.0,1569307245405.0,1,0,1
18.0,1569307245865.0,1,0,1
19.0,1569307246325.0,1,0,1
21.0,1569307246785.0,1,0,1
23.0,1569307247245.0,1,0,1
25.0,1569307247705.0,1,0,1
26.0,1569307248165.0,1,0,1
27.0,1569307248625.0,1,0,1
28.0,1569307249085.0,1,0,1
29.0,1569307249545.0,1,0,1
29.0,1569307249996.0,1,0,1
30.0,1569307250465.0,1,0,1
30.0,1569307250915.0,1,0,1
31.0,1569307251385.0,1,0,1
31.0,1569307251835.0,1,0,1
31.0,1569307252295.0,1,0,1
32.0,1569307252755.0,1,0,1
32.0,1569307253225.0,1,0,1
33.0,1569307253685.0,1,0,1
33.0,1569307254145.0,1,0,1
32.0,1569307254615.0,1,0,1
32.0,1569307255075.0,1,0,1
32.0,1569307255535.0,1,0,1
32.0,1569307256005.0,1,0,1
32.0,1569307256455.0,1,0,1
32.0,1569307256915.0,1,0,1
32.0,1569307257376.0,1,0,1
32.0,1569307257835.0,1,0,1
33.0,1569307258298.0,1,0,1
32.0,1569307258755.0,1,0,1
32.0,1569307259215.0,1,0,1
32.0,1569307259675.0,1,0,1
32.0,1569307260135.0,5,0,1
31.0,1569307260595.0,5,0,1
31.0,1569307261055.0,5,0,1
31.0,1569307261515.0,5,0,1
31.0,1569307261975.0,5,0,1
30.0,1569307262435.0,5,0,1
31.0,1569307262895.0,5,0,1
31.0,1569307263365.0,5,0,1
32.0,1569307263825.0,5,0,1
32.0,1569307264285.0,5,0,1
33.0,1569307264755.0,5,0,1
34.0,1569307265206.0,5,0,1
34.0,1569307265675.0,5,0,1
34.0,1569307266135.0,5,0,1
35.0,1569307266598.0,1,0,1
35.0,1569307267046.0,1,0,1
36.0,1569307267516.0,1,0,1
36.0,1569307267966.0,1,0,1
37.0,1569307268436.0,1,0,1
38.0,1569307268885.0,1,0,1
38.0,1569307269345.0,1,0,1
39.0,1569307269805.0,1,0,1
39.0,1569307270265.0,1,0,1
39.0,1569307270726.0,1,0,1
38.0,1569307271195.0,1,0,1
38.0,1569307271656.0,1,0,1
38.0,1569307272115.0,1,0,1
38.0,1569307272575.0,1,0,1
38.0,1569307273036.0,1,0,1
37.0,1569307273505.0,1,0,1
37.0,1569307273965.0,1,0,1
37.0,1569307274425.0,1,0,1
36.0,1569307274885.0,1,0,1
36.0,1569307275346.0,1,0,1
35.0,1569307275805.0,1,0,1
34.0,1569307276266.0,1,0,1
34.0,1569307276726.0,1,0,1
34.0,1569307277189.0,1,0,1
35.0,1569307277656.0,1,0,1
35.0,1569307278106.0,1,0,1
35.0,1569307278575.0,1,0,1
35.0,1569307279036.0,1,0,1
35.0,1569307279504.0,1,0,1
35.0,1569307279956.0,1,0,1
36.0,1569307280416.0,1,0,1
36.0,1569307280876.0,1,0,1
36.0,1569307281353.0,1,0,1
37.0,1569307281785.0,1,0,1
38.0,1569307282246.0,1,0,1
39.0,1569307282706.0,1,0,1
40.0,1569307283166.0,1,0,1
41.0,1569307283625.0,1,0,1
42.0,1569307284086.0,1,0,1
42.0,1569307284545.0,1,0,1
43.0,1569307285006.0,1,0,1
44.0,1569307285466.0,1,0,1
44.0,1569307285935.0,1,0,1
43.0,1569307286385.0,1,0,1
43.0,1569307286846.0,1,0,1
42.0,1569307287316.0,1,0,1
42.0,1569307287776.0,1,0,1
42.0,1569307288235.0,1,0,1
42.0,1569307288696.0,1,0,1
42.0,1569307289155.0,1,0,1
42.0,1569307289616.0,1,0,1
42.0,1569307290065.0,1,0,1
42.0,1569307290525.0,1,0,1
42.0,1569307290986.0,1,0,1
42.0,1569307291456.0,1,0,1
42.0,1569307291916.0,1,0,1
42.0,1569307292365.0,1,0,1
42.0,1569307292826.0,1,0,1
42.0,1569307293305.0,1,0,1
42.0,1569307293765.0,1,0,1
42.0,1569307294226.0,1,0,1
42.0,1569307294686.0,1,0,1
42.0,1569307295145.0,1,0,1
42.0,1569307295609.0,1,0,1
42.0,1569307296066.0,1,0,1
42.0,1569307296526.0,1,0,1
42.0,1569307296985.0,1,0,1
42.0,1569307297466.0,1,0,1
42.0,1569307297925.0,1,0,1
42.0,1569307298386.0,1,0,1
42.0,1569307298846.0,1,0,1
42.0,1569307299306.0,1,0,1
42.0,1569307299756.0,1,0,1
42.0,1569307300216.0,1,0,1
42.0,1569307300676.0,1,0,1
42.0,1569307301145.0,1,0,1
42.0,1569307301611.0,1,0,1
42.0,1569307302065.0,1,0,1
42.0,1569307302527.0,1,0,1
43.0,1569307302985.0,1,0,1
43.0,1569307303445.0,1,0,1
43.0,1569307303905.0,1,0,1
43.0,1569307304366.0,1,0,1
43.0,1569307304826.0,1,0,1
44.0,1569307305285.0,1,0,1
43.0,1569307305735.0,1,0,1
43.0,1569307306205.0,1,0,1
43.0,1569307306666.0,1,0,1
43.0,1569307307126.0,1,0,1
42.0,1569307307585.0,1,0,1
42.0,1569307308045.0,1,0,1
42.0,1569307308505.0,1,0,1
41.0,1569307308965.0,1,0,1
41.0,1569307309435.0,1,0,1
41.0,1569307309925.0,1,0,1
41.0,1569307310355.0,1,0,1
40.0,1569307310815.0,1,0,1
40.0,1569307311276.0,1,0,1
40.0,1569307311746.0,1,0,1
39.0,1569307312205.0,1,0,1
39.0,1569307312666.0,1,0,1
39.0,1569307313134.0,1,0,1
38.0,1569307313608.0,1,0,1
38.0,1569307314056.0,1,0,1
37.0,1569307314526.0,1,0,1
37.0,1569307314986.0,1,0,1
37.0,1569307315445.0,1,0,1
37.0,1569307315906.0,1,0,1
37.0,1569307316365.0,1,0,1
36.0,1569307316825.0,1,0,1
36.0,1569307317296.0,1,0,1
36.0,1569307317755.0,1,0,1
36.0,1569307318216.0,1,0,1
36.0,1569307318676.0,1,0,1
35.0,1569307319135.0,1,0,1
35.0,1569307319610.0,1,0,1
35.0,1569307320066.0,1,0,1
36.0,1569307320526.0,1,0,1
36.0,1569307320986.0,1,0,1
37.0,1569307321446.0,1,0,1
37.0,1569307321906.0,1,0,1
37.0,1569307322367.0,1,0,1
38.0,1569307322816.0,1,0,1
38.0,1569307323277.0,1,0,1
39.0,1569307323736.0,1,0,1
39.0,1569307324206.0,1,0,1
40.0,1569307324666.0,1,0,1
40.0,1569307325126.0,1,0,1
40.0,1569307325603.0,1,0,1
41.0,1569307326056.0,1,0,1
41.0,1569307326526.0,1,0,1
42.0,1569307326986.0,1,0,1
42.0,1569307327446.0,1,0,1
42.0,1569307327896.0,1,0,1
43.0,1569307328367.0,1,0,1
43.0,1569307328826.0,1,0,1
43.0,1569307329286.0,1,0,1
44.0,1569307329746.0,1,0,1
44.0,1569307330217.0,1,0,1
44.0,1569307330676.0,1,0,1
45.0,1569307331136.0,1,0,1
45.0,1569307331596.0,1,0,1
45.0,1569307332055.0,1,0,1
45.0,1569307332516.0,1,0,1
45.0,1569307332976.0,1,0,1
45.0,1569307333446.0,1,0,1
45.0,1569307333906.0,1,0,1
45.0,1569307334376.0,1,0,1
44.0,1569307334836.0,1,0,1
44.0,1569307335286.0,1,0,1
44.0,1569307335756.0,1,0,1
43.0,1569307336216.0,1,0,1
43.0,1569307336675.0,1,0,1
43.0,1569307337136.0,1,0,1
42.0,1569307337595.0,1,0,1
42.0,1569307338056.0,1,0,1
41.0,1569307338516.0,1,0,1
41.0,1569307338976.0,1,0,1
40.0,1569307339436.0,1,0,1
40.0,1569307339896.0,1,0,1
39.0,1569307340355.0,1,0,1
39.0,1569307340816.0,1,0,1
39.0,1569307341276.0,1,0,1
39.0,1569307341736.0,1,0,1
39.0,1569307342195.0,1,0,1
40.0,1569307342666.0,1,0,1
39.0,1569307343126.0,1,0,1
39.0,1569307343586.0,1,0,1
39.0,1569307344046.0,1,0,1
39.0,1569307344507.0,1,0,1
39.0,1569307344976.0,1,0,1
38.0,1569307345435.0,1,0,1
38.0,1569307345896.0,1,0,1
38.0,1569307346366.0,1,0,1
38.0,1569307346826.0,1,0,1
38.0,1569307347286.0,1,0,1
38.0,1569307347746.0,1,0,1
38.0,1569307348206.0,1,0,1
38.0,1569307348678.0,1,0,1
38.0,1569307349136.0,1,0,1
39.0,1569307349596.0,1,0,1
39.0,1569307350056.0,1,0,1
39.0,1569307350516.0,1,0,1
39.0,1569307350975.0,1,0,1
39.0,1569307351446.0,1,0,1
39.0,1569307351906.0,1,0,1
39.0,1569307352366.0,1,0,1
39.0,1569307352825.0,1,0,1
40.0,1569307353286.0,1,0,1
40.0,1569307353746.0,1,0,1
40.0,1569307354216.0,1,0,1
40.0,1569307354686.0,1,0,1
40.0,1569307355146.0,1,0,1
40.0,1569307355609.0,1,0,1
40.0,1569307356066.0,1,0,1
41.0,1569307356526.0,1,0,1
41.0,1569307356986.0,1,0,1
41.0,1569307357446.0,1,0,1
42.0,1569307357906.0,1,0,1
42.0,1569307358366.0,1,0,1
42.0,1569307358826.0,1,0,1
43.0,1569307359286.0,1,0,1
43.0,1569307359756.0,1,0,1
43.0,1569307360216.0,1,0,1
44.0,1569307360676.0,1,0,1
44.0,1569307361136.0,1,0,1
44.0,1569307361599.0,1,0,1
45.0,1569307362056.0,1,0,1
45.0,1569307362526.0,1,0,1
45.0,1569307362986.0,1,0,1
45.0,1569307363446.0,1,0,1
45.0,1569307363906.0,1,0,1
45.0,1569307364366.0,1,0,1
45.0,1569307364826.0,1,0,1
45.0,1569307365286.0,1,0,1
45.0,1569307365772.0,1,0,1
45.0,1569307366206.0,1,0,1
45.0,1569307366666.0,1,0,1
45.0,1569307367126.0,1,0,1
45.0,1569307367586.0,1,0,1
44.0,1569307368056.0,1,0,1
44.0,1569307368516.0,1,0,1
44.0,1569307368976.0,1,0,1
43.0,1569307369436.0,1,0,1
43.0,1569307369896.0,1,0,1
42.0,1569307370356.0,1,0,1
42.0,1569307370826.0,1,0,1
41.0,1569307371286.0,1,0,1
41.0,1569307371746.0,4,0,1
41.0,1569307372206.0,4,0,1
40.0,1569307372667.0,4,0,1
40.0,1569307373133.0,4,0,1
39.0,1569307373596.0,4,0,1
40.0,1569307374056.0,4,0,1
41.0,1569307374516.0,4,0,1
42.0,1569307374976.0,4,0,1
42.0,1569307375436.0,4,0,1
43.0,1569307375907.0,4,0,1
44.0,1569307376367.0,4,0,1
45.0,1569307376826.0,4,0,1
46.0,1569307377286.0,4,0,1
47.0,1569307377756.0,4,0,1
46.0,1569307378226.0,4,0,1
46.0,1569307378686.0,1,0,0
45.0,1569307379146.0,1,0,0
45.0,1569307379608.0,1,0,0
44.0,1569307380066.0,1,0,0
44.0,1569307380526.0,1,0,0
44.0,1569307380986.0,1,0,0
44.0,1569307381436.0,1,0,0
44.0,1569307381896.0,1,0,0
44.0,1569307382366.0,1,0,0
44.0,1569307382826.0,1,0,0
44.0,1569307383287.0,1,0,0
44.0,1569307383746.0,1,0,0
44.0,1569307384206.0,1,0,0
44.0,1569307384666.0,1,0,0
45.0,1569307385126.0,1,0,0
45.0,1569307385596.0,1,0,0
44.0,1569307386056.0,1,0,0
44.0,1569307386516.0,1,0,0
44.0,1569307386976.0,1,0,0
43.0,1569307387436.0,1,0,0
43.0,1569307387896.0,1,0,0
42.0,1569307388356.0,1,0,0
42.0,1569307388826.0,1,0,0
42.0,1569307389276.0,1,0,0
42.0,1569307389736.0,1,0,0
41.0,1569307390196.0,1,0,0
41.0,1569307390656.0,1,0,0
41.0,1569307391126.0,1,0,0
41.0,1569307391586.0,1,0,0
41.0,1569307392056.0,1,0,0
40.0,1569307392516.0,1,0,0
40.0,1569307392976.0,1,0,0
39.0,1569307393446.0,1,0,0
38.0,1569307393906.0,1,0,0
37.0,1569307394377.0,1,0,0
36.0,1569307394836.0,1,0,0
35.0,1569307395306.0,1,0,0
34.0,1569307395766.0,1,0,0
33.0,1569307396236.0,1,0,0
32.0,1569307396696.0,1,0,0
31.0,1569307397156.0,1,0,0
30.0,1569307397630.0,1,0,0
29.0,1569307398087.0,1,0,0
29.0,1569307398547.0,1,0,0
28.0,1569307399007.0,1,0,0
27.0,1569307399476.0,1,0,0
26.0,1569307399927.0,1,0,0
26.0,1569307400387.0,1,0,0
25.0,1569307400837.0,1,0,0
25.0,1569307401296.0,1,0,0
24.0,1569307401767.0,1,0,0
23.0,1569307402217.0,1,0,0
23.0,1569307402691.0,1,0,0
23.0,1569307403136.0,1,0,0
23.0,1569307403597.0,1,0,0
23.0,1569307404057.0,1,0,0
23.0,1569307404516.0,1,0,0
23.0,1569307404977.0,1,0,0
24.0,1569307405447.0,1,0,0
24.0,1569307405906.0,1,0,0
25.0,1569307406367.0,1,0,0
26.0,1569307406826.0,1,0,0
27.0,1569307407287.0,1,0,0
28.0,1569307407737.0,1,0,0
29.0,1569307408196.0,1,0,0
29.0,1569307408648.0,1,0,0
30.0,1569307409096.0,1,0,0
31.0,1569307409557.0,1,0,0
31.0,1569307410044.0,1,0,0
32.0,1569307410477.0,1,0,0
33.0,1569307410926.0,1,0,0
33.0,1569307411396.0,1,0,0
33.0,1569307411856.0,1,0,0
33.0,1569307412316.0,1,0,0
32.0,1569307412776.0,1,0,0
32.0,1569307413274.0,1,0,0
32.0,1569307413706.0,1,0,0
31.0,1569307414177.0,1,0,0
31.0,1569307414637.0,1,0,0
31.0,1569307415098.0,1,0,0
31.0,1569307415567.0,1,0,0
31.0,1569307416026.0,1,0,0
32.0,1569307416486.0,1,0,0
32.0,1569307416947.0,1,0,0
33.0,1569307417416.0,1,0,0
34.0,1569307417877.0,1,0,0
34.0,1569307418346.0,1,0,0
35.0,1569307418806.0,1,0,0
36.0,1569307419267.0,1,0,0
36.0,1569307419726.0,1,0,0
37.0,1569307420197.0,1,0,0
37.0,1569307420657.0,1,0,0
38.0,1569307421117.0,1,0,0
38.0,1569307421576.0,1,0,0
39.0,1569307422026.0,1,0,0
39.0,1569307422496.0,1,0,0
40.0,1569307422947.0,1,0,0
40.0,1569307423417.0,1,0,0
41.0,1569307423877.0,1,0,0
41.0,1569307424337.0,1,0,0
42.0,1569307424797.0,1,0,0
42.0,1569307425257.0,1,0,0
43.0,1569307425717.0,1,0,0
43.0,1569307426177.0,1,0,0
44.0,1569307426637.0,1,0,0
44.0,1569307427097.0,1,0,0
44.0,1569307427557.0,1,0,0
45.0,1569307428018.0,1,0,0
45.0,1569307428477.0,1,0,0
44.0,1569307428947.0,1,0,0
44.0,1569307429407.0,1,0,0
43.0,1569307429867.0,1,0,0
43.0,1569307430327.0,1,0,0
43.0,1569307430777.0,1,0,0
42.0,1569307431246.0,1,0,0
42.0,1569307431707.0,1,0,0
42.0,1569307432167.0,1,0,0
41.0,1569307432631.0,1,0,0
40.0,1569307433086.0,1,0,0
40.0,1569307433547.0,1,0,0
39.0,1569307434007.0,1,0,0
39.0,1569307434477.0,1,0,0
38.0,1569307434947.0,1,0,0
37.0,1569307435420.0,1,0,0
37.0,1569307435867.0,1,0,0
37.0,1569307436337.0,1,0,0
36.0,1569307436787.0,1,0,0
35.0,1569307437247.0,1,0,0
35.0,1569307437707.0,1,0,0
34.0,1569307438167.0,1,0,0
34.0,1569307438637.0,1,0,0
33.0,1569307439097.0,1,0,0
33.0,1569307439557.0,1,0,0
34.0,1569307440017.0,1,0,0
34.0,1569307440487.0,1,0,0
35.0,1569307440937.0,1,0,0
34.0,1569307441407.0,1,0,0
34.0,1569307441867.0,1,0,0
34.0,1569307442327.0,1,0,0
34.0,1569307442787.0,1,0,0
34.0,1569307443247.0,1,0,0
34.0,1569307443707.0,1,0,0
34.0,1569307444167.0,1,0,0
33.0,1569307444637.0,1,0,0
34.0,1569307445087.0,1,0,0
34.0,1569307445547.0,1,0,0
34.0,1569307446009.0,1,0,0
34.0,1569307446468.0,1,0,0
34.0,1569307446927.0,1,0,0
34.0,1569307447387.0,1,0,0
35.0,1569307447847.0,1,0,0
35.0,1569307448307.0,1,0,0
35.0,1569307448766.0,1,0,0
35.0,1569307449217.0,1,0,0
35.0,1569307449677.0,1,0,0
36.0,1569307450137.0,1,0,0
36.0,1569307450597.0,1,0,0
37.0,1569307451057.0,1,0,0
37.0,1569307451517.0,1,0,0
38.0,1569307451977.0,1,0,0
38.0,1569307452447.0,1,0,0
39.0,1569307452907.0,1,0,0
39.0,1569307453377.0,1,0,0
39.0,1569307453837.0,1,0,0
40.0,1569307454298.0,1,0,0
40.0,1569307454767.0,1,0,0
40.0,1569307455227.0,1,0,0
41.0,1569307455687.0,1,0,0
41.0,1569307456147.0,1,0,0
41.0,1569307456607.0,1,0,0
41.0,1569307457068.0,1,0,0
41.0,1569307457527.0,1,0,0
42.0,1569307457987.0,1,0,0
42.0,1569307458437.0,1,0,0
42.0,1569307458897.0,1,0,0
43.0,1569307459367.0,1,0,0
44.0,1569307459827.0,4,1,0
43.0,1569307460287.0,4,1,0
44.0,1569307460747.0,4,1,0
44.0,1569307461197.0,4,1,0
45.0,1569307461667.0,4,1,0
46.0,1569307462127.0,4,1,0
46.0,1569307462587.0,4,1,0
47.0,1569307463047.0,4,1,0
48.0,1569307463517.0,4,1,0
48.0,1569307463977.0,4,1,0
49.0,1569307464437.0,4,1,0
49.0,1569307464897.0,4,1,0
50.0,1569307465357.0,4,1,0
50.0,1569307465817.0,4,1,0
50.0,1569307466277.0,1,0,0
50.0,1569307466738.0,1,0,0
50.0,1569307467234.0,1,0,0
49.0,1569307467656.0,1,0,0
49.0,1569307468117.0,1,0,0
49.0,1569307468577.0,1,0,0
48.0,1569307469037.0,1,0,0
48.0,1569307469497.0,1,0,0
47.0,1569307469957.0,1,0,0
46.0,1569307470418.0,1,0,0
46.0,1569307470877.0,1,0,0
45.0,1569307471337.0,1,0,0
44.0,1569307471797.0,1,0,0
44.0,1569307472257.0,1,0,0
43.0,1569307472727.0,1,0,0
42.0,1569307473187.0,1,0,0
42.0,1569307473637.0,1,0,0
41.0,1569307474107.0,1,0,0
40.0,1569307474567.0,1,0,0
40.0,1569307475027.0,1,0,0
40.0,1569307475497.0,1,0,0
40.0,1569307475957.0,1,0,0
40.0,1569307476417.0,1,0,0
40.0,1569307476877.0,1,0,0
40.0,1569307477337.0,1,0,0
39.0,1569307477800.0,1,0,0
39.0,1569307478259.0,1,0,0
38.0,1569307478717.0,1,0,0
37.0,1569307479176.0,1,0,0
36.0,1569307479648.0,3,0,0
36.0,1569307480107.0,3,0,0
35.0,1569307480568.0,3,0,0
35.0,1569307481017.0,3,0,0
34.0,1569307481477.0,3,0,0
33.0,1569307481936.0,3,0,0
33.0,1569307482398.0,3,0,0
32.0,1569307482856.0,3,0,0
31.0,1569307483317.0,3,0,0
31.0,1569307483777.0,3,0,0
30.0,1569307484237.0,3,0,0
29.0,1569307484697.0,3,0,0
28.0,1569307485157.0,3,0,0
28.0,1569307485617.0,3,0,0
28.0,1569307486086.0,3,0,0
27.0,1569307486547.0,3,0,0
25.0,1569307487007.0,3,0,0
22.0,1569307487467.0,3,0,0
19.0,1569307487927.0,3,0,0
16.0,1569307488397.0,3,0,0
13.0,1569307488857.0,3,0,0
10.0,1569307489317.0,3,0,0
8.0,1569307489787.0,3,0,0
6.0,1569307490247.0,3,0,0
5.0,1569307490707.0,3,0,0
5.0,1569307491167.0,3,0,0
5.0,1569307491627.0,3,0,0
4.0,1569307492087.0,3,0,0
4.0,1569307492567.0,3,0,0
4.0,1569307493017.0,3,0,0
3.0,1569307493466.0,3,0,0
2.0,1569307493927.0,3,0,0
2.0,1569307494397.0,3,0,0
1.0,1569307494847.0,3,0,0
1.0,1569307495317.0,3,0,0
0.0,1569307495777.0,0,0,0
0.0,1569307496237.0,0,0,0
0.0,1569307496697.0,0,0,0
0.0,1569307497156.0,0,0,0
0.0,1569307497629.0,0,0,0
0.0,1569307498087.0,0,0,0
0.0,1569307498547.0,0,0,0
0.0,1569307499006.0,0,0,0
0.0,1569307499477.0,0,0,0
0.0,1569307499970.0,0,0,0
0.0,1569307500397.0,1,0,0
0.0,1569307500857.0,1,0,0
0.0,1569307501317.0,1,0,0
0.0,1569307501766.0,1,0,0
0.0,1569307502237.0,1,0,0
0.0,1569307502708.0,1,0,0
1.0,1569307503166.0,1,0,0
1.0,1569307503627.0,1,0,0
1.0,1569307504087.0,1,0,0
1.0,1569307504546.0,1,0,0
1.0,1569307505007.0,1,0,0
0.0,1569307505477.0,1,0,0
0.0,1569307505937.0,0,0,0
0.0,1569307506396.0,0,0,0
0.0,1569307506857.0,0,0,0
0.0,1569307507317.0,0,0,0
0.0,1569307507777.0,0,0,0
0.0,1569307508236.0,0,0,0
0.0,1569307508697.0,0,0,0
0.0,1569307509156.0,0,0,0
0.0,1569307509617.0,0,0,0
0.0,1569307510077.0,0,0,0
0.0,1569307510554.0,0,0,0
0.0,1569307510997.0,0,0,0
0.0,1569307511457.0,0,0,0
0.0,1569307511907.0,0,0,0
0.0,1569307512377.0,1,0,0
0.0,1569307512837.0,1,0,0
0.0,1569307513297.0,1,0,0
0.0,1569307513770.0,1,0,0
1.0,1569307514217.0,1,0,0
2.0,1569307514677.0,1,0,0
2.0,1569307515157.0,1,0,0
3.0,1569307515607.0,1,0,0
4.0,1569307516067.0,1,0,0
5.0,1569307516527.0,1,0,0
6.0,1569307516987.0,1,0,0
7.0,1569307517447.0,1,0,0
8.0,1569307517907.0,1,0,0
10.0,1569307518357.0,1,0,0
11.0,1569307518817.0,1,0,0
12.0,1569307519289.0,1,0,0
12.0,1569307519737.0,1,0,0
12.0,1569307520197.0,1,0,0
13.0,1569307520667.0,1,0,0
13.0,1569307521127.0,1,0,0
13.0,1569307521587.0,1,0,0
14.0,1569307522037.0,1,0,0
14.0,1569307522507.0,1,0,0
14.0,1569307522967.0,1,0,0
14.0,1569307523427.0,1,0,0
14.0,1569307523887.0,1,0,0
14.0,1569307524369.0,1,0,0
14.0,1569307524807.0,1,0,0
14.0,1569307525268.0,1,0,0
14.0,1569307525727.0,1,0,0
14.0,1569307526187.0,1,0,0
14.0,1569307526657.0,1,0,0
14.0,1569307527117.0,1,0,0
14.0,1569307527577.0,1,0,0
14.0,1569307528037.0,6,0,0
14.0,1569307528498.0,6,0,0
14.0,1569307528957.0,6,0,0
14.0,1569307529417.0,6,0,0
14.0,1569307529887.0,6,0,0
12.0,1569307530347.0,6,0,0
11.0,1569307530807.0,6,0,0
11.0,1569307531267.0,6,0,0
11.0,1569307531737.0,6,0,0
11.0,1569307532197.0,6,0,0
11.0,1569307532658.0,6,0,0
11.0,1569307533127.0,6,0,0
12.0,1569307533587.0,6,0,0
14.0,1569307534048.0,6,0,0
16.0,1569307534509.0,6,0,0
18.0,1569307534979.0,6,0,0
19.0,1569307535437.0,6,0,0
20.0,1569307535898.0,6,0,0
21.0,1569307536357.0,6,0,0
22.0,1569307536818.0,6,0,0
24.0,1569307537267.0,6,0,0
25.0,1569307537738.0,6,0,0
26.0,1569307538197.0,4,0,0
28.0,1569307538667.0,4,0,0
29.0,1569307539118.0,4,0,0
29.0,1569307539587.0,4,0,0
29.0,1569307540047.0,4,0,0
29.0,1569307540508.0,4,0,0
30.0,1569307540967.0,4,0,0
30.0,1569307541427.0,4,0,0
31.0,1569307541887.0,4,0,0
31.0,1569307542347.0,4,0,0
32.0,1569307542808.0,4,0,0
33.0,1569307543268.0,4,0,0
33.0,1569307543727.0,4,0,0
34.0,1569307544187.0,4,0,0
35.0,1569307544638.0,4,0,0
36.0,1569307545107.0,1,0,0
36.0,1569307545557.0,1,0,0
37.0,1569307546018.0,1,0,0
38.0,1569307546509.0,1,0,0
39.0,1569307546937.0,1,0,0
39.0,1569307547398.0,1,0,0
40.0,1569307547868.0,1,0,0
41.0,1569307548328.0,1,0,0
42.0,1569307548788.0,1,0,0
42.0,1569307549247.0,1,0,0
43.0,1569307549708.0,1,0,0
43.0,1569307550168.0,1,0,0
43.0,1569307550627.0,1,0,0
43.0,1569307551088.0,1,0,0
43.0,1569307551547.0,1,0,0
43.0,1569307552008.0,1,0,0
44.0,1569307552468.0,1,0,0
44.0,1569307552928.0,1,0,0
44.0,1569307553389.0,1,0,0
44.0,1569307553848.0,1,0,0
44.0,1569307554308.0,1,0,0
44.0,1569307554768.0,1,0,0
44.0,1569307555238.0,1,0,0
45.0,1569307555708.0,1,0,0
45.0,1569307556179.0,1,0,0
45.0,1569307556639.0,1,0,0
45.0,1569307557108.0,1,0,0
45.0,1569307557557.0,1,0,0
46.0,1569307558018.0,1,0,0
46.0,1569307558477.0,1,0,0
46.0,1569307558938.0,5,0,0
46.0,1569307559398.0,5,0,0
46.0,1569307559858.0,5,0,0
46.0,1569307560317.0,5,0,0
46.0,1569307560788.0,5,0,0
46.0,1569307561238.0,5,0,0
46.0,1569307561698.0,5,0,0
46.0,1569307562157.0,5,0,0
46.0,1569307562618.0,5,0,0
46.0,1569307563077.0,1,0,0
46.0,1569307563538.0,1,0,0
45.0,1569307563997.0,1,0,0
45.0,1569307564485.0,1,0,0
44.0,1569307564918.0,1,0,0
44.0,1569307565378.0,1,0,0
44.0,1569307565838.0,1,0,0
43.0,1569307566298.0,1,0,0
43.0,1569307566758.0,1,0,0
43.0,1569307567218.0,1,0,0
43.0,1569307567677.0,1,0,0
43.0,1569307568138.0,1,0,0
43.0,1569307568598.0,1,0,0
43.0,1569307569058.0,1,0,0
43.0,1569307569518.0,1,0,0
42.0,1569307569979.0,1,0,0
42.0,1569307570437.0,1,0,0
42.0,1569307570898.0,1,0,0
42.0,1569307571358.0,1,0,0
42.0,1569307571827.0,1,0,0
42.0,1569307572288.0,1,0,0
42.0,1569307572748.0,1,0,0
41.0,1569307573208.0,1,0,0
41.0,1569307573677.0,1,0,0
41.0,1569307574138.0,1,0,0
41.0,1569307574598.0,1,0,0
41.0,1569307575070.0,1,0,0
41.0,1569307575518.0,1,0,0
41.0,1569307575978.0,1,0,0
41.0,1569307576448.0,1,0,0
42.0,1569307576908.0,1,0,0
42.0,1569307577368.0,1,0,0
42.0,1569307577828.0,1,0,0
43.0,1569307578288.0,1,0,0
43.0,1569307578758.0,1,0,0
44.0,1569307579217.0,1,0,0
44.0,1569307579669.0,1,0,0
45.0,1569307580139.0,1,0,0
46.0,1569307580598.0,1,0,0
46.0,1569307581068.0,1,0,0
46.0,1569307581518.0,1,0,0
46.0,1569307581978.0,1,0,0
46.0,1569307582439.0,1,0,0
46.0,1569307582899.0,1,0,0
48.0,1569307583358.0,1,0,0
46.0,1569307583818.0,1,0,0
47.0,1569307584278.0,1,0,0
46.0,1569307584738.0,1,0,0
46.0,1569307585198.0,4,0,0
46.0,1569307585659.0,4,0,0
46.0,1569307586119.0,4,0,0
46.0,1569307586578.0,4,0,0
45.0,1569307587048.0,4,0,0
44.0,1569307587510.0,4,0,0
44.0,1569307587968.0,4,0,0
44.0,1569307588428.0,4,0,0
44.0,1569307588888.0,4,0,0
44.0,1569307589347.0,4,0,0
44.0,1569307589808.0,4,0,0
44.0,1569307590268.0,4,0,0
44.0,1569307590728.0,1,0,0
44.0,1569307591188.0,1,0,0
44.0,1569307591648.0,1,0,0
44.0,1569307592108.0,1,0,0
44.0,1569307592579.0,1,0,0
44.0,1569307593038.0,1,0,0
44.0,1569307593498.0,1,0,0
43.0,1569307593958.0,1,0,0
43.0,1569307594418.0,1,0,0
42.0,1569307594889.0,5,0,0
41.0,1569307595338.0,5,0,0
40.0,1569307595808.0,5,0,0
39.0,1569307596278.0,5,0,0
39.0,1569307596748.0,5,0,0
40.0,1569307597208.0,5,0,0
41.0,1569307597668.0,5,0,0
43.0,1569307598129.0,5,0,0
43.0,1569307598588.0,5,0,0
43.0,1569307599058.0,5,0,0
43.0,1569307599518.0,5,0,0
43.0,1569307599978.0,5,0,0
43.0,1569307600448.0,5,0,0
43.0,1569307600898.0,5,0,0
43.0,1569307601358.0,5,0,0
43.0,1569307601818.0,5,0,0
43.0,1569307602278.0,1,0,0
44.0,1569307602738.0,1,0,0
44.0,1569307603198.0,1,0,0
44.0,1569307603660.0,1,0,0
44.0,1569307604118.0,1,0,0
44.0,1569307604588.0,1,0,0
45.0,1569307605048.0,1,0,0
45.0,1569307605510.0,1,0,0
45.0,1569307605973.0,1,0,0
45.0,1569307606428.0,1,0,0
46.0,1569307606878.0,1,0,0
46.0,1569307607338.0,1,0,0
46.0,1569307607833.0,1,0,0
47.0,1569307608258.0,1,0,0
47.0,1569307608718.0,1,0,0
47.0,1569307609179.0,1,0,0
46.0,1569307609638.0,1,0,0
46.0,1569307610099.0,1,0,0
46.0,1569307610559.0,1,0,0
46.0,1569307611018.0,5,0,0
46.0,1569307611478.0,5,0,0
46.0,1569307611938.0,5,0,0
46.0,1569307612398.0,5,0,0
46.0,1569307612858.0,5,0,0
46.0,1569307613318.0,5,0,0
46.0,1569307613788.0,5,0,0
46.0,1569307614250.0,5,0,0
46.0,1569307614708.0,5,0,0
45.0,1569307615203.0,5,0,0
45.0,1569307615628.0,5,0,0
45.0,1569307616092.0,5,0,0
44.0,1569307616568.0,5,0,0
44.0,1569307617028.0,1,0,0
43.0,1569307617488.0,1,0,0
43.0,1569307617948.0,1,0,0
42.0,1569307618408.0,1,0,0
41.0,1569307618868.0,1,0,0
39.0,1569307619328.0,1,0,0
37.0,1569307619798.0,1,0,0
35.0,1569307620258.0,1,0,0
33.0,1569307620718.0,1,0,0
31.0,1569307621178.0,1,0,0
29.0,1569307621638.0,9,0,0
28.0,1569307622098.0,9,0,0
27.0,1569307622590.0,9,0,0
27.0,1569307623018.0,9,0,0
27.0,1569307623479.0,9,0,0
27.0,1569307623938.0,9,0,0
27.0,1569307624398.0,9,0,0
27.0,1569307624858.0,9,0,0
28.0,1569307625318.0,9,0,0
28.0,1569307625788.0,9,0,0
28.0,1569307626248.0,9,0,0
29.0,1569307626708.0,9,0,0
29.0,1569307627168.0,9,0,0
29.0,1569307627628.0,9,0,0
29.0,1569307628078.0,9,0,0
29.0,1569307628548.0,9,0,0
29.0,1569307629008.0,9,0,0
29.0,1569307629468.0,9,0,0
29.0,1569307629938.0,9,0,0
28.0,1569307630398.0,9,0,0
28.0,1569307630858.0,9,0,0
28.0,1569307631318.0,9,0,0
28.0,1569307631768.0,9,0,0
28.0,1569307632228.0,9,0,0
28.0,1569307632698.0,9,0,0
28.0,1569307633158.0,9,0,0
28.0,1569307633618.0,9,0,0
28.0,1569307634078.0,9,0,0
28.0,1569307634548.0,9,0,0
28.0,1569307635008.0,9,0,0
28.0,1569307635468.0,9,0,0
28.0,1569307635928.0,9,0,0
28.0,1569307636398.0,9,0,0
28.0,1569307636858.0,9,0,0
28.0,1569307637318.0,9,0,0
27.0,1569307637788.0,9,0,0
27.0,1569307638248.0,9,0,0
27.0,1569307638708.0,9,0,0
27.0,1569307639168.0,9,0,0
27.0,1569307639628.0,9,0,0
27.0,1569307640088.0,9,0,0
26.0,1569307640558.0,9,0,0
26.0,1569307641028.0,9,0,0
26.0,1569307641488.0,9,0,0
26.0,1569307641948.0,9,0,0
26.0,1569307642408.0,9,0,0
26.0,1569307642868.0,9,0,0
26.0,1569307643318.0,9,0,0
26.0,1569307643778.0,9,0,0
26.0,1569307644238.0,9,0,0
27.0,1569307644698.0,9,0,0
27.0,1569307645158.0,9,0,0
28.0,1569307645618.0,9,0,0
28.0,1569307646078.0,1,0,0
29.0,1569307646538.0,1,0,0
29.0,1569307646998.0,1,0,0
29.0,1569307647448.0,1,0,0
29.0,1569307647908.0,1,0,0
30.0,1569307648368.0,1,0,0
30.0,1569307648828.0,1,0,0
30.0,1569307649288.0,1,0,0
30.0,1569307649748.0,1,0,0
30.0,1569307650198.0,1,0,0
31.0,1569307650658.0,1,0,0
31.0,1569307651128.0,1,0,0
31.0,1569307651578.0,1,0,0
31.0,1569307652039.0,1,0,0
31.0,1569307652498.0,1,0,0
31.0,1569307652968.0,3,0,0
31.0,1569307653428.0,3,0,0
30.0,1569307653888.0,3,0,0
29.0,1569307654358.0,3,0,0
29.0,1569307654818.0,3,0,0
28.0,1569307655268.0,3,0,0
28.0,1569307655728.0,3,0,0
28.0,1569307656188.0,3,0,0
28.0,1569307656658.0,3,0,0
28.0,1569307657118.0,3,0,0
28.0,1569307657578.0,3,0,0
28.0,1569307658038.0,1,0,0
28.0,1569307658498.0,1,0,0
28.0,1569307658959.0,1,0,0
28.0,1569307659418.0,1,0,0
28.0,1569307659878.0,1,0,0
28.0,1569307660338.0,1,0,0
28.0,1569307660808.0,1,0,0
27.0,1569307661279.0,1,0,0
27.0,1569307661744.0,1,0,0
27.0,1569307662188.0,1,0,0
26.0,1569307662649.0,1,0,0
26.0,1569307663109.0,1,0,0
25.0,1569307663568.0,1,0,0
25.0,1569307664028.0,1,0,0
24.0,1569307664489.0,1,0,0
24.0,1569307664958.0,1,0,0
24.0,1569307665418.0,1,0,0
23.0,1569307665868.0,1,0,0
22.0,1569307666338.0,1,0,0
21.0,1569307666798.0,1,0,0
20.0,1569307667258.0,1,0,0
19.0,1569307667718.0,1,0,0
19.0,1569307668178.0,1,0,0
18.0,1569307668638.0,1,0,0
18.0,1569307669109.0,1,0,0
17.0,1569307669558.0,1,0,0
15.0,1569307670028.0,1,0,0
13.0,1569307670478.0,1,0,0
10.0,1569307670948.0,1,0,0
8.0,1569307671408.0,1,0,0
6.0,1569307671868.0,1,0,0
4.0,1569307672328.0,1,0,0
3.0,1569307672798.0,1,0,0
2.0,1569307673258.0,1,0,0
1.0,1569307673718.0,1,0,0
