1619776827760,0.45,0.35,0.0
1619776827861,0.45,0.35,0.004754
1619776827962,0.45,0.35,-0.003512
1619776828063,0.45,0.35,-0.008975
1619776828166,0.45,0.35,-0.015154
1619776828270,0.45,0.35,-0.025967
1619776828374,0.45,0.35,-0.044169
1619776828480,0.45,0.35,-0.045373
1619776828585,0.45,0.35,-0.051495
1619776828690,0.45,0.35,-0.046712
1619776828794,0.45,0.35,-0.049294
1619776828898,0.45,0.35,-0.055148
1619776828999,0.45,0.35,-0.041085
1619776829100,0.45,0.35,-0.053502
1619776829202,0.45,0.35,-0.054369
1619776829303,0.45,0.35,-0.050156
1619776829405,0.45,0.35,-0.061677
1619776829510,0.45,0.35,-0.063121
1619776829613,0.45,0.35,-0.077711
1619776829717,0.45,0.35,-0.0875
1619776829820,0.45,0.35,-0.096065
1619776829923,0.45,0.35,-0.087811
1619776830028,0.45,0.35,-0.109984
1619776830130,0.45,0.35,-0.11215
1619776830233,0.45,0.35,-0.114442
1619776830337,0.45,0.35,-0.115593
1619776830439,0.45,0.35,-0.116283
1619776830541,0.45,0.35,-0.115601
1619776830643,0.45,0.35,-0.128157
1619776830744,0.45,0.35,-0.130444
1619776830847,0.45,0.35,-0.117682
1619776830949,0.45,0.35,-0.149426
1619776831051,0.45,0.35,-0.13972
1619776831156,0.45,0.35,-0.137502
1619776831259,0.45,0.35,-0.132598
1619776831363,0.45,0.35,-0.125254
1619776831467,0.45,0.35,-0.131331
1619776831572,0.45,0.35,-0.152328
1619776831677,0.45,0.35,-0.134375
1619776831780,0.45,0.35,-0.133413
1619776831881,0.45,0.35,-0.136347
1619776831984,0.45,0.35,-0.091187
1619776832086,0.45,0.35,-0.101399
1619776832189,0.45,0.35,-0.114321
1619776832293,0.45,0.35,-0.108898
1619776832398,0.45,0.35,-0.121092
1619776832503,0.45,0.35,-0.112998
1619776832608,0.45,0.35,-0.100363
1619776832711,0.45,0.35,-0.127697
1619776832815,0.45,0.35,-0.116741
1619776832921,0.45,0.35,-0.123269
1619776833023,0.45,0.35,-0.132164
1619776833125,0.45,0.35,-0.123354
1619776833226,0.45,0.35,-0.122487
1619776833327,0.45,0.35,-0.096881
1619776833427,0.45,0.35,-0.093157
1619776833529,0.45,0.35,-0.095261
1619776833633,0.45,0.35,-0.10187
1619776833738,0.45,0.35,-0.094548
1619776833843,0.45,0.35,-0.092021
1619776833948,0.45,0.35,-0.098043
1619776834052,0.45,0.35,-0.103911
1619776834157,0.45,0.35,-0.103308
1619776834262,0.45,0.35,-0.114981
1619776834365,0.45,0.35,-0.119219
1619776834467,0.45,0.35,-0.122905
1619776834568,0.45,0.35,-0.114479
1619776834671,0.45,0.35,-0.108094
1619776834772,0.45,0.35,-0.106971
1619776834874,0.45,0.35,-0.113635
1619776834977,0.45,0.35,-0.103671
1619776835080,0.45,0.35,-0.092946
1619776835182,0.45,0.35,-0.108925
1619776835285,0.45,0.35,-0.112209
1619776835389,0.45,0.35,-0.114496
1619776835494,0.45,0.35,-0.120763
1619776835598,0.45,0.35,-0.124743
1619776835702,0.45,0.35,-0.118408
1619776835806,0.45,0.35,-0.120996
1619776835908,0.45,0.35,-0.117868
1619776836009,0.45,0.35,-0.117821
1619776836110,0.45,0.35,-0.138049
1619776836211,0.45,0.35,-0.150563
1619776836313,0.45,0.35,-0.132526
1619776836417,0.45,0.35,-0.143038
1619776836522,0.45,0.35,-0.12742
1619776836625,0.45,0.35,-0.125596
1619776836728,0.45,0.35,-0.124132
1619776836831,0.45,0.35,-0.139533
1619776836934,0.45,0.35,-0.14272
1619776837039,0.45,0.35,-0.142696
1619776837143,0.45,0.35,-0.142215
1619776837245,0.45,0.35,-0.10815
1619776837346,0.45,0.35,-0.101716
1619776837449,0.45,0.35,-0.085288
1619776837552,0.45,0.35,-0.08922
1619776837653,0.45,0.35,-0.083761
1619776837755,0.45,0.35,-0.076608
1619776837859,0.45,0.35,-0.046213
1619776837963,0.45,0.35,-0.045247
1619776838066,0.45,0.35,-0.051396
1619776838173,0.45,0.35,-0.048545
1619776838278,0.45,0.35,-0.047229
1619776838382,0.45,0.35,-0.05346
1619776838486,0.45,0.35,-0.066848
1619776838590,0.45,0.35,-0.087029
1619776838693,0.45,0.35,-0.090451
1619776838795,0.45,0.35,-0.096207
1619776838897,0.45,0.35,-0.11053
1619776838999,0.45,0.35,-0.113429
1619776839102,0.45,0.35,-0.103072
1619776839204,0.45,0.35,-0.117931
1619776839306,0.45,0.35,-0.133633
1619776839409,0.45,0.35,-0.123635
1619776839514,0.45,0.35,-0.099819
1619776839618,0.45,0.35,-0.088668
1619776839721,0.45,0.35,-0.086794
1619776839826,0.45,0.35,-0.087535
1619776839931,0.45,0.35,-0.066329
1619776840033,0.45,0.35,-0.089857
1619776840135,0.45,0.35,-0.08316
1619776840237,0.45,0.35,-0.075849
1619776840338,0.45,0.35,-0.07186
1619776840440,0.45,0.35,-0.099032
1619776840543,0.45,0.35,-0.105046
1619776840647,0.45,0.35,-0.10332
1619776840751,0.45,0.35,-0.097777
1619776840858,0.45,0.35,-0.094031
1619776840963,0.45,0.35,-0.107745
1619776841066,0.45,0.35,-0.097742
1619776841171,0.45,0.35,-0.106979
1619776841278,0.45,0.35,-0.101173
1619776841381,0.45,0.35,-0.094488
1619776841483,0.45,0.35,-0.081204
1619776841586,0.45,0.35,-0.095379
1619776841688,0.45,0.35,-0.101103
1619776841790,0.45,0.35,-0.105705
1619776841894,0.45,0.35,-0.110022
1619776842002,0.45,0.35,-0.115229
1619776842107,0.45,0.35,-0.124943
1619776842211,0.45,0.35,-0.131641
1619776842317,0.45,0.35,-0.12861
1619776842422,0.45,0.35,-0.132282
1619776842526,0.45,0.35,-0.143224
1619776842630,0.45,0.35,-0.13862
1619776842734,0.45,0.35,-0.14131
