1619611976244,6.82347,10.00297,8.32703,0.11025,-0.23415,-0.98962
1619611976264,4.61602,2.57137,7.17781,-0.15393,0.25053,-1.09828
1619611976284,0.33518,-6.44519,10.82179,0.00692,-0.33322,-0.91293
1619611976304,2.26491,-0.54587,5.68862,0.14753,0.22603,-1.11533
1619611976324,10.65898,-18.828,14.62857,0.09747,0.09394,-1.10574
1619611976344,0.67995,5.20499,18.71308,-0.11132,-0.25439,-1.05567
1619611976364,-11.08036,11.18571,13.64216,0.30306,0.27397,-1.1835
1619611976384,-5.75566,1.82438,16.16565,-0.01225,-0.32364,-1.05034
1619611976404,-2.44687,0.9481,2.02549,0.13688,0.17064,-1.19842
1619611976424,-7.21612,-3.55299,13.45541,0.04846,-0.06904,-1.10467
1619611976444,17.23825,-1.70467,19.04348,-0.20293,0.01191,-1.09828
1619611976464,7.31668,3.10288,4.35265,0.0719,-0.03175,-1.08017
1619611976484,-7.23527,-5.37258,19.1153,-0.00692,-0.11271,-1.07485
1619611976504,19.6133,-4.38138,19.6127,0.06231,0.16318,-1.21972
1619611976524,-9.55765,-4.80276,8.41322,0.09214,0.00339,-1.17711
1619611976544,8.91121,1.99676,16.01242,-0.08681,0.00659,-1.22824
1619611976564,-6.82826,2.49954,-15.15529,-0.05592,-0.00619,-1.26872
1619611976584,-1.70467,7.89128,11.21444,0.13795,-0.03708,-1.20587
1619611976604,5.85142,4.60644,11.49216,-0.08362,-0.0733,-1.22824
1619611976624,-4.39575,3.75889,10.35731,-0.06338,0.05346,-1.17178
1619611976644,-0.42616,9.13627,8.8777,-0.11132,-0.00938,-1.16113
1619611976664,6.61757,1.79565,17.76018,-0.06231,0.00019,-0.94701
1619611976684,-4.30956,3.40934,14.31253,-0.01118,-0.02749,-1.10041
1619611976704,0.81881,11.32936,10.50575,0.21145,-0.02004,-1.05993
1619611976724,1.94888,-8.86812,10.34295,-0.0719,0.04494,-1.06739
1619611976744,-10.87925,13.96777,0.98641,0.04953,0.00019,-1.22185
1619611976764,-1.14921,5.91367,-2.54264,-0.16777,-0.06478,-1.07272
1619611976784,8.96389,-5.12359,7.28795,-0.00266,0.095,-1.07804
1619611976804,-14.87278,14.43224,9.60074,0.19441,-0.05519,-1.05674
1619611976824,-7.0581,-2.46602,9.23683,-0.10279,0.20792,-1.05461
1619611976844,-3.2609,-2.98317,14.83926,-0.0964,-0.13508,-0.99495
1619611976864,-0.16759,5.57849,-4.23773,0.10173,0.28036,-1.07165
1619611976884,15.95496,1.11569,9.52892,0.05486,0.03641,-1.02478
1619611976904,-9.87847,10.83136,2.32716,0.01118,-0.46958,-1.04076
1619611976924,-1.36948,-5.01345,12.96699,-0.01225,0.22816,-1.22931
1619611976944,-2.48996,-0.75177,4.63038,0.13262,-0.21072,-1.0578
1619611976964,0.1628,5.861,17.61174,-0.14327,-0.18302,-1.19096
1619611976984,-10.41477,-1.75255,16.59181,0.0229,0.04707,-1.19629
1619611977004,13.70919,1.34075,17.82243,-0.11877,-0.35879,-1.05354
1619611977024,8.70531,-6.55532,-1.39821,-0.15073,0.41139,-1.18137
1619611977044,-0.39743,-4.07014,17.13769,0.24767,-0.19367,-0.96193
1619611977064,-1.64721,4.05577,6.73728,-0.13475,0.14614,-1.0823
1619611977084,1.10133,0.23942,-2.43729,0.08468,0.0492,-1.16539
1619611977104,-6.63672,4.51067,2.12126,-0.08468,-0.23202,-1.01093
1619611977124,-3.63439,-1.82438,-1.55144,0.06338,0.11631,-1.14089
1619611977144,7.30231,3.30878,19.6127,-0.16458,-0.01471,-1.12278
1619611977164,1.63763,8.03494,1.93451,0.16884,0.02896,-1.07378
1619611977184,9.05008,-8.48505,10.33337,0.14008,-0.25546,-1.09615
1619611977204,-4.67348,-4.19942,8.32703,-0.35952,0.44761,-1.29322
1619611977224,1.66157,8.71968,-0.63685,0.18908,-0.03814,-1.00773
1619611977244,8.55687,-3.58651,19.6127,-0.01012,-0.11165,-1.01093
1619611977264,-12.94305,3.32315,12.90953,-0.08255,0.20259,-1.1068
1619611977284,0.43574,-16.34282,-2.66235,0.04846,-0.26292,-0.97791
1619611977304,14.91108,-10.86488,19.6127,-0.05379,0.16638,-1.08124
1619611977324,2.72939,12.74673,-4.98951,-0.01651,0.0183,-1.15048
1619611977344,1.8148,-1.76213,15.99805,-0.15819,-0.26931,-0.96193
1619611977364,3.77805,-2.58094,6.29196,0.10599,0.2239,-1.01519
1619611977384,3.64876,6.70855,5.92325,0.36591,-0.10952,-1.08763
1619611977404,3.12203,-9.47146,14.03959,-0.01438,-0.00832,-1.12598
1619611977424,-2.24576,7.25443,6.87135,-0.13582,0.14827,-1.18457
1619611977444,-4.29519,0.87627,10.71165,0.0996,-0.03814,-1.09509
1619611977464,5.47793,-16.06509,19.6127,0.0474,0.17596,-1.19842
1619611977484,-8.02536,2.09732,13.96298,-0.11132,-0.25439,-1.04182
1619611977504,3.17471,-7.18739,18.49281,0.12516,0.18022,-1.10574
1619611977524,-13.40274,5.70298,6.82347,-0.16564,-0.09673,-1.08337
1619611977544,19.6133,-12.40196,13.69004,-0.06657,-0.26292,-0.9321
1619611977564,-6.09084,4.3335,11.13782,0.12303,0.30486,-1.08124
1619611977584,4.33829,-12.29662,9.3278,-0.20293,-0.38436,-0.96619
1619611977604,11.99016,-2.39899,9.3278,0.09108,0.33149,-1.00347
1619611977624,-7.97748,6.83784,10.92713,0.19867,0.09713,-1.09509
1619611977644,2.52348,-7.39329,12.43548,-0.1731,-0.17237,-1.04821
1619611977664,0.97683,1.53228,0.94331,0.18269,0.26331,-1.15474
1619611977684,-5.0757,4.54898,5.80833,-0.02929,-0.24374,-1.11106
1619611977704,5.68862,-6.94797,11.85129,-0.18162,0.03641,-1.12704
1619611977724,-7.23048,8.55687,4.30477,0.15499,0.01511,-1.12598
1619611977744,17.84637,-8.40364,7.32625,-0.08042,-0.20006,-1.05993
1619611977764,-1.97761,6.81868,10.68292,0.00585,0.39434,-1.03543
1619611977784,-2.24097,-4.23773,11.53047,0.13262,-0.23948,-1.02584
1619611977804,3.91691,0.3687,11.98058,-0.06977,0.2761,-1.14622
1619611977824,-2.78685,14.47055,-2.83952,0.02503,0.16744,-1.13344
1619611977845,10.11789,1.37427,6.7277,0.1241,-0.25439,-1.02691
1619611977864,-10.32858,7.60398,-7.03895,-0.00159,0.21964,-1.1622
1619611977884,0.09097,-3.28484,10.319,-0.08255,-0.09141,-1.03224
1619611977904,-6.90487,4.26646,7.34541,-0.04846,-0.11697,-1.13557
1619611977924,-5.29118,-3.1795,12.57434,0.00479,0.12803,-1.19948
1619611977944,-4.63517,8.69574,3.36624,0.0197,-0.25972,-1.04608
1619611977964,2.07816,-0.74699,6.79474,0.00159,-0.03921,-1.13237
1619611977984,-4.34787,3.2609,12.99093,0.06125,-0.09354,-1.0855
1619611978004,0.40701,2.21224,8.15465,-0.07403,-0.07223,-1.10041
1619611978024,-0.47884,-2.79163,6.25844,0.06657,0.08222,-1.1345
1619611978045,-2.79163,1.61369,6.34942,-0.25513,-0.23096,-1.0088
1619611978064,-3.96958,8.88248,-2.55221,0.06231,0.01724,-1.1345
1619611978084,8.93516,-7.42202,16.46253,-0.06444,-0.21072,-1.04502
1619611978104,5.33428,-1.17315,19.6127,-0.00585,-0.04773,-1.05034
1619611978124,-13.2112,1.40779,11.99495,0.02822,0.16744,-1.19416
1619611978145,-3.50989,0.13886,9.96945,0.06764,-0.35879,-1.04395
1619611978164,3.31836,-2.0207,19.6127,-0.0442,0.46039,-1.12704
1619611978184,4.06535,-5.3678,3.76368,0.01864,-0.16491,-1.21866
1619611978204,-0.67516,2.60489,3.72058,0.09321,0.00978,-1.09509
1619611978224,-1.91057,0.90021,9.31344,0.02609,0.07902,-1.22398
1619611978246,-3.50989,-4.96078,2.70544,-0.02609,-0.15852,-1.12278
1619611978265,-17.11854,12.71321,1.64242,-0.03781,0.10139,-1.21546
1619611978284,3.16513,-0.84275,7.56567,-0.02077,0.0492,-1.17711
1619611978304,-4.56334,14.92066,12.04283,-0.0442,-0.30233,-1.09722
1619611978324,-1.76692,3.77326,7.66623,0.01012,0.46465,-1.11746
1619611978344,-6.32548,2.25533,18.67956,-0.01012,-0.10845,-1.06952
1619611978364,-3.23696,10.83136,2.89698,-0.09108,0.0215,-1.04076
1619611978384,15.63892,-7.26879,8.08761,0.16032,0.2974,-1.06526
1619611978405,1.17315,6.17225,17.02277,-0.11984,-0.25972,-1.01306
1619611978424,-8.51857,-1.74776,14.23592,-0.04527,0.14827,-1.12385
1619611978444,4.24731,1.97282,19.6127,0.20612,0.0737,-1.11746
1619611978464,-2.17393,18.32522,-3.94564,-0.21358,-0.36838,-1.10574
1619611978484,12.04283,0.14365,13.72356,0.06125,0.28142,-1.18031
1619611978504,7.12993,-3.95043,-2.85867,0.06125,-0.29168,-1.0333
1619611978524,2.68629,-3.96958,19.6127,0.01225,0.14827,-1.16113
1619611978544,2.68629,-3.96958,19.6127,0.01225,0.14827,-1.16113
1619611978564,8.58081,2.1883,4.44363,-0.14114,-0.25013,-0.99815
1619611978584,7.17302,0.31603,6.45476,0.24234,0.47956,-1.22292
1619611978605,-17.59738,3.02627,7.33583,-0.15712,-0.36412,-1.01413
1619611978624,0.76614,-4.707,13.77623,-0.09427,-0.02962,-1.00667
1619611978644,-5.66468,-4.21379,11.23359,0.27324,0.16211,-1.22611
1619611978664,2.68629,4.82192,13.09628,-0.33822,-0.5793,-0.97791
1619611978685,2.70544,2.24576,6.78995,0.13369,0.2729,-1.11639
1619611978704,-5.42047,0.06224,17.6692,-0.01331,-0.13828,-1.05141
1619611978726,4.78361,2.84431,15.524,0.00692,-0.23522,-0.93849
1619611978744,3.03584,1.55144,9.29907,0.13475,0.29953,-1.19629
1619611978764,7.07247,7.04374,-8.44674,-0.17843,-0.34281,-1.07378
1619611978784,5.30555,-3.6727,17.14248,0.25939,0.35386,-1.15154
1619611978784,-9.60553,16.54393,4.46758,-0.16671,-0.02962,-1.12278
1619611978824,5.93762,8.0493,3.68707,0.03249,-0.00832,-1.12491
1619611978844,14.78659,-1.91536,8.7915,0.20293,0.07476,-1.16433
1619611978866,-5.76044,11.76031,-10.09874,-0.19973,-0.24481,-1.05887
1619611978884,-1.19231,-4.65911,17.08981,-0.00372,0.046,-1.13983
1619611978904,-4.44363,4.29998,-1.91057,-0.00479,-0.15213,-1.07058
1619611978924,7.7189,2.73417,13.28781,0.00053,-0.00086,-1.13344
1619611978944,-0.14844,-2.32716,3.16034,0.07936,0.09607,-1.12704
1619611978944,-0.14844,-2.32716,3.16034,0.07936,0.09607,-1.12704
1619611978984,-16.46253,-7.8865,14.32211,0.0996,0.18662,-1.24529
1619611979004,2.08774,15.03079,9.70609,-0.06977,-0.20433,-1.13876
1619611979024,11.84172,-5.88015,9.56244,-0.00479,-0.0456,-1.23464
1619611979044,-3.83551,8.55208,8.03015,-0.04314,0.14187,-1.29536
1619611979064,-11.53526,-0.24899,10.817,-0.08149,-0.12869,-1.159
1619611979084,13.16332,3.06457,2.0207,0.10066,-0.06158,-1.20481
1619611979084,-3.7158,9.7827,15.95496,-0.01225,0.24307,-1.12811
1619611979124,3.28963,-2.77727,10.91756,-0.08042,-0.19687,-1.07378
1619611979144,-6.38294,9.73961,9.38048,0.04207,0.13868,-1.18244
1619611979164,-6.38294,9.73961,9.38048,0.04207,0.13868,-1.18244
1619611979184,11.94227,-1.36948,19.42176,-0.20399,-0.09354,-1.159
1619611979205,-19.6127,14.0779,17.95172,0.03036,0.0215,-1.16007
1619611979224,6.07648,-19.5702,12.74194,-0.13049,0.14827,-1.13663
1619611979244,-9.73961,15.38514,14.91108,0.03994,-0.18515,-1.07698
1619611979265,-9.73961,15.38514,14.91108,0.03994,-0.18515,-1.07698
1619611979285,0.43574,3.07415,14.04917,0.03036,0.00126,-1.07485
1619611979304,-6.96712,4.10845,10.15141,-0.00266,0.01085,-1.01519
1619611979324,7.35498,-13.48414,13.54639,-0.02183,-0.00725,-0.94595
1619611979344,3.7541,0.14844,9.05487,-0.05805,-0.03388,-0.99282
1619611979364,1.53707,-1.41736,1.67594,-0.03888,-0.23735,-1.04715
1619611979384,-2.66714,-2.34631,17.01319,0.0996,0.14401,-1.14515
1619611979404,-4.41969,-0.70868,19.6127,-0.12729,-0.18515,-1.09722
1619611979424,3.43328,-12.8808,18.59337,0.26152,0.26545,-1.09509
1619611979444,-8.18816,6.57447,14.71476,-0.11771,-0.23735,-0.95021
1619611979464,3.60087,-10.2807,15.275,0.16671,-0.33429,-1.02797
1619611979484,3.8786,-1.67594,10.83615,-0.1731,0.37304,-1.0365
1619611979504,-8.77235,2.66235,12.98615,-0.19973,0.07902,-0.8831
1619611979524,-7.3885,1.38384,11.71722,-0.01651,-0.14361,-0.90866
1619611979544,8.16901,6.33026,5.22414,0.17417,0.06518,-0.89375
1619611979564,-0.72304,2.13083,16.67322,-0.00266,-0.18089,-0.87884
1619611979584,6.31111,-6.33984,5.12359,-0.08468,0.23455,-1.02265
1619611979604,5.7365,8.45153,15.73469,0.52464,-0.17343,-1.04182
1619611979624,-7.23527,4.1276,19.6127,-0.17523,0.0737,-1.14835
1619611979644,-4.90332,2.03028,1.01992,-0.15286,-0.18835,-0.9843
1619611979665,-8.38928,11.80341,4.56813,0.13475,0.05772,-0.99389
1619611979684,15.89749,-5.37737,19.6127,0.01757,0.11205,-1.14622
1619611979704,-7.49385,5.29597,6.61757,-0.02077,-0.08821,-0.99921
1619611979724,3.56257,-5.46835,19.6127,0.00905,0.09926,-1.16326
1619611979744,7.12514,6.54574,-11.38203,-0.02609,-0.01577,-1.21013
1619611979764,-5.2816,0.96725,16.32366,0.1454,-0.1745,-1.04289
1619611979784,1.17794,14.06354,5.92325,-0.11238,0.1259,-1.01626
1619611979804,3.88818,-4.38617,-0.21547,-0.03994,0.01617,-1.04076
1619611979824,3.88818,-4.38617,-0.21547,-0.03994,0.01617,-1.04076
1619611979844,-14.63814,4.44842,15.20796,-0.17523,0.14081,-1.09296
1619611979864,7.96311,-5.44441,0.9481,0.00266,-0.25439,-0.99069
1619611979884,-7.46033,11.30542,9.67736,0.06977,0.24947,-0.92784
1619611979904,3.27047,-8.16422,14.1593,0.1241,0.05665,-1.05993
1619611979924,-0.87627,7.73327,16.55351,0.00372,-0.03282,-1.07804
1619611979944,0.13886,-4.69263,5.5306,-0.01544,-0.13934,-0.96086
1619611979965,-2.3511,7.96311,11.16176,-0.08255,0.13335,-1.09935
1619611979984,-9.44273,8.64785,8.30309,-0.09214,-0.10526,-1.10574
1619611980004,2.2266,-5.6551,10.97502,0.19547,0.15146,-0.89695
1619611980024,3.39497,-1.34075,2.28406,-0.05699,-0.09247,-0.99389
1619611980044,8.40843,-1.8148,17.39148,0.05486,0.0705,-0.99282
1619611980064,11.35809,5.00388,4.17548,0.10599,-0.12869,-0.9811
1619611980084,-5.7365,4.34308,16.07945,-0.08788,0.26864,-1.11959
1619611980104,1.10612,1.32638,9.66778,0.0506,0.13548,-1.06632
1619611980124,1.10612,1.32638,9.66778,0.0506,0.13548,-1.06632
1619611980144,-5.71256,2.75812,3.12682,-0.16245,0.1227,-1.23251
1619611980164,1.99197,-3.63439,8.35576,0.14647,0.04494,-1.00028
1619611980184,-6.77559,11.54962,17.52555,-0.13475,-0.27676,-1.07165
1619611980204,-14.01565,8.42758,5.65031,0.11345,0.54028,-1.14196
1619611980224,-4.40533,4.72136,19.6127,-0.25086,-0.38436,-0.94062
1619611980244,13.28303,11.51611,9.39963,0.01544,0.11418,-0.99389
1619611980264,-0.09097,-1.12048,5.16668,0.18482,0.23136,-1.08976
1619611980284,0.18674,4.75009,0.49799,-0.07616,-0.43549,-0.87138
1619611980304,6.34942,1.63284,6.18182,0.11132,0.46145,-1.02265
1619611980324,-6.51701,4.38617,14.42267,0.0442,0.06944,-1.08656
1619611980344,5.54497,-8.29351,19.6127,-0.13369,-0.48982,-0.92145
1619611980364,0.6177,-0.71347,3.34709,0.26045,0.21964,-1.14941
1619611980384,-1.55623,-2.557,19.6127,-0.16564,-0.3279,-1.01839
1619611980404,10.2376,-0.71347,13.51287,0.01118,0.17916,-1.05034
1619611980424,6.38294,-17.04192,12.54561,0.06338,-0.04773,-1.11213
1619611980444,1.18273,3.84029,5.58806,-0.21145,-0.09247,-1.0365
1619611980464,4.56813,-5.25766,11.48259,0.31691,0.28355,-1.01093
1619611980484,0.61291,-0.15322,-3.49553,-0.10173,-0.24374,-0.92464
1619611980504,4.03662,-12.02846,13.65173,0.24128,0.49874,-1.01413
1619611980524,-9.48103,15.71075,1.30723,0.04207,0.00126,-1.08017
1619611980544,0.25857,-6.8522,13.71398,-0.26258,-0.56971,-0.87032
1619611980564,-10.24239,9.81143,18.22945,0.08255,0.34747,-1.10893
1619611980584,-6.83784,3.1795,12.88559,-0.14647,-0.18196,-1.08443
1619611980604,1.19231,3.33751,7.19697,-0.03994,0.00339,-0.97471
1619611980624,9.39005,-6.37336,10.85531,0.16351,0.1994,-1.16007
1619611980644,4.16112,1.8148,14.77222,-0.09427,-0.29807,-1.03437
1619611980664,-0.57939,6.49307,10.93192,0.09853,-0.0243,-1.10787
1619611980684,-0.55066,9.44751,9.02614,0.0506,0.2239,-1.19842
1619611980704,-14.84405,-1.51792,15.71554,-0.10173,-0.23628,-1.08017
1619611980724,-14.64293,-0.14365,17.78413,-0.01651,0.07902,-1.03756
1619611980744,-11.57357,6.02381,12.31577,-0.03675,-0.05732,-1.08443
1619611980764,-3.60087,12.5504,-9.65342,-0.06764,-0.04347,-1.05461
1619611980784,-9.35654,4.16112,15.96453,-0.17204,0.01617,-1.0301
1619611980804,-9.7827,18.97644,2.20266,0.11664,0.00126,-0.95128
1619611980824,-4.52504,6.87135,15.58146,0.13582,0.15679,-1.06632
1619611980844,-1.83874,5.35822,14.18325,-0.22104,-0.17663,-0.89801
1619611980864,9.44273,3.97916,6.22971,0.15819,0.14827,-1.0365
1619611980884,4.15154,1.37427,8.07803,0.03355,0.1749,-1.19842
1619611980904,8.77235,-5.04218,5.09486,-0.01225,-0.21391,-1.00028
1619611980924,0.96246,4.4149,8.68137,0.03355,-0.07223,-1.08976
1619611980944,-10.80742,-5.1188,10.6925,-0.04527,0.08861,-1.16859
1619611980964,-9.68694,3.77326,-0.0383,0.09321,-0.15106,-0.97578
1619611980984,-8.94473,0.07182,14.2024,-0.00266,0.08115,-1.0056
1619611981004,-0.17238,0.01436,2.12126,0.00479,-0.11804,-1.00347
1619611981024,5.04218,-3.74453,10.0317,0.06977,0.0492,-1.01839
1619611981044,-2.557,3.20823,-2.43729,-0.05592,0.01724,-1.01519
1619611981064,0.87627,1.37427,1.21146,0.03994,0.13974,-1.01945
1619611981084,-8.26478,10.33337,0.37349,-0.01544,0.03428,-0.96299
1619611981104,-4.59207,-7.19218,8.49941,-0.0719,-0.05199,-1.02052
1619611981124,-6.92881,13.15374,4.05577,0.03462,0.0705,-1.09082
1619611981144,-0.49799,-4.44842,6.76122,0.17417,-0.0179,-0.96725
1619611981164,-9.71088,6.92403,7.50342,-0.02503,-0.02962,-1.06313
1619611981184,8.4611,-8.2169,11.24317,-0.12303,-0.00619,-1.01413
1619611981204,6.45955,3.49553,13.54639,0.18695,0.08009,-0.99389
1619611981224,15.95496,-9.71088,18.98123,-0.19121,-0.10419,-1.05567
1619611981244,-4.40054,-3.00232,10.44829,0.18162,0.04494,-1.02904
1619611981264,-2.63362,-2.74375,18.55027,-0.11451,-0.00086,-1.06739
1619611981284,-7.00543,9.70609,11.11388,0.00053,0.04494,-1.04821
1619611981304,0.27293,2.6815,1.67115,-0.01118,0.03109,-1.00134
1619611981324,-19.6127,13.64695,14.06832,0.08042,-0.03601,-1.06632
1619611981344,5.51624,8.36055,7.65665,-0.14221,-0.17982,-1.05354
1619611981364,2.90177,-0.16759,9.82101,-0.03142,0.06305,-1.12704
1619611981384,3.06457,3.14119,13.3357,0.03142,-0.32896,-1.07911
1619611981404,3.31357,-8.27914,14.78659,-0.06657,0.03748,-1.03863
1619611981424,10.49618,-5.02782,13.12501,0.1699,-0.01258,-1.04715
1619611981444,4.86501,-10.19451,10.2807,-0.20506,-0.22457,-0.9811
1619611981464,-5.56412,2.83952,10.91277,0.02396,0.09926,-1.11213
1619611981485,1.54186,1.06781,8.916,0.19867,-0.11484,-1.06739
1619611981504,-1.30244,5.65989,-5.41089,-0.50227,-0.31618,-1.07058
1619611981524,6.67024,-5.71735,11.58314,0.38189,0.34534,-1.17285
1619611981544,-0.61291,0.07661,5.90889,-0.2711,-0.25439,-1.07272
1619611981564,10.39083,-2.34152,13.23514,-0.09321,0.07583,-0.99176
1619611981564,3.24653,9.22725,-0.30166,0.29348,0.07796,-1.07911
1619611981604,6.63193,-2.52827,19.6127,-0.31904,-0.2757,-0.96938
1619611981624,-2.1883,3.60566,1.29765,-0.01651,0.35812,-1.04715
1619611981644,0.11492,6.77559,14.30296,0.16138,-0.2512,-0.93956
1619611981664,-3.16513,7.36456,2.9305,0.0197,0.13442,-0.96619
1619611981684,-0.30645,3.16513,12.11944,0.08149,0.14294,-1.06845
1619611981704,3.39018,-1.79086,-4.67827,-0.05699,-0.45466,-0.91186
1619611981724,-3.26569,-3.16513,13.92467,0.00053,0.30912,-1.01306
1619611981744,-8.26478,-0.79966,14.121,0.15712,-0.13934,-0.99708
1619611981764,0.905,10.49618,12.97657,-0.14008,0.08755,-0.99282
1619611981784,-12.32535,6.96712,-3.3854,0.09001,0.01191,-0.94595
1619611981804,-4.92247,10.09395,-1.53707,-0.03888,-0.15319,-0.89269
1619611981824,-4.707,3.99831,2.58573,0.17949,0.34534,-0.97684
1619611981844,1.01035,6.98628,4.24731,-0.00585,-0.25865,-0.92997
1619611981864,2.93529,-2.81079,10.32858,-0.10705,0.26225,-1.02158
1619611981885,-3.30878,4.40054,1.13964,0.06551,0.13016,-0.9598
1619611981904,9.31344,-8.06367,19.6127,-0.00692,-0.38968,-0.88203
1619611981924,-14.44182,12.70842,5.81791,-0.00266,0.34108,-1.07698
1619611981944,-1.43652,9.09317,5.12359,-0.04527,-0.06904,-1.04289
1619611981964,-0.04309,4.57292,6.7708,0.0474,-0.25439,-0.96938
1619611981985,5.65031,3.50989,0.72783,0.07936,0.2974,-1.05248
1619611982004,5.64552,-8.43237,11.21444,-0.02609,-0.20113,-0.9843
1619611982024,-0.32561,9.08838,-0.22505,0.11025,0.06837,-0.9353
1619611982044,-6.67503,-5.44441,-1.32638,0.00266,-0.01684,-0.9289
1619611982064,4.68305,3.19865,5.29118,-0.15712,-0.02323,-0.9289
1619611982084,8.87291,-5.45399,12.06198,0.00798,-0.0978,-0.87564
1619611982104,-2.98796,7.69017,10.27591,0.06018,-0.12976,-0.82664
1619611982124,-2.15478,0.30166,5.65989,-0.05912,0.046,-0.92358
1619611982144,2.89698,-2.47081,5.03261,0.03355,-0.17982,-0.85327
1619611982164,15.69638,1.05823,14.07311,0.18695,-0.16278,-0.96938
1619611982184,-4.24731,-3.14119,8.36055,0.13475,0.06305,-0.98217
1619611982204,3.88339,0.71347,5.36301,-0.04953,-0.18622,-0.99815
1619611982224,6.94797,-3.98395,18.1672,0.16245,0.20366,-1.09509
1619611982244,-3.2609,7.41723,8.1307,-0.06657,0.02789,-1.02797
1619611982264,-0.06703,-3.22259,19.60372,0.11984,0.0247,-1.04395
1619611982284,-14.36042,7.47948,-0.52672,-0.00266,-0.06691,-1.04182
1619611982304,7.85777,-1.06781,10.47223,-0.03249,-0.05093,-1.14196
1619611982324,6.78995,-13.92467,11.94706,0.09108,0.1962,-1.10574
1619611982344,0.25378,4.11802,6.85699,-0.02396,-0.06691,-0.98856
1619611982364,13.46977,-0.33518,9.21288,-0.06338,0.08648,-0.94275
1619611982384,-18.4976,10.51533,10.42914,0.05273,-0.05838,-0.9076
1619611982404,8.66701,0.21068,5.18584,-0.01012,-0.11697,-0.88949
1619611982424,-1.81959,-1.79086,9.52413,0.15712,0.18449,-0.95341
1619611982444,14.76264,-9.42357,19.6127,-0.11664,-0.09141,-0.89482
1619611982464,-4.18027,8.43237,3.44286,0.09427,0.20259,-0.95873
1619611982484,4.59686,1.08696,1.33596,0.03781,-0.11378,-0.94488
1619611982504,6.74686,-5.42047,10.4866,-0.1209,-0.01151,-1.05248
1619611982524,6.83305,0.88585,2.54264,0.20719,0.11098,-1.08869
1619611982544,8.71489,-5.33428,17.7554,-0.07936,-0.20433,-1.12811
1619611982564,-2.20745,-3.60566,15.07868,0.15925,-0.05732,-1.09296
1619611982584,-8.06367,10.62067,-4.19464,-0.12729,0.09074,-1.06206
1619611982604,5.85621,-3.99352,13.02924,0.11238,0.10139,-1.08443
1619611982624,-6.03817,-1.84353,1.82917,-0.12836,0.04494,-1.08017
1619611982644,-3.80678,12.8808,8.49941,-0.13262,-0.01577,-0.95767
1619611982664,-8.39885,-0.35434,7.92959,0.01757,0.03322,-1.03863
1619611982684,-2.33195,11.63103,-3.76368,0.01864,-0.00512,-1.08976
1619611982704,0.78529,-3.74931,2.1452,-0.1209,0.04494,-1.09615
1619611982724,-3.95043,6.71334,5.55454,0.03462,0.01404,-1.06739
1619611982744,-2.8491,2.45166,0.72783,-0.19334,-0.2267,-0.8831
1619611982764,-9.80665,-1.33117,-0.06703,0.10066,0.20686,-1.0056
1619611982784,-6.8522,5.7365,14.2838,-0.00372,-0.14574,-0.92464
1619611982804,0.90021,3.91691,2.86825,-0.13475,0.31658,-0.92145
1619611982824,-3.03584,1.96803,12.74673,0.1699,-0.101,-0.84262
1619611982844,8.73404,-4.68305,-2.91134,-0.15712,-0.02962,-0.91506
1619611982864,-1.43652,-4.01747,14.37957,0.04527,0.17916,-1.05248
1619611982884,-13.34528,7.24006,7.97269,0.06657,-0.26185,-0.96406
1619611982904,-7.61356,8.33661,-0.95289,0.04527,-0.12763,-1.061
1619611982924,1.01992,-2.24097,7.99663,0.06551,0.10139,-1.08124
1619611982944,-3.43328,1.99676,14.63336,-0.15925,-0.3215,-0.96619
1619611982964,-2.36547,-6.92403,5.31991,0.0474,0.02896,-1.00773
1619611982984,-19.6127,11.60709,16.38591,-0.01438,-0.02749,-1.03224
1619611983004,3.93127,-5.88973,11.03727,-0.14008,-0.18622,-0.94488
1619611983024,-4.08929,1.76692,3.80199,0.0229,0.16851,-1.02371
1619611983044,-7.48906,8.26478,15.27021,0.03675,-0.07862,-1.02584
1619611983064,-8.05409,-0.01915,15.57188,-0.04953,0.16318,-0.94169
1619611983084,-2.60489,-1.57538,1.54186,0.11025,-0.1713,-0.98217
1619611983104,1.38384,1.68551,12.76588,-0.01012,0.05665,-1.08017
1619611983124,4.97515,-14.85362,19.6127,0.08149,0.0183,-1.01519
1619611983144,-0.9481,13.52245,-2.95923,-0.21571,-0.13828,-1.02371
1619611983164,-6.8522,1.4413,18.71786,0.00053,0.24627,-1.05887
1619611983184,-5.41568,8.26478,4.22337,0.16458,-0.35027,-0.81812
1619611983204,2.57137,5.68862,10.88404,-0.14434,0.27503,-1.07804
1619611983224,2.12126,-0.80445,18.72265,0.20399,0.11844,-1.0088
1619611983244,-8.18816,0.84275,11.12346,-0.11664,-0.33109,-0.79149
1619611983264,-0.75656,-0.80445,11.48259,0.08362,0.47743,-1.02584
1619611983284,-0.0383,-5.3678,13.80017,-0.05166,-0.36092,-0.90653
1619611983304,6.96233,-3.3854,14.87756,-0.00798,0.21218,-0.9598
1619611983324,2.36547,-6.86178,13.1681,0.1699,0.01191,-1.07804
1619611983344,-7.85298,11.971,3.05021,-0.01757,-0.28316,-0.94062
1619611983364,3.80199,-3.49553,10.18014,-0.21784,0.30912,-1.00134
1619611983384,3.16513,-10.06043,17.20952,0.09534,-0.31192,-0.87671
1619611983404,2.93529,7.93438,2.35589,0.22849,0.2484,-1.03224
1619611983424,5.73171,-5.5306,13.51287,0.0442,0.08115,-1.00241
1619611983444,1.59453,-2.22181,15.38992,-0.24554,-0.22883,-0.9289
1619611983464,-1.83874,9.15542,4.25689,0.24234,0.32403,-1.061
1619611983484,-2.52827,-6.98149,18.69871,-0.07723,-0.16278,-0.98217
1619611983504,2.32237,5.36301,3.84987,-0.11984,-0.03282,-1.01306
1619611983524,-2.63362,7.39329,-6.25844,0.19441,0.14081,-0.98749
1619611983544,-0.44532,-8.7101,11.07557,-0.16884,-0.45147,-0.87351
1619611983564,0.74699,-0.29688,12.57434,-0.05912,0.42843,-0.9811
1619611983584,-0.55545,5.82748,11.94706,0.10279,-0.21178,-0.89908
1619611983604,2.45645,-2.60967,11.20486,-0.01225,0.03641,-0.90547
1619611983624,1.32159,2.71023,0.00957,0.00798,-0.0243,-1.00241
1619611983644,11.63103,9.02614,-0.13407,0.03036,-0.1958,-0.92145
1619611983664,-2.05422,5.25287,11.19049,0.17949,0.37517,-1.03117
1619611983684,-12.0572,12.64138,9.00698,-0.01118,-0.16811,-0.98004
1619611983704,3.95522,4.6639,18.88067,-0.03142,-0.03495,-0.94808
1619611983724,-8.45632,3.86424,11.07557,0.00159,0.03854,-1.0333
1619611983744,-17.08981,14.85841,5.03261,0.04953,-0.2757,-1.02371
1619611983764,-4.49152,0.85712,14.29817,-0.02077,0.46785,-1.05034
1619611983784,-8.34618,5.13316,9.09317,-0.00479,-0.17769,-1.01626
1619611983805,-3.74931,10.76433,6.29675,-0.28069,-0.28955,-0.9321
1619611983824,-4.2521,9.12669,1.83395,-0.11132,0.11631,-0.99921
1619611983844,-4.0845,-1.14921,11.04205,0.20186,-0.21924,-0.99389
1619611983864,-3.0933,9.57201,7.64229,-0.07829,0.10779,-1.02797
1619611983884,-1.15879,5.22893,10.66856,0.04633,0.15998,-1.05354
1619611983905,-2.18351,-3.65834,12.0572,-0.08042,-0.21178,-1.0088
1619611983924,-12.22479,9.52892,2.2266,-0.07829,0.23455,-1.10787
1619611983944,9.27513,8.77235,4.07971,0.0506,-0.03921,-0.98856
1619611983964,9.91199,-15.21754,10.41956,-0.1518,0.05559,-0.89482
1619611983984,-11.64539,8.4228,9.9072,0.1486,0.05985,-1.02797
1619611984004,17.37711,-6.95276,8.0924,-0.05699,-0.28635,-0.86179
1619611984024,0.58418,-0.60333,10.10353,0.03568,0.18555,-0.9108
1619611984044,-4.18506,4.98951,7.32625,0.13156,-0.11484,-0.89269
1619611984064,-0.30645,16.71152,9.4523,-0.22743,-0.00193,-0.88523
1619611984084,-12.21042,7.02458,6.15309,0.01438,0.20473,-0.90334
1619611984104,-15.78257,19.6127,13.28303,0.01331,-0.4504,-0.91186
1619611984124,6.79953,1.96324,11.9327,0.17523,0.04387,-0.92571
1619611984144,-9.79228,-1.91057,17.10896,0.1486,-0.03175,-1.10574
1619611984164,-0.91458,11.3102,7.11077,-0.30839,-0.37583,-0.97045
1619611984184,0.18195,-0.4932,-1.12048,0.12942,0.22497,-0.96193
1619611984205,-2.83473,-4.93684,13.71398,-0.20399,-0.33216,-0.89908
1619611984224,-11.90397,12.50252,13.47456,-0.00798,0.08329,-1.01093
1619611984244,-3.57214,-2.06859,18.17677,0.05912,0.0247,-0.93743
1619611984264,3.96479,4.40533,8.6287,0.19654,-0.19154,-0.82984
1619611984284,10.12268,-1.33596,15.84003,-0.17736,0.16105,-1.06952
1619611984305,5.02303,-12.74673,12.04283,0.06977,0.07796,-0.99389
1619611984324,2.52348,2.71502,16.27578,-0.14008,-0.20965,-1.05461
1619611984344,4.79319,-4.9129,19.6127,-0.06444,0.0737,-1.04502
1619611984364,-7.09162,-3.44286,11.55441,0.10599,0.06411,-1.05354
1619611984384,-3.86903,2.53785,15.50963,-0.17204,-0.15852,-1.00986
1619611984404,2.70065,0.35434,8.12113,0.03888,0.22497,-1.06313
1619611984424,11.67891,-0.42137,17.07544,0.04101,-0.25226,-0.85327
1619611984444,-4.88896,7.00064,12.68448,-0.16138,0.046,-0.93956
1619611984464,-0.17238,1.14921,9.20331,0.13582,0.19301,-1.00986
1619611984484,4.29998,0.27772,6.02381,-0.09534,-0.31618,-0.97684
1619611984504,2.3942,-1.51313,4.75009,0.03568,0.30806,-0.92145
1619611984524,4.67348,0.19153,11.09473,0.0751,-0.26931,-0.95128
1619611984544,13.51766,1.06781,19.6127,-0.1209,-0.13615,-0.96725
1619611984564,5.63595,-4.38138,4.38138,0.05912,0.20899,-0.93423
1619611984584,-8.06367,10.97023,9.23683,0.0474,-0.32577,-0.88842
1619611984604,-5.95677,1.83395,12.60786,0.03994,0.30486,-0.99708
1619611984624,-2.18351,-4.02225,3.91691,0.02822,-0.07543,-0.8799
1619611984644,4.28083,-1.80043,14.34605,-0.09427,-0.08715,-0.95234
1619611984664,-1.05344,3.8786,-0.06224,0.09001,0.13655,-0.97152
1619611984684,10.2376,-7.24006,3.00711,0.0197,-0.19261,-0.84581
1619611984704,0.01436,1.07739,9.59596,-0.02822,0.29314,-1.0056
1619611984724,-10.42914,4.73573,16.85039,-0.06231,-0.12017,-0.9353
1619611984744,6.12436,-1.15879,3.28005,0.01544,-0.26718,-0.93104
1619611984764,-1.01514,-3.0119,4.76925,-0.16458,0.33256,-1.04395
1619611984784,-16.69716,16.61575,5.93762,0.14221,-0.02643,-1.05567
1619611984804,-0.59855,9.16021,8.51857,-0.18801,-0.41844,-0.8554
1619611984824,-3.90733,-0.07661,1.95366,0.08788,0.19407,-0.97578
1619611984844,-5.62158,0.77093,11.78426,-0.00266,-0.31298,-0.92784
1619611984864,-4.05098,5.16189,2.557,-0.04101,0.13548,-0.94914
1619611984884,4.41969,-0.71347,1.18752,0.0996,0.0705,-1.03437
1619611984904,2.27449,-2.1021,19.6127,-0.21891,-0.49301,-0.85647
1619611984924,-1.05344,0.60333,4.69263,-0.17417,0.26012,-0.86818
1619611984944,-3.39976,3.86424,9.47625,0.21571,-0.08821,-0.84688
1619611984964,-0.30645,0.2873,19.6127,-0.1731,-0.08715,-1.04502
1619611984984,-1.92014,8.26478,-3.86903,0.14114,0.05559,-0.96725
1619611985004,0.67516,3.6296,11.12824,-0.08362,-0.18302,-0.95021
1619611985024,5.60722,-3.99831,17.08981,0.15819,0.2516,-1.01519
1619611985044,-1.60411,-5.21457,8.57603,-0.12836,-0.06371,-0.88416
1619611985064,2.82036,5.71735,16.30451,0.06018,-0.16172,-0.90973
1619611985084,11.13303,-7.72848,5.90889,0.25726,0.44015,-0.97684
1619611985104,-0.21547,-1.21146,2.34152,-0.11345,-0.02323,-0.87671
1619611985124,13.02924,1.18752,15.37556,-0.10918,-0.0243,-0.97684
1619611985144,5.41568,-6.28717,6.08127,0.16564,0.2239,-1.12598
1619611985164,3.50989,-8.45153,14.16888,-0.08575,-0.37051,-0.84368
1619611985184,-3.14598,1.67594,8.45153,-0.07723,0.2207,-1.02904
1619611985204,7.06289,-5.40131,15.10741,0.22849,0.05985,-1.07804
1619611985224,-1.1971,-5.20978,12.70842,-0.11877,-0.38542,-0.86179
1619611985244,7.53215,1.53228,14.25986,0.01012,0.24307,-1.09082
1619611985264,-4.27125,9.42836,8.60954,0.10492,-0.17024,-1.03969
1619611985284,3.19386,0.82839,15.38035,-0.17949,0.11631,-0.98536
1619611985304,14.75307,-11.65976,6.76601,0.12729,0.10459,-1.10041
1619611985324,0.46447,3.5913,7.44117,-0.2466,-0.24268,-1.01839
1619611985344,-7.54173,8.15943,5.861,0.16032,0.22497,-0.96832
1619611985364,1.79565,-2.93529,13.34528,-0.18801,0.0183,-1.07591
1619611985384,-0.21547,-0.26336,16.98925,-0.06551,-0.20752,-1.03969
1619611985404,4.23294,-1.25935,15.28937,0.14008,0.18129,-1.05248
1619611985424,-4.72615,13.94383,9.15542,-0.1518,-0.19367,-0.9108
1619611985444,-2.81558,2.1883,11.14261,0.05805,0.21325,-0.95234
1619611985464,-4.60644,-3.80199,13.48414,-0.06018,-0.05093,-0.95128
1619611985484,-5.20978,5.3678,4.82192,-0.04314,0.05772,-0.95021
1619611985504,7.10599,2.44208,6.65109,0.01757,0.10459,-1.1068
1619611985524,1.16837,1.45567,7.40287,-0.02929,-0.22563,-0.9044
1619611985544,12.82813,-7.66144,8.73404,0.11238,0.24307,-0.93849
1619611985564,-0.55545,1.77649,12.29183,0.01118,-0.05732,-0.99602
1619611985584,1.78607,11.19049,4.72615,-0.01651,-0.08182,-0.85114
1619611985604,4.42448,-0.06703,15.72032,-0.01438,0.00339,-0.87884
1619611985624,-6.60799,3.27526,12.66532,-0.17417,-0.26078,-0.87671
1619611985644,-1.75255,8.98304,9.15542,-0.10918,0.14827,-0.88949
1619611985664,-3.88339,-2.25054,-2.11168,0.06231,-0.34281,-0.85647
1619611985684,-2.31758,-0.61291,9.82101,0.13156,0.50726,-1.03224
1619611985704,13.0053,3.23217,4.7453,0.1209,-0.21285,-0.85647
1619611985724,-8.19774,5.31991,12.28704,-0.06657,0.07583,-0.8341
1619611985744,2.94486,-0.7422,8.11155,0.08149,0.1259,-1.11639
1619611985764,-7.17302,0.74699,10.39083,0.05379,-0.40566,-0.89375
1619611985784,2.21703,2.8874,13.59427,-0.13795,0.08115,-0.85753
1619611985804,-5.35343,3.96479,1.92014,-0.16884,0.40073,-0.97578
1619611985824,5.82748,-2.2266,7.36935,0.07084,-0.42057,-0.76698
1619611985844,-4.13239,-7.01501,17.04671,-0.2743,0.25905,-0.8831
1619611985864,-3.05978,2.01112,8.77714,0.22956,-0.1745,-0.86286
1619611985884,3.94085,8.58081,8.05888,-0.07297,-0.27357,-0.87564
1619611985904,-0.93373,-3.59609,12.47858,0.13901,0.38369,-0.90014
1619611985924,-0.75656,0.64164,7.94396,0.26258,-0.21498,-0.84901
1619611985944,-7.27837,7.73806,9.15542,-0.16032,0.29314,-1.06206
1619611985964,4.10366,0.89064,6.13873,-0.0197,-0.16172,-0.81918
1619611985984,-4.13718,-5.66468,19.6127,-0.03142,-0.04241,-0.99921
1619611986004,-6.14831,-2.6815,15.80652,0.1209,0.24094,-1.07698
1619611986024,-11.8082,7.35498,15.43781,-0.07723,-0.23948,-0.96725
1619611986044,7.01501,2.79163,11.92312,-0.08575,0.02363,-1.02478
1619611986064,-7.93438,-1.67594,14.76264,0.18162,0.1259,-1.07698
1619611986084,1.37427,0.00957,14.94939,-0.15712,-0.25333,-0.91932
1619611986104,2.29364,3.48116,5.74608,0.17097,0.13655,-0.95554
1619611986124,-6.00944,4.77403,3.7972,0.03675,-0.08289,-0.94488
1619611986144,12.22479,-14.83926,17.63568,-0.17097,0.01937,-0.92997
1619611986164,-12.43548,8.01578,12.60307,0.01118,0.10139,-0.93423
1619611986184,4.81713,3.68707,-8.24563,0.01331,-0.08076,-0.9598
1619611986204,8.74841,-10.75475,19.6127,-0.11345,-0.00619,-0.94275
1619611986204,-4.65432,-2.05422,10.76433,0.06444,0.0705,-0.95554
1619611986244,9.05008,1.25456,10.64462,0.04633,-0.15958,-1.0301
1619611986264,8.35576,5.91846,3.91691,0.23915,0.15146,-0.96299
1619611986284,3.44286,-5.92804,3.3854,-0.1486,-0.26611,-0.87351
1619611986304,5.93283,-6.69418,15.41387,-0.1209,0.22177,-0.84688
1619611986325,-4.38138,0.47405,7.50821,0.1454,-0.01684,-0.84049
1619611986344,-7.80509,2.80121,15.70117,-0.11558,-0.11058,-0.90014
1619611986364,-1.31681,0.05746,6.86657,0.08468,0.29101,-1.00773
1619611986384,-11.57357,7.00064,3.83551,-0.02077,-0.14361,-0.89801
1619611986404,13.02924,-3.84029,6.88572,-0.18162,-0.13189,-0.98643
1619611986424,5.35343,-6.75164,8.43237,0.18695,0.14827,-1.05354
1619611986444,-7.26879,7.11556,8.87291,0.02822,-0.02323,-0.99921
1619611986464,3.43807,3.70622,16.66364,-0.08042,0.04813,-0.94382
1619611986484,-2.16914,3.51947,5.82269,0.09534,-0.02643,-0.96406
1619611986504,9.55286,-10.61589,12.80897,0.02396,-0.02323,-0.95767
1619611986524,-7.03416,9.51934,13.30218,0.02716,0.05772,-0.97365
1619611986544,5.01345,8.94473,-7.56567,0.09534,-0.01364,-0.95447
1619611986564,1.69988,0.01915,6.96712,-0.01118,0.12803,-0.97365
1619611986584,-2.74375,5.13795,8.07324,-0.10599,0.02257,-0.8341
1619611986604,8.2552,9.46188,8.97825,-0.07403,-0.13615,-0.9353
1619611986625,3.11246,-0.33518,12.04762,-0.10705,0.0215,-1.00986
1619611986644,-2.04464,3.70622,-0.57939,0.25513,-0.04134,-0.92038
1619611986664,-1.11569,2.52827,11.1043,-0.07616,-0.04028,-0.96086
1619611986684,-6.04296,7.85298,1.31202,-0.01012,0.21218,-1.01306
1619611986704,12.40196,0.5746,5.00388,0.02929,-0.40779,-0.84901
1619611986725,4.6639,-0.29688,2.54743,0.05273,0.28249,-0.97365
1619611986744,-9.97424,4.24252,4.46279,0.21358,-0.10845,-0.94169
1619611986764,19.40261,-3.18907,6.66545,-0.1976,-0.03282,-0.85327
1619611986784,8.92558,-4.50588,8.25999,0.06018,0.29314,-0.98217
1619611986804,-14.9063,15.50485,0.90979,0.00266,-0.24161,-0.92358
1619611986824,-6.99585,12.57913,11.22401,-0.2466,-0.01897,-1.01519
1619611986844,-0.81402,1.58496,13.69004,0.10705,0.11418,-1.04502
1619611986864,-5.96156,3.055,1.81001,0.01438,-0.27783,-0.94169
1619611986884,-1.06781,8.56166,7.01022,0.01651,0.36665,-0.88523
1619611986904,13.82412,-12.90953,4.38617,0.30626,0.06837,-0.88203
1619611986924,5.20499,-6.87614,18.75138,-0.20506,-0.1713,-0.99815
1619611986944,-2.50433,10.68771,7.54652,-0.11345,0.03641,-0.90334
1619611986964,-6.25365,-3.7158,17.23825,0.13475,-0.05306,-0.95341
1619611986984,-1.01992,-8.96389,10.55843,-0.14327,0.11844,-1.02797
1619611987004,-4.34308,12.58871,0.59855,-0.09108,0.05665,-0.82025
1619611987025,4.2521,-4.2521,19.6127,0.18588,-0.13295,-1.04502
1619611987044,-6.5649,-1.57538,16.06509,-0.14966,0.16425,-1.15261
1619611987064,5.96156,-6.45955,9.56244,0.22636,0.07689,-1.04608
1619611987084,-5.88494,7.12514,18.76575,-0.28176,-0.55799,-0.97684
1619611987104,6.00465,-5.88494,5.10443,0.18588,0.37517,-0.98749
1619611987124,0.55545,-6.18661,6.49307,-0.0719,0.095,-1.0301
1619611987144,4.72136,0.85712,16.50083,-0.15606,-0.4046,-0.9044
1619611987164,2.79642,0.55066,6.24886,0.26684,0.37091,-1.05141
1619611987184,8.42758,-4.78361,9.47625,-0.17204,-0.28635,-0.9044
1619611987204,19.59414,-1.68072,5.55933,0.00692,0.1227,-0.87351
1619611987224,0.49799,6.12436,6.42603,0.06018,0.18022,-0.9843
1619611987244,19.6133,-11.89439,5.64552,-0.06551,-0.34281,-0.91186
1619611987264,1.95845,-3.84508,12.04762,0.11984,0.02257,-0.96832
1619611987284,-3.22738,10.33816,5.03261,0.0751,-0.2267,-0.93317
1619611987304,9.79228,-3.28484,18.44492,-0.23702,0.10992,-0.92784
1619611987324,2.56658,-5.07091,4.66869,0.09534,0.08329,-0.88203
1619611987344,-7.94396,19.6127,12.28225,-0.0751,-0.42803,-0.92038
1619611987364,1.9393,1.18273,12.87122,-0.03036,0.47743,-0.91719
1619611987384,-3.36145,2.43729,9.39963,0.18162,-0.05519,-0.97578
1619611987404,0.18195,9.93593,7.25443,-0.19228,-0.26931,-0.79681
1619611987424,-6.26323,6.24407,5.72693,0.16884,0.46145,-1.00241
1619611987444,-2.78685,-5.09964,6.01423,-0.03036,-0.27889,-0.87777
1619611987464,-8.33661,3.22738,1.38384,-0.07936,-0.00193,-1.06632
1619611987484,1.22583,3.18428,10.41956,0.16138,0.18129,-1.03224
1619611987504,1.82438,-0.55545,19.43134,-0.12729,-0.37796,-0.89162
1619611987524,-1.28808,0.25378,4.99909,-0.00053,0.38689,-0.93423
1619611987544,-5.43004,11.46343,2.63841,0.10386,-0.14893,-0.79894
1619611987564,4.94642,-8.00142,17.34359,-0.10599,-0.01364,-1.00454
1619611987584,-8.7101,0.89064,-0.56024,0.0719,0.13761,-1.00773
1619611987604,-5.64073,5.861,2.71502,-0.0506,-0.22776,-0.86712
1619611987624,0.21547,-4.34308,9.63426,-0.04846,0.29847,-0.96512
1619611987644,-4.14196,-3.72537,4.17548,0.09853,-0.08395,-0.96938
1619611987664,4.63517,4.76925,19.6127,-0.12516,-0.12656,-0.94808
1619611987684,-0.26815,-6.49786,11.40118,0.01651,0.10672,-0.99602
1619611987704,-2.71023,-4.7884,7.19218,0.14647,-0.2235,-0.92784
1619611987724,-9.26077,7.34062,4.00789,-0.02183,0.23136,-1.06419
1619611987744,1.19231,6.3159,-2.99275,0.0197,-0.07649,-0.96725
1619611987764,14.82489,-14.35563,5.4492,0.04314,-0.10739,-0.9353
1619611987784,2.03028,3.34709,-3.52426,0.0474,0.24947,-0.90653
1619611987804,13.86242,-0.14365,-2.81558,-0.07403,-0.22776,-0.88523
1619611987824,4.47236,-10.00297,11.38682,-0.13369,0.08329,-1.08017
1619611987844,-4.08929,8.72447,1.60411,-0.03355,-0.14361,-1.012
1619611987864,4.54419,5.75087,16.28536,0.11238,-0.31298,-0.98749
1619611987884,-3.89297,0.2442,6.25844,-0.02716,0.15679,-1.14089
1619611987904,-3.6727,-1.13485,3.89776,0.14221,-0.14574,-0.99495
1619611987924,7.48427,7.78594,16.55829,-0.27856,-0.18515,-0.98323
1619611987944,8.28872,-2.3942,14.67166,0.02929,0.16211,-1.12385
1619611987964,6.90008,0.20111,7.40766,-0.00159,-0.45147,-0.89269
1619611987984,2.6815,-3.02148,6.8522,0.02503,0.29101,-1.012
1619611988004,-13.83848,13.95819,5.38216,0.05699,0.1749,-1.14409
1619611988024,2.16914,-6.06211,12.83292,-0.1518,-0.39501,-0.7542
1619611988044,-11.38203,3.24174,12.24394,0.05592,0.4231,-1.0333
1619611988064,0.32082,-0.21547,19.6127,-0.02183,-0.21072,-0.98749
1619611988084,-6.22013,4.92247,18.55027,-0.11451,-0.03388,-0.95554
1619611988104,-12.7563,4.28083,9.77792,0.11558,0.20046,-1.05993
1619611988124,-0.91458,5.90889,18.89503,-0.08788,-0.3524,-0.97578
1619611988144,-0.01436,-5.72693,11.69807,0.1209,0.3251,-0.94382
1619611988164,2.27928,2.64798,-3.32794,-0.03249,-0.13721,-0.93636
1619611988184,12.33971,-3.2609,10.39562,-0.10812,-0.08289,-0.86392
1619611988204,8.16422,-12.72278,19.24459,0.15819,0.21964,-1.01519
1619611988224,-6.62715,6.50265,15.36119,-0.10386,-0.31511,-0.90014
1619611988244,-1.57059,6.69418,9.27034,0.07084,0.35386,-0.96299
1619611988264,6.07169,4.62559,6.10521,-0.09108,-0.3002,-0.83303
1619611988284,6.56968,-2.04943,12.66053,-0.10492,-0.14467,-0.86818
1619611988304,-1.59453,0.22505,8.35576,0.12516,0.3496,-0.98004
1619611988324,12.99572,-6.57447,15.64371,-0.00798,-0.23415,-0.85327
1619611988344,-11.19528,3.7541,12.49773,-0.02822,0.07476,-0.94488
1619611988364,-3.35188,3.19386,3.70622,0.09214,0.0247,-0.91932
1619611988384,8.80108,8.78672,3.99831,0.01544,-0.199,-0.76805
1619611988404,7.29752,-3.24653,9.0836,-0.0442,0.39541,-0.90866
1619611988424,-4.707,11.16655,6.71812,0.09534,-0.18622,-0.82984
1619611988444,6.32069,3.65834,17.04192,-0.08042,0.03641,-1.012
1619611988464,-0.87627,-0.55545,-2.37983,0.02183,-0.06265,-0.98856
1619611988484,6.05254,6.67982,4.22816,0.22956,-0.33216,-0.97045
1619611988504,-4.63517,4.80755,4.02225,-0.0996,0.32084,-0.96832
1619611988524,-1.30244,4.25689,-3.81156,0.05592,-0.26185,-0.84901
1619611988524,11.25274,-11.38203,1.57538,0.15286,0.06411,-0.91399
1619611988564,-1.07739,-0.38786,3.86424,-0.15073,-0.13508,-0.84368
1619611988584,-2.23618,11.3533,10.39562,-0.01118,-0.21604,-0.86179
1619611988604,1.81001,-1.06302,12.93347,0.01544,0.13122,-0.79149
1619611988624,-6.13873,3.32315,-2.77727,0.08788,-0.1191,-0.73609
1619611988645,14.68124,-7.03895,9.43315,-0.0996,0.05985,-0.82344
1619611988664,10.41956,-6.14352,6.70855,0.34887,-0.06158,-0.88736
1619611988684,-0.84754,1.61848,18.33958,-0.03568,0.09181,-1.02158
1619611988704,-5.46356,7.17302,1.57059,0.03462,-0.1713,-0.97365
1619611988724,7.34062,5.2002,10.49618,0.18162,-0.03601,-1.08763
1619611988745,-8.66222,8.7915,16.2662,-0.02929,0.01617,-1.07911
1619611988764,-7.1012,4.47715,2.03985,0.03462,0.05985,-0.94382
1619611988784,5.41568,2.40856,16.40028,-0.04633,-0.00086,-1.02265
1619611988804,7.52258,-9.78749,8.45153,0.02822,-0.11484,-0.97897
1619611988824,-0.75177,-1.17315,2.46123,-0.0197,0.15892,-0.93849
1619611988844,-1.83395,7.19218,7.57046,-0.06018,-0.1255,-1.01306
1619611988864,5.09486,-2.1452,11.49216,0.21465,0.17383,-0.93743
1619611988884,-11.18571,-3.73016,18.03791,-0.12303,-0.00832,-0.96086
1619611988904,-4.29519,-1.59453,0.09576,-0.06125,-0.09993,-0.91186
1619611988924,0.88106,2.27449,13.43147,-0.00905,0.09181,-0.85966
1619611988945,-0.42137,-16.14649,9.66778,-0.02183,-0.1468,-0.92038
1619611988964,-4.98951,6.22971,10.29027,0.1763,0.23668,-0.91399
1619611988984,2.8491,-3.85945,12.69405,-0.02503,-0.24907,-0.83942
1619611989004,1.03908,-10.93671,19.6127,-0.00053,0.21112,-0.87245
1619611989024,-4.80755,-3.0119,8.70052,-0.02183,-0.10526,-0.9289
1619611989045,2.44208,3.24174,11.20486,0.11025,0.05665,-1.02265
1619611989064,2.85388,-9.60074,14.16888,-0.03888,0.17596,-1.05567
1619611989084,-1.34554,-4.13239,9.10275,0.0751,-0.11591,-1.02478
1619611989104,3.66791,1.18273,11.79862,-0.02716,-0.14361,-1.05567
1619611989124,6.46434,3.33272,5.48272,-0.0474,-0.07117,-1.09082
1619611989145,6.05254,1.58496,7.264,-0.04314,0.18875,-1.07804
1619611989164,-1.25935,-3.86424,16.74025,-0.00905,0.11631,-1.1132
1619611989184,-10.7356,6.29675,6.90008,-0.10812,-0.2512,-0.89588
1619611989204,5.9424,-2.6001,16.8456,0.04207,0.07689,-1.10254
1619611989224,0.01436,-0.91937,9.4523,-0.14114,-0.05306,-1.09509
1619611989244,6.98149,-4.94642,8.70052,0.07084,-0.02217,-0.93423
1619611989264,1.37906,-0.59376,11.62624,0.00798,0.16105,-1.02691
1619611989284,-3.12682,5.32949,15.86876,-0.00266,0.03215,-1.02158
1619611989304,8.72925,-2.33195,-9.40442,-0.15712,-0.25759,-0.78722
1619611989324,-4.68784,-1.81959,15.40429,-0.15393,0.30593,-1.01839
1619611989344,6.85699,2.24576,7.35498,0.20932,-0.2022,-0.96193
1619611989364,10.7356,-6.38773,7.06768,-0.06657,0.18662,-0.85753
1619611989384,-1.35032,9.86889,4.83149,-0.10173,0.01298,-0.88523
1619611989404,7.78115,6.46434,3.72058,0.23276,-0.23202,-0.86179
1619611989424,-2.84431,-1.66157,1.65678,-0.10066,0.24307,-0.99495
1619611989444,-2.72939,-2.07816,9.56244,-0.06444,-0.28102,-0.96299
1619611989464,8.61912,0.65122,-2.90177,0.20506,-0.09034,-0.91719
1619611989484,-2.20745,-0.99598,7.27358,-0.06764,0.1717,-0.99815
1619611989504,-8.33661,0.77093,3.45243,0.02716,-0.23735,-0.96725
1619611989524,-3.98395,4.0031,5.48272,0.01331,-0.02962,-0.93956
1619611989544,-9.414,7.12993,14.05396,-0.10386,0.02576,-0.95447
1619611989564,-1.82917,10.75954,1.12527,0.02609,-0.21817,-0.98004
1619611989584,1.09654,1.02471,9.55765,-0.03675,0.17064,-0.99602
1619611989604,4.26167,6.23929,10.28549,-0.03036,-0.19793,-0.88203
1619611989624,-4.26646,0.5363,8.12113,0.20932,0.21325,-0.93743
1619611989644,-11.91833,-0.55545,11.2719,-0.02503,0.02896,-1.03224
1619611989664,-1.59453,9.87847,6.76601,0.00905,-0.03388,-0.87884
1619611989684,8.41322,5.33907,1.34075,-0.01438,0.00659,-0.97045
1619611989704,7.66144,-7.95832,6.86178,-0.07723,0.04281,-1.0088
1619611989724,4.19464,6.11957,-2.34152,-0.0719,-0.06478,-0.99282
1619611989744,4.19464,6.11957,-2.34152,-0.0719,-0.06478,-0.99282
1619611989764,12.51209,-3.81156,17.57344,-0.10173,-0.17343,-0.89801
1619611989784,-4.55856,-1.85311,12.53604,-0.07829,0.33362,-0.9076
1619611989804,-16.73068,10.73081,7.34062,0.12942,-0.03175,-0.77125
1619611989824,12.81855,4.1276,17.83201,-0.09853,-0.08289,-0.90334
1619611989844,6.55532,-8.26957,5.4492,0.21038,0.1227,-0.85647
1619611989864,1.53707,-0.57939,11.59751,-0.15499,-0.10845,-0.82238
1619611989884,-4.28562,7.76679,14.91108,-0.01651,0.0982,-0.90547
1619611989904,-9.05487,-1.38863,2.86346,0.12729,0.05452,-0.83623
1619611989924,3.47159,-6.9767,11.81778,-0.00159,0.04707,-1.04076
1619611989944,-7.70454,9.38527,4.6639,-0.16884,-0.16704,-1.02478
1619611989964,10.52969,-7.97269,12.45463,0.09321,0.10139,-0.99708
1619611989984,7.98705,-6.86178,6.9767,0.18056,-0.13082,-1.12172
1619611990004,3.30399,-0.92416,9.66778,-0.03142,0.07157,-0.9843
1619611990024,-6.14831,9.53371,8.92079,-0.15286,-0.06691,-0.97045
1619611990044,9.82101,-3.11725,15.43302,0.06231,0.19514,-0.94808
1619611990064,-0.91458,-3.26569,18.4545,0.04527,0.0215,-0.9566
1619611990084,13.05797,-9.61511,16.09861,-0.09534,-0.17343,-0.9289
1619611990104,-4.46758,5.63116,12.15296,0.11132,0.15785,-0.91825
1619611990124,0.93373,5.92325,8.74362,-0.10279,-0.15319,-0.88736
1619611990144,9.165,-4.54419,9.34217,0.01012,0.16638,-0.83942
1619611990164,0.52193,9.76834,6.20098,0.00372,-0.18515,-0.81812
1619611990184,1.5275,0.06224,12.25352,-0.07936,0.06944,-1.08017
1619611990204,7.30231,-10.0748,-2.68629,0.0506,-0.18089,-0.9811
1619611990224,2.03507,3.34709,14.18325,0.13262,0.05665,-0.82451
1619611990244,2.12605,1.98718,9.95987,0.06764,0.09607,-0.97684
1619611990264,-0.78529,14.66209,12.58392,0.01544,-0.17876,-0.92358
1619611990284,4.6208,-10.63983,8.52814,0.10386,0.23136,-0.88949
1619611990304,4.39575,-8.7101,3.60566,-0.01757,-0.04347,-0.9076
1619611990324,1.75734,3.69185,8.06367,0.00053,0.10246,-0.9843
1619611990344,-3.6727,0.52193,4.6639,-0.03568,-0.08715,-0.88097
1619611990364,-5.88015,4.36223,14.49449,0.0996,-0.03282,-1.05034
1619611990384,-10.59194,8.71968,7.80509,-0.06764,0.15146,-0.98856
1619611990404,1.26892,0.42616,14.68603,-0.03888,-0.16491,-0.88629
1619611990424,10.79306,-8.85375,12.43069,0.08149,0.10992,-1.05354
1619611990444,-2.99754,5.87058,1.5658,0.08362,-0.06797,-1.0088
1619611990464,-0.6991,5.2002,11.42991,-0.05273,0.02363,-0.96512
1619611990484,19.6133,-7.76679,1.76213,-0.01651,0.03641,-0.96193
1619611990504,-11.00853,4.43406,4.68305,0.11451,0.07796,-0.99495
1619611990524,1.36469,7.08683,12.12423,-0.18801,-0.13189,-0.9108
1619611990544,-4.45321,9.31344,3.07415,0.05805,0.23881,-0.99282
1619611990564,9.05008,5.13316,-0.34476,-0.07723,-0.25972,-0.96619
1619611990584,-3.98874,-6.69897,12.11466,0.05912,0.23029,-0.88842
1619611990604,-9.40442,5.21457,5.97113,0.03781,0.08009,-0.92784
1619611990624,6.22492,9.73961,3.39018,-0.00585,-0.15,-0.8277
1619611990644,11.7268,-6.22492,0.67516,0.02609,0.2516,-0.79149
1619611990664,-5.70298,11.91354,9.10754,0.02929,-0.28635,-0.84368
1619611990684,7.82425,0.2059,9.33259,-0.08362,0.05772,-0.91506
1619611990704,-2.35589,-2.75333,7.01501,0.08255,0.03002,-0.9566
1619611990724,-1.47482,4.94642,13.9965,-0.04101,-0.4504,-0.89162
1619611990744,-4.9943,6.36857,9.8258,0.07829,0.27503,-0.95873
1619611990764,5.60722,-5.60722,7.59919,0.14221,-0.26185,-0.9289
1619611990784,10.86967,-8.14986,12.0572,-0.28815,-0.30446,-1.05887
1619611990804,-8.87291,-0.40701,13.49372,0.0687,0.15785,-1.1313
1619611990824,7.61356,8.00142,-0.67995,-0.08042,-0.30766,-1.00667
1619611990844,-0.49799,0.99119,11.32457,-0.13582,0.12803,-1.00454
1619611990864,0.22505,-3.72058,3.97916,0.10599,-0.10313,-0.94275
1619611990884,0.39264,4.11323,17.92299,0.00053,0.09394,-0.89482
1619611990904,-14.66209,5.91367,11.89918,0.07084,0.08542,-0.95447
1619611990924,7.02937,6.76601,3.49553,-0.01438,-0.04134,-1.03117
1619611990944,10.2807,-16.54872,15.63413,0.0474,0.0183,-1.01626
1619611990944,-8.19774,4.48673,1.67594,-0.02503,-0.04028,-1.0823
1619611990984,3.83072,6.32548,11.40118,-0.0687,0.05559,-1.11533
1619611991004,4.80276,0.31124,5.58327,0.13901,0.03428,-0.93317
1619611991024,-3.82114,0.8236,11.2719,-0.01651,0.00126,-0.94595
1619611991044,1.78607,-3.93606,11.82735,-0.04527,-0.02536,-0.97152
1619611991044,-0.99119,2.83952,5.55933,-0.11025,0.10139,-0.8799
1619611991084,-1.47961,-2.28885,9.5385,0.10599,-0.0243,-0.95128
1619611991104,-1.42694,-6.9336,10.17056,0.05592,-0.03601,-0.94701
1619611991124,-5.40131,-1.04866,17.35317,-0.09108,0.1472,-0.91506
1619611991144,0.06703,2.83952,10.23281,-0.04101,-0.13615,-0.87671
1619611991166,6.48828,-11.51132,12.47379,0.13262,0.08542,-0.95447
1619611991184,-0.65122,6.13394,18.88067,-0.05912,-0.17556,-1.0056
1619611991204,-6.11,8.92558,1.69509,0.17097,0.17916,-1.00454
1619611991224,-2.96402,4.87938,19.6127,-0.06657,-0.18515,-0.96938
1619611991244,3.70143,-9.46188,13.60385,-0.11451,0.15253,-0.9353
1619611991264,-5.37737,3.81635,2.67192,0.10918,0.04494,-0.93743
1619611991284,12.66053,-5.612,10.19451,-0.05273,-0.26824,-0.87458
1619611991304,0.73741,-5.75087,12.40196,-0.0197,0.3006,-0.98004
1619611991324,9.50019,-5.06613,2.94965,0.13475,-0.18089,-0.84049
1619611991344,-6.64151,3.88339,15.94059,-0.03249,0.14294,-0.94595
1619611991365,-7.18739,9.165,7.24964,-0.08362,0.02789,-0.94701
1619611991384,4.23773,-10.32858,7.65186,-0.06977,0.00339,-0.94701
1619611991404,2.15478,-1.21625,17.40105,0.09534,-0.04347,-1.0578
1619611991424,-9.86889,14.59505,12.469,-0.03888,-0.20326,-0.96086
1619611991444,11.8082,-2.60489,8.68137,-0.04846,0.02576,-0.98749
1619611991465,4.11802,-5.56412,15.21754,0.06657,-0.05412,-1.02691
1619611991484,-19.23022,-2.23618,17.7554,-0.01331,-0.2512,-0.94701
1619611991504,3.92649,4.38138,0.63685,0.13156,0.10885,-0.95234
1619611991524,-0.37349,3.40934,3.48595,-0.15925,-0.21391,-0.87032
1619611991544,0.67037,0.4118,1.86268,0.00266,0.03535,-0.86818
1619611991565,-8.2552,18.17199,-3.06457,-0.00585,0.05772,-0.87671
1619611991584,6.83305,4.64475,2.28406,-0.00692,-0.01258,-0.99815
1619611991604,6.87135,-5.92325,9.96945,0.01651,-0.101,-1.00028
1619611991624,-16.89348,13.32612,12.47858,-0.00479,0.12163,-1.00986
1619611991644,-2.19308,15.96453,-7.37414,0.06657,-0.21285,-0.9289
1619611991664,-0.04788,1.83395,14.92545,-0.00053,0.15253,-0.97258
1619611991684,-3.25611,-9.9503,15.91186,0.03249,-0.05945,-1.01945
1619611991704,0.31603,5.6982,5.98071,0.01544,-0.04347,-0.92677
1619611991724,0.00957,0.60812,-0.28251,0.06444,0.19514,-0.9811
1619611991744,9.25598,-10.47702,9.9886,-0.0442,-0.06797,-0.92358
1619611991764,1.46046,-0.72304,12.90474,-0.03462,0.13442,-0.91932
1619611991784,1.46046,-0.72304,12.90474,-0.03462,0.13442,-0.91932
1619611991804,7.5561,-2.96402,17.93735,0.1241,-0.07543,-0.95873
1619611991824,-7.49385,-1.14442,6.90008,-0.08362,-0.04347,-1.03756
1619611991844,-16.36676,15.89271,6.86657,0.13049,0.00659,-1.11426
1619611991864,9.19852,-5.72214,11.59751,-0.14008,-0.18302,-0.99708
1619611991884,6.76601,-5.91846,7.0581,0.08894,0.06305,-1.07058
1619611991904,4.72136,-7.68059,19.03869,-0.04953,-0.00086,-1.08443
1619611991924,-10.55364,5.02782,12.30619,-0.01331,0.07796,-0.90227
1619611991944,3.44286,-1.00556,10.62546,-0.01651,-0.09673,-1.07165
1619611991964,4.34787,-2.78206,14.23113,-0.20719,0.04067,-1.0855
1619611991984,-3.15076,0.0814,10.35252,0.05912,0.12377,-1.05141
1619611992004,4.49631,3.08373,11.53526,0.03249,-0.28529,-0.96619
1619611992024,-0.73741,-6.69897,18.11931,-0.17523,0.11631,-1.03969
1619611992044,-5.01824,-4.72136,9.39484,0.13156,0.11524,-0.92997
1619611992064,11.02769,-1.71903,7.48427,-0.18482,-0.33322,-0.86073
1619611992084,-3.08373,3.03105,7.87692,-0.06231,0.2974,-1.00986
1619611992104,-12.72757,1.3599,15.90228,0.10173,0.01617,-0.92997
1619611992124,9.31344,-4.27125,8.85375,-0.11664,-0.1958,-0.8831
1619611992144,-6.90008,4.02704,11.29105,0.12516,0.18768,-0.97578
1619611992164,-0.92416,2.31758,17.36275,0.07297,-0.17663,-0.90547
1619611992184,-6.36378,-0.97683,11.49695,-0.0442,0.19514,-0.94595
1619611992204,-7.67581,10.84573,-0.51714,0.04953,-0.01471,-0.9843
1619611992224,13.91031,-3.2178,17.7123,-0.15393,-0.37051,-0.88203
1619611992244,3.77805,-5.82269,4.62559,-0.11132,0.11737,-0.98217
1619611992264,7.53694,-2.43729,10.45787,-0.24021,-0.04667,-0.97045
1619611992284,2.50912,4.07014,-1.29286,0.11771,0.23136,-0.93317
1619611992304,4.54419,-3.58651,5.87537,-0.0506,0.04067,-0.99282
1619611992324,0.83318,5.85142,8.43237,0.16032,0.07157,-0.86392
1619611992344,-6.17225,5.75566,-2.14999,0.0229,0.06305,-0.83729
1619611992364,16.82166,-15.73948,10.02691,0.04633,-0.33322,-0.83303
1619611992384,-3.84029,-1.1109,12.06198,-0.07829,0.35919,-0.89162
1619611992404,-8.35097,4.89374,11.43949,-0.20186,0.07157,-0.89162
1619611992424,-5.43483,5.73171,19.6127,0.17523,-0.33961,-0.74035
1619611992444,2.29364,-0.09576,-2.54743,0.09321,0.14933,-0.95554
1619611992464,2.03507,-3.65355,12.90474,-0.04953,-0.0488,-0.89162
1619611992484,2.28406,8.37012,16.09861,0.03888,-0.09993,-0.79042
1619611992504,-0.21547,4.56334,-0.65601,0.00372,0.13761,-0.95128
1619611992524,6.22492,2.44687,-1.39342,0.61625,-0.12443,-0.96512
1619611992544,6.61757,-2.56179,12.7994,-0.21358,0.0982,-0.9843
1619611992564,-13.60864,5.77002,-6.78037,-0.02503,-0.17343,-0.88203
1619611992584,5.87058,2.57137,15.43781,0.07723,0.06944,-0.99815
1619611992604,-9.96466,0.01915,11.67891,-0.0996,0.01937,-0.97045
1619611992624,-7.15387,19.6127,-3.48116,0.00053,-0.18728,-0.8831
1619611992644,5.19062,-7.04374,12.66053,-0.03675,0.11737,-1.08124
1619611992664,-2.69587,-1.01992,2.83952,-0.00905,0.04494,-1.04076
1619611992684,3.15555,1.53228,13.08191,0.06657,-0.32896,-1.04395
1619611992704,-7.80509,14.54717,5.63116,0.06125,0.27823,-0.92571
1619611992724,-2.6001,0.59855,11.07557,0.08788,0.00552,-0.94275
1619611992744,-4.64475,0.84275,19.6127,-0.20186,-0.05412,-0.8586
1619611992764,-9.26556,5.87537,10.03649,0.19973,0.16211,-0.94169
1619611992784,-7.4316,4.73094,14.64293,-0.27324,-0.23522,-0.87884
1619611992804,2.34631,-3.53384,10.90319,0.03036,0.22603,-0.94808
1619611992824,1.59453,-9.76355,4.50109,0.06125,-0.07543,-0.91399
1619611992844,6.36378,-1.63763,10.67814,0.01651,-0.01471,-0.93956
1619611992864,-3.45722,-10.34773,19.6127,0.11664,0.15998,-1.06419
1619611992884,-0.84275,-12.89517,12.72278,-0.08788,-0.36944,-0.81918
1619611992904,-17.87032,-3.63918,19.6127,-0.12836,0.38902,-0.96512
1619611992924,-5.34864,16.32845,1.39342,0.13901,-0.19048,-0.97152
1619611992944,6.50265,-5.10443,15.92623,0.04633,-0.0179,-0.95234
1619611992964,-7.22091,4.07493,15.53358,-0.02929,0.15998,-0.94808
1619611992984,-1.10133,4.87938,2.37504,0.00692,-0.21817,-0.79468
1619611993004,2.89698,-1.51792,17.3388,-0.02396,0.23775,-0.94595
1619611993024,10.09874,-8.85854,8.74841,-0.13582,-0.06052,-0.93317
1619611993044,11.54484,0.34476,6.24407,0.14753,0.0982,-0.96086
1619611993064,4.54419,3.14598,6.82347,-0.08788,0.03215,-1.08763
1619611993084,7.15866,-8.61433,7.09641,0.0474,0.04174,-0.95128
1619611993104,-4.33829,5.612,5.05655,-0.05379,-0.20859,-0.96832
1619611993124,-7.95832,2.85867,10.98459,0.0996,0.25053,-0.92145
1619611993144,0.72783,10.48181,14.62378,0.01651,-0.13508,-0.90866
1619611993164,10.06522,-6.43561,5.51145,-0.03675,0.17809,-0.98962
1619611993184,8.86812,-1.68072,10.18972,0.01757,0.04174,-1.00986
1619611993204,1.64242,-3.61045,10.63504,-0.05912,-0.25013,-0.76059
1619611993224,-3.04063,-1.23061,5.54975,-0.08894,0.31977,-1.03543
1619611993244,3.25132,-3.08373,4.17069,0.12197,-0.17343,-0.91825
1619611993264,-0.98641,-0.02394,6.17225,-0.08468,0.03322,-0.95128
1619611993284,7.85777,3.6296,5.33428,0.05912,0.04813,-1.05248
1619611993304,5.53539,3.3854,8.45153,-0.04846,-0.16491,-0.96406
1619611993324,4.11802,-5.9424,8.62391,-0.02503,0.15572,-0.93317
1619611993344,-19.52232,9.74918,11.5592,0.19441,-0.2235,-0.86499
1619611993364,5.46835,6.46913,0.76135,-0.11984,-0.00086,-0.94914
1619611993385,5.75566,-6.87135,7.31668,-0.12516,0.13548,-0.92358
1619611993404,0.87627,-1.06781,7.70454,0.18695,-0.32364,-0.84049
1619611993424,1.45088,3.05021,2.94486,-0.15393,0.19088,-1.00241
1619611993444,1.81959,8.20732,4.94163,0.05805,0.17916,-1.02052
1619611993464,6.32069,-2.08295,15.86398,0.03568,-0.34494,-0.87458
1619611993485,-6.27759,4.57771,8.93516,0.00798,0.46465,-0.89908
1619611993504,-4.92726,12.2631,-2.07337,0.29241,0.15679,-0.96299
1619611993524,-0.31124,-0.98641,10.01734,-0.28176,-0.49514,-0.88523
1619611993544,-1.81001,-2.71023,5.9041,-0.11984,0.14933,-1.02265
1619611993564,-8.13549,10.86009,11.65018,0.21784,-0.11271,-0.91506
1619611993584,1.17794,1.57538,6.05254,-0.29667,0.10246,-0.84581
1619611993604,1.45567,-8.82502,4.60644,0.18162,0.12696,-0.90121
1619611993624,-10.0748,8.74362,7.2257,-0.09853,-0.09886,-0.94062
1619611993644,4.6208,-5.09964,13.02445,0.0996,0.18981,-1.03437
1619611993664,-4.21858,-2.05901,7.29752,0.06551,-0.25972,-1.02797
1619611993684,6.54095,4.91769,12.61265,-0.23062,-0.2235,-1.05674
1619611993704,2.50912,-1.95366,7.19697,0.22104,0.37623,-1.04715
1619611993724,-4.1276,7.93917,9.86411,-0.08468,-0.37264,-0.91186
1619611993744,6.81389,-10.28549,11.17613,-0.0751,0.31445,-0.9108
1619611993764,-2.72939,2.20745,9.42836,0.12836,0.24414,-0.96938
1619611993785,-8.26478,8.97825,19.6127,-0.27217,-0.69754,-0.74248
1619611993804,1.87705,-9.165,16.06509,0.14008,0.44761,-0.90227
1619611993824,-9.88326,-2.84431,12.62702,0.13582,0.08542,-0.94062
1619611993844,8.33182,4.92247,5.94719,-0.3265,-0.52497,-0.82664
1619611993864,-3.95522,-0.48841,2.7246,0.07829,0.38902,-0.86818
1619611993885,-9.02614,15.24148,14.51843,0.24767,-0.20646,-0.88203
1619611993904,2.54743,5.14274,7.58004,-0.17097,-0.08289,-1.14302
1619611993924,7.69975,-7.86734,15.92623,0.13795,0.11205,-1.06526
1619611993944,-2.5187,1.2785,14.52322,-0.0506,-0.48449,-0.9353
1619611993964,-4.29519,-3.04063,9.00698,-0.01544,0.51685,-0.93743
1619611993984,3.49553,-0.98162,14.85362,0.10492,-0.03069,-0.87564
1619611994004,-1.13964,1.21625,17.19515,-0.05805,-0.35879,-0.84155
1619611994024,8.90643,2.14999,2.70544,0.07616,0.39221,-0.93743
1619611994044,-6.74207,5.9424,13.24951,0.04207,-0.36198,-0.90227
1619611994064,6.00465,-3.49074,12.43069,-0.1731,0.36878,-0.92997
1619611994084,-8.45153,3.95043,1.36469,0.1209,0.11631,-0.96938
1619611994104,9.47146,8.19295,2.98796,-0.09108,-0.40353,-0.82131
1619611994124,6.68939,-4.47715,11.95185,0.03994,0.33469,-0.99495
1619611994144,-2.94007,-4.68784,18.14804,0.05166,-0.11058,-0.94169
1619611994164,10.08437,3.68707,14.85841,-0.08255,-0.01897,-0.94914
1619611994185,-5.34385,-5.15232,14.37957,0.24767,0.31338,-1.01626
1619611994204,8.82981,-1.59453,7.79552,-0.13369,-0.53562,-0.88842
1619611994224,-6.54574,1.72861,6.57447,0.10386,0.38049,-0.97791
1619611994244,-5.60722,8.0924,3.45722,0.07084,0.01617,-0.94382
1619611994264,4.9943,-15.83046,12.44027,-0.16351,-0.16917,-0.8831
1619611994284,3.56257,-9.61032,9.4523,0.00585,0.27929,-0.99495
1619611994304,-0.8667,-2.37025,16.99404,0.09001,-0.15426,-0.88203
1619611994324,-2.67192,1.46046,1.92493,-0.1209,-0.04773,-1.08124
1619611994344,2.0207,-7.69975,6.72291,0.1518,0.11098,-0.99389
1619611994364,-6.36857,7.88171,15.04516,-0.11771,-0.27463,-0.82238
1619611994384,-6.82347,5.21457,12.70842,-0.06977,0.2484,-1.02904
1619611994404,1.67115,-2.95444,6.57447,0.01864,0.04281,-1.00134
1619611994424,5.62637,-5.42047,17.77455,-0.0996,-0.20326,-1.07698
1619611994444,-5.28639,-1.13006,-0.29209,-0.00053,0.04387,-1.13557
1619611994464,5.55454,2.4756,5.68383,0.09853,-0.40246,-1.01306
1619611994484,-1.20188,-4.71657,8.68137,0.07616,0.24627,-0.95447
1619611994504,-3.68228,-0.06224,8.07324,-0.04207,-0.12017,-0.95873
1619611994524,14.9063,-14.18803,14.90151,-0.12729,-0.40992,-0.86818
1619611994544,-8.42758,-1.10612,16.51999,-0.03888,0.44015,-0.95447
1619611994564,-0.15801,17.08023,3.43807,0.01225,-0.12763,-0.93104
1619611994584,6.06211,-14.53759,19.6127,0.03036,-0.23735,-0.89908
1619611994604,-7.71411,-1.17794,8.94473,-0.03994,0.31658,-0.98536
1619611994624,-4.32871,2.45166,7.82903,0.00905,-0.17876,-0.75953
1619611994644,-1.57538,4.68305,2.0207,-0.05379,0.11631,-1.03543
1619611994664,-13.90073,5.27203,-0.35913,0.11451,0.11524,-0.98004
1619611994684,4.24731,-1.65678,12.25831,-0.22423,-0.28955,-0.98536
1619611994704,5.50666,-6.62715,5.82269,0.19121,0.43695,-0.99708
1619611994724,-4.29998,0.73741,8.0924,-0.1241,-0.0243,-1.03437
1619611994744,8.47068,-1.81959,19.24459,0.0996,-0.18196,-0.89801
1619611994764,-5.76044,-2.91134,9.56244,0.03994,0.27503,-1.04076
1619611994784,-7.31668,3.98395,14.34126,-0.00372,-0.32364,-0.92997
1619611994804,-3.72537,2.05422,6.17225,0.13156,0.18875,-0.97684
1619611994824,5.27203,-2.92092,14.08748,-0.04633,0.10353,-1.11746
1619611994844,4.39575,-1.49398,19.6127,-0.02503,-0.38116,-0.90334
1619611994864,2.74854,-1.38863,4.95599,0.10066,0.26864,-0.90121
1619611994884,-4.59207,1.07739,15.87355,-0.03675,-0.25759,-0.89588
1619611994904,3.60087,3.59609,12.47858,0.06444,0.30166,-0.97471
1619611994924,-5.29118,5.52102,4.36702,0.00905,0.07476,-0.96193
1619611994944,2.78685,-8.43716,17.35317,0.00905,-0.37051,-0.92997
1619611994964,-2.52827,1.18752,9.75876,0.08149,0.42204,-0.98749
1619611994984,-5.64552,5.94719,9.5385,0.00053,-0.21924,-0.83942
1619611995004,3.99352,4.03183,16.61575,0.01544,0.15998,-0.93743
1619611995024,-0.19632,0.14365,2.65277,0.05699,0.1195,-0.91719
1619611995044,-6.00944,-1.67594,7.32625,0.01012,-0.46105,-0.69029
1619611995064,3.29442,1.21625,13.39795,0.06764,0.30593,-0.9566
1619611995084,0.09097,-2.71023,5.4492,0.00585,-0.15,-0.81918
1619611995104,6.18661,-8.5856,12.30619,-0.04527,-0.11271,-0.86073
1619611995124,0.94331,-5.02782,3.62482,0.04314,0.04494,-0.9108
1619611995144,-3.94564,5.22414,8.5473,0.18269,-0.17556,-0.86392
1619611995164,0.6991,0.50757,15.27979,-0.13262,0.00446,-0.83729
1619611995184,-1.79565,14.03959,-0.48841,-0.06977,-0.17556,-0.95234
1619611995204,5.92325,-1.41736,14.19282,0.06444,-0.00725,-0.84262
1619611995224,-10.79785,0.48841,8.93994,0.0506,-0.02856,-0.81918
1619611995244,-17.53034,5.68383,17.26219,0.12303,-0.13828,-0.83836
1619611995264,0.91458,0.84754,11.23359,-0.08894,0.1962,-0.89269
1619611995284,-0.22505,-5.70777,19.6127,0.18056,-0.01577,-0.78509
1619611995304,12.97178,-10.51054,16.07945,-0.08042,0.0215,-0.92464
1619611995324,2.08295,6.95276,7.97748,0.20399,0.09394,-0.99495
1619611995344,-11.7268,3.4668,5.87537,-0.0506,-0.04347,-0.94595
1619611995364,-6.6032,12.0572,7.264,-0.14966,-0.08608,-1.14941
1619611995384,-1.34554,0.19632,5.77002,0.23062,0.11098,-1.04715
1619611995404,-9.59596,8.45632,15.60061,-0.09214,-0.39075,-0.92997
1619611995424,-0.61291,0.92895,10.39562,-0.05273,0.37623,-1.04502
1619611995444,-12.08593,11.31978,10.49618,0.07616,0.08222,-1.09615
1619611995464,8.28872,0.0814,3.98874,-0.18056,-0.33961,-0.86818
1619611995484,1.66157,1.39821,-6.6032,0.1699,0.1994,-1.00028
1619611995504,-11.65018,13.82412,5.88015,-0.03781,-0.21498,-0.96725
1619611995524,-5.99508,2.78685,9.83538,-0.01757,0.26864,-0.95128
1619611995544,-9.47146,-0.34476,5.30555,0.01651,0.08648,-1.0365
1619611995564,2.82994,12.69405,9.31823,-0.09427,-0.46745,-0.88629
1619611995584,-1.6089,3.40934,7.91523,0.14647,0.45826,-0.85434
1619611995584,-5.05655,-4.96078,15.9358,-0.0474,-0.23096,-0.87458
1619611995624,-2.557,11.39161,13.38837,-0.06338,0.03428,-0.96619
1619611995644,2.43729,2.82036,6.70855,0.16884,0.12696,-0.90866
1619611995664,0.91937,-0.4118,8.93994,-0.03568,-0.36731,-0.89162
1619611995684,-3.14119,5.87058,8.30309,0.06338,0.46678,-0.94382
1619611995684,1.84832,3.51947,2.62883,0.0687,-0.18302,-0.94275
1619611995724,12.43069,-9.44273,16.37155,-0.13901,-0.03601,-0.93636
1619611995744,-2.49475,1.21625,10.18014,0.14221,0.34321,-1.061
1619611995764,3.82593,0.65601,19.6127,0.03036,-0.40246,-0.87138
1619611995784,19.6133,-0.64164,15.09783,-0.15925,-0.04773,-1.08337
1619611995805,-2.40377,4.34308,17.21909,0.2221,0.58609,-1.09189
1619611995824,-1.92014,5.20978,6.93839,-0.16777,-0.37796,-0.88629
1619611995844,4.67348,-6.28238,15.08347,-0.18162,-0.12656,-0.92145
1619611995864,3.83072,-2.97359,18.01397,0.49055,0.36984,-1.15154
1619611995884,-2.08774,5.72693,14.6573,-0.449,-0.6251,-0.91399
1619611995904,3.10767,2.79642,10.25675,0.07084,0.46998,-1.06526
1619611995924,-0.93852,-5.46835,19.6127,0.27217,0.23029,-1.18031
1619611995944,-7.33583,0.14365,19.6127,-0.66099,-0.74655,-0.76379
1619611995964,3.66791,-5.68383,9.04529,0.13582,0.46678,-0.91293
1619611995984,1.94888,-0.15322,13.21599,0.10492,-0.00512,-1.0088
1619611996004,-4.7884,19.07221,18.25339,-0.11771,0.06305,-0.85008
1619611996024,1.95845,-2.96881,3.5482,0.06551,0.17916,-0.87245
1619611996044,11.2288,2.96402,9.85932,0.09001,-0.27144,-0.86286
1619611996064,0.49799,-3.93606,6.95755,-0.03781,0.13548,-0.92251
1619611996084,4.87938,0.05267,9.17458,0.10173,-0.06478,-0.92784
1619611996104,-2.62404,-1.67594,19.6127,-0.15286,-0.29381,-0.95128
1619611996124,2.5187,-3.23696,3.22259,0.03675,-0.02962,-0.94488
1619611996144,2.74854,10.60631,5.04218,0.01544,-0.0978,-1.0056
1619611996164,-3.86424,3.14119,15.40429,0.06977,0.08648,-1.08443
1619611996184,-0.05746,-3.88818,4.43885,-0.03355,-0.11378,-1.00134
1619611996205,5.54497,2.34631,12.05241,-0.0719,-0.15319,-0.97578
1619611996224,-4.11802,14.75785,0.73262,-0.01012,0.16425,-0.98323
1619611996244,8.56166,-8.19774,9.15542,-0.03355,-0.06052,-0.84794
1619611996264,-0.03351,8.25999,8.85854,0.12197,0.12483,-0.99389
1619611996284,2.52348,-2.49475,18.33958,-0.02609,0.01085,-0.97684
1619611996304,0.29209,-6.10042,14.71955,-0.03994,-0.22244,-0.88416
1619611996324,-9.56244,9.95987,7.58961,0.00372,0.16957,-0.98962
1619611996344,2.67671,-2.01112,10.67814,-0.0506,-0.16385,-0.89375
1619611996364,-9.6199,0.00957,10.55843,0.02609,0.2484,-0.88523
1619611996384,3.84508,6.53617,2.41335,0.01544,-0.05412,-0.97791
1619611996404,-0.55545,6.32548,2.4756,-0.03462,-0.14787,-1.07272
1619611996424,2.73417,-6.59841,2.58573,0.09001,0.03854,-0.97791
1619611996444,-4.96557,9.39484,6.73249,-0.05699,0.05665,-0.9321
1619611996464,-1.25456,0.61291,12.98615,0.0474,0.06198,-0.85008
1619611996484,-6.82826,0.0383,7.49863,-0.01331,-0.1713,-0.80746
1619611996505,-2.65277,-0.13886,13.33091,0.05273,0.13974,-0.94701
1619611996524,-3.7158,1.17315,4.53461,0.06231,-0.00725,-0.86712
1619611996544,-0.21547,2.07337,11.58793,-0.01757,-0.08821,-0.87564
1619611996564,-5.20499,10.1562,-6.6463,-0.03355,0.2271,-0.9811
1619611996584,-1.8148,-2.33195,5.10443,0.09853,-0.0211,-0.92571
1619611996604,-1.42215,3.10767,4.209,-0.04527,-0.04347,-1.02691
1619611996624,-4.46758,4.26646,10.40998,0.22956,-0.11165,-1.08869
1619611996644,3.31836,6.96712,10.1131,-0.16245,-0.0243,-1.02691
1619611996664,5.81312,-3.88818,7.08683,0.0474,0.29527,-1.012
1619611996684,-5.77002,4.7884,9.56244,-0.00585,-0.0701,-0.99389
1619611996704,-3.10767,10.55843,11.19528,0.04207,-0.1223,-0.94914
1619611996724,1.07739,-0.71347,11.75074,0.07297,0.21005,-0.82238
1619611996744,9.35654,5.82748,7.6375,-0.01225,-0.2203,-0.91932
1619611996764,6.88572,0.12449,17.07065,-0.1241,0.21644,-0.89056
1619611996784,4.74051,-19.25895,11.58314,0.0197,0.08115,-0.79788
1619611996804,5.33907,-0.48841,19.6127,-0.00692,-0.29913,-0.86392
1619611996824,-1.24498,1.5658,5.42526,0.05273,0.1962,-0.96299
1619611996844,0.44532,-13.41231,4.86022,0.03355,-0.10739,-0.8554
1619611996864,5.27203,-1.62805,19.6127,-0.12197,0.00446,-1.0333
1619611996884,0.04309,4.31435,2.82036,0.24021,0.13122,-0.95873
1619611996904,19.6133,0.67516,-7.66623,0.10492,-0.25546,-0.91506
1619611996924,-0.88106,-0.80445,16.74983,-0.05805,0.33149,-1.0365
1619611996944,3.22259,4.93684,2.05901,0.13475,-0.17024,-0.97471
1619611996964,9.3278,-4.67827,19.6127,-0.23915,0.19088,-0.97045
1619611996984,1.44609,2.97838,-0.2873,-0.02716,0.0183,-0.96938
1619611997004,-0.5363,-0.01436,19.6127,0.03355,-0.09993,-0.99708
1619611997024,7.45554,-9.04529,8.89685,-0.08468,0.13548,-0.98962
1619611997044,-6.35421,7.00064,10.9798,0.0229,-0.14148,-1.0088
1619611997064,8.92079,-5.29597,5.43004,0.05486,0.12163,-1.03863
1619611997084,4.33829,-10.95586,9.73003,0.00905,-0.04028,-0.89375
1619611997104,-7.95353,2.41814,9.62469,-0.01331,-0.03921,-1.04715
1619611997124,8.52335,-2.9305,14.45618,-0.02929,0.0705,-1.06845
1619611997144,7.35977,-13.4171,5.07091,0.02503,0.05026,-0.97152
1619611997164,6.26323,1.21146,16.1848,-0.26791,-0.05625,-0.9566
1619611997184,2.01112,2.36547,-3.12203,0.08255,0.20792,-0.91399
1619611997204,-2.96402,7.53215,6.76601,-0.02822,-0.08608,-0.95554
1619611997224,-1.06302,2.46602,8.90643,-0.11025,0.01298,-1.00454
1619611997244,1.67594,0.54108,12.58392,0.22849,0.01085,-0.9353
1619611997264,5.54497,-8.93037,18.71786,-0.14327,-0.08821,-0.93956
1619611997284,-1.95366,9.31823,5.69341,-0.04953,0.04281,-0.91825
1619611997304,4.38138,10.85531,-1.08696,0.19228,0.01085,-0.85221
1619611997324,-1.99197,-2.19787,8.55208,-0.05912,-0.03708,-0.74142
1619611997344,-9.26077,19.6127,5.56412,-0.03568,-0.17769,-0.83197
1619611997364,1.45567,-0.81881,17.68836,-0.02716,0.1227,-0.91932
1619611997384,-6.32069,7.00064,8.04451,-0.08362,0.05665,-0.87777
1619611997404,15.51921,-7.16823,9.46188,0.22849,-0.21072,-0.89695
1619611997424,16.13213,-12.1386,16.83602,-0.13901,-0.15639,-1.12917
1619611997444,-8.34618,6.91924,12.72278,0.16884,-0.09567,-1.07272
1619611997464,-0.70389,12.74194,4.69263,0.18588,-0.15319,-1.16752
1619611997484,4.28083,-0.17717,8.77235,-0.1763,-0.10419,-1.15474
1619611997504,0.56503,-4.73094,13.35964,-0.1731,-0.09247,-1.03437
1619611997524,-14.94939,8.48505,11.37245,0.13369,-0.08928,-1.02904
1619611997544,-0.66558,-4.47236,17.10417,-0.09427,0.07689,-1.01945
1619611997564,-6.25365,-3.63918,19.6127,-0.09853,0.03854,-0.92571
1619611997584,-5.13795,3.77805,7.37892,-0.01438,0.08222,-0.98643
1619611997604,-8.40843,4.3335,9.06923,0.05912,0.03641,-1.06206
1619611997624,-14.83447,6.99585,17.66441,0.0442,-0.13295,-0.92145
1619611997644,-1.36469,7.52737,-0.54587,-0.05699,0.07796,-1.012
1619611997664,-3.3423,-6.11,19.6127,-0.01864,0.06837,-0.98643
1619611997684,-12.5504,7.57525,19.6127,0.08149,-0.0243,-0.95128
1619611997704,-2.38462,5.35343,18.70829,0.05273,0.01298,-0.98004
1619611997724,8.26478,-15.18881,17.55907,-0.14008,-0.14787,-0.99176
1619611997744,-0.65122,1.44609,5.00388,0.05379,0.18342,-0.90334
1619611997764,6.03817,-2.89219,10.61589,0.06338,-0.25333,-0.97578
1619611997784,6.63193,-13.96298,2.94007,-0.04953,0.31764,-1.01306
1619611997804,-6.91924,8.37012,10.84573,0.1699,-0.03495,-0.89801
1619611997824,7.98226,-3.27047,2.29364,-0.18269,-0.16811,-0.92784
1619611997844,5.63116,-6.36857,7.61356,0.11664,0.18875,-1.09828
1619611997864,-1.09175,9.30865,6.26323,0.09427,-0.23628,-0.92251
1619611997884,-0.56024,2.29364,15.773,-0.03355,0.30699,-1.02904
1619611997904,10.44829,-11.29105,19.6127,-0.01118,-0.22457,-0.86818
1619611997924,-3.30399,11.70764,11.02769,0.0197,0.16744,-0.85647
1619611997944,4.69263,-0.79008,6.5218,0.00585,-0.03175,-0.95554
1619611997964,1.98718,-6.99106,12.83292,-0.03994,-0.11165,-0.86179
1619611997984,-0.47884,0.33997,7.71411,0.0687,0.30379,-0.88629
1619611998004,-7.21612,4.56813,8.33182,0.00905,-0.13082,-0.89588
1619611998004,5.97113,-19.6133,1.4844,-0.03355,-0.01258,-1.02052
1619611998044,0.13407,4.68784,11.23838,0.05912,0.20473,-1.07804
1619611998064,-6.29196,8.89685,5.95198,0.04953,-0.27463,-0.9566
1619611998084,11.71722,-1.5658,9.60074,-0.0506,-0.08608,-1.04182
1619611998104,2.66714,-8.65743,1.12048,0.05166,0.11631,-0.94275
1619611998125,-12.56955,19.6127,11.01811,0.01757,-0.42377,-0.88842
1619611998144,4.52504,0.39743,13.22557,0.04846,0.14933,-0.99176
1619611998164,-3.62003,-0.71347,12.14339,-0.00692,-0.04241,-0.9321
1619611998184,-3.35188,9.05965,10.74038,-0.28069,-0.35879,-0.78509
1619611998204,7.69975,-3.16992,3.80199,0.02929,0.30593,-0.84688
1619611998225,5.67904,-14.5759,1.50834,0.1699,-0.02856,-0.86179
1619611998244,9.53371,2.91613,-5.47793,-0.19441,-0.27144,-0.98643
1619611998264,6.36378,-4.26167,-4.42448,0.2008,0.17809,-1.07485
1619611998284,1.33117,1.21146,10.67335,-0.10173,-0.21604,-0.88949
1619611998304,1.43652,8.08282,2.60489,0.06444,0.18022,-0.89588
1619611998324,1.49877,-1.1971,4.01747,0.15073,0.18449,-0.94169
1619611998344,10.31422,-6.99106,6.70855,-0.12303,-0.36731,-0.87671
1619611998364,-2.02549,5.31512,4.76925,0.03888,0.43376,-0.94275
1619611998384,-0.11013,3.77805,12.54082,0.00905,-0.297,-0.99389
1619611998404,0.67995,-3.06457,10.96544,-0.11451,0.22497,-0.92038
1619611998424,-1.72861,3.74931,3.91212,0.08575,0.20259,-0.98856
1619611998444,-1.47482,10.53927,4.44363,0.06018,-0.48449,-0.87564
1619611998464,3.50989,-4.23294,6.40688,-0.12729,0.35173,-0.93104
1619611998484,-7.28795,8.27914,11.96622,0.20825,-0.04773,-1.00667
1619611998504,14.88714,-12.16254,19.6127,-0.18482,-0.32896,-0.98856
1619611998525,-0.80924,-8.28393,3.93127,0.07297,0.20046,-1.12278
1619611998544,1.08217,-0.56982,10.08916,0.03781,-0.11804,-1.02265
1619611998564,-13.53681,11.92791,12.47858,-0.18695,-0.00832,-0.97897
1619611998584,3.03584,-7.29752,4.81234,0.10918,0.21964,-1.061
1619611998604,4.12281,-5.20499,18.81363,-0.2221,-0.31298,-1.03543
1619611998624,-19.6127,9.02135,10.99896,0.03355,0.27503,-1.07378
1619611998644,-9.63905,11.69807,10.46266,0.03355,-0.04986,-1.09722
1619611998664,10.91277,-3.86424,19.6127,-0.16777,-0.20965,-0.92784
1619611998684,-5.03261,-5.34385,9.28471,0.16032,0.34747,-0.96725
1619611998704,1.87705,4.01268,13.80975,-0.18908,-0.2203,-0.87458
1619611998724,7.21612,-8.82023,19.6127,0.07723,0.1504,-0.86286
1619611998744,8.06845,-11.17134,17.23825,0.01438,0.09287,-1.04182
1619611998764,3.39976,7.1826,18.58379,-0.03462,-0.34281,-0.83516
1619611998784,6.25844,-5.50666,2.48039,0.08468,0.3528,-1.06313
1619611998804,9.34217,-6.48828,5.9855,0.05486,-0.16491,-1.00134
1619611998824,-1.71903,4.71178,9.86411,-0.01438,-0.01471,-0.91506
1619611998844,-0.93373,-5.93283,13.623,0.00692,0.18449,-1.07911
1619611998864,5.26245,-5.64073,19.6127,-0.0229,-0.54628,-0.91399
1619611998884,5.26245,-5.64073,19.6127,-0.0229,-0.54628,-0.91399
1619611998904,-4.82671,6.67024,12.50252,0.09853,0.01085,-1.11639
1619611998924,13.84327,-3.20823,19.6127,0.03568,-0.24907,-0.95128
1619611998944,-5.77002,-5.0757,7.70454,-0.15073,0.13442,-0.79362
1619611998964,-5.5737,6.7708,19.6127,0.28602,-0.02536,-0.84368
1619611998984,-1.2354,-2.94965,11.99495,-0.14434,0.02363,-1.00134
1619611999004,17.5064,-15.45217,3.24653,0.22636,-0.09673,-0.78509
1619611999024,-3.65355,-11.52089,17.08981,-0.351,0.43589,-0.82664
1619611999044,3.07415,4.18985,0.65122,-0.05486,-0.07862,-0.90973
1619611999064,7.35019,-10.59673,8.20732,0.15499,-0.10632,-0.70946
1619611999084,2.27928,-2.78206,0.92416,-0.01544,0.15253,-0.89588
1619611999104,3.97916,4.44363,3.96479,-0.02396,-0.15532,-0.96619
1619611999124,0.94331,-7.26879,6.73728,0.03249,0.095,-0.76059
1619611999144,1.27371,-1.39821,13.45062,0.19121,0.05452,-0.94808
1619611999164,-8.27436,10.4866,13.75708,-0.09747,0.10246,-0.92358
1619611999184,5.01345,-1.06781,5.91846,0.01438,-0.21498,-0.68283
1619611999204,-1.16358,-4.42448,14.00608,0.18482,0.05346,-0.92677
1619611999224,-8.51857,12.70842,2.09732,-0.11984,-0.03282,-1.07165
1619611999244,10.46266,-1.5658,1.08217,0.20612,-0.02856,-0.97897
1619611999264,-1.79086,-4.98951,3.91691,-0.05912,0.05133,-1.06952
1619611999284,-5.10922,5.9041,7.22091,-0.06338,-0.07436,-1.06526
1619611999304,-12.67011,8.63828,3.07894,0.15073,0.00765,-1.0365
1619611999324,-2.30801,-1.20667,17.44415,-0.04953,-0.08289,-0.98323
1619611999344,3.78762,-0.01436,7.21612,0.01225,-0.00086,-0.94488
1619611999364,6.91445,-12.41154,18.52154,0.04314,0.17596,-0.94701
1619611999384,-2.92571,4.33829,10.09874,-0.10599,-0.31831,-0.86179
1619611999404,-1.11569,-1.69509,6.59363,0.01331,0.27184,-0.9044
1619611999424,-3.055,-0.75656,9.39963,-0.08468,-0.07117,-0.80533
1619611999444,-9.59596,9.41878,6.39251,0.05592,0.20792,-0.79894
1619611999464,-8.42758,11.30542,11.14261,0.09853,-0.07756,-0.93317
1619611999484,-0.80924,-0.43095,16.67322,0.19121,-0.01897,-1.00241
1619611999504,-7.95353,9.5385,13.68046,-0.17949,-0.0733,-1.05354
1619611999524,-4.80755,12.07156,2.33195,0.05273,-0.16917,-0.96086
1619611999544,3.54341,-3.87381,18.83757,0.02609,0.31445,-0.95873
1619611999564,-4.28562,-2.99275,16.69716,-0.06338,-0.1745,-0.91399
1619611999584,-1.4413,-3.65834,11.33893,0.08042,-0.11165,-0.92677
1619611999604,4.96557,-7.23527,12.48815,-0.06338,0.12696,-1.04502
1619611999624,-0.0814,-15.22712,19.39303,0.01757,-0.18409,-0.86499
1619611999644,-6.06211,-2.48518,19.10094,-0.07829,0.14933,-0.97258
1619611999664,-0.19153,4.29998,9.20809,0.06231,0.22816,-1.0056
1619611999684,-1.88184,1.69988,14.47055,-0.07936,-0.23948,-0.80533
1619611999704,-2.73896,-10.93671,15.13135,-0.02077,0.24094,-0.96938
1619611999724,4.64953,10.7356,5.87058,0.22636,-0.09673,-0.99069
1619611999744,10.34773,-1.25935,19.55105,-0.07084,-0.13828,-0.96193
1619611999764,9.59117,-8.55687,11.37724,-0.00479,0.15679,-1.01732
1619611999784,-5.21457,8.916,13.77144,0.0506,-0.16278,-0.88736
1619611999804,-2.32237,-3.27526,19.6127,-0.21465,0.24094,-0.95234
1619611999824,-1.46525,-4.50588,19.6127,0.00159,-0.22457,-0.84794
1619611999844,-1.46525,-4.50588,19.6127,0.00159,-0.22457,-0.84794
1619611999864,0.80924,3.85466,7.12993,0.20293,0.10459,-0.94169
1619611999884,7.93917,0.65601,3.33272,-0.04207,-0.16917,-0.93423
1619611999904,1.92972,-0.10055,15.07389,0.04633,0.17277,-0.96725
1619611999924,-0.92895,2.94007,4.53461,-0.02077,0.0183,-0.88949
1619611999944,-8.90164,12.78503,19.6127,0.06338,-0.28635,-0.96619
1619611999964,4.81713,-4.42448,8.31745,0.14327,0.15998,-0.89482
1619611999984,-3.64397,10.20408,13.09628,-0.13475,-0.25013,-0.83836
1619612000004,-0.23463,-0.80445,15.5671,-0.0197,0.2729,-0.93317
1619612000024,11.78904,-8.34618,19.6127,-0.02929,-0.12869,-0.88629
1619612000044,11.78904,-8.34618,19.6127,-0.02929,-0.12869,-0.88629
1619612000064,-0.87148,0.00478,2.29843,0.04207,0.34534,-0.99815
1619612000084,-0.87148,0.00478,2.29843,0.04207,0.34534,-0.99815
1619612000104,1.6089,3.63439,9.79707,-0.10066,0.25799,-0.97471
1619612000124,0.17717,3.8786,-5.33907,0.25726,0.12909,-1.05141
1619612000144,9.55286,12.70363,16.39549,-0.25726,-0.3247,-0.87884
1619612000164,1.00077,-4.28562,7.99184,-0.06018,0.1259,-0.93956
1619612000184,-5.15711,11.16176,2.0207,0.06444,-0.06584,-1.02052
1619612000204,2.48518,7.19218,13.53202,-0.11877,-0.06691,-0.94488
1619612000224,-10.69729,1.49877,5.85621,-0.12197,0.16957,-0.82238
1619612000224,-0.23463,7.14908,10.96544,0.25619,-0.1745,-1.03117
1619612000264,-4.49152,2.16914,19.6127,-0.07829,0.11311,-1.00667
1619612000284,-0.06224,-2.51391,4.51067,0.05592,0.0705,-0.98323
1619612000304,-8.73883,4.62559,13.49851,-0.06338,-0.16917,-0.99495
1619612000324,-6.99106,11.99016,5.78439,-0.00798,0.1472,-1.10254
1619612000345,1.60411,-12.0955,15.13135,0.0719,-0.26185,-0.95341
1619612000364,-8.18816,5.99029,9.29907,-0.07616,0.23775,-0.99176
1619612000384,-10.86967,8.43237,11.13782,-0.03994,0.05772,-0.9353
1619612000404,3.4237,6.71812,19.6127,-0.00585,-0.21817,-0.81066
1619612000424,1.21625,-1.67115,4.64475,0.02183,0.24094,-0.88203
1619612000445,-1.12527,4.07014,3.50989,0.00479,-0.2203,-0.80533
1619612000464,2.97838,4.21379,16.3907,-0.0197,0.15679,-0.8831
1619612000484,-6.24886,-2.63841,10.40998,0.11238,0.11844,-0.97045
1619612000504,-7.22091,15.94059,12.02368,-0.0197,-0.18622,-0.89482
1619612000524,-5.09964,4.84107,11.01332,-0.01651,0.15679,-0.96619
1619612000544,-5.92804,-3.79241,14.00608,0.02929,-0.09886,-1.01093
1619612000564,7.79073,-3.33751,16.58702,-0.03462,-0.1255,-1.08124
1619612000584,-1.13964,-10.29985,17.73624,0.12729,0.16105,-0.97578
1619612000604,0.23463,-16.97967,6.6032,-0.0442,-0.31085,-0.91825
1619612000624,-1.21146,1.39821,11.82735,0.16138,0.3251,-0.89588
1619612000645,-9.68215,5.20499,4.8698,0.00585,-0.11165,-0.86925
1619612000664,-0.66558,-4.69742,19.6127,-0.0719,-0.07436,-0.85647
1619612000684,-11.47301,2.806,11.6837,0.0719,0.28249,-0.90014
1619612000704,0.60812,-1.66636,19.6127,0.07403,-0.15852,-0.85114
1619612000724,19.46485,-11.08515,19.6127,-0.11877,0.0982,-0.97152
1619612000744,-4.19942,3.66791,7.5561,0.15286,0.20579,-1.02265
1619612000764,1.71903,-0.05267,13.01009,-0.0197,-0.44188,-0.83942
1619612000784,11.63103,-4.18985,9.95987,0.05486,0.39115,-1.04928
1619612000804,0.28251,-7.09641,19.6127,0.0197,-0.22137,-1.02584
1619612000824,18.17677,-7.28316,19.6127,-0.00479,-0.08821,-0.9353
1619612000845,3.0933,-2.95923,8.68137,-0.00585,0.23988,-1.06206
1619612000864,0.03351,-9.56723,15.38992,0.07403,-0.28209,-0.90227
1619612000884,-4.39096,8.94952,12.37802,0.00372,0.25373,-0.85434
1619612000904,2.52348,2.29843,0.85233,-0.07616,0.05559,-0.92464
1619612000924,-1.01514,2.02549,12.11944,0.0506,-0.21711,-0.94062
1619612000944,4.18985,2.06859,-1.82917,0.0687,0.15466,-0.89269
1619612000964,4.24252,5.38216,15.34683,0.06764,-0.05945,-0.9566
1619612000984,-1.93451,-7.2257,19.6127,-0.10173,-0.01577,-1.03543
1619612001004,-9.06444,1.403,2.57137,0.0719,0.01617,-0.90653
1619612001024,12.91432,2.19308,13.29739,-0.10386,-0.29487,-0.97578
1619612001044,2.61925,-3.52905,-4.47715,-0.04846,0.00126,-1.03863
1619612001064,4.95599,-0.76614,0.23463,0.1486,-0.09354,-1.07698
1619612001084,-2.26012,3.57693,13.18726,-0.0719,-0.24907,-1.06419
1619612001104,17.47767,-0.79966,9.9072,0.05805,-0.04347,-1.061
1619612001124,-10.43393,-4.38617,19.6127,0.02396,-0.14574,-0.94062
1619612001144,6.59841,-0.21068,0.82839,-0.18375,-0.05519,-0.99495
1619612001164,6.62715,7.35019,19.16797,0.04953,0.17809,-0.9044
1619612001184,-1.96324,0.02873,0.48362,-0.01118,-0.26931,-0.88736
1619612001204,-5.68862,0.74699,10.25197,0.01651,0.28782,-0.91293
1619612001224,2.86825,1.11569,1.58017,0.02609,-0.03601,-0.93423
1619612001244,-1.25935,9.91199,8.16422,-0.11451,-0.09886,-0.78829
1619612001264,-6.31111,8.72925,7.03416,0.04953,0.16744,-0.96512
1619612001284,9.92636,-17.42021,10.57279,-0.14966,-0.27144,-0.8586
1619612001304,-4.43885,9.00698,2.33195,-0.0964,0.57118,-1.04715
1619612001324,-8.02536,10.04128,-0.83797,0.2988,-0.02856,-1.01626
1619612001344,-4.68784,-3.5913,5.41089,-0.29561,-0.18515,-1.01945
1619612001364,0.56982,8.15943,-1.47961,0.18588,0.19194,-0.98323
1619612001384,0,6.19619,2.87304,-0.01331,-0.11271,-1.02904
1619612001404,4.93684,-6.34942,17.77455,-0.03568,0.04707,-1.04715
1619612001424,-9.47146,8.56645,3.74931,0.04527,-0.03814,-1.05993
1619612001444,-2.94965,5.29597,8.94952,-0.07936,-0.17982,-1.00347
1619612001464,-5.95677,-0.33039,17.72188,0.14753,0.18981,-0.96725
1619612001484,0.28251,-7.31189,18.54548,-0.12197,-0.17024,-0.89375
1619612001504,-2.74375,7.58483,17.17121,0.00692,0.13442,-0.99069
1619612001524,15.32767,-6.91445,12.47379,0.05592,-0.09247,-0.95128
1619612001544,-6.37815,-2.20745,17.14727,-0.0719,0.03961,-0.98536
1619612001564,8.12113,-6.67024,9.46188,-0.05166,0.11098,-1.01839
1619612001584,12.57913,-7.87213,18.09537,0.06231,-0.28742,-0.92358
1619612001604,-19.2829,4.3335,18.03312,0.08149,0.28569,-0.84155
1619612001624,6.71334,-0.70389,12.73715,0.00266,-0.04028,-0.88842
1619612001644,4.86501,-3.91212,19.6127,-0.06444,-0.21178,-0.82984
1619612001664,-6.41167,0.33997,10.83136,0.05379,0.17596,-0.76272
1619612001684,-5.41568,7.7189,10.99417,0.03249,-0.19261,-0.78722
1619612001704,0.06224,3.85945,18.9525,0.08042,0.00872,-0.83836
1619612001724,-10.23281,0.35913,9.414,0.01651,0.14827,-0.79894
1619612001744,-6.82347,2.03028,19.6127,-0.00905,-0.36731,-0.78829
1619612001764,5.18584,2.88261,4.68305,-0.02609,0.15572,-0.94062
1619612001784,-4.36223,-0.2442,8.56645,-0.00905,-0.20433,-0.86073
1619612001804,9.39963,-0.4118,2.24576,-0.13369,-0.03601,-0.93743
1619612001824,-4.76446,1.92493,6.26802,0.21252,0.02257,-0.8831
1619612001844,-0.73741,12.93826,0.04788,-0.01012,-0.19367,-0.90973
1619612001864,5.15711,1.79565,19.6127,0.03994,0.18555,-0.84581
1619612001884,-1.32638,-5.20499,-1.32159,0.13475,-0.09886,-0.87671
1619612001904,-8.63349,6.37336,16.12255,0.05912,0.08329,-0.97258
1619612001924,-5.27203,6.94797,2.44687,-0.06764,0.11844,-0.95873
1619612001944,4.209,-0.46926,5.34864,0.06018,-0.14148,-0.96619
1619612001964,6.63672,-4.21858,9.54807,0.03036,0.23029,-0.9289
1619612001984,7.25443,-0.12449,7.36935,0.13582,-0.0179,-1.01306
1619612002004,2.15957,3.40934,11.53047,-0.1763,-0.29807,-1.02797
1619612002024,-2.67671,-3.98874,5.28639,0.0751,0.3496,-1.03969
1619612002044,-4.8698,9.54807,-4.11323,0.04527,-0.19367,-0.99602
1619612002064,13.02445,2.37504,10.66856,-0.16884,0.0183,-1.01732
1619612002084,11.32457,-14.05396,3.88818,0.04527,0.05346,-0.98643
1619612002104,-4.38138,7.43639,7.58004,0.01864,-0.27144,-0.89588
1619612002124,6.46434,-1.49877,11.18092,0.0506,0.38262,-0.97791
1619612002144,12.80897,-9.09317,2.87783,0.0687,-0.00725,-0.95873
1619612002164,8.83939,-3.70143,5.75566,-0.18056,-0.23096,-0.92997
1619612002184,-9.21288,5.14753,8.97346,0.0719,0.21857,-0.9811
1619612002204,5.22414,-14.03481,17.95172,0.02077,-0.26185,-0.86818
1619612002224,3.23696,-5.13316,9.86411,-0.03355,0.29634,-0.96619
1619612002244,-11.37724,11.38203,7.82903,0.06444,-0.08289,-0.87458
1619612002264,12.84249,-12.28225,19.6127,-0.1241,-0.01897,-0.92358
1619612002284,-7.94396,4.19464,-0.76135,0.08042,0.05559,-0.9044
1619612002304,3.22738,3.43807,15.85919,0.04314,-0.15319,-1.01093
1619612002324,6.17225,-8.25041,14.70039,0.02183,0.19833,-0.9108
1619612002344,-7.6375,1.75255,6.61757,0.04953,0.07476,-0.93636
1619612002364,-8.17859,0.75177,19.6127,0.03142,-0.26718,-1.02265
1619612002384,1.24977,-3.60566,2.66714,0.01651,0.13335,-1.0088
1619612002404,2.29843,-7.73327,3.7972,-0.09853,0.24734,-1.15048
1619612002424,4.16591,5.01824,5.80833,0.0506,-0.15639,-1.16007
1619612002444,2.3942,0.29209,10.13226,-0.09747,-0.02536,-1.00028
1619612002464,-0.64643,-0.61291,7.41244,0.10812,0.0183,-1.11533
1619612002484,-0.09097,1.94409,14.79616,-0.18588,-0.16385,-1.04289
1619612002504,0.1628,10.75954,0.33039,0.03781,0.08648,-1.00773
1619612002524,-1.39342,-3.65355,15.47133,0.05379,0.14401,-1.09828
1619612002544,-4.77882,9.14106,12.40196,-0.17736,-0.07117,-1.0301
1619612002565,-3.90733,1.01992,-0.29688,0.00905,-0.13615,-0.85114
1619612002584,-1.01035,-1.78128,12.6318,-0.01864,0.2239,-1.00241
1619612002604,-6.99585,2.95444,18.17677,-0.06338,-0.0701,-0.9044
1619612002624,0.40701,-3.23217,16.61575,-0.00266,-0.05625,-0.78722
1619612002644,0.86191,-3.88339,12.41154,-0.02077,0.08435,-0.9598
1619612002665,-19.01475,5.81312,11.62624,-0.04527,-0.15319,-0.9321
1619612002684,5.13795,-5.79875,19.6127,-0.08894,-0.08821,-0.99708
1619612002704,7.33583,-7.81946,11.58314,0.0442,-0.08608,-0.94595
1619612002724,4.61123,-3.41413,12.51209,0.12729,-0.08608,-0.92784
1619612002744,3.6296,-0.73741,19.42176,-0.16671,0.18342,-0.95767
1619612002765,9.73482,-7.84819,5.95677,0.10173,-0.101,-1.03543
1619612002784,-10.42914,9.3709,19.6127,-0.00372,-0.2757,-1.10574
1619612002804,4.18985,0.5363,15.00206,-0.10705,0.05239,-1.061
1619612002824,7.11077,-4.1276,3.65834,0.00905,-0.11804,-0.96086
1619612002844,-4.40533,0.37349,15.37077,-0.00266,0.15785,-0.94169
1619612002864,6.37336,2.01591,0.10055,0.15606,-0.06584,-0.89269
1619612002884,9.75876,-0.40222,0.69431,-0.13901,0.00765,-0.9811
1619612002904,0.90021,0.0814,5.62637,-0.01012,-0.06691,-0.9566
1619612002924,-2.33195,3.99352,2.26491,-0.03036,-0.11697,-0.92251
1619612002944,9.20331,-2.65756,11.26232,0.03355,0.28569,-0.99282
1619612002964,1.47482,-3.73495,8.8777,0.00798,-0.04241,-0.92358
1619612002984,3.10767,8.47068,5.72214,-0.06338,-0.06478,-0.83197
1619612003004,3.39018,-0.61291,5.01824,0.1209,0.16957,-1.01519
1619612003024,1.25935,0.35434,11.19528,-0.01331,-0.34601,-0.97152
1619612003044,2.88261,-3.56257,9.50976,-0.03142,0.40393,-1.00454
1619612003064,1.45567,-0.45489,3.45243,-0.00692,0.13868,-0.93423
1619612003084,-6.68461,11.32457,4.9943,0.07297,-0.52284,-0.72331
1619612003104,-9.7827,7.03416,1.97282,0.01864,0.37091,-0.92464
1619612003124,-6.11957,5.3678,5.66468,0.04207,-0.21072,-0.87032
1619612003144,5.83227,0.70868,3.94085,0.04101,0.16851,-0.96193
1619612003165,-7.31668,6.7708,-4.94642,0.10173,0.08648,-0.93317
1619612003184,13.11543,-3.32794,8.81545,-0.02929,-0.24054,-0.83836
1619612003204,-9.26077,-4.97515,14.61899,-0.08149,0.29421,-1.07272
1619612003224,-5.97113,-2.40856,5.76044,0.16671,-0.15745,-0.9044
1619612003244,12.24873,1.94888,6.25844,-0.13582,-0.04028,-0.98856
1619612003264,-2.40856,-0.58418,8.55208,0.15819,0.11311,-1.061
1619612003284,3.94564,-4.37181,5.08528,-0.16671,-0.0179,-0.99495
1619612003304,0.76135,5.16189,6.45476,0.04527,0.00978,-1.0301
1619612003324,0.87148,10.26154,9.38048,0.01544,-0.07649,-0.95554
1619612003344,0.05746,-9.04529,10.05564,-0.06125,0.00872,-0.87777
1619612003364,-0.66558,5.5306,3.28963,0.02396,0.02683,-0.87032
1619612003384,5.91846,-5.85621,4.0462,-0.07403,-0.18302,-0.89375
1619612003404,9.76834,-7.93438,14.25028,0.08468,0.25905,-0.94808
1619612003424,2.09732,-6.25844,19.12488,-0.07723,-0.199,-0.80107
1619612003444,-7.74763,5.70777,17.53992,-0.00159,0.12377,-0.97471
1619612003465,-1.63763,-0.90979,5.65989,0.14434,-0.07862,-0.8799
1619612003484,-9.34217,-0.16759,11.89918,-0.08042,0.02257,-0.95128
1619612003504,-2.39899,3.74931,-0.8667,0.11984,0.03002,-0.92784
1619612003524,-0.34476,-0.39264,11.91354,0.14327,0.0247,-1.01093
1619612003544,6.88572,-8.65743,12.92868,-0.04207,0.0737,-0.93849
1619612003564,-3.19386,-3.0119,14.80095,0.09001,0.10779,-0.98323
1619612003584,-3.57214,3.85466,14.77222,-0.07297,-0.00938,-0.97471
1619612003604,14.80095,-9.57201,13.55597,-0.07723,0.00126,-0.9811
1619612003624,0.42137,-0.88585,15.99805,0.11877,-0.04986,-1.06845
1619612003644,-2.37025,4.45321,7.17302,-0.00585,0.05878,-1.05248
1619612003664,-0.42137,0.47405,16.75941,-0.07723,0.00019,-1.04076
1619612003684,7.89128,1.91057,12.80897,0.07084,-0.10313,-1.0365
1619612003704,-8.40364,-6.96712,14.89193,-0.03568,0.05559,-0.97365
1619612003724,4.52982,10.67335,7.57046,-0.0229,0.00019,-0.98004
1619612003744,17.18557,-10.47702,18.90461,-0.03142,-0.03708,-1.02478
1619612003764,-1.80043,-5.55454,16.64927,0.01012,0.12696,-1.03969
1619612003784,-0.79487,3.0119,11.94706,-0.11664,0.00019,-0.98323
1619612003804,-6.20577,3.18428,9.1219,0.11558,0.06837,-0.94382
1619612003824,10.67814,-19.6133,13.37879,0.03781,0.0183,-0.98962
1619612003844,-12.41154,1.33117,17.18079,-0.01225,-0.01151,-0.91186
1619612003864,-9.38527,4.90811,6.20577,0.00372,0.00019,-0.95873
1619612003884,1.20188,1.8148,17.02277,0.08788,-0.11804,-0.91932
1619612003904,-7.8434,3.90254,9.69172,0.00905,0.1962,-0.85753
1619612003924,3.3854,19.6127,-2.04464,-0.11984,-0.04773,-0.78936
1619612003944,-3.74453,-0.05746,13.24951,0.19867,-0.04347,-0.84368
1619612003964,-14.51365,11.89918,6.47871,-0.26578,-0.14574,-0.80214
1619612003984,2.41814,7.78594,9.52892,-0.06338,0.10672,-0.95021
1619612004004,-5.09964,-1.23061,12.86165,0.31052,-0.14361,-0.95341
1619612004024,-3.5482,-0.6177,7.3071,-0.12303,0.05559,-0.97045
1619612004044,-0.47884,7.58961,7.01501,0.11451,-0.15106,-0.98323
1619612004064,4.28083,-7.14429,13.03403,0.08149,-0.19474,-0.96832
1619612004084,-0.60333,-4.51546,7.78594,-0.10918,-0.20752,-1.08337
1619612004104,2.16914,-1.47961,7.18739,0.00692,-0.04986,-1.03543
1619612004124,6.45476,4.23773,5.81791,-0.22423,-0.1223,-1.05993
1619612004144,1.90099,-6.9767,7.51779,0.14008,-0.00832,-0.9044
1619612004164,-5.74608,0.75656,7.73327,-0.05273,0.01404,-0.97578
1619612004184,-7.46033,2.32716,-0.31603,-0.09534,0.07157,-0.96619
1619612004204,-6.58405,-3.90254,11.90875,-0.03675,0.05133,-0.93636
1619612004224,-0.67516,3.49074,10.55843,0.03675,-0.03069,-1.04928
1619612004244,-5.00388,13.14895,5.58327,-0.02609,-0.01577,-1.10893
1619612004264,13.81454,-2.60967,7.17302,0.05805,0.05026,-1.07272
1619612004284,-2.19787,-5.83706,15.90228,-0.0506,-0.02004,-0.99389
1619612004304,-15.54315,17.60695,8.02536,-0.02396,0.06305,-0.99708
1619612004324,-5.31033,11.17613,7.09162,0.0474,-0.08821,-0.85008
1619612004344,-0.52193,-7.67581,11.00375,-0.09321,0.13548,-0.9108
1619612004364,-0.31124,3.19386,12.70842,0.00479,-0.05945,-0.89482
1619612004384,-2.71023,0.82839,18.34916,0.07297,0.08861,-0.9076
1619612004404,3.57693,-8.02536,10.57279,-0.02609,0.08755,-0.99921
1619612004424,-2.17872,-1.94409,19.6127,-0.08362,-0.20326,-0.94062
1619612004444,-3.60087,-0.67516,19.6127,0.09853,0.28249,-0.98004
1619612004464,-8.94952,1.64242,3.74453,-0.02609,-0.17024,-0.85966
1619612004484,-6.10042,3.36624,6.18661,0.12303,0.01617,-0.97365
1619612004504,-5.73171,-0.88585,10.94629,-0.0506,0.23562,-0.99389
1619612004524,13.15374,-4.209,13.96777,-0.11664,-0.2267,-0.92784
1619612004544,-7.47948,-4.77403,7.80988,0.17736,0.19301,-0.91186
1619612004564,-3.05978,7.85298,1.45088,-0.07936,-0.08715,-0.86818
1619612004584,-8.94473,2.46123,19.22543,-0.09108,0.09713,-0.86179
1619612004604,2.20266,-4.86022,10.39083,0.20186,0.17809,-0.90547
1619612004624,-11.85608,9.97903,8.88727,0.0229,-0.05625,-0.9076
1619612004644,-3.18907,-0.67995,13.97256,-0.13582,0.00872,-1.07591
1619612004664,3.30878,-6.50265,19.21107,0.15712,0.13335,-1.12385
1619612004684,-7.52737,-3.4668,16.01242,-0.25086,-0.21178,-0.98323
1619612004704,-5.6551,6.67024,12.89517,0.17097,-0.04241,-0.89162
1619612004724,2.73417,7.83382,4.24252,0.02822,0.11844,-1.03863
1619612004744,8.82981,-9.39963,19.6127,-0.16564,-0.2725,-0.92251
1619612004764,11.52089,6.48828,19.6127,-0.10705,-0.13934,-1.00134
1619612004784,2.3511,2.7246,-0.2059,-0.11664,-0.08182,-1.0823
1619612004804,14.13536,-12.83292,19.6127,0.1486,-0.15532,-0.91399
1619612004824,-6.79474,9.12669,3.25611,-0.21465,0.08648,-0.80746
1619612004844,0.02394,4.19464,-4.84107,0.1454,-0.03388,-0.88416
1619612004864,4.45321,-0.95289,18.01397,-0.00479,0.09394,-0.99495
1619612004884,5.19541,-3.47159,1.88663,0.0442,-0.02962,-0.83942
1619612004904,3.31836,-5.9424,16.05551,-0.02609,-0.10739,-0.83729
1619612004924,0.32082,0.4118,12.60307,0.04207,0.18768,-1.00454
1619612004944,4.54419,-8.6287,4.86022,-0.03568,0.00019,-0.81812
1619612004964,7.67581,14.31732,10.16578,0.04314,-0.23309,-0.95341
1619612004964,4.51067,-4.51546,4.92726,0.02077,0.18235,-0.92677
1619612005004,3.56736,1.87226,7.71411,0.02822,-0.08502,-0.93849
1619612005024,-2.66714,6.56011,8.40364,0.09321,0.08968,-0.95234
1619612005044,0.40701,-4.47715,11.52089,0.02929,0.03748,-1.09189
1619612005064,10.51533,-3.14598,9.95509,-0.14753,-0.1745,-0.96938
1619612005085,-5.2816,2.00155,5.15232,0.19334,0.20473,-1.09935
1619612005104,-5.2816,2.00155,5.15232,0.19334,0.20473,-1.09935
1619612005124,-4.18027,5.45878,12.21521,-0.2466,-0.16598,-1.02371
1619612005144,-4.80755,3.73016,0.06703,0.15393,0.20153,-1.07485
1619612005164,-1.47482,6.9336,8.92079,-0.19973,-0.22776,-1.07911
1619612005184,-4.0845,1.28808,17.7554,-0.10066,0.20579,-0.93104
1619612005204,-7.5561,18.40662,-5.43962,-0.0229,-0.22989,-0.97365
1619612005224,0.43095,-6.03338,13.84806,-0.32756,-0.21711,-0.91612
1619612005244,0.02394,10.17056,-4.09887,0.13369,0.28782,-0.91825
1619612005264,5.56412,-2.41814,13.2926,0.06018,-0.07756,-0.98217
1619612005284,5.77481,-6.77559,13.60385,-0.13049,-0.00619,-1.012
1619612005304,-9.7827,-1.67594,10.53927,-0.02929,-0.10952,-0.97152
1619612005324,5.64073,5.09007,3.51947,-0.12942,-0.248,-0.91293
1619612005344,-1.70467,-5.63116,7.40287,0.11132,0.33469,-0.9353
1619612005364,-2.31758,7.22091,7.76679,-0.02396,-0.13402,-0.86818
1619612005385,7.7189,-3.39018,13.86721,-0.16884,-0.09034,-0.92251
1619612005404,-0.91458,-1.10612,-2.05422,0.14008,0.20686,-1.08017
1619612005424,-6.46913,0.87148,8.10676,-0.06764,-0.27676,-0.91825
1619612005444,4.707,-6.81389,13.34528,-0.05486,0.11311,-0.97365
1619612005464,7.73806,-5.9424,14.4083,0.10386,-0.01471,-1.13876
1619612005486,3.32794,-7.94396,14.26465,-0.08681,-0.10845,-0.93743
1619612005504,3.98874,-16.28536,17.31486,0.03036,-0.13508,-1.07698
1619612005524,-6.12915,11.4778,15.40908,0.01544,-0.21604,-0.99921
1619612005544,15.6054,-1.22583,19.18713,0.08255,0.27716,-1.02371
1619612005564,-0.01915,-4.70221,12.50731,-0.06444,-0.39501,-0.86392
1619612005586,6.12436,0.68953,14.8201,-0.18056,0.02257,-0.81279
1619612005604,-6.15309,1.98718,12.86644,0.0229,-0.01151,-0.83729
1619612005624,-1.25456,6.2728,13.65652,0.11984,-0.39501,-0.7329
1619612005644,-5.56891,6.73249,10.35252,-0.09214,0.29634,-0.92358
1619612005664,-3.72058,6.81389,12.28704,0.04207,0.05772,-0.91399
1619612005684,2.40377,0.75177,16.35718,0.33609,-0.09034,-0.77657
1619612005704,3.69664,-7.93438,11.1043,0.2711,-0.05199,-0.87884
1619612005724,8.81545,-0.63206,15.773,0.06977,0.01085,-0.86392
1619612005744,-4.06056,-3.46201,19.077,-0.0687,0.15998,-0.94595
1619612005764,0.01436,9.94551,-5.10922,-0.04207,-0.19687,-0.90014
1619612005784,4.81713,-1.92972,16.04594,0.02716,0.00765,-0.86605
1619612005804,0.30166,-4.64475,6.29675,-0.03994,-0.00193,-0.86179
1619612005824,7.11077,4.9943,2.54264,0.03355,-0.0701,-0.8096
1619612005844,2.31758,3.00711,10.57279,-0.06657,0.17277,-0.9843
1619612005864,-3.12682,0.41659,10.18972,0.0751,-0.01151,-0.94595
1619612005884,7.34541,-1.403,10.06043,0.02396,-0.12976,-0.99069
1619612005904,-3.81156,16.28536,4.07971,0.03888,-0.15639,-1.08017
1619612005924,3.52905,2.806,6.75164,0.07084,0.0737,-0.92784
1619612005944,5.95198,-3.74931,17.73145,-0.09108,0.08648,-1.02052
1619612005964,-0.79966,9.48103,13.23514,0.0964,-0.05838,-0.85647
1619612005984,13.70919,-2.56658,11.4347,-0.1241,-0.09886,-0.94275
1619612006004,1.84832,0.83318,17.31007,0.0229,0.10459,-0.94595
1619612006024,0.04309,3.90733,9.33738,0.11984,-0.0488,-0.79255
1619612006044,-2.64319,19.6127,-0.4932,-0.03994,0.03854,-0.92038
1619612006064,-5.46835,10.4866,5.49708,0.29348,0.20899,-1.00241
1619612006084,-2.19308,-0.00478,3.16034,-0.09108,-0.37477,-0.89588
1619612006104,-3.00232,7.46512,-0.46447,-0.21038,0.21964,-0.98749
1619612006124,0.56503,3.05021,12.5935,0.33076,0.02257,-1.0578
1619612006144,-0.35913,3.04542,9.10275,-0.23915,-0.09141,-0.95128
1619612006164,13.22557,-10.75475,16.38591,0.0474,0.13761,-0.9811
1619612006184,-6.53138,3.35188,13.47935,-0.01757,-0.2022,-0.92997
1619612006204,-1.39821,14.4897,-2.19787,0.03142,0.02043,-0.98217
1619612006224,6.59841,-2.65277,15.70596,0.01012,-0.04134,-0.95234
1619612006244,1.6903,-4.707,10.4866,-0.0229,0.31764,-1.00667
