1619611888374,-13.83848,1.03429,8.15465,-0.10702,0.0249,-1.5882
1619611888394,10.38604,19.6127,-19.6133,0.073,-0.41505,-1.59353
1619611888416,14.58068,8.916,0.18195,-0.03139,0.05153,-1.52429
1619611888434,11.48259,14.9446,-4.31914,0.01547,-0.01344,-1.56157
1619611888454,9.10275,-11.83214,-19.6133,-0.07293,-0.14767,-1.58501
1619611888474,19.6133,-0.73741,-1.76213,-0.34351,0.18149,-1.5669
1619611888494,-8.26478,19.6127,15.26543,-0.05482,0.20173,-1.62123
1619611888514,-7.69496,-1.18273,1.1971,0.18166,-0.01131,-1.56903
1619611888534,-7.69496,-1.18273,1.1971,0.18166,-0.01131,-1.56903
1619611888554,6.9767,-4.48673,19.6127,-0.03991,0.06644,-1.64786
1619611888574,19.6133,-15.27979,1.88663,-0.0218,-0.30959,-1.6649
1619611888594,0.25378,7.21133,3.4668,0.02826,0.14101,-1.64466
1619611888616,16.16086,4.74051,18.74181,-0.05802,0.08242,-1.61803
1619611888635,5.54975,2.4325,-1.68072,-0.11448,-0.01877,-1.71177
1619611888654,-19.6127,19.6127,1.12048,-0.06548,0.06005,-1.62123
1619611888674,-3.50989,3.88818,2.2266,-0.03245,-0.03688,-1.59246
1619611888694,-17.59738,17.86553,19.6127,-0.21355,0.09946,-1.57968
1619611888716,-9.26077,12.41633,16.82644,-0.03991,0.03235,-1.59033
1619611888734,4.73094,-4.0462,4.54419,0.24238,-0.1988,-1.57968
1619611888754,-14.91587,17.23346,5.35822,-0.54804,0.24434,-1.54879
1619611888774,5.33907,-19.6133,19.6127,-0.57254,0.12716,-1.59033
1619611888794,9.75397,-17.85595,11.29584,0.16142,0.10159,-1.57755
1619611888814,8.28872,-14.91587,-7.59919,0.06022,0.12929,-1.52748
1619611888834,-9.84974,0.42616,15.72511,0.03785,0.30186,-1.52322
1619611888854,9.16021,-13.40274,16.21353,-0.29983,-0.12317,-1.438
1619611888874,-3.52426,-17.26219,14.62857,-0.123,-0.05712,-1.41776
1619611888894,-8.98304,8.85854,19.6127,0.06767,-0.07949,-1.42841
1619611888915,-4.18506,13.01009,9.03092,-0.24764,-0.18495,-1.38261
1619611888934,3.74931,-1.68072,-6.86657,-0.42767,-0.04434,-1.28034
1619611888954,4.0462,1.98718,10.34295,-0.03352,-0.11677,-1.53814
1619611888974,5.05655,-5.08528,11.53047,-0.15176,-0.08162,-1.48594
1619611888994,2.05422,-5.57849,4.68784,0.16994,-0.14341,-1.34532
1619611889016,-14.37957,-13.19205,19.6127,-0.04417,-0.18176,-1.43587
1619611889034,-17.63568,11.74116,19.6127,0.00163,0.30186,-1.54346
1619611889054,-18.83279,-17.43457,19.6127,-0.18692,0.0462,-1.4902
1619611889074,3.10288,-9.84974,12.52167,-0.19011,0.09307,-1.55838
1619611889094,11.51132,-19.6133,19.6127,0.16355,0.17829,-1.46676
1619611889114,0.14844,-1.52271,16.06509,0.06128,-0.29254,-1.39539
1619611889134,17.22867,-2.44687,-14.01565,0.09963,0.07709,-1.59033
1619611889154,-11.40597,11.87045,3.99352,-0.16241,-0.00066,-1.54027
1619611889174,-15.45696,-6.46913,14.41788,0.0485,-0.01238,-1.55198
1619611889194,17.16642,-14.09705,-4.35744,0.04104,0.14847,-1.56583
1619611889214,-3.04063,11.92791,8.59518,-0.19757,-0.27656,-1.50511
1619611889234,17.60217,-16.66364,4.51546,0.03785,0.06751,-1.5914
1619611889254,-16.92221,-19.6133,0.92416,-0.11554,0.10586,-1.51683
1619611889274,-5.62637,-12.3014,11.37724,-0.09211,0.03874,-1.6436
1619611889294,-3.45722,13.79539,13.20641,0.06874,-0.11038,-1.5882
1619611889314,15.6485,19.6127,4.9512,0.12946,-0.00492,-1.52961
1619611889334,5.43483,8.03015,8.45632,0.14224,-0.18921,-1.59886
1619611889354,-19.6127,-3.72537,19.6127,0.20829,0.02809,-1.54559
1619611889374,-1.94888,19.6127,11.96143,-0.24018,0.13355,-1.57116
1619611889394,-19.6127,-19.6133,5.19541,-0.35842,0.13781,-1.56903
1619611889414,11.06121,-14.52322,19.6127,-0.03352,-0.00279,-1.59033
1619611889434,-4.75488,8.94952,-2.74854,0.00802,-0.05925,-1.52429
1619611889454,8.77714,8.25999,19.6127,-0.01647,-0.05499,-1.52429
1619611889474,-19.6127,11.64539,19.6127,-0.1475,0.11225,-1.50511
1619611889494,-19.6127,-3.32315,18.70829,-0.07719,0.06538,-1.52748
1619611889514,-0.22984,-0.0814,4.7453,-0.00156,0.07816,-1.55518
1619611889534,14.09227,-14.68124,8.93037,-0.03139,-0.17749,-1.5147
1619611889554,7.5944,6.63672,19.08657,0.09857,-0.23928,-1.55092
1619611889574,6.00944,-7.56088,-1.90099,0.12733,-0.12956,-1.52642
1619611889594,4.40054,-9.94072,-0.40701,0.024,-0.10612,-1.5424
1619611889614,-0.58418,7.17302,4.00789,-0.26468,0.05153,-1.54133
1619611889634,-10.44829,15.41387,13.81933,-0.26894,-0.1253,-1.52642
1619611889654,8.06367,18.14804,3.86903,-0.20929,0.19534,-1.50724
1619611889674,1.63284,-5.46356,10.71165,-0.00476,-0.29467,-1.55198
1619611889694,-12.84728,7.30231,1.14921,0.22001,0.03874,-1.55305
1619611889714,-18.03312,13.40752,-1.32159,-0.1262,0.03874,-1.55518
1619611889734,-4.77403,-5.32949,9.26556,-0.1507,0.10905,-1.47955
1619611889754,-4.72136,-1.6089,16.46253,-0.18585,0.03448,-1.56051
1619611889774,7.57046,-10.02212,19.21107,-0.09637,0.02916,-1.59566
1619611889794,19.6133,-12.54561,19.6127,-0.18372,0.15273,-1.63827
1619611889814,-19.36909,19.6127,9.25598,0.39684,-0.42037,-1.5179
1619611889834,-1.34554,19.6127,1.00556,-0.03565,-0.19134,-1.46463
1619611889854,-1.12527,2.55221,6.22492,0.10922,0.26351,-1.59033
1619611889874,7.75242,5.74608,14.38915,-0.50969,-0.06245,-1.47315
1619611889894,6.96233,16.66843,14.34126,-0.18798,0.20279,-1.60738
1619611889914,6.76122,-19.6133,10.39083,-0.35949,0.26991,-1.53814
1619611889934,8.28393,-5.94719,15.18402,-0.18905,0.08455,-1.58714
1619611889954,-2.94007,-2.82036,17.62132,-0.06867,0.00679,-1.53814
1619611889974,2.71023,13.68046,-8.67658,0.17846,-0.03049,-1.45291
1619611889994,4.33829,-15.3181,19.6127,-0.21674,-0.06777,-1.61164
1619611890014,2.33674,-16.73547,3.04063,0.05915,0.0739,-1.58394
1619611890034,-3.56736,-9.45709,2.98796,-0.13578,-0.0486,-1.59779
1619611890054,10.15141,7.30231,9.03571,-0.12939,-0.15406,-1.57542
1619611890074,-7.50342,19.6127,2.16914,-0.16135,0.1964,-1.60951
1619611890094,16.65885,-7.35019,0.14365,0.13691,-0.24141,-1.55305
1619611890114,-4.50109,-10.14183,19.6127,0.1742,0.20919,-1.66703
1619611890134,-2.34152,12.56955,5.51145,-0.16454,0.17297,-1.70006
1619611890154,-0.22984,7.87692,19.6127,-0.11554,0.00253,-1.62229
1619611890174,4.86501,19.6127,-8.21211,-0.14324,0.21664,-1.57435
1619611890195,-13.22078,-17.04192,19.6127,0.14011,0.03022,-1.68408
1619611890214,8.37012,19.6127,-6.52659,0.08685,-0.15939,-1.56051
1619611890234,-2.00634,2.45645,4.87938,-0.10596,-0.1743,-1.53601
1619611890254,13.09149,-19.6133,6.04296,-0.04417,-0.01238,-1.70858
1619611890274,-7.04374,2.6001,4.63517,-0.24977,-0.04753,-1.61483
1619611890294,12.99093,-3.89776,-1.32638,-0.04097,-0.20413,-1.53068
1619611890314,2.01112,0.29688,6.49786,0.09004,0.1229,-1.60738
1619611890334,6.87135,19.6127,0.17238,0.00802,-0.50986,-1.53814
1619611890354,-2.70065,10.71165,-10.91756,0.85916,0.69388,-1.77995
1619611890374,1.72382,9.85932,14.75785,-0.64924,-0.44061,-1.87795
1619611890394,-19.6127,-14.05875,14.08269,0.13691,0.18895,-1.55944
1619611890414,-2.01591,3.71101,10.32379,-0.03671,0.00785,-1.77356
1619611890434,-2.27449,12.58392,13.30697,-0.54591,-0.20945,-1.62016
1619611890454,0.64643,4.16112,-18.50717,0.171,-0.05605,-1.6681
1619611890474,-0.84275,-6.57926,10.0317,0.00908,-0.01877,-1.56157
1619611890494,-11.78426,0.70389,11.10909,-0.17733,0.02383,-1.55198
1619611890514,13.73314,-19.6133,2.01112,-0.00476,0.0494,-1.57329
1619611890534,13.67568,-1.84832,14.47055,-0.16881,-0.28402,-1.5669
1619611890554,19.6133,-11.00853,5.0757,-0.03139,0.13462,-1.51577
1619611890574,-19.6127,13.83369,19.6127,0.0485,0.3221,-1.63614
1619611890594,-7.48427,10.97502,19.6127,-0.2519,-0.03688,-1.59033
1619611890614,4.57771,8.80108,6.1914,0.09643,0.12183,-1.61377
1619611890614,-6.75643,1.96324,9.30865,-0.3499,0.18895,-1.67342
1619611890654,-11.86087,-7.30231,17.59738,-0.03245,0.23795,-1.6191
1619611890674,-14.36042,19.6127,19.6127,0.00376,0.14847,-1.65851
1619611890694,14.85841,14.97812,-3.28963,0.39897,-0.08162,-1.55092
1619611890714,4.75488,-5.67904,19.6127,-0.2977,-0.251,-1.48807
1619611890736,6.91924,4.74051,-4.75967,0.15289,-0.22969,-1.54027
1619611890754,9.61511,-19.6133,19.6127,-0.0218,0.44248,-1.61697
1619611890774,-4.03183,-1.87226,9.84974,0.2477,0.11757,-1.54985
1619611890794,10.1562,-19.6133,19.6127,-0.56189,-0.17323,-1.56051
1619611890814,11.74116,6.80911,-11.84651,0.35849,0.43183,-1.57009
1619611890835,-13.11543,19.6127,-19.21107,-0.29664,-0.28722,-1.44439
1619611890854,1.53707,9.17936,-10.92713,0.4043,-0.15832,-1.62336
1619611890874,4.84586,-3.16513,12.74673,-0.08039,0.11544,-1.54985
1619611890894,-19.6127,-7.29273,7.5944,-0.17733,-0.01131,-1.54772
1619611890914,-4.72136,9.27034,7.5944,0.12946,0.15273,-1.66597
1619611890935,3.15555,-11.83214,9.87847,-0.04843,-0.14554,-1.59033
1619611890954,19.6133,-19.6133,0.06703,-0.02073,-0.10399,-1.63188
1619611890974,-10.24239,9.95987,18.65083,-0.49904,-0.01451,-1.59886
1619611890994,4.35744,-17.07544,19.6127,-0.11448,0.00998,-1.67449
1619611891014,-17.03235,19.6127,15.15529,0.02187,0.09094,-1.62442
1619611891036,13.15374,-8.17859,19.6127,0.23811,-0.349,-1.57116
1619611891054,8.10197,-6.13873,19.6127,0.18911,-0.08482,-1.56903
1619611891074,-19.6127,15.00685,4.0845,-0.23166,0.11757,-1.66171
1619611891094,15.29416,3.61045,-7.97748,-0.32114,0.13568,-1.67449
1619611891114,-3.41892,0.07661,19.6127,0.10922,0.15273,-1.6127
1619611891137,3.83072,15.70117,1.69988,-0.03671,-0.08056,-1.51896
1619611891154,-5.46835,16.83602,8.53293,0.1497,-0.01344,-1.45824
1619611891174,-7.81946,19.6127,19.6127,-0.1752,0.20599,-1.55198
1619611891194,16.85039,-1.10612,14.76743,-0.03352,-0.28296,-1.55625
1619611891214,-11.28147,4.56813,11.15698,0.15076,0.12077,-1.6681
1619611891234,-8.80108,-11.21922,19.6127,-0.1965,0.03448,-1.62016
1619611891254,-3.0933,-9.71088,19.6127,-0.25403,0.00679,-1.55625
1619611891274,19.6133,19.6127,18.33,-0.07506,0.24541,-1.58927
1619611891294,17.24783,-6.90487,5.59285,-0.1262,0.00039,-1.58927
1619611891314,7.8434,9.9503,-2.51391,-0.00156,-0.0731,-1.53174
1619611891337,19.6133,4.93684,-1.32159,0.44584,-0.18389,-1.57435
1619611891354,19.6133,-19.6133,19.6127,0.17633,0.07603,-1.73201
1619611891375,19.6133,-1.4844,-1.02471,0.03145,-0.03901,-1.55198
1619611891394,-17.27656,13.1298,19.18234,-0.25935,0.08775,-1.54772
1619611891414,12.25352,-17.01319,-0.89064,-0.025,-0.25952,-1.60738
1619611891435,-3.47638,-9.08838,10.78348,0.13691,-0.07736,-1.5115
1619611891454,8.57603,19.6127,-1.2354,-0.07613,-0.18176,-1.60312
1619611891474,-6.28238,19.6127,5.81791,-0.08998,0.26138,-1.64786
1619611891494,-14.00608,7.58483,13.10586,-0.43193,0.03661,-1.61697
1619611891514,1.28808,10.22324,7.35977,-0.17413,0.02596,-1.55305
1619611891534,1.45088,2.0638,9.50498,0.06874,-0.03901,-1.54453
1619611891554,-4.27125,10.01734,0.68474,0.07087,-0.26698,-1.48807
1619611891574,3.89776,7.67102,0.75656,0.24451,0.29228,-1.52855
1619611891594,-16.68758,-5.05176,7.21612,-0.19757,0.0185,-1.52535
1619611891614,8.94473,-4.05577,-5.54018,-0.11448,-0.01025,-1.47635
1619611891634,5.85621,17.78891,15.50963,-0.10169,0.0952,-1.51683
1619611891654,-8.00621,13.2112,1.14442,-0.074,0.03874,-1.52322
1619611891674,-19.6127,4.60644,19.6127,-0.28385,-0.05073,-1.50298
1619611891694,19.6133,-10.55364,2.06859,0.09857,0.14314,-1.5669
1619611891714,19.6133,2.68629,-11.36766,0.14224,-0.05499,-1.55092
1619611891734,-9.41878,-19.6133,9.38527,-0.025,-0.29787,-1.52535
1619611891754,1.21146,4.26646,-14.19761,-0.14217,0.0984,-1.52003
1619611891774,11.73158,-3.63918,0.33518,-0.12193,0.14421,-1.63188
1619611891795,-1.64242,8.86333,17.52076,-0.06654,-0.00705,-1.57862
1619611891814,0.73741,7.41723,-3.69664,0.19977,0.04087,-1.62868
1619611891834,6.71334,-1.79565,-2.94486,0.01654,0.00998,-1.57649
1619611891854,6.8522,10.53927,7.74284,0.18911,-0.11784,-1.59246
1619611891874,-16.50562,8.19295,6.86657,0.03785,0.15273,-1.54985
1619611891894,0.51235,0.15801,10.56321,-0.10063,0.12503,-1.59992
1619611891914,-2.37504,-1.80522,12.03804,-0.16028,-0.0454,-1.6191
1619611891934,-8.41322,-3.13161,9.31344,-0.31155,0.11331,-1.56477
1619611891954,19.6133,16.94615,11.96622,-0.08572,0.20386,-1.68834
1619611891974,8.59997,0.93852,19.6127,0.14118,-0.3,-1.58181
1619611891994,0.93373,12.94784,19.6127,0.28712,-0.03581,-1.44972
1619611892014,-12.90953,4.97515,2.09732,-0.08785,0.10692,-1.60099
1619611892034,-11.01332,6.5218,19.6127,-0.37334,0.04727,-1.50831
1619611892054,-14.85841,-3.37103,11.08515,-0.15922,-0.08588,-1.45185
1619611892074,17.32444,19.6127,-19.6133,0.19977,-0.28828,-1.47742
1619611892095,19.12488,-18.65561,-5.98071,0.11028,-0.12849,-1.60631
1619611892114,-5.54497,-4.87938,11.24317,-0.08358,-0.14447,-1.47315
1619611892134,-15.88792,-13.60385,12.44506,-0.5033,0.42117,-1.48061
1619611892154,-8.85854,-19.6133,19.6127,-0.37973,-0.20626,-1.63934
1619611892174,19.6133,3.52905,19.6127,0.16674,0.5309,-1.48274
1619611892194,4.48194,-2.2697,6.02381,-0.06548,-0.35965,-1.57862
1619611892214,-19.6127,15.84003,-7.01979,0.39684,-0.03581,-1.54559
1619611892234,7.08204,-19.22065,0.19632,-0.2242,0.09414,-1.5882
1619611892254,5.04218,-1.13485,11.18571,-0.16028,0.05472,-1.62123
1619611892274,11.971,-1.49877,-2.49954,0.12094,-0.08588,-1.55518
1619611892294,4.46279,1.42694,19.6127,-0.08891,-0.22756,-1.53601
1619611892314,19.6133,11.7651,19.6127,-0.03032,0.06111,-1.65318
1619611892334,7.83861,11.42513,3.055,0.09643,0.26884,-1.66064
1619611892354,-14.82968,3.14119,-0.47405,-0.08891,-0.11891,-1.54559
1619611892374,8.41801,-4.12281,11.86566,-0.00369,-0.02303,-1.59992
1619611892394,-12.50731,-3.28484,14.121,0.46395,-0.29893,-1.56157
1619611892414,-6.46434,-3.49074,19.6127,-0.33073,0.03022,-1.47848
1619611892434,1.39342,11.5592,7.1012,-0.04097,0.03342,-1.6681
1619611892454,-15.4809,19.6127,16.06509,-0.17839,0.13462,-1.68195
1619611892475,-1.54186,1.27371,19.6127,-0.05695,-0.40866,-1.58714
1619611892494,0.35913,-3.45722,6.22492,-0.01647,0.15699,-1.66171
1619611892514,-6.66066,19.6127,-11.56399,0.16248,0.16551,-1.66916
1619611892534,1.89141,-4.77403,17.99482,0.07193,0.05259,-1.59566
1619611892554,-6.71812,-3.5482,19.6127,-0.16348,-0.09867,-1.69366
1619611892574,8.72447,-11.78904,9.34217,-0.00902,-0.34474,-1.59673
1619611892594,3.41413,6.00944,-3.06457,-0.11128,0.33169,-1.65318
1619611892614,19.6133,4.52025,19.6127,-0.00262,-0.31385,-1.60631
1619611892634,-6.93839,-8.45632,19.6127,0.08685,0.03448,-1.64786
1619611892654,15.29416,-19.6133,19.6127,-0.06228,0.21025,-1.60418
1619611892674,-1.62326,19.6127,-0.6177,0.06235,-0.25419,-1.60099
1619611892694,-6.12436,-9.81143,-1.98718,-0.16028,-0.11677,-1.54346
1619611892714,-3.81635,6.12915,19.6127,-0.09317,0.0952,-1.58288
1619611892734,5.08049,-13.26387,-4.70221,-0.27107,-0.01131,-1.49126
1619611892754,-0.48841,2.90177,-6.13873,-0.23911,0.09627,-1.61697
1619611892774,7.27837,-11.70764,3.54341,0.09111,0.11544,-1.4625
1619611892794,11.54484,3.14119,-17.24783,0.01015,-0.21265,-1.40285
1619611892814,-0.50757,-3.47638,-1.46525,0.02613,0.04301,-1.50298
1619611892834,-4.45321,-19.6133,4.43406,0.12413,0.46911,-1.56157
1619611892854,1.29286,11.7651,8.7532,-0.26042,-0.36605,-1.37728
1619611892874,0.43574,-12.02846,9.28471,-0.05163,-0.00386,-1.38474
1619611892895,1.68072,-19.6133,19.6127,0.06128,0.06538,-1.45078
1619611892915,-5.54975,-13.89115,8.59518,-0.49691,-0.00492,-1.2878
1619611892934,-18.09058,5.98071,19.6127,-0.23272,0.03981,-1.46144
1619611892954,9.20331,1.62805,19.6127,-0.05056,0.08668,-1.57116
1619611892974,-3.0933,12.28225,19.6127,-0.11022,-0.34368,-1.35278
1619611892994,7.99663,-16.5152,12.97657,0.07087,-0.15832,-1.36237
1619611893015,-5.17147,-3.25132,4.43406,-0.07932,0.03555,-1.50405
1619611893034,9.01656,-19.6133,19.6127,-0.59491,0.54901,-1.47209
1619611893055,-11.09473,7.34541,-11.14261,0.17846,-0.41505,-1.53281
1619611893074,-19.6127,9.00698,5.07091,0.10176,0.04514,-1.47848
1619611893094,4.74051,-10.79306,19.49359,-0.03032,-0.11145,-1.55625
1619611893114,-8.16901,0.13886,19.6127,0.03571,0.07709,-1.57435
1619611893134,2.12605,4.86022,11.01332,-0.11661,0.12397,-1.54772
1619611893156,6.3159,-3.72058,0.00957,-0.02926,0.09627,-1.4625
1619611893174,-19.6127,-16.11297,19.6127,-0.00902,0.15273,-1.64253
1619611893194,19.6133,-19.6133,5.56891,-0.36801,-0.10825,-1.56583
1619611893214,17.28134,2.71502,-10.42435,-0.04843,0.15273,-1.57116
1619611893234,9.65821,1.76692,12.9622,0.12094,-0.25313,-1.52322
1619611893254,-12.15775,-7.98226,13.68525,0.15715,0.06644,-1.48274
1619611893274,-3.73016,-19.6133,14.55195,-0.32753,0.14314,-1.57222
1619611893294,4.51067,-3.27047,6.80911,-0.14537,0.21451,-1.57862
1619611893314,9.27034,19.6127,14.59984,-0.16774,0.13888,-1.57649
1619611893334,9.75397,4.37181,19.6127,0.11348,-0.05179,-1.52322
1619611893355,19.6133,5.89931,19.6127,0.08259,-0.19454,-1.53174
1619611893374,16.19916,-19.6133,12.25831,0.0453,0.24647,-1.62016
1619611893394,-4.90332,13.85285,16.51041,-0.32433,-0.00705,-1.44013
1619611893414,1.8962,-8.64306,19.6127,-0.34457,0.21238,-1.58181
1619611893434,-3.2178,-14.82489,-1.46525,-0.21994,0.22836,-1.64679
1619611893455,10.74038,15.09304,-5.51624,0.04317,-0.31491,-1.52855
1619611893474,16.74025,6.48828,6.2728,0.08046,0.00359,-1.47955
1619611893494,-3.82114,-1.04866,19.6127,0.00269,0.27843,-1.54985
1619611893514,-6.14352,-0.59376,19.03869,-0.27959,0.0249,-1.56583
1619611893534,-0.27293,-19.6133,19.6127,0.02719,0.07283,-1.49659
1619611893556,-17.85116,19.6127,11.68849,-0.22526,-0.17963,-1.52322
1619611893574,19.6133,-0.39743,19.6127,0.13905,-0.14234,-1.4657
1619611893594,3.28005,-7.39329,19.6127,-0.07506,-0.10506,-1.52322
1619611893614,-6.68461,-5.0374,11.87045,-0.07719,0.01318,-1.56477
1619611893634,13.36922,-0.15322,13.60385,0.00163,0.22303,-1.52748
1619611893654,-18.6604,7.08204,7.97748,-0.14857,-0.19028,-1.52535
1619611893674,-19.6127,-5.70298,3.41892,-0.27533,-0.26165,-1.56157
1619611893694,-18.54548,6.14352,14.51843,0.22214,-0.1008,-1.5882
1619611893714,-1.45567,-16.06988,13.65652,0.14011,0.08455,-1.52961
1619611893735,14.62857,-15.68681,-2.94965,-0.09104,0.06644,-1.59246
1619611893755,-1.09654,-5.71256,19.6127,-0.24764,0.17616,-1.53707
1619611893774,-19.6127,10.36689,10.319,-0.18905,-0.00918,-1.58714
1619611893794,14.7818,-8.0924,15.71075,0.40323,-0.11997,-1.50937
1619611893814,-19.6127,19.6127,-4.17548,-0.02819,0.11118,-1.58181
1619611893834,10.63025,7.31189,-11.75074,-0.19544,-0.01664,-1.53387
1619611893854,19.6133,8.59997,13.20162,-0.28279,0.07496,-1.48381
1619611893874,4.33829,-7.90086,6.68461,0.26049,0.16764,-1.55092
1619611893894,-8.05409,-15.54794,5.91846,-0.40636,0.0462,-1.487
1619611893914,-5.79875,-8.17859,12.92868,0.08578,0.05579,-1.54879
1619611893934,0.77093,-3.02627,7.69017,-0.14857,-0.05712,-1.53387
1619611893954,-10.92713,19.6127,0.16759,-0.05376,-0.01238,-1.52535
1619611893975,5.94719,-6.91445,18.25818,0.11561,0.08668,-1.487
1619611893994,-2.87304,-7.48906,3.65834,0.13585,0.02596,-1.45185
1619611894014,-6.03817,3.20344,16.03157,-0.40103,0.04087,-1.49233
1619611894034,-19.6127,-19.6133,19.6127,-0.11661,-0.00705,-1.55305
1619611894054,-3.49074,-19.6133,19.6127,-0.21568,0.02277,-1.64999
1619611894074,1.37906,12.97178,19.6127,0.10815,0.10373,-1.58394
1619611894094,-2.92571,7.37892,-2.83473,-0.01115,-0.10932,-1.58181
1619611894114,7.11077,0.70868,2.94486,0.25303,-0.08908,-1.49339
1619611894134,-16.91742,19.6127,17.87032,-0.25403,-0.10825,-1.54879
1619611894154,13.9534,6.91924,11.3533,-0.06654,0.01318,-1.70432
1619611894174,5.17147,4.18506,18.13368,-0.04843,0.13781,-1.58714
1619611894194,2.91134,-10.55843,14.5759,-0.00156,-0.06777,-1.6159
1619611894214,-6.43082,-2.60967,2.81558,-0.04204,0.26884,-1.69366
1619611894234,-8.14507,1.99197,17.55428,-0.56082,0.3221,-1.54772
1619611894254,6.67503,-9.66299,4.78361,-0.07932,0.02916,-1.63401
1619611894274,5.5306,15.02122,-4.06056,0.22746,-0.25419,-1.62336
1619611894294,-10.52012,-11.23838,2.44208,0.05915,0.13888,-1.62336
1619611894314,16.2662,4.2521,-19.6133,-0.95604,0.23262,-1.78847
1619611894334,14.02044,11.46822,1.78128,-0.03884,-0.10186,-1.65958
1619611894354,8.04451,-9.58638,19.6127,-0.1475,-0.11784,-1.48381
1619611894374,10.43871,0.0814,3.6727,-0.06228,0.05685,-1.58607
1619611894394,-1.61848,12.22479,15.84961,0.13372,-0.12743,-1.59566
1619611894414,-4.75488,-19.6133,7.68059,0.02613,-0.11997,-1.53814
1619611894434,-5.65989,-5.95677,12.42111,-0.13685,0.23582,-1.63827
1619611894454,-16.40028,-19.6133,19.6127,-0.11767,-0.02729,-1.57862
1619611894474,1.43652,18.36831,0.98162,-0.00369,-0.2968,-1.5115
1619611894494,-1.09175,7.01022,19.6127,0.24877,0.25286,-1.49126
1619611894514,6.67503,-9.92157,9.2464,-0.27427,-0.32663,-1.54772
1619611894534,15.24148,-8.80587,13.40274,0.12094,0.2763,-1.61697
1619611894554,4.25689,16.99404,-5.5737,-0.16987,-0.05499,-1.59673
1619611894574,1.85311,9.13627,14.43224,0.01015,-0.25419,-1.67236
1619611894594,-5.57849,13.4602,17.08981,-0.26574,0.45313,-1.59566
1619611894614,11.82256,-19.6133,19.6127,-0.21674,0.27417,-1.62868
1619611894634,-13.40274,-12.85686,19.6127,0.06235,0.12397,-1.6926
1619611894654,-10.65419,13.59906,19.6127,-0.03139,-0.11677,-1.58075
1619611894674,-5.25766,4.52504,5.52102,0.06661,0.07603,-1.59673
1619611894694,2.62404,14.55674,19.6127,-0.1475,0.03874,-1.64466
1619611894714,4.67348,4.76446,19.6127,0.26794,0.12716,-1.62975
1619611894734,19.6133,-4.64475,-10.85052,0.02719,-0.01557,-1.54772
1619611894754,8.36534,-4.52025,17.41063,-0.25296,-0.1743,-1.49979
1619611894774,-10.51054,3.50989,10.72123,0.14224,-0.08269,-1.56264
1619611894794,-8.18338,-7.16345,6.37815,0.01441,0.00466,-1.64573
1619611894814,15.59104,6.21534,5.03261,-0.01754,0.14207,-1.57755
1619611894834,0.39264,13.41231,5.19062,-0.21568,-0.251,-1.5914
1619611894854,1.5275,8.36534,-6.17704,0.47247,-0.1008,-1.5637
1619611894874,-19.6127,-12.36844,19.6127,-0.4298,-0.11464,-1.51577
1619611894894,-4.4149,-19.6133,19.6127,-0.44364,0.3285,-1.72882
1619611894914,15.96453,8.72447,19.6127,0.09111,-0.11358,-1.56903
1619611894934,-8.99741,0.99598,6.80911,0.02932,-0.03368,-1.58501
1619611894954,5.48272,13.85763,-1.22104,0.0698,-0.04966,-1.63401
1619611894974,-5.70298,17.22867,13.91031,0.1742,0.10586,-1.65851
1619611894994,5.03261,19.6127,-8.95431,-0.30303,-0.02303,-1.62016
1619611895014,2.77248,-13.38358,2.52827,-0.25935,0.03448,-1.7171
1619611895034,-5.61679,-10.02691,-19.6133,0.13265,-0.21584,-1.66703
1619611895054,-15.24627,19.53668,-14.56153,0.42667,-0.04008,-1.58927
1619611895074,-12.85686,2.40377,19.6127,0.04743,-0.35007,-1.54666
1619611895094,-7.00543,13.15853,9.80186,-0.04204,0.13355,-1.5392
1619611895114,-19.6127,-19.6133,19.6127,-0.43725,0.33915,-1.6191
1619611895134,-12.07156,12.06198,10.14662,-0.17307,-0.10932,-1.53601
1619611895154,-13.45541,19.6127,1.22583,0.23811,0.06431,-1.5179
1619611895174,0.98162,11.83693,11.78904,0.03145,-0.09227,-1.52642
1619611895194,-5.66946,19.6127,14.25986,0.04317,0.02596,-1.49339
1619611895214,13.2112,-4.51067,5.62637,-0.10809,0.19321,-1.44759
1619611895234,13.2112,-4.51067,5.62637,-0.10809,0.19321,-1.44759
1619611895254,3.58651,11.13303,4.19942,0.04211,0.04833,-1.50724
1619611895274,7.45075,-14.88714,16.82644,-0.0708,0.00572,-1.63934
1619611895294,10.40041,-6.76601,-1.15879,-0.23698,0.00679,-1.57649
1619611895314,-3.62482,5.14274,8.69574,0.08365,0.30932,-1.58075
1619611895334,19.6133,-1.25456,-7.0581,0.02613,-0.35326,-1.40604
1619611895354,19.6133,-1.25456,-7.0581,0.02613,-0.35326,-1.40604
1619611895375,-4.82192,-19.6133,19.6127,0.04743,-0.19241,-1.52429
1619611895395,-1.47961,6.99585,19.6127,-0.24977,0.44781,-1.45078
1619611895414,-5.36301,-19.6133,18.76575,-0.41808,-0.06671,-1.55411
1619611895434,7.49863,-9.05965,19.6127,0.2509,0.01957,-1.54453
1619611895454,-5.45878,-17.05629,16.77377,0.1987,-0.41079,-1.41137
1619611895477,19.6133,9.13627,-15.75384,-0.23592,-0.15832,-1.50192
1619611895494,14.98291,-19.6133,-10.817,-0.13046,-0.32663,-1.59459
1619611895515,-1.08217,16.28057,13.62779,-0.32007,0.02277,-1.54559
1619611895534,-19.6127,16.61097,19.6127,0.06874,-0.00279,-1.59033
1619611895554,19.6133,1.8148,-1.29286,-0.21035,-0.10506,-1.49553
1619611895576,1.16358,17.95651,3.68228,0.02293,0.03768,-1.51044
1619611895594,-11.31978,0.89543,17.76018,-0.23485,0.01637,-1.487
1619611895614,-14.60941,19.6127,1.85311,0.18379,0.12183,-1.54985
1619611895634,8.39885,8.46589,9.40442,0.06554,-0.03901,-1.58288
1619611895654,4.75488,4.73573,-4.46279,-0.0708,-0.13595,-1.38261
1619611895676,14.22155,3.55778,0.13886,-0.03139,0.17616,-1.54346
1619611895694,-2.52827,-11.84172,19.6127,-0.0463,-0.18708,-1.50511
1619611895714,19.6133,2.89698,-10.03649,-0.04843,-0.04647,-1.55518
1619611895734,15.80652,0.38786,6.56968,-0.13152,0.2241,-1.55198
1619611895754,-1.21146,-5.68862,-4.209,-0.08572,-0.01451,-1.47635
1619611895776,0.58418,19.6127,7.40287,-0.07826,-0.03688,-1.57435
1619611895794,-1.92493,-4.18985,17.93735,0.122,0.13462,-1.62655
1619611895815,-0.89543,-19.6133,10.87925,-0.19863,-0.14447,-1.49872
1619611895834,-5.68383,-19.6133,5.97592,-0.00262,0.33276,-1.65318
1619611895854,-19.6127,-0.38307,19.6127,-0.52354,0.16764,-1.60844
1619611895877,-9.51455,-6.78516,6.58405,0.06448,-0.03049,-1.62123
1619611895894,12.68926,-5.92325,-11.63103,-0.60663,0.33382,-1.64147
1619611895915,-11.65497,-5.42047,8.95431,0.34251,-0.0976,-1.52216
1619611895934,-16.65885,14.35563,19.6127,0.10709,0.05366,-1.62868
1619611895954,-0.85233,7.42681,7.81946,-0.28705,-0.13701,-1.55198
1619611895974,-1.28808,13.05797,19.6127,-0.1443,0.28162,-1.63614
1619611895994,-9.96945,19.6127,-14.74349,-0.11661,0.12397,-1.57222
1619611896014,-6.6463,0.67037,-4.52504,0.11774,-0.21265,-1.48274
1619611896034,13.41231,7.89607,16.05072,0.18272,-0.06671,-1.46144
1619611896054,-7.34062,19.6127,19.6127,-0.4266,0.20173,-1.57116
1619611896074,-19.01475,7.63271,14.35563,-0.31475,0.00466,-1.49553
1619611896094,-16.55351,7.85298,-12.66532,-0.0186,-0.12423,-1.47422
1619611896114,6.18182,15.38514,19.6127,0.0943,-0.25845,-1.42415
1619611896134,-14.82968,9.81143,18.92855,0.48206,-0.24035,-1.41989
1619611896154,-19.6127,19.6127,-0.24899,-0.07506,-0.17749,-1.44439
1619611896176,11.93749,16.58702,11.51132,-0.30303,0.14527,-1.52642
1619611896194,-14.10663,19.37866,-4.50109,-0.29344,-0.07203,-1.53387
1619611896214,-12.80897,19.6127,0.32561,0.12733,0.13249,-1.40924
1619611896234,10.59194,19.6127,12.29662,0.02826,-0.12317,-1.59246
1619611896255,14.25028,16.15128,7.69017,0.15076,-0.15406,-1.51577
1619611896274,-1.72382,13.71398,-15.9789,-0.03352,0.27843,-1.54346
1619611896294,-9.29907,10.68292,6.10521,-0.25509,0.02596,-1.59992
1619611896314,-10.6494,-9.71088,5.62637,0.00056,0.23475,-1.5882
1619611896334,-5.30076,11.29584,7.99184,0.05169,-0.16258,-1.62655
1619611896354,6.71812,6.94318,19.6127,0.01441,0.06005,-1.65425
1619611896374,9.97424,3.02627,1.0295,-0.0463,0.04301,-1.54133
1619611896394,-4.06535,-6.74207,18.24381,0.04424,-0.04008,-1.57968
1619611896414,13.14416,1.51313,11.15219,-0.06548,-0.01664,-1.60525
1619611896434,-6.67503,1.44609,9.09796,0.28179,-0.21691,-1.52322
1619611896454,-10.61589,15.20796,2.44208,-0.38932,-0.03581,-1.48168
1619611896474,0.86191,9.59117,2.66235,-0.10489,0.28589,-1.68088
1619611896494,7.86255,19.6127,7.93438,-0.29664,0.08988,-1.63827
1619611896514,8.86333,19.6127,15.62934,0.11028,-0.38203,-1.52429
1619611896534,2.12126,18.00439,7.19218,-0.05482,-0.04647,-1.71603
1619611896554,7.07726,6.46434,10.6925,-0.00476,0.38495,-1.58501
1619611896574,5.99029,-19.6133,19.6127,0.19337,-0.06138,-1.58714
1619611896594,13.49372,-17.93735,6.66066,-0.16348,0.21451,-1.70538
1619611896614,19.6133,-19.6133,17.67878,0.09004,-0.26272,-1.63294
1619611896634,-0.90979,10.68771,19.6127,0.00163,0.11118,-1.61057
1619611896654,-19.6127,0.09576,13.64695,0.14544,0.31997,-1.72456
1619611896674,9.23683,-19.6133,6.07169,-0.13365,-0.10399,-1.64253
1619611896694,19.6133,9.8258,7.37892,0.08685,0.13781,-1.70538
1619611896714,4.19464,-19.6133,19.6127,0.08898,-0.47364,-1.59566
1619611896734,-12.20085,-9.1219,19.6127,-0.34244,0.2486,-1.75758
1619611896754,6.69418,8.62391,9.13148,-0.34457,-0.19241,-1.67023
1619611896774,-2.44208,-2.0207,18.42577,0.23598,-0.09653,-1.66277
1619611896794,16.1848,-0.5363,19.6127,0.6035,0.01637,-1.61483
1619611896814,10.15141,3.09809,19.6127,-0.64285,-0.11677,-1.5424
1619611896834,16.16086,-8.26478,-5.00867,-0.10382,0.1506,-1.52642
1619611896854,4.94642,-1.30244,9.86889,0.48952,0.06964,-1.61803
1619611896874,13.2543,-11.16176,8.66222,0.16994,-0.08588,-1.34852
1619611896894,-3.06936,1.45567,11.98537,-0.06441,-0.26591,-1.43054
1619611896914,3.6727,9.7444,0.33518,-0.18372,0.20493,-1.4135
1619611896934,8.45632,15.60061,2.58094,-0.2977,0.06857,-1.34426
1619611896954,4.54898,-15.77778,-1.18752,-0.42553,-0.15086,-1.24093
1619611896974,11.15698,1.47482,3.68228,0.06767,0.04301,-1.4902
1619611896994,5.12837,-8.44195,19.6127,0.05382,-0.08588,-1.42096
1619611897014,-19.6127,-1.08217,19.6127,-0.07932,-0.31491,-1.33574
1619611897034,-4.26167,6.58405,12.07156,-0.05589,0.06325,-1.44865
1619611897054,-7.02458,-9.36132,19.6127,-0.46708,-0.05819,-1.4412
1619611897074,15.38514,-19.6133,19.6127,0.09217,0.39774,-1.75119
1619611897094,-7.19218,-17.88468,19.6127,-0.33712,-0.12956,-1.46889
1619611897114,9.36611,17.69315,6.18661,0.09643,-0.03901,-1.487
1619611897134,13.46977,-19.6133,3.45243,-0.05269,-0.16365,-1.57009
1619611897154,-4.64475,4.18985,5.7796,0.06661,0.0217,-1.56157
1619611897174,0.20111,0.04309,2.48039,-0.0463,0.03768,-1.50618
1619611897194,6.06211,-17.90862,19.6127,0.05276,0.04833,-1.52642
1619611897214,0.45968,-18.7849,15.04995,-0.25509,-0.14234,-1.6127
1619611897235,13.33091,12.5935,-8.07803,0.14331,0.06431,-1.57542
1619611897254,0.19153,19.6127,-8.74841,0.02613,-0.17749,-1.54772
1619611897274,-0.97204,10.61589,-3.48595,0.12733,-0.01771,-1.62868
1619611897294,-5.22414,-18.30606,15.69159,-0.19757,0.1261,-1.53281
1619611897314,-2.28406,-17.09938,10.9415,0.06554,0.04194,-1.61697
1619611897334,-19.6127,7.27837,-13.93425,-0.10489,0.15805,-1.63081
1619611897354,9.96945,19.35472,0.40701,-0.16348,0.05792,-1.55731
1619611897374,-14.71476,-9.46188,19.6127,-0.14004,0.00572,-1.51683
1619611897394,10.46266,-5.09007,-19.6133,0.26155,-0.08269,-1.60738
1619611897414,5.92325,-9.20809,11.67891,-0.03032,0.10586,-1.44546
1619611897435,14.22155,-19.6133,17.5064,-0.06228,-0.02942,-1.42415
1619611897454,3.68228,-5.89452,-9.50019,0.04104,-0.11784,-1.54772
1619611897474,-19.6127,-8.95431,19.41218,0.02826,0.19321,-1.45931
1619611897494,-19.6127,6.8953,17.99003,0.01867,-0.18389,-1.50724
1619611897514,18.44014,-3.34709,19.6127,0.17526,-0.17856,-1.52642
1619611897534,6.06211,13.97256,-7.53215,-0.00156,-0.04966,-1.51044
1619611897554,6.57447,15.16966,-10.60152,-0.07613,0.06857,-1.45505
1619611897574,-16.05072,-2.65277,19.6127,-0.09743,0.15273,-1.51896
1619611897594,-0.97683,-0.00478,19.6127,0.24131,-0.44701,-1.4902
1619611897614,-15.87834,19.6127,-2.69587,-0.1443,0.04194,-1.46144
1619611897634,11.21444,-12.52646,19.6127,-0.31901,-0.15086,-1.5914
1619611897654,-1.26413,10.75954,11.11388,0.00908,-0.13488,-1.51257
1619611897674,3.90254,-8.56645,6.9767,0.01441,-0.28722,-1.51683
1619611897674,2.13083,-5.52102,19.6127,-0.15922,-0.17323,-1.56796
1619611897714,-0.02394,-19.6133,19.6127,-0.00582,0.02703,-1.6159
1619611897734,2.3942,15.10262,0.9481,0.08365,-0.05605,-1.59353
1619611897754,19.6133,-19.6133,19.6127,-0.16454,0.44461,-1.69366
1619611897774,4.82671,16.27578,-5.52581,-0.172,-0.15832,-1.62229
1619611897796,2.91134,2.37504,7.02458,0.24557,0.01744,-1.55625
1619611897814,19.6133,4.72615,19.6127,-0.44791,0.19747,-1.57116
1619611897834,12.26788,-1.65199,-10.63504,0.09004,-0.04327,-1.44333
1619611897854,-19.6127,-19.6133,19.6127,-0.22633,0.34874,-1.52748
1619611897874,-1.43173,-10.83136,9.94551,-0.38292,-0.18602,-1.56583
1619611897894,9.41878,15.13614,-0.54587,0.50337,-0.07629,-1.50724
1619611897914,-2.8874,0.1628,2.54743,0.16887,0.02703,-1.4902
1619611897934,-4.30477,9.92157,19.6127,-0.21674,-0.03368,-1.53068
1619611897954,-7.67581,18.96686,19.6127,-0.08145,0.07922,-1.54559
1619611897974,10.42914,-2.80121,1.29765,-0.14004,0.11118,-1.59566
1619611897995,1.32638,-0.84754,6.6032,-0.02393,-0.13275,-1.56264
1619611898014,-6.56968,19.6127,-12.64138,-0.04097,0.08562,-1.48594
1619611898034,-19.6127,10.52012,1.42215,0.02719,0.06325,-1.50511
1619611898054,1.38863,19.6127,-6.0669,0.03571,-0.01238,-1.5179
1619611898074,-10.93192,15.3995,4.30956,-0.09104,-0.1221,-1.39433
1619611898094,-19.6127,16.1417,19.6127,-0.03352,0.00466,-1.57649
1619611898114,3.72058,3.055,19.6127,-0.28279,0.05259,-1.55305
1619611898134,-16.92221,-1.11569,11.27669,-0.17839,0.16338,-1.67023
1619611898154,-6.73249,19.6127,5.12837,-0.10489,0.11438,-1.53601
1619611898174,19.6133,-13.75708,5.72693,-0.21994,-0.23182,-1.57435
1619611898194,19.6133,-9.50019,19.6127,0.07619,-0.04647,-1.61697
1619611898214,-9.55286,-0.60812,19.6127,0.02826,-0.04966,-1.59566
1619611898234,-8.9591,-1.0295,13.81933,-0.15602,-0.07949,-1.57862
1619611898254,-2.01591,-14.96854,17.53992,0.19337,-0.03475,-1.67342
1619611898274,-2.48518,-0.43574,2.47081,0.17526,0.08242,-1.63401
1619611898294,-16.85517,-11.08515,19.6127,-0.0463,-0.16365,-1.66171
1619611898314,-5.21457,19.6127,-2.59052,0.11348,-0.08801,-1.68621
1619611898334,-12.57434,-6.51222,10.38604,-0.00476,0.14207,-1.60205
1619611898354,19.6133,-19.6133,1.21146,-0.02073,-0.28828,-1.5882
1619611898374,15.5671,-19.6133,18.11931,-1.24046,1.23397,-2.03774
1619611898396,-4.43406,18.44492,-6.41646,0.34464,-0.68243,-1.70006
1619611898414,13.6661,0.33518,-8.4228,-0.68226,-0.43955,-1.52109
1619611898434,-8.74362,3.42849,13.68525,0.32334,0.39348,-1.67449
1619611898454,-17.28134,19.6127,3.80199,-0.32966,-0.43209,-1.68408
1619611898474,10.59194,-2.51391,8.40364,0.26581,0.04727,-1.59992
1619611898494,-0.22026,19.6127,4.40054,-0.09956,-0.01451,-1.63188
1619611898514,14.60941,-4.72136,5.02782,-0.03778,-0.12956,-1.51896
1619611898534,2.19308,7.83861,5.56412,-0.0953,-0.01664,-1.52003
1619611898554,10.1131,-4.15154,14.71476,-0.13152,0.10479,-1.5179
1619611898574,13.85285,-14.27423,19.6127,-0.09211,-0.20626,-1.46676
1619611898594,14.57111,3.16034,6.33984,-0.00262,0.0952,-1.55731
1619611898614,-12.29662,12.99572,8.90643,0.06448,-0.1988,-1.54027
1619611898634,11.51611,-19.6133,7.04374,-0.15709,-0.10399,-1.58394
1619611898654,-10.48181,3.8786,3.10767,-0.05695,0.68216,-1.6404
1619611898675,-17.60217,19.6127,6.69418,-0.23485,-0.27124,-1.55092
1619611898694,-4.55377,11.30542,11.3964,0.36275,0.06964,-1.6127
1619611898714,19.55105,16.32845,0.23942,0.35529,-0.16684,-1.49872
1619611898734,14.74349,0.10534,-15.00685,-0.00902,0.05472,-1.60738
1619611898754,13.73792,-1.08696,18.19593,-0.07932,0.10799,-1.51577
1619611898774,-19.6127,17.46809,13.36443,0.08791,0.15379,-1.46889
1619611898794,-12.32535,18.15283,16.56308,-0.56189,0.03129,-1.50085
1619611898815,8.44195,15.93101,11.2719,-0.32007,0.04301,-1.39539
1619611898834,-2.09732,0.39264,14.7387,-0.11341,-0.02303,-1.6926
1619611898854,-2.17393,15.524,6.04775,0.15929,0.02703,-1.52748
1619611898874,-5.80833,19.6127,15.75863,0.15076,-0.10506,-1.50085
1619611898894,-11.59272,-19.6133,19.6127,0.11987,-0.04327,-1.69047
1619611898914,-19.6127,-18.69871,19.6127,-0.73659,0.3988,-1.52322
1619611898934,1.62805,-1.46046,10.01255,-0.03778,-0.12104,-1.5637
1619611898954,-13.88158,19.6127,-7.75721,0.2999,0.2518,-1.59459
1619611898974,11.42034,4.11323,-2.92092,-0.06334,-0.30852,-1.53601
1619611898994,-12.33971,17.15684,10.95107,-0.12513,0.06218,-1.55198
1619611899014,-7.00543,0.29209,12.54561,-0.09317,0.16018,-1.6404
1619611899034,-13.35964,-12.24394,19.6127,-0.09317,-0.10825,-1.63721
1619611899054,-17.31486,4.50588,19.6127,-0.01328,-0.10293,-1.54027
1619611899074,7.27358,4.18027,15.4809,0.05915,0.08349,-1.63294
1619611899094,5.2002,-4.64953,7.47948,-0.16561,-0.11677,-1.60844
1619611899114,1.90099,18.00439,5.2816,-0.09637,0.19001,-1.55411
1619611899134,-14.11142,-3.0933,16.49126,-0.14857,-0.12636,-1.57009
1619611899154,9.77313,1.06302,-3.24653,-0.14324,-0.03368,-1.63507
1619611899174,19.6133,1.38384,-10.3621,-0.12833,0.0494,-1.61057
1619611899194,-0.80924,-6.47871,19.6127,0.13905,-0.19773,-1.54666
1619611899214,-10.58237,9.22246,9.47625,0.1742,0.05366,-1.6404
1619611899234,-10.09874,19.6127,-12.55519,-0.01008,-0.03688,-1.44546
1619611899254,-8.32703,-19.6133,19.6127,0.01761,0.24114,-1.53494
1619611899274,-19.6127,2.26491,8.66701,-0.38719,-0.06032,-1.44865
1619611899294,-19.60372,1.16837,16.7642,-0.29557,0.34341,-1.39326
1619611899315,1.83874,6.05254,-1.51313,-0.18585,-0.202,-1.53068
1619611899334,-9.17936,2.50912,15.59583,0.171,0.33276,-1.61057
1619611899354,-12.19127,-14.4083,13.81933,-0.26468,-0.03688,-1.57009
1619611899374,0.68474,-8.86333,15.46654,0.09537,0.04727,-1.4657
1619611899394,19.6133,-7.93917,-5.47314,0.00802,-0.15512,-1.5914
1619611899414,19.6133,-19.6133,1.04866,0.3489,-0.03901,-1.37622
1619611899434,1.14442,15.73469,19.6127,-0.17413,-0.1008,-1.47315
1619611899454,-6.75164,19.6127,4.97515,-0.09317,0.19534,-1.43907
1619611899474,-0.62728,9.89763,16.79771,-0.35736,-0.10506,-1.50724
1619611899494,-2.92092,-15.38514,7.9679,0.35316,-0.22117,-1.49979
1619611899514,11.30542,0.42137,19.6127,-0.23592,-0.37244,-1.53814
1619611899534,-2.45645,-19.6133,19.6127,0.09537,0.18362,-1.65318
1619611899554,11.81778,-17.07544,-3.68228,-0.074,-0.31065,-1.49872
1619611899574,9.63905,0.33518,-10.91756,0.0485,0.00039,-1.5637
1619611899594,11.95664,7.00543,19.46007,-0.04097,-0.14234,-1.52642
1619611899614,-2.09732,-7.86734,-1.83874,0.31694,-0.15512,-1.49766
1619611899634,-9.89763,0.4501,19.6127,0.05809,-0.0699,-1.4412
1619611899654,-12.18169,1.18273,19.6127,0.10283,0.21771,-1.47848
1619611899674,-10.07001,-5.49708,19.6127,-0.28066,0.09201,-1.49872
1619611899694,-12.78503,-1.00077,3.95043,-0.14963,0.10586,-1.52642
1619611899714,-5.48272,7.17302,19.6127,-0.24231,-0.05819,-1.57435
1619611899734,14.06354,0.65601,19.6127,-0.07613,-0.09653,-1.56157
1619611899754,15.71554,-5.72693,3.43328,0.03039,-0.14341,-1.53707
1619611899774,11.066,-19.6133,16.72589,0.11028,0.19321,-1.5669
1619611899794,19.6133,2.87304,-5.35343,-0.05482,-0.21371,-1.45078
1619611899814,-3.78283,4.63517,19.6127,0.00482,0.1474,-1.58714
1619611899834,-9.20331,13.74271,19.6127,-0.21887,-0.11677,-1.56264
1619611899854,8.81545,-19.6133,19.6127,-0.01647,0.13781,-1.52961
1619611899874,0.78529,11.36288,-19.6133,-0.17413,0.0952,-1.54772
1619611899894,-14.6142,4.21379,19.6127,-0.18478,0.08562,-1.52429
1619611899894,5.58327,17.95172,2.61925,0.06661,-0.10719,-1.59992
1619611899934,-19.6127,-3.39976,9.89763,0.12413,0.14421,-1.57755
1619611899954,-2.66714,-10.96544,17.22867,0.00269,-0.15512,-1.63401
1619611899974,-4.96557,6.52659,14.0779,0.15396,-0.01131,-1.47742
1619611899994,4.8698,10.53927,9.37569,0.07513,-0.15619,-1.57116
1619611899994,1.16837,9.96945,7.09641,0.01228,0.18255,-1.54666
1619611900034,-1.41736,-4.77882,19.6127,-0.27427,0.08775,-1.51896
1619611900054,-4.21858,19.6127,10.39562,-0.07719,-0.02303,-1.61164
1619611900074,14.28859,-10.10831,8.01578,0.08791,-0.03262,-1.53814
1619611900094,7.30231,5.46356,-5.60243,0.38086,-0.20839,-1.47742
1619611900116,19.6133,12.22,19.6127,0.01867,-0.26911,-1.5115
1619611900134,19.6133,-19.6133,5.10922,-0.16561,0.17084,-1.62762
1619611900154,-12.63659,-7.32146,19.6127,-0.20076,-0.38416,-1.51577
1619611900174,8.55208,17.8368,-13.44104,0.27966,-0.1466,-1.50618
1619611900194,-3.65834,-10.49618,19.6127,-0.17307,0.15912,-1.59246
1619611900214,-3.44765,7.00064,14.77701,-0.41808,0.05898,-1.50085
1619611900234,-6.02381,19.6127,-13.52724,-0.18372,-0.10932,-1.56264
1619611900254,0.0814,-2.26012,10.62067,0.00908,0.34128,-1.56903
1619611900274,-15.65807,19.6127,0.26815,-0.15602,0.19321,-1.58394
1619611900294,19.6133,-19.6133,17.93257,-0.0431,-0.00599,-1.66916
1619611900315,-4.21379,4.68784,19.6127,0.01334,0.03874,-1.6649
1619611900334,11.92312,-11.56399,11.74116,-0.23485,-0.02516,-1.5424
1619611900354,-8.76756,11.74595,19.6127,-0.00689,-0.14767,-1.59459
1619611900374,2.49475,10.67814,12.7563,0.00589,0.06538,-1.72243
1619611900394,-7.80509,11.77468,7.16823,0.03358,0.19747,-1.59033
1619611900415,-12.04283,-0.40701,7.47948,0.03998,-0.04008,-1.59779
1619611900434,-19.44091,-15.91665,-19.6133,-0.00795,0.24541,-1.70112
1619611900454,-4.0462,15.98369,-8.8777,-0.30729,0.06964,-1.6926
1619611900474,9.94072,-16.3476,19.6127,0.25942,-0.43742,-1.59353
1619611900494,-19.6127,-3.52905,19.6127,-0.09424,-0.11038,-1.58181
1619611900517,-11.96622,8.35576,8.57124,0.073,0.03981,-1.5914
1619611900534,-11.96622,8.35576,8.57124,0.073,0.03981,-1.5914
1619611900554,-5.5737,2.88261,-0.1628,0.03465,0.02703,-1.63401
1619611900574,-15.38035,19.6127,14.29338,-0.35842,0.26884,-1.54772
1619611900594,-6.99585,-1.50834,17.49203,0.02613,0.02596,-1.54133
1619611900614,15.35162,-13.73792,10.26154,0.0208,-0.08801,-1.62868
1619611900634,-9.23683,3.60087,-6.16746,0.10602,0.28482,-1.67982
1619611900654,-13.46499,18.33,7.14908,-0.41808,-0.12743,-1.51257
1619611900674,0.72783,2.70544,-3.42849,-0.00795,-0.04647,-1.64892
1619611900694,-4.51067,14.46097,3.53863,0.35636,0.3775,-1.63827
1619611900715,13.69004,-4.4149,-5.74129,-0.10489,-0.27976,-1.53707
1619611900734,-12.11466,-9.48582,19.6127,-0.06761,-0.16471,-1.50937
1619611900754,2.16914,-18.92376,18.52154,-0.13046,-0.03262,-1.67769
1619611900774,19.6133,-15.17445,3.27047,0.08898,0.27736,-1.60951
1619611900794,-16.69237,19.6127,-7.92959,0.13265,-0.19987,-1.47635
1619611900816,-16.09861,5.41089,3.94085,0.03571,0.0984,-1.62442
1619611900834,13.80017,-18.03312,11.93749,-0.06761,-0.11784,-1.46357
1619611900854,14.89193,-9.35654,12.05241,-0.2455,-0.06564,-1.46037
1619611900874,-4.05098,-12.46421,1.90099,-0.16668,0.10266,-1.55305
1619611900894,2.3511,3.70143,-4.58729,-0.02393,0.2241,-1.56051
1619611900914,-5.17147,6.05733,13.98692,-0.00582,0.13675,-1.47529
1619611900934,-2.1452,-0.91937,10.17535,-0.22313,-0.12636,-1.4657
1619611900954,-5.87537,-8.44674,19.46485,-0.13259,0.04514,-1.43481
1619611900974,-4.50588,-9.94551,19.6127,0.07193,0.16231,-1.39965
1619611900994,-13.94383,15.50963,14.83447,-0.46495,0.02277,-1.40924
1619611901014,8.55208,8.75799,19.6127,-0.50436,-0.02942,-1.36343
1619611901034,11.53526,-4.54419,-10.82179,0.00802,0.08242,-1.43587
1619611901054,-5.7365,12.2631,4.71657,0.00908,-0.09653,-1.40391
1619611901074,9.08838,-0.33518,10.79306,-0.02073,-0.10506,-1.34958
1619611901095,3.63918,19.6127,1.41257,-0.25722,-0.1466,-1.41989
1619611901114,19.6133,2.03028,-19.6133,0.03571,0.14314,-1.49872
1619611901134,11.83214,1.21625,3.50989,0.13905,-0.14341,-1.43694
1619611901154,-19.6127,5.64073,3.10767,-0.25722,0.17829,-1.48487
1619611901174,10.47702,19.6127,0.13886,-0.08572,-0.48536,-1.56477
1619611901194,-10.33816,19.6127,11.3533,0.44691,0.29973,-1.48913
1619611901214,-11.41555,3.86424,6.61757,-0.37547,0.03448,-1.53707
1619611901234,19.6133,13.19683,-19.6133,-0.25935,0.00892,-1.64466
1619611901254,0.05267,1.7717,19.6127,0.0975,0.03874,-1.60631
1619611901274,-7.9679,-16.42901,16.51999,0.0698,-0.0241,-1.54772
1619611901294,9.77313,6.34942,14.04438,-0.25083,-0.24887,-1.48381
1619611901314,-0.67516,-3.74931,-1.62326,0.16994,-0.0731,-1.57542
1619611901334,-1.26892,7.90565,7.20175,-0.0218,0.01318,-1.53174
1619611901354,-3.56736,19.6127,0.87148,0.03678,0.25073,-1.62868
1619611901374,-10.97502,9.63426,-0.77093,-0.025,-0.11571,-1.53068
1619611901394,-4.5825,-7.79552,19.6127,-0.26042,0.48083,-1.53814
1619611901414,14.18803,17.1329,13.73314,-0.38825,-0.08482,-1.63294
1619611901434,14.31253,-5.52102,-16.41464,0.36914,-0.15406,-1.59459
1619611901454,4.93684,5.35822,-2.51391,0.1252,-0.04114,-1.47848
1619611901474,6.17225,0.37828,-1.55144,-0.01754,-0.05499,-1.55198
1619611901494,-19.6127,-19.6133,-5.49229,-0.35097,0.2731,-1.57222
1619611901514,-6.28717,-13.24472,19.6127,-0.43832,0.28375,-1.49766
1619611901534,6.66545,5.14753,8.08761,0.15396,-0.34261,-1.51683
1619611901554,-11.18571,19.6127,-8.7915,0.41921,0.10586,-1.47742
1619611901574,14.79616,-8.90164,-11.19049,-0.49158,-0.18282,-1.39539
1619611901594,-8.94473,3.0933,19.6127,-0.05482,0.14634,-1.57542
1619611901614,-0.75656,3.18428,11.01332,-0.40956,-0.00173,-1.50298
1619611901634,-10.97023,19.6127,-14.96376,0.03571,0.29973,-1.51257
1619611901654,-3.9217,-12.37323,-1.57538,0.05169,-0.31278,-1.41457
1619611901674,5.26245,0.37349,13.13459,-0.00049,-0.0486,-1.53387
1619611901694,1.43173,1.33117,19.6127,-0.05589,0.04301,-1.50298
1619611901714,-4.73573,-14.66688,-19.6133,-0.01647,-0.21052,-1.47635
1619611901734,3.38061,10.39562,7.26879,-0.03778,0.06218,-1.62336
1619611901754,1.37906,0.06224,17.43936,-0.17946,-0.01025,-1.5914
1619611901774,-18.88546,17.08981,13.78102,-0.26788,-0.51199,-1.49553
1619611901794,-19.33557,19.6127,1.9393,-0.16561,0.10692,-1.63934
1619611901814,19.6133,-8.11155,19.6127,0.64291,0.01531,-1.62442
1619611901834,9.13148,3.78762,13.52724,0.05809,-0.1956,-1.54772
1619611901854,-6.45955,-4.6639,-5.78918,-0.31794,-0.14554,-1.57542
1619611901874,0.32561,-1.55623,19.6127,0.04637,0.30399,-1.63188
1619611901894,6.35421,-5.40131,-3.14598,-0.18478,0.01318,-1.51683
1619611901914,0.17717,5.44441,5.00867,-0.18052,0.22197,-1.49979
1619611901934,15.20318,-14.39872,-2.98796,-0.03778,-0.17749,-1.54346
1619611901954,19.6133,-14.85362,0.26815,0.01654,0.00359,-1.54666
1619611901974,-19.29247,19.6127,19.6127,-0.03245,-0.03049,-1.59246
1619611901994,-14.40351,5.23851,-2.60489,0.31694,-0.05392,-1.46357
1619611902014,6.24886,17.73624,19.6127,-0.05589,-0.05925,-1.54559
1619611902034,-6.50744,1.78128,19.6127,-0.0218,-0.01451,-1.57649
1619611902054,-7.6375,-0.97683,19.6127,-0.1475,0.03981,-1.54453
1619611902074,19.6133,-19.6133,8.47068,-0.34777,0.08881,-1.56477
1619611902094,12.94305,-6.74207,15.55752,-0.09104,0.12716,-1.51683
1619611902114,-11.45864,1.37427,19.6127,0.12094,0.07177,-1.54559
1619611902134,-1.68072,-5.17147,0.26815,-0.14963,-0.15939,-1.45931
1619611902154,-3.64397,-0.22984,14.35563,-0.23166,0.00679,-1.59033
1619611902174,12.66053,-19.6133,19.29726,0.05915,-0.01877,-1.60312
1619611902194,-3.44286,19.6127,-15.71554,0.18485,-0.03049,-1.6159
1619611902214,-19.6127,19.6127,1.5275,-0.22953,0.0984,-1.64892
1619611902234,-11.67891,14.06832,19.6127,0.17526,-0.19241,-1.56796
1619611902254,3.055,-0.63206,-1.38863,0.05489,0.24221,-1.53281
1619611902274,18.84715,5.09964,-12.31577,-0.13685,-0.02729,-1.68834
1619611902294,-15.64371,19.6127,2.26012,-0.11874,0.01105,-1.62123
1619611902314,-8.34618,15.99326,1.29765,0.0943,-0.07523,-1.60418
1619611902335,-0.97204,9.48582,14.29338,0.07193,0.00998,-1.74054
1619611902354,-3.33272,1.66157,12.08593,-0.25083,0.03342,-1.60099
1619611902374,-6.95276,13.01488,4.59207,-0.03245,-0.15086,-1.64253
1619611902394,-4.88417,-0.37349,17.8751,-0.13791,0.21984,-1.70858
1619611902414,-15.73948,19.6127,4.56334,0.00589,-0.16897,-1.62975
1619611902436,-11.90397,15.46175,14.31732,-0.1198,-0.13595,-1.5669
1619611902454,10.75954,3.49074,0.91458,0.08898,-0.40866,-1.60418
1619611902474,2.83473,8.34139,8.78193,-0.77494,0.2241,-1.91311
1619611902494,-19.6127,19.02911,18.21029,1.12441,-0.10399,-1.80232
1619611902514,-8.45632,-6.21534,19.6127,-0.96775,-0.21904,-1.73414
1619611902536,2.98796,7.33583,4.25689,-0.18585,0.36258,-1.72882
1619611902554,-8.7532,15.22233,6.90008,0.02613,0.0217,-1.75865
1619611902574,-9.11233,-15.25106,19.6127,-0.03991,-0.18708,-1.55092
1619611902594,-8.81545,5.85621,19.6127,0.19657,-0.22969,-1.58288
1619611902614,19.6133,-3.25132,11.37724,0.03998,0.16018,-1.66916
1619611902637,-13.71877,-4.05098,7.80509,-0.2764,-0.07523,-1.54346
1619611902655,-13.39316,-14.5328,7.34541,0.00695,0.17616,-1.54985
1619611902674,-7.81946,7.99663,19.6127,0.01441,-0.22863,-1.4625
1619611902694,-4.458,3.40934,-7.34062,-0.03778,-0.39268,-1.52642
1619611902714,-3.29442,-2.37504,4.0845,-0.20183,0.14314,-1.58288
1619611902736,1.81959,-4.40054,17.90862,-0.03565,0.30613,-1.65851
1619611902754,-4.9943,-1.42215,17.16163,-0.19757,0.03022,-1.58394
1619611902774,-1.80043,16.25184,4.17069,0.01015,0.06751,-1.58075
1619611902794,-0.0383,19.6127,12.54561,0.24664,0.00359,-1.59353
1619611902814,12.07156,-2.00155,13.72835,0.10283,-0.03049,-1.52109
1619611902835,-19.6127,-19.6133,17.12333,0.02506,0.15379,-1.58075
1619611902854,2.4756,-7.1826,17.54949,-0.25509,0.15805,-1.57116
1619611902874,4.41011,-19.6133,19.6127,-0.3222,-0.16897,-1.46783
1619611902894,-4.0031,-19.36909,15.11698,0.01334,-0.01877,-1.60738
1619611902914,5.0374,4.92247,5.66946,0.23172,-0.07736,-1.56157
1619611902934,6.55532,-15.14093,19.6127,0.01228,0.03768,-1.57649
1619611902954,8.12592,-19.6133,19.6127,-0.33286,0.15379,-1.56477
1619611902974,7.07247,-2.14041,3.95522,-0.3531,0.08029,-1.53281
1619611902994,2.28885,12.70842,0.77093,0.05276,0.05685,-1.5424
1619611903014,19.6133,19.6127,19.6127,0.26262,-0.1743,-1.56903
1619611903036,-1.39821,-16.49126,19.6127,-0.00049,0.01105,-1.48381
1619611903054,17.21909,-18.53112,0.16759,-0.04843,0.08881,-1.53707
1619611903074,-5.17626,15.65807,19.6127,-0.0953,-0.07843,-1.56264
1619611903094,-15.524,2.40856,11.04684,-0.14217,-0.11464,-1.57542
1619611903114,-4.24252,-11.72201,9.09317,0.04317,0.19001,-1.64573
1619611903114,8.84896,-18.01397,7.83861,-0.17733,-0.00492,-1.64679
1619611903154,-9.05487,7.3885,8.18816,-0.16454,-0.17004,-1.61483
1619611903174,10.6111,-19.6133,19.6127,0.19231,0.18788,-1.6127
1619611903194,-0.29688,10.76433,2.04464,-0.31155,-0.33089,-1.53387
1619611903214,2.02549,2.59052,-8.08761,0.03252,0.31465,-1.54027
1619611903234,4.93684,-19.6133,18.79927,-0.27746,0.00998,-1.64253
1619611903254,15.84003,2.8491,12.11944,-0.0431,-0.01984,-1.61483
1619611903274,8.33661,19.6127,19.6127,0.04317,0.05898,-1.52748
1619611903294,1.90099,-11.30063,19.6127,0.02187,0.0494,-1.57009
1619611903314,12.81376,-0.40222,-1.31681,-0.08785,0.09307,-1.56477
1619611903334,19.6133,5.20978,13.42189,-0.10382,-0.06884,-1.51044
1619611903354,14.62857,12.51688,-3.14598,0.23385,-0.14128,-1.44865
1619611903374,-9.80665,16.45295,9.83538,-0.0985,0.00466,-1.52322
1619611903394,-0.55545,4.83149,2.82515,0.073,0.13888,-1.54453
1619611903414,-19.6127,4.64475,19.6127,-0.08998,0.00572,-1.59673
1619611903434,16.33803,-19.6133,-3.99831,-0.55869,0.2209,-1.51363
1619611903454,14.59505,3.7541,19.6127,-0.13578,0.09733,-1.48807
1619611903474,-0.00957,-8.40364,10.66856,-0.06974,-0.00279,-1.37728
1619611903494,5.79875,-5.59285,16.95573,-0.08358,0.01637,-1.47848
1619611903514,10.54406,13.47456,14.68124,-0.09211,-0.04008,-1.49339
1619611903534,-5.00867,-7.05331,19.6127,-0.17413,-0.18921,-1.50724
1619611903554,-19.6127,11.24795,19.6127,-0.13685,0.23156,-1.50618
1619611903574,-0.75656,9.04529,1.75255,-0.38079,-0.21904,-1.53601
1619611903594,1.32638,1.66157,17.19036,0.21681,0.07283,-1.47955
1619611903614,6.96233,11.35809,8.39885,-0.15602,-0.13915,-1.47422
1619611903634,4.64475,4.46279,6.25844,0.05915,-0.19134,-1.46783
1619611903654,-4.81713,7.7189,13.19205,-0.30303,-0.00492,-1.52535
1619611903674,-9.38527,12.56955,5.27203,-0.03884,0.15166,-1.55625
1619611903694,3.70143,3.28005,7.75721,0.11774,0.0217,-1.55518
1619611903714,-13.35485,5.63116,19.6127,-0.26468,0.05579,-1.55944
1619611903734,2.21224,9.85932,-6.72291,-0.11661,0.11864,-1.55411
1619611903754,-3.51468,11.3102,17.03235,-0.025,0.00572,-1.48381
1619611903774,-15.50963,19.6127,7.66144,-0.18052,-0.04008,-1.5179
1619611903794,6.21055,10.10831,5.37737,-0.14324,0.1261,-1.50192
1619611903814,-9.74918,0.25378,15.90707,-0.17626,0.04087,-1.60099
1619611903834,-10.82658,-1.00556,7.264,0.0698,-0.11464,-1.46357
1619611903854,13.64216,11.46822,-6.09563,0.0943,0.14421,-1.66277
1619611903874,9.84016,18.96686,19.6127,-0.00156,-0.0976,-1.53281
1619611903894,8.26478,19.6127,2.65756,-0.00262,0.18469,-1.48807
1619611903914,4.83149,1.35032,1.59932,-0.00262,-0.15193,-1.66277
1619611903935,19.6133,7.09162,-2.37983,0.10389,-0.02836,-1.56051
1619611903954,-17.9182,13.6661,15.02601,0.02506,0.00892,-1.51577
1619611903974,-19.6127,6.50744,19.6127,-0.05056,-0.04434,-1.57009
1619611903994,3.4237,-12.00452,1.19231,-0.25083,0.24008,-1.65958
1619611904014,0.94331,-2.49475,16.35718,-0.46921,0.11864,-1.57435
1619611904034,-5.87537,-4.18506,19.6127,-0.0495,0.03129,-1.61697
1619611904054,-3.64397,-12.04283,18.95728,0.11135,0.0249,-1.60844
1619611904074,-14.45618,19.6127,15.51442,-0.00476,0.03235,-1.36982
1619611904094,-19.6127,1.09654,6.98628,-0.67587,0.26671,-1.57222
1619611904114,-19.6127,3.98874,10.33816,0.03678,0.14953,-1.60418
1619611904134,19.6133,12.27746,0.14365,0.13478,-0.28083,-1.36024
1619611904154,10.52012,-2.54264,0.64643,0.22107,-0.20519,-1.48381
1619611904174,0.36391,16.02199,-13.69004,-0.14857,-0.20413,-1.51363
1619611904194,2.21703,-2.10689,8.12113,-0.34138,-0.0209,-1.60312
1619611904214,17.00841,-10.60152,-6.38294,-0.14111,0.03022,-1.53494
1619611904234,-0.10534,19.6127,-7.49863,0.03039,-0.10719,-1.5392
1619611904254,-10.63983,1.1109,9.56723,0.15289,-0.18389,-1.42841
1619611904274,12.78503,-8.20253,19.6127,-0.07932,-0.20626,-1.45824
1619611904294,-7.07726,-18.73702,19.6127,-0.02073,0.02809,-1.57968
1619611904314,2.56179,-4.44363,-14.78659,-0.03671,0.24967,-1.62229
1619611904334,12.36844,-15.90707,19.6127,-0.12406,0.00572,-1.62975
1619611904354,-4.5394,19.14403,-19.6133,0.01867,-0.12317,-1.5115
1619611904374,-1.50834,16.95573,-1.55623,0.04104,-0.04008,-1.52642
1619611904394,12.24873,-6.8522,11.32936,0.01867,-0.02836,-1.62549
1619611904415,-19.6127,7.61834,12.78982,-0.00156,0.02596,-1.63827
1619611904434,-3.33751,15.72511,19.6127,0.2477,0.4297,-2.03561
1619611904454,1.11569,-3.47159,15.88792,-0.14004,-0.36392,-1.61057
1619611904474,1.30244,-19.6133,19.6127,0.0453,0.23688,-1.68195
1619611904494,-19.6127,-2.4325,12.13381,-0.43619,0.20066,-1.67662
1619611904514,-2.65277,19.6127,19.43612,-0.03458,-0.35113,-1.5914
1619611904534,5.0374,-5.27682,13.11543,0.18592,-0.22756,-1.58075
1619611904555,-10.67335,19.6127,19.6127,0.07833,-0.04966,-1.60631
1619611904574,-12.23437,19.6127,-5.86579,-0.15496,-0.00918,-1.57649
1619611904594,-4.09408,-18.76575,18.87588,-0.13152,-0.09547,-1.57649
1619611904614,-1.67594,-6.12915,14.29338,-0.0985,-0.05286,-1.5424
1619611904634,19.6133,-17.50161,-6.84262,-0.11554,-0.15832,-1.60844
1619611904656,-16.83602,19.6127,14.40351,0.22959,0.2273,-1.70538
1619611904674,-13.89594,12.00452,12.70363,-0.12406,0.16338,-1.6127
1619611904694,19.6133,-19.6133,0.13407,-0.19863,-0.07523,-1.55838
1619611904714,-9.10275,19.6127,11.27669,-0.09317,0.15912,-1.6191
1619611904734,-5.31991,19.6127,-4.65911,0.06767,0.11544,-1.4902
1619611904754,4.53461,4.81234,19.6127,0.05702,-0.28083,-1.4103
1619611904774,11.09951,-8.48983,-1.0295,0.38299,0.09201,-1.49126
1619611904794,19.6133,19.6127,-9.15542,-0.01754,0.03874,-1.62016
1619611904814,-19.6127,19.6127,19.6127,0.05489,-0.23182,-1.38367
1619611904835,-4.30956,-16.14649,19.6127,-0.02073,0.04514,-1.52642
1619611904856,-8.53772,-8.80108,4.23294,-0.25616,0.06964,-1.44865
1619611904874,-9.16979,19.6127,19.6127,-0.24657,0.26778,-1.35811
1619611904894,-10.99896,19.6127,19.6127,-0.21994,0.02809,-1.53814
1619611904914,19.6133,19.6127,-9.89284,0.06341,-0.09227,-1.4657
1619611904934,15.07868,-9.65342,1.38863,0.1987,0.02277,-1.48807
1619611904956,-1.41736,-3.41413,11.08994,-0.20609,-0.02942,-1.48381
1619611904974,5.44441,16.94137,15.6485,-0.41595,0.08988,-1.39859
1619611904994,-5.59285,15.74427,4.02225,0.11561,0.10799,-1.46676
1619611905014,18.55985,11.34372,4.31435,-0.30622,0.03235,-1.34319
1619611905034,-11.77468,19.6127,5.23851,0.00695,-0.00066,-1.32934
1619611905056,-8.09719,3.43807,19.6127,-0.02926,-0.05179,-1.46463
1619611905074,-12.55998,5.65989,19.6127,-0.29238,-0.00173,-1.40924
1619611905094,7.15866,-19.6133,17.14248,-0.00156,0.01318,-1.51363
1619611905114,7.59919,4.67348,12.55519,-0.15176,-0.1988,-1.42202
1619611905134,19.6133,-19.6133,15.29894,-0.09743,0.03022,-1.49446
1619611905154,2.19308,19.02911,11.11867,0.1955,-0.12423,-1.51577
1619611905175,18.53112,-19.6133,16.82644,0.07406,-0.08375,-1.32402
1619611905194,-19.6127,19.6127,0.66558,-0.11874,-0.28083,-1.52535
1619611905214,-5.79875,7.90086,19.6127,0.08046,0.22517,-1.70964
1619611905234,-5.34864,5.41089,-5.43962,-0.36908,-0.15406,-1.50085
1619611905255,-13.72835,6.43082,19.6127,-0.13685,0.12823,-1.61164
1619611905274,19.6133,-19.6133,14.22155,-0.11235,0.07816,-1.58181
1619611905294,-12.6749,12.83771,8.98304,-0.15283,-0.02516,-1.53494
1619611905314,-8.916,-19.6133,19.6127,-0.4511,-0.1711,-1.60631
1619611905334,4.90811,-19.6133,19.6127,0.40217,0.26565,-1.83961
1619611905354,1.69509,12.20564,-5.0757,0.01334,-0.20732,-1.53281
1619611905374,-16.13213,-2.00155,19.6127,-0.13472,-0.11571,-1.57862
1619611905394,2.67192,7.19697,-7.2257,-0.13791,0.25073,-1.7203
1619611905414,16.38591,4.63996,7.44596,-0.12726,0.20919,-1.62123
1619611905434,10.20408,-19.6133,-10.88404,-0.12513,-0.11571,-1.62868
1619611905454,17.31965,-10.07001,-3.30878,0.2232,-0.17856,-1.487
1619611905474,-11.51611,16.65885,19.6127,0.01228,-0.01238,-1.45824
1619611905494,0.74699,-11.26232,19.6127,0.01334,-0.12849,-1.47848
1619611905514,8.6287,-6.80911,0.82839,0.00802,0.15592,-1.59033
1619611905534,-4.4149,19.10573,2.74375,-0.19863,0.04194,-1.46676
1619611905554,5.39653,7.71411,15.42344,-0.03778,-0.10293,-1.47635
1619611905574,-2.74854,-8.45153,19.6127,-0.12833,-0.00918,-1.57222
1619611905594,-6.80432,0.14365,7.42202,0.20722,0.11651,-1.55518
1619611905614,17.07544,19.6127,-19.6133,0.05276,-0.12423,-1.49979
1619611905634,6.80911,-5.2002,-19.6133,0.02719,-0.05712,-1.54772
1619611905654,-7.47948,2.0638,19.6127,0.04211,-0.02303,-1.52109
1619611905674,0.32561,0.43574,17.86074,-0.33073,0.06005,-1.56157
1619611905694,13.00051,13.89594,3.53863,-0.04097,0.13036,-1.61164
1619611905714,19.6133,19.6127,8.8346,0.16248,-0.55886,-1.48381
1619611905734,0.40701,10.85052,-0.89543,0.18166,-0.04114,-1.56157
1619611905754,-10.07001,17.51598,19.6127,-0.10382,0.09414,-1.59886
1619611905774,4.0845,-19.6133,9.91199,-0.24657,-0.18282,-1.53494
1619611905794,-19.6127,-1.65678,6.55532,0.10602,0.00253,-1.62975
1619611905814,8.47068,0.60812,-15.88792,-0.13046,-0.00173,-1.62016
1619611905834,1.04866,-10.13226,13.17289,-0.17839,-0.27017,-1.52109
1619611905854,11.26232,-15.92144,4.49631,-0.09211,-0.06777,-1.62868
1619611905874,-0.09097,-7.24485,19.6127,-0.03352,0.15592,-1.69686
1619611905894,19.6133,-19.6133,6.5218,0.01547,-0.05712,-1.6159
1619611905914,17.42499,17.21909,19.6127,-0.04737,0.10905,-1.62016
1619611905934,-1.09654,-6.18661,8.94473,-0.09743,0.02596,-1.54027
1619611905954,-4.43406,18.73702,13.9965,-0.26468,0.12716,-1.58927
1619611905974,13.48414,-13.26387,19.6127,-0.09104,0.31145,-1.50298
1619611905994,8.60954,5.27682,19.6127,0.02932,-0.17963,-1.58181
1619611906014,-6.69897,-0.38307,3.95043,-0.14644,0.28162,-1.44226
1619611906034,3.68228,-13.77623,18.61731,-0.32007,-0.16897,-1.48807
1619611906054,-5.17147,8.18338,1.78128,0.122,-0.02516,-1.58607
1619611906074,-9.3278,19.6127,16.7642,-0.04417,0.10479,-1.4412
1619611906094,-9.32302,4.42448,19.6127,-0.10915,-0.12849,-1.49979
1619611906114,1.44609,-6.51222,5.24809,-0.03671,-0.00173,-1.57329
1619611906134,5.36301,-17.89426,2.20745,-0.23059,0.08881,-1.55518
1619611906154,-0.83318,-6.91445,11.91833,-0.10063,0.17297,-1.5147
1619611906174,19.6133,17.76497,-7.83382,0.33079,-0.18176,-1.53494
1619611906194,-11.6023,5.29597,15.773,-0.20822,0.02063,-1.43161
1619611906214,-9.01177,13.07234,19.6127,-0.37547,0.03448,-1.47848
1619611906234,5.14753,-8.98783,16.63491,-0.19757,0.00146,-1.57755
1619611906254,1.68072,-4.7884,17.23825,-0.11874,0.00572,-1.5424
1619611906274,-2.05901,-15.8544,19.6127,-0.31155,0.20919,-1.57009
1619611906294,8.1738,10.86967,-4.63517,-0.20289,-0.20732,-1.5882
1619611906314,-10.57279,19.6127,15.71554,0.27007,0.01211,-1.55518
1619611906334,8.18816,-1.97761,-11.50174,-0.0186,0.29441,-1.59566
1619611906354,-9.10275,12.66532,-1.28329,-0.31688,-0.01451,-1.58394
1619611906374,-11.28147,7.07726,2.50433,0.00802,0.24008,-1.61803
1619611906394,1.75255,4.03183,19.6127,0.00376,-0.07843,-1.66703
1619611906414,15.3564,11.41076,10.79306,0.01334,-0.18815,-1.57009
1619611906434,12.49773,1.29286,-5.7796,0.05276,-0.15832,-1.62975
1619611906454,7.57525,19.6127,-0.63206,0.15289,0.06751,-1.64573
1619611906474,7.48427,-0.65601,12.11466,0.07726,-0.24567,-1.60312
1619611906494,-3.72058,8.55687,-7.85777,0.02826,-0.22863,-1.54453
1619611906515,-8.66701,5.35343,15.62456,-0.02713,0.07922,-1.54453
1619611906534,7.40766,8.07803,8.03972,-0.15709,-0.15299,-1.57329
1619611906554,-8.88727,-12.33013,14.6142,-0.10489,0.08881,-1.61377
1619611906574,-2.97359,7.24964,10.22324,-0.01221,0.05259,-1.55092
1619611906594,-5.35343,2.87304,11.7268,0.0208,-0.09547,-1.57862
1619611906614,-5.91846,15.46175,-1.76213,-0.09637,-0.05925,-1.60418
1619611906634,-10.63025,5.34864,19.26853,-0.1965,0.03129,-1.44972
1619611906654,-2.37983,-4.59207,9.2895,-0.25509,0.06644,-1.56264
1619611906674,0.31124,-7.9679,15.33246,0.04211,0.07177,-1.5669
1619611906694,2.23139,1.67594,-9.3709,-0.1997,-0.16365,-1.55518
1619611906714,9.97424,-1.17794,-7.42202,0.14224,0.07177,-1.59992
1619611906734,9.97424,-1.17794,-7.42202,0.14224,0.07177,-1.59992
1619611906754,19.6133,-19.6133,12.61744,0.03145,-0.24887,-1.5637
1619611906774,6.17225,-7.11556,19.6127,-0.06015,0.11757,-1.6404
1619611906794,-1.00556,5.17147,-8.65264,0.00269,0.00359,-1.62868
1619611906814,-1.00556,5.17147,-8.65264,0.00269,0.00359,-1.62868
1619611906834,-2.74854,6.43561,-2.75812,0.2477,0.0249,-1.62016
1619611906854,-2.74854,6.43561,-2.75812,0.2477,0.0249,-1.62016
1619611906854,19.6133,-4.47236,-1.44609,-0.26042,0.23688,-1.62762
1619611906894,5.61679,4.209,-2.52348,-0.08039,0.23262,-1.71923
1619611906914,-1.41736,18.64604,-0.26815,-0.18478,-0.16791,-1.52535
1619611906934,-13.37401,-5.41568,0.40701,-0.00156,-0.03581,-1.46783
1619611906954,5.50187,19.6127,19.6127,0.18805,-0.22437,-1.5882
1619611906954,1.17794,-14.49928,16.17522,0.11454,0.15592,-1.60418
1619611906994,-0.39743,-6.40688,8.10197,-0.52673,0.17829,-1.58501
1619611907014,6.94797,-0.31124,15.92144,-0.27959,0.21025,-1.61803
1619611907034,19.6133,14.83926,11.99016,-0.06441,0.01424,-1.57968
1619611907054,0.52672,18.03791,19.6127,0.07619,-0.10719,-1.50618
1619611907076,12.02368,19.6127,-18.4976,0.06235,0.00146,-1.52216
1619611907094,19.6133,-8.29351,10.00297,0.09857,0.00572,-1.52855
1619611907115,7.1826,-13.17768,18.61252,-0.34031,0.0462,-1.53174
1619611907134,-12.71321,16.00284,14.47534,-0.06228,-0.07203,-1.56264
1619611907154,10.01255,-2.32716,-19.6133,0.21468,0.01105,-1.57116
1619611907175,15.21275,-19.6133,14.54238,-0.02926,-0.40333,-1.45824
1619611907194,-17.65963,-4.96078,19.30205,-0.19118,0.18895,-1.54346
1619611907214,19.6133,-19.6133,-3.37582,-0.2455,-0.01771,-1.52961
1619611907234,-2.14999,14.13057,10.72602,0.13585,-0.15832,-1.64466
1619611907254,19.6133,-19.6133,14.4897,0.0453,-0.05925,-1.47315
1619611907276,-19.6127,0.22505,19.6127,0.04956,0.03129,-1.61483
1619611907294,-3.33751,11.64539,6.61278,-0.05589,-0.04327,-1.54346
1619611907314,-17.67878,16.90306,19.6127,-0.05589,0.15699,-1.47635
1619611907334,18.07143,4.32392,2.02549,-0.123,-0.01344,-1.49446
1619611907354,-19.4888,14.03481,10.16099,0.03252,-0.0454,-1.58501
1619611907377,-6.80911,-8.76277,7.38371,-0.20716,0.18682,-1.62762
1619611907394,-1.33596,8.85854,2.29843,-0.44151,0.08135,-1.49872
1619611907414,13.44583,0.56982,10.53927,0.18379,-0.08162,-1.35917
1619611907434,-19.56541,-18.07143,2.22181,0.10922,0.0494,-1.44226
1619611907454,-1.37906,-19.6133,19.6127,-0.24764,0.1474,-1.5424
1619611907474,-19.6127,19.6127,19.6127,-0.02926,0.14634,-1.53707
1619611907494,-3.85945,-19.6133,19.6127,0.13585,-0.16152,-1.5115
1619611907514,4.01268,-19.6133,19.6127,-0.1965,0.17723,-1.57009
1619611907534,19.6133,5.82269,-19.6133,0.24131,-0.41611,-1.53601
1619611907554,-5.74608,-19.6133,19.6127,0.22533,-0.2478,-1.30697
1619611907575,2.40377,-19.6133,0.72783,-0.05056,-0.17749,-1.56051
1619611907595,11.92312,-11.3533,3.05021,-0.33499,0.03448,-1.53387
1619611907614,-5.81312,8.97346,3.73495,-0.07613,0.06644,-1.52855
1619611907634,-10.15141,19.6127,8.40843,-0.22846,-0.13382,-1.51683
1619611907654,19.6133,-19.6133,19.6127,-0.10382,0.30719,-1.47635
1619611907674,-1.39821,-2.65277,19.6127,-0.074,-0.25206,-1.5392
1619611907694,-11.79862,-8.52814,7.46033,0.12839,-0.25632,-1.48274
1619611907714,7.76679,-2.60489,-10.36689,0.27859,0.09307,-1.53494
1619611907734,-10.6494,12.09071,15.38035,0.02293,-0.00066,-1.53601
1619611907754,-10.90319,-19.6133,15.69159,-0.11767,0.01105,-1.50618
1619611907774,-12.83292,16.19438,17.41063,-0.24337,0.1996,-1.5914
1619611907794,18.62688,4.06056,-5.32949,-0.29983,-0.03688,-1.47529
1619611907814,6.73249,12.74673,19.6127,0.12626,-0.05286,-1.5669
1619611907834,-13.52245,0.67995,-5.99986,0.27859,-0.05925,-1.56583
1619611907854,-1.21625,-18.10974,19.6127,-0.27533,0.00785,-1.47848
1619611907874,-12.53125,-2.74375,11.83693,-0.25935,0.19853,-1.62123
1619611907894,-8.40843,-2.92571,3.56257,-0.38932,0.1751,-1.6649
1619611907914,17.23825,-19.31163,10.67814,0.22746,-0.33728,-1.54666
1619611907934,-11.09473,5.62637,14.25028,0.2232,0.21132,-1.54772
1619611907954,-19.6127,19.6127,7.95353,-0.26361,0.16977,-1.62442
1619611907974,13.9151,-19.6133,7.58961,-0.14324,-0.03368,-1.50831
1619611907994,5.71256,6.97191,4.27604,0.11881,-0.01344,-1.51363
1619611908014,-19.6127,-15.76342,5.13316,0.18379,0.00359,-1.47955
1619611908034,2.1883,-19.6133,19.6127,0.01228,0.05685,-1.45718
1619611908054,18.4976,6.09563,8.81545,-0.08998,-0.05925,-1.52429
1619611908074,-10.42914,17.05629,8.24084,-0.2242,0.04194,-1.52961
1619611908094,-0.26815,3.25611,12.37323,-0.08145,0.16018,-1.43374
1619611908114,18.53112,15.76821,-8.54251,-0.11448,-0.09014,-1.44652
1619611908134,-7.43639,-5.98071,19.6127,0.18272,0.15273,-1.55305
1619611908154,2.3942,12.32056,19.6127,-0.31688,-0.0699,-1.45398
1619611908174,7.91523,4.7884,10.10831,-0.03032,0.14953,-1.55944
1619611908194,-19.6127,-8.59997,19.6127,-0.21248,-0.06245,-1.53814
1619611908214,-2.45645,0.66079,-0.11492,0.01867,-0.20732,-1.57222
1619611908234,16.86954,-5.13316,0.0383,0.024,-0.14767,-1.50192
1619611908254,7.59919,-5.51145,19.6127,-0.28492,0.03661,-1.53281
1619611908274,-15.14572,7.66144,19.6127,0.03252,-0.1743,-1.48061
1619611908294,-19.6127,12.89038,15.0691,0.00695,-0.17536,-1.42415
1619611908314,-19.6127,-13.30697,19.6127,-0.28918,0.25819,-1.68727
1619611908334,5.84185,10.02212,11.77468,-0.08465,0.04407,-1.52003
1619611908354,-10.40041,14.13057,19.6127,0.15183,-0.14767,-1.54559
1619611908374,14.47534,-19.6133,19.6127,0.27114,0.07496,-1.63401
1619611908394,4.57771,-15.20318,19.6127,-0.28812,0.20919,-1.51044
1619611908414,4.23294,-4.53461,-10.92713,-0.12193,0.11651,-1.73095
1619611908434,19.6133,-13.71398,2.76769,-0.01541,0.36685,-1.846
1619611908454,15.275,-2.20745,-3.32315,0.23598,-0.18282,-1.60844
1619611908474,-3.39976,-0.65601,9.86411,-0.10489,-0.08269,-1.52535
1619611908494,19.6133,-16.11776,19.6127,-0.172,0.06111,-1.6404
1619611908514,-3.86903,-14.33169,-7.36456,0.01121,0.05472,-1.65531
1619611908534,19.6133,-6.51222,7.24006,0.10176,-0.00705,-1.55092
1619611908555,9.14106,-10.36689,19.6127,0.12626,-0.69521,-1.5424
1619611908574,-15.79694,19.08178,-17.32923,0.20509,0.16018,-1.53281
1619611908594,-0.34476,12.10987,-4.75488,-0.074,-0.28189,-1.4657
1619611908614,7.3071,-10.81221,1.16358,-0.24444,0.18362,-1.60631
1619611908634,-7.46512,10.93192,19.6127,-0.24231,0.13994,-1.44226
1619611908654,16.927,-19.6133,0.60333,0.04317,-0.18602,-1.54559
1619611908674,8.76277,14.68603,-2.16914,-0.15922,-0.10293,-1.5147
1619611908694,8.35576,19.6127,3.78762,0.09004,-0.15406,-1.71177
1619611908714,-2.0638,0.11971,18.69871,-0.07506,0.1261,-1.66703
1619611908734,-6.45955,-6.26323,18.88546,0.11135,-0.14554,-1.58714
1619611908754,19.6133,19.6127,0.35913,0.04317,0.21984,-1.56583
1619611908774,9.63905,-3.41413,-0.18674,-0.01328,-0.10612,-1.52535
1619611908794,-15.59583,0.58418,19.6127,-0.3009,0.20173,-1.59886
1619611908814,-18.54069,-19.6133,19.6127,-0.29664,0.08775,-1.5914
1619611908834,19.6133,1.58017,-19.6133,0.02187,-0.28615,-1.49233
1619611908854,-2.36547,1.00077,19.6127,0.22533,0.20812,-1.46144
1619611908874,3.88339,19.60851,12.31098,0.03358,-0.08801,-1.53387
1619611908894,5.91367,14.69561,9.77792,-0.08358,-0.12956,-1.32615
1619611908914,-1.3599,10.57758,-9.55286,0.04424,0.0984,-1.42841
1619611908934,-2.04943,11.1043,6.59841,-0.09956,0.00785,-1.45505
1619611908954,-12.35408,19.6127,19.6127,0.09111,0.15486,-1.45398
1619611908974,-1.56101,-17.22867,19.6127,-0.28172,0.08668,-1.48168
1619611908994,19.6133,-10.19929,-1.97282,-0.10596,0.08029,-1.57755
1619611909014,-6.33505,12.21521,14.9877,-0.2732,-0.12956,-1.42096
1619611909034,-9.83538,19.6127,16.05072,-0.21781,0.11438,-1.43054
1619611909054,-8.84418,7.24485,13.03882,-0.2732,0.11757,-1.34
1619611909074,-19.6127,15.76342,10.7739,0.09537,-0.1008,-1.49766
1619611909074,19.6133,-2.82515,-10.85052,0.17739,0.01211,-1.54985
1619611909114,-12.34929,15.96453,17.18079,-0.20609,0.11864,-1.49446
1619611909134,2.33674,2.01112,4.39575,-0.15709,0.04833,-1.4103
1619611909154,-5.56412,9.414,9.43794,-0.4234,-0.08375,-1.438
1619611909174,-19.6127,3.27047,19.6127,-0.28812,0.5,-1.37515
1619611909174,1.76213,8.24563,16.83602,-0.25616,-0.11358,-1.55944
1619611909214,9.7444,19.6127,12.88559,0.10283,-0.10825,-1.37941
1619611909234,-3.59609,-6.90966,-8.03015,-0.01754,-0.40333,-1.44013
1619611909254,-15.03558,-1.06781,9.66778,0.2232,0.25499,-1.45931
1619611909274,1.16837,18.50717,19.6127,-0.61196,-0.18176,-1.43374
1619611909297,-11.42991,-19.6133,19.6127,-0.21674,0.44781,-1.56264
1619611909314,-17.88468,-18.20072,19.6127,-0.3776,-0.04647,-1.43267
1619611909334,16.94615,11.65976,2.17872,0.26794,-0.27656,-1.38048
1619611909354,1.74776,-11.20486,2.62404,0.2477,-0.05073,-1.60418
1619611909374,5.76523,0.38786,6.05733,-0.13365,0.01531,-1.54772
1619611909396,19.6133,-19.6133,19.6127,-0.16561,0.00892,-1.60525
1619611909414,-16.50562,19.6127,-1.42215,0.1465,-0.01557,-1.52003
1619611909434,0.85233,19.6127,-2.03985,0.06128,-0.13701,-1.62762
1619611909454,-6.74686,19.6127,-13.86721,-0.18692,0.06857,-1.54346
1619611909474,-11.28626,-2.08295,2.67671,0.12946,-0.00492,-1.57222
1619611909494,9.99339,-6.71812,19.6127,0.10389,-0.01451,-1.52642
1619611909514,10.33816,-10.75954,17.5878,-0.01541,0.04301,-1.47848
1619611909534,-16.82166,-8.32703,6.7277,-0.06867,0.17084,-1.5914
1619611909554,19.6133,6.82347,19.6127,-0.2732,0.01637,-1.55838
1619611909574,10.84094,19.17276,-19.6133,0.09004,-0.05392,-1.55838
1619611909595,1.82917,-3.27526,19.6127,-0.03671,-0.00066,-1.54133
1619611909614,9.87847,-10.95107,19.6127,0.05915,-0.11784,-1.55305
1619611909634,14.37957,2.1883,-9.54328,0.07726,-0.05286,-1.53601
1619611909654,-5.20978,19.6127,19.6127,0.11881,-0.18282,-1.56796
1619611909674,6.68939,8.98304,-14.29817,0.35955,-0.13595,-1.50724
1619611909695,19.30684,-19.6133,13.49851,-0.14644,0.12716,-1.51577
1619611909714,8.49941,19.6127,-4.22816,-0.15496,0.22943,-1.63507
1619611909734,-6.75643,7.20175,13.01488,-0.22846,-0.03262,-1.49126
1619611909754,4.88896,-0.90021,12.37802,0.35636,-0.15619,-1.52003
1619611909774,0.93373,16.21832,7.47948,-0.09637,-0.11571,-1.46144
1619611909794,8.68616,-12.47858,-3.47638,-0.06761,0.25712,-1.67982
1619611909814,19.6133,-19.6133,-3.96479,0.00269,-0.3522,-1.50618
1619611909834,-11.45386,-0.17717,13.57033,0.03891,-0.12956,-1.58288
1619611909854,-5.25766,-9.25598,1.28808,0.03358,0.02703,-1.64253
1619611909874,6.50744,-19.6133,19.6127,-0.00795,-0.09121,-1.50831
1619611909894,2.7629,-13.98692,-11.48259,-0.00902,0.2486,-1.67023
1619611909914,-19.4457,-15.6054,19.6127,-0.19437,-0.20306,-1.66703
1619611909934,-16.47689,9.43315,-6.86657,0.25516,0.07922,-1.70645
1619611909954,1.92493,19.6127,-3.31836,-0.07187,0.16658,-1.63188
1619611909974,-6.36857,2.58094,2.9305,-0.23272,-0.05499,-1.62229
1619611909995,6.67024,14.08748,7.08683,-0.27427,0.1506,-1.58607
1619611910014,-11.04684,4.82192,19.6127,0.06022,0.00679,-1.65638
1619611910034,2.30801,14.53759,0.76135,-0.08572,-0.03262,-1.51044
1619611910054,-4.5825,0.92416,5.06134,0.28286,-0.04114,-1.55838
1619611910074,-16.95094,-0.00478,0.22026,-0.12087,0.12397,-1.49339
1619611910094,-3.18907,4.59686,17.47767,-0.34138,0.25393,-1.5179
1619611910114,13.70919,11.80341,19.6127,-0.2519,0.08349,-1.56051
1619611910134,-0.2059,13.93904,0.66079,-0.09317,0.01424,-1.50831
1619611910154,12.87601,6.93839,11.41076,0.27753,-0.23821,-1.38474
1619611910174,-18.90461,6.43082,19.6127,0.12946,0.00998,-1.44759
1619611910194,-5.51145,12.4259,6.48828,-0.21887,-0.02836,-1.60738
1619611910214,-10.22802,6.6463,6.70376,-0.20076,0.03022,-1.53068
1619611910234,-14.93503,6.00944,8.10676,-0.15815,0.21771,-1.5115
1619611910254,-12.22479,5.37737,8.47068,-0.03032,0.14101,-1.48594
1619611910274,-2.38941,-9.29907,7.04374,-0.28385,-0.06884,-1.58075
1619611910294,-4.34308,12.24873,15.20796,-0.09104,0.05898,-1.52642
1619611910314,2.98796,-18.53112,-6.15309,-0.04417,-0.23182,-1.58075
1619611910334,-6.23929,9.20809,5.1188,0.23598,-0.01025,-1.59033
1619611910354,-1.94888,13.23035,19.6127,-0.17946,0.13568,-1.60312
1619611910374,-14.87278,2.80121,19.6127,-0.55869,0.02596,-1.59779
1619611910394,-12.67011,15.75384,-19.6133,-0.24018,0.16658,-1.59033
1619611910414,5.39653,1.87226,19.6127,-0.01008,0.04194,-1.54027
1619611910434,14.9446,0.1628,19.6127,0.17207,-0.32344,-1.62975
1619611910454,18.86152,3.39976,9.98382,0.00695,0.09094,-1.54133
1619611910475,2.72939,5.37737,17.3388,-0.02393,0.40413,-1.61483
1619611910494,-19.34993,19.6127,19.6127,-0.23166,-0.23715,-1.57009
1619611910514,0.99119,-1.63284,19.6127,-0.0463,-0.0486,-1.62655
1619611910534,-1.13485,18.33,-17.45851,0.20296,-0.01451,-1.60525
1619611910554,5.54975,10.01255,19.3643,0.01761,-0.16897,-1.52748
1619611910574,9.82101,-18.30606,0.70868,0.11348,-0.15512,-1.59566
1619611910594,-8.2169,8.47547,19.6127,-0.21248,0.11757,-1.55625
1619611910614,17.74103,-1.30723,19.0339,-0.21461,-0.09227,-1.57222
1619611910634,9.34217,-12.29662,-6.61278,-0.18478,0.1229,-1.53281
1619611910654,-8.80587,5.06134,9.85932,-0.09743,0.04407,-1.55198
1619611910674,-19.17755,-2.85867,1.39342,-0.10702,0.07603,-1.63081
1619611910694,13.71398,-17.67878,16.78335,0.02719,0.02063,-1.62655
1619611910714,-1.67594,-3.52426,19.6127,-0.19224,-0.1466,-1.4902
1619611910734,-18.96207,-7.9248,16.58702,-0.19757,0.14207,-1.57542
1619611910754,-3.83551,3.82593,17.73145,-0.05056,0.05685,-1.56903
1619611910774,0.66079,-13.26866,19.6127,0.12307,-0.02623,-1.52322
1619611910794,-19.6127,-1.82917,19.6127,-0.18798,0.03874,-1.55411
1619611910815,1.57538,10.78827,17.93735,0.11348,-0.09014,-1.58714
1619611910834,15.41865,19.6127,-10.42435,0.07087,-0.10186,-1.63188
1619611910854,11.54962,12.10029,2.13562,-0.10063,0.20599,-1.55838
1619611910874,11.96622,-19.6133,-0.51235,-0.04417,0.07709,-1.61377
1619611910894,-2.52827,-19.6133,19.6127,-0.21568,-0.06884,-1.60099
1619611910914,13.29739,19.6127,3.54341,0.16568,-0.03262,-1.62762
1619611910934,7.90086,-19.6133,6.97191,-0.09743,0.36471,-1.70325
1619611910954,9.41878,-7.83861,8.72925,0.03465,-0.00705,-1.54772
1619611910974,2.98317,-9.01656,7.20654,-0.18478,0.21132,-1.6681
1619611910994,-19.6127,-6.39251,19.6127,-0.26788,0.16658,-1.65531
1619611911014,-6.34463,19.6127,-0.15322,-0.20609,-0.16684,-1.54985
1619611911034,2.61925,11.05163,1.30723,0.14011,-0.10932,-1.58288
1619611911054,0.90979,3.6296,1.29286,0.28712,-0.02197,-1.62229
1619611911074,-3.51468,-7.13472,8.48026,-0.18052,-0.02197,-1.6127
1619611911094,-3.14119,0.29209,6.96712,-0.0708,0.15166,-1.57649
1619611911114,9.80665,1.53228,1.50834,-0.04524,-0.03901,-1.63294
1619611911134,-10.69729,-1.70946,19.6127,0.09004,-0.03581,-1.50192
1619611911154,15.69638,19.6127,-19.6133,0.07726,-0.26911,-1.54985
1619611911174,6.21055,-16.27099,19.6127,0.15183,0.17403,-1.60418
1619611911194,1.26892,4.39575,4.71178,-0.21035,-0.04114,-1.59353
1619611911214,6.14831,-0.84275,19.6127,-0.13578,-0.07523,-1.60844
1619611911234,-17.90383,11.61666,19.6127,-0.06441,0.06005,-1.65745
1619611911254,11.03248,-17.3388,11.25753,-0.19757,-0.30107,-1.57222
1619611911274,4.14196,-9.9503,9.81143,-0.03884,-0.0944,-1.63614
1619611911294,-19.6127,19.6127,12.24873,0.19763,0.20599,-1.6926
1619611911314,-4.66869,9.81143,7.5561,-0.43299,-0.07523,-1.61697
1619611911334,-10.33337,13.97734,8.62391,0.15929,-0.07949,-1.58288
1619611911354,10.0748,4.06056,1.97282,-0.00049,-0.26059,-1.52322
1619611911374,-0.84754,9.81622,19.6127,0.33079,0.06644,-1.53707
1619611911394,19.6133,18.09058,5.13795,-0.19544,-0.13595,-1.62016
1619611911414,16.61575,7.08204,-0.93852,0.19231,0.14634,-1.60951
1619611911434,10.17056,19.6127,9.09317,-0.01967,-0.38948,-1.52748
1619611911454,-13.63737,19.6127,-5.53539,0.29244,0.17297,-1.49766
1619611911474,-17.01798,18.64125,8.38449,-0.08785,-0.03155,-1.67449
1619611911494,12.08593,-9.42836,10.40041,-0.123,0.09414,-1.58288
1619611911514,-7.14908,13.88158,16.6397,-0.17946,0.13036,-1.50724
1619611911534,4.89374,11.26711,-10.92234,0.05595,-0.06671,-1.44439
1619611911554,13.23035,-19.6133,19.6127,-0.19757,0.1261,-1.57968
1619611911574,19.6133,-19.6133,19.6127,0.03678,-0.20519,-1.54559
1619611911594,17.82243,3.2992,3.96479,-0.08358,-0.10825,-1.57009
1619611911615,-5.45399,-3.11246,19.6127,0.00908,-0.07843,-1.53494
1619611911634,14.16888,-17.83201,19.6127,-0.27107,-0.02303,-1.60099
1619611911655,10.21845,6.81389,3.20344,0.06022,-0.15725,-1.67662
1619611911674,6.83784,7.46512,18.67477,0.1252,-0.12743,-1.59033
1619611911694,17.27656,19.6127,1.55623,-0.06441,-0.17963,-1.5179
1619611911716,-7.58483,-5.2433,12.24394,-0.24657,0.15592,-1.54559
1619611911734,-16.50083,7.31668,-0.89064,-0.2487,-0.0976,-1.57542
1619611911754,-16.35239,17.27177,19.6127,-0.08145,0.03768,-1.37835
1619611911774,-4.73573,4.46758,19.6127,0.03998,0.16871,-1.58075
1619611911794,5.46356,-6.22492,15.22712,0.08472,0.01531,-1.56903
1619611911815,16.96052,2.09253,-4.81234,-0.10276,-0.18282,-1.53707
1619611911835,10.91756,-17.9996,6.22971,0.09324,0.10266,-1.46889
1619611911854,-0.29688,-6.33505,12.02846,-0.01754,-0.08908,-1.61697
1619611911875,1.11569,9.79228,10.45308,-0.16987,0.08135,-1.62016
1619611911894,-2.34152,-11.57836,6.03338,-0.13472,0.20919,-1.56051
1619611911914,-10.21366,5.47314,-8.5042,-0.34457,-0.13595,-1.59246
1619611911934,-0.86191,-11.28147,7.47948,-0.01115,0.23582,-1.56796
1619611911954,-8.91121,19.6127,19.6127,0.00376,-0.10825,-1.5637
1619611911974,1.57059,2.41335,-4.14196,-0.03139,0.06538,-1.52003
1619611911994,-11.06121,11.53526,0.10534,-0.02926,0.00892,-1.5424
1619611912015,-0.95289,6.61278,8.08282,0.02932,-0.02516,-1.53281
1619611912034,-2.6001,12.95263,2.15478,0.06874,-0.03475,-1.58394
1619611912054,3.33272,-5.42047,14.40351,-0.24764,-0.00705,-1.62016
1619611912074,-1.02471,-4.458,-1.09175,-0.20716,-0.00705,-1.54133
1619611912094,-7.36456,5.01824,1.6089,0.1252,0.31039,-1.6159
1619611912116,17.0515,13.69004,10.80742,-0.24124,-0.09653,-1.54879
1619611912134,-2.58094,1.09175,-8.89685,-0.07932,-0.04753,-1.57435
1619611912154,7.41244,-16.1848,19.6127,-0.17094,0.10905,-1.42948
1619611912174,3.52426,1.83874,-14.88714,0.17846,-0.04114,-1.4902
1619611912194,2.86825,19.6127,10.86009,0.17953,-0.20413,-1.45078
1619611912214,9.45709,19.6127,-8.37491,-0.09956,-0.11997,-1.52748
1619611912234,-11.20965,15.43302,19.6127,-0.09956,0.0217,-1.49553
1619611912254,9.94551,2.37025,-4.70221,0.17953,-0.31811,-1.39113
1619611912274,19.22543,19.11051,-1.87226,0.13159,-0.32557,-1.45078
1619611912294,0.48362,19.6127,13.73792,0.13052,-0.10399,-1.43374
1619611912315,12.00931,-4.82671,-11.74116,-0.35416,-0.04647,-1.51363
1619611912334,-7.36935,8.61433,17.73145,-0.26255,0.19534,-1.45078
1619611912354,4.21379,16.00763,6.13873,-0.09317,-0.13808,-1.42522
1619611912374,-11.8082,14.9877,-8.86333,-0.02713,0.16764,-1.48594
1619611912394,0.44532,15.773,10.30943,-0.16241,-0.09973,-1.55411
1619611912414,18.13847,-19.6133,-4.82192,0.07406,0.15486,-1.74586
1619611912434,-8.02057,11.96143,-6.32548,0.03678,0.19427,-1.55838
1619611912454,-4.58729,-12.15775,-13.31176,-0.08145,-0.33089,-1.54879
1619611912474,-14.17846,-19.6133,9.05008,-0.03352,0.04194,-1.67449
1619611912494,-0.09097,-14.22634,19.6127,-0.11554,-0.1008,-1.56264
1619611912514,-7.34541,0.17717,2.04464,0.29883,0.28695,-1.91524
1619611912534,6.98149,1.80522,19.6127,-0.27001,-0.03049,-1.70325
1619611912554,-0.34955,16.02199,2.75812,0.08472,-0.00066,-1.58927
1619611912574,-16.58702,8.02536,19.6127,-0.04737,-0.18282,-1.64573
1619611912594,19.6133,8.08761,-19.6133,-0.20076,0.03022,-1.61803
1619611912614,-19.6127,14.30774,19.6127,-0.13046,0.1229,-1.62762
1619611912634,-10.14662,1.00077,19.6127,0.06767,-0.07097,-1.51683
1619611912654,1.05344,-4.40533,8.35097,-0.02713,-0.24887,-1.6191
1619611912674,12.92868,19.6127,17.80328,-0.1475,0.09094,-1.5179
1619611912694,-17.34359,-11.01811,-7.78594,0.11135,0.13462,-1.62016
1619611912714,-14.80574,19.6127,-0.60333,0.13691,-0.08801,-1.71817
1619611912734,-7.15387,17.74582,10.49139,0.2477,0.40519,-1.71177
1619611912754,19.6133,-7.02458,-19.6133,-0.03991,-0.21797,-1.48274
1619611912774,15.53358,11.82735,16.65885,-0.00262,-0.04434,-1.62016
1619611912794,13.89115,-1.34554,19.6127,0.2232,0.24647,-1.57649
1619611912814,-2.8874,-2.13562,19.6127,0.11561,-0.36072,-1.42202
1619611912834,5.23372,-0.5746,0.05267,-0.10915,-0.01344,-1.45611
1619611912854,-10.63025,19.6127,13.64695,0.04211,0.01318,-1.41243
1619611912874,-17.19036,-15.85919,-2.93529,-0.32007,-0.00812,-1.55411
1619611912894,4.19464,13.44583,12.98615,0.00695,0.36898,-1.59033
1619611912914,8.93994,12.0572,9.76834,-0.074,-0.15725,-1.47955
1619611912934,-10.20408,13.2543,12.77546,0.08259,-0.1008,-1.48061
1619611912954,2.1883,4.74051,8.29351,0.08259,-0.07949,-1.47529
1619611912974,10.4052,0.19153,-1.35032,0.11241,0.04407,-1.43161
1619611912994,19.6133,-19.6133,18.40183,0.04211,-0.01131,-1.47742
1619611913014,-16.74025,11.44428,13.37879,-0.01647,0.08135,-1.55944
1619611913034,-5.68383,19.6127,11.63582,-0.28066,-0.02303,-1.39326
1619611913054,-3.69664,-2.14041,15.13614,-0.14537,0.0249,-1.36769
1619611913074,-8.3797,-19.6133,19.6127,-0.26042,0.12183,-1.34213
1619611913094,0.95768,14.64293,4.02225,0.01015,-0.11358,-1.49126
1619611913114,-2.55221,19.6127,8.80108,0.31055,-0.13169,-1.46783
1619611913134,-19.6127,19.6127,15.28458,-0.3254,0.10159,-1.51896
1619611913154,-8.13549,15.66765,18.40183,-0.48519,0.16658,-1.54985
1619611913174,1.65678,-1.47003,9.58159,-0.13046,0.00998,-1.50724
1619611913194,-0.63206,4.53461,-9.31823,-0.55763,0.00359,-1.52535
1619611913214,4.80755,12.87122,-10.08437,0.30629,-0.11677,-1.55731
1619611913234,4.68305,0.68953,10.04607,0.01761,0.10692,-1.41457
1619611913254,-17.62611,-1.51313,18.26775,-0.27427,-0.04221,-1.59459
1619611913274,-1.53707,0.15801,19.6127,-0.18692,0.15699,-1.48274
1619611913294,-19.6127,-19.6133,19.6127,-0.05056,-0.19028,-1.55518
1619611913314,12.89995,19.6127,-12.35408,0.01974,-0.12104,-1.39539
1619611913334,6.86657,-0.87148,2.06859,-0.10702,-0.00173,-1.52429
1619611913354,8.72447,-19.6133,-15.22712,0.04104,0.29547,-1.53814
1619611913374,-3.93127,-7.66623,4.72136,-0.25509,-0.33409,-1.54027
1619611913394,19.6133,-12.11466,-5.80354,0.16674,-0.03368,-1.54985
1619611913414,-5.13795,15.59104,12.17691,0.11667,0.11331,-1.46676
1619611913434,-5.80354,15.27021,1.2785,-0.11235,-0.06564,-1.50192
1619611913454,18.57421,-19.6133,1.38384,0.00056,0.09094,-1.58288
1619611913474,19.6133,0.36391,-7.09641,-0.14963,0.04407,-1.48168
1619611913494,6.5218,12.44027,1.29286,-0.21461,-0.11571,-1.49979
1619611913514,-1.34554,0.21068,1.47961,-0.05802,0.1474,-1.5115
1619611913534,-5.80354,-1.45088,-1.55144,-0.02606,0.05898,-1.51896
1619611913554,18.54548,-19.6133,19.6127,0.06874,-0.11997,-1.45078
1619611913574,-17.84159,19.50795,19.6127,0.02932,0.04194,-1.53601
1619611913594,-12.77067,6.44519,19.21107,0.17633,-0.01771,-1.4902
1619611913614,9.93114,-19.6133,1.85311,-0.03884,-0.01771,-1.52429
1619611913634,-14.93024,14.67645,19.6127,-0.10809,0.00679,-1.57222
1619611913654,-8.72447,14.38915,-4.41969,-0.00902,0.02809,-1.50298
1619611913674,19.6133,1.22104,19.6127,-0.02606,-0.11571,-1.46783
1619611913694,4.3766,-2.99275,17.53992,0.10176,-0.08056,-1.45718
1619611913714,11.76989,-18.71786,-14.31253,-0.13046,0.0984,-1.49446
1619611913734,7.70454,4.76925,19.6127,-0.21035,0.05898,-1.45824
1619611913754,19.6133,-4.76925,-4.07014,-0.04417,-0.12956,-1.5115
1619611913774,4.60644,-8.54251,18.19114,0.19763,0.18682,-1.40391
1619611913794,-5.25287,3.96,13.7906,-0.28492,-0.11677,-1.54985
1619611913814,16.66364,-19.6133,-3.28484,-0.21248,0.14421,-1.52642
1619611913834,5.05176,3.16992,3.79241,0.05489,-0.65899,-1.51257
1619611913854,19.6133,-5.71735,18.73223,0.19018,-0.12636,-1.49126
1619611913874,-11.57357,18.76096,-8.47547,-0.13791,-0.0454,-1.56157
1619611913894,-8.55687,-3.58172,16.83602,-0.11554,0.0739,-1.62655
1619611913914,1.22583,-19.6133,10.87925,0.00695,-0.3767,-1.57755
1619611913935,11.61666,-15.56231,11.99495,0.05595,-0.12317,-1.60312
1619611913954,-13.17289,11.67412,12.19606,-0.06015,0.13568,-1.63721
1619611913974,10.90319,3.19386,9.71567,0.21042,-0.19028,-1.62762
1619611913994,-2.557,-5.29118,16.17522,0.02506,0.42543,-1.72882
1619611914014,-8.33182,-12.24873,-13.79539,-0.35097,-0.13701,-1.6159
1619611914036,-10.11789,7.11077,19.6127,0.28925,0.02809,-1.67342
1619611914054,16.07945,8.74362,-14.90151,0.13265,-0.12423,-1.52429
1619611914074,-7.8434,14.2024,16.42901,-0.04204,-0.18389,-1.48487
1619611914094,-7.02458,5.81312,16.1034,0.21787,0.23901,-1.56903
1619611914114,-2.41335,-14.25507,19.6127,-0.29664,-0.03155,-1.63188
1619611914134,0.22505,-5.45878,17.29092,0.03998,0.08562,-1.53814
1619611914154,-9.48582,6.24886,13.57512,-0.18159,-0.02516,-1.60844
1619611914174,9.68694,6.15788,10.6925,0.02506,0.05898,-1.57222
1619611914194,2.15478,4.75009,17.31007,-0.12833,0.02596,-1.54772
1619611914214,-19.6127,1.83395,4.34787,-0.31688,0.05792,-1.5147
1619611914235,1.01992,5.67425,-2.47081,-0.00902,0.13568,-1.6127
1619611914254,1.83395,10.75475,5.98071,-0.13578,-0.10293,-1.49659
1619611914274,1.30244,3.31836,2.25533,0.03998,-0.03155,-1.57542
1619611914294,7.86734,1.53707,-8.99741,-0.11341,-0.04221,-1.59459
1619611914314,-19.6127,19.47443,15.18402,0.00376,0.23475,-1.47315
1619611914336,-10.2376,-19.6133,-9.05965,-0.39038,0.04727,-1.58927
1619611914355,7.69017,1.70946,2.49475,-0.19118,0.05046,-1.5179
1619611914374,17.49682,5.49708,1.83395,0.05382,-0.12956,-1.5179
1619611914394,-1.63284,18.51675,-1.67115,0.01761,-0.13062,-1.46144
1619611914414,-8.02057,-15.63892,16.78335,-0.00689,-0.05286,-1.62123
1619611914434,0.0814,4.29519,1.80043,0.024,-0.03262,-1.55625
1619611914454,0.20111,16.70674,9.45709,-0.20929,-0.06671,-1.50085
1619611914474,8.94952,19.6127,19.6127,-0.23272,0.00039,-1.61483
1619611914494,-6.23929,5.83706,0.71826,0.02932,-0.01984,-1.58501
1619611914514,0.61291,-10.45787,11.03727,-0.00689,0.01531,-1.58927
1619611914534,19.6133,-8.11155,19.6127,0.2722,-0.18069,-1.65638
1619611914554,16.27578,11.59751,15.57667,0.16568,0.13355,-1.6191
1619611914574,-19.6127,2.46602,14.28859,-0.10596,-0.18495,-1.52961
1619611914594,-12.22,19.21107,19.6127,0.16781,-0.08056,-1.65638
1619611914614,9.59117,19.6127,-19.6133,-0.15815,-0.05605,-1.68408
1619611914636,6.40688,19.6127,5.09486,-0.1443,-0.06351,-1.55731
1619611914654,1.29286,-5.77481,18.11931,0.04956,0.03342,-1.68195
1619611914674,16.88869,1.4413,-8.58081,-0.14857,-0.3,-1.54133
1619611914694,8.30787,16.96052,7.69496,0.23172,-0.25845,-1.46676
1619611914714,-9.20809,-10.50096,4.90332,-0.08998,0.37324,-2.00579
1619611914734,2.35589,0.95768,11.1474,-0.54804,-0.00279,-2.00472
1619611914754,-6.80432,-13.77144,0.77093,0.01121,0.08668,-1.64573
1619611914774,-2.82515,19.6127,19.6127,0.3979,-0.17856,-1.72988
1619611914794,3.20823,19.6127,19.6127,-0.26042,-0.22437,-1.67662
1619611914814,5.11401,-10.0317,12.31098,-0.23272,0.19108,-1.64786
1619611914834,-8.29351,19.13446,9.34217,-0.33179,0.20386,-1.69579
1619611914854,4.48194,0.89543,3.81156,-0.00795,-0.03155,-1.59246
1619611914874,-6.96233,19.6127,-5.08528,0.14863,-0.08588,-1.55838
1619611914894,-4.03183,-1.30723,10.40041,-0.00369,0.17936,-1.56796
1619611914914,19.6133,-19.6133,10.79306,-0.08465,0.0185,-1.58394
1619611914934,-11.4347,17.61174,6.21534,-0.01967,0.08029,-1.55838
1619611914954,-10.66856,9.27992,15.54794,-0.074,0.04194,-1.56264
1619611914974,7.41723,12.47379,5.7365,-0.06334,-0.08482,-1.60951
1619611914994,-10.71644,-4.77882,19.6127,-0.1507,0.24434,-1.55518
1619611915014,-5.52102,19.6127,12.0141,-0.09637,0.03448,-1.65425
1619611915034,-11.09473,-11.77947,8.82981,-0.11448,0.21132,-1.64466
1619611915054,0.66558,-8.37491,18.00439,-0.09743,0.01957,-1.64253
1619611915074,6.48349,-11.66455,-1.82438,-0.06228,0.02916,-1.57542
1619611915094,-16.678,7.32625,11.31978,-0.21355,-0.07203,-1.43267
1619611915114,3.7541,5.93283,17.21431,-0.08572,0.23156,-1.52642
1619611915134,0.50757,9.48582,3.62482,-0.00049,-0.25313,-1.57862
1619611915154,10.47702,8.48983,-1.10133,0.11454,0.00146,-1.63294
1619611915174,19.6133,-16.3907,4.3335,0.13585,0.01957,-1.63614
1619611915194,3.68707,-10.42914,-1.82438,-0.00369,0.02596,-1.55411
1619611915214,-5.15711,-6.80432,8.71968,-0.3531,0.08562,-1.63294
1619611915234,-19.6127,2.42772,19.6127,-0.1752,0.00892,-1.52322
1619611915254,2.54743,11.04684,-3.99352,-0.27214,0.02916,-1.56796
1619611915274,-12.20564,7.75721,8.0493,-0.07932,-0.01344,-1.53601
1619611915294,7.12035,-3.97437,3.91691,-0.03352,-0.12956,-1.54559
1619611915314,-0.02394,3.52426,1.99197,-0.07293,-0.08482,-1.57329
1619611915334,-19.6127,6.359,-1.29765,-0.0708,0.04727,-1.65958
1619611915354,1.17315,15.20318,17.76976,-0.14111,0.07283,-1.57222
1619611915374,-19.6127,18.46887,-13.35006,0.05276,-0.20626,-1.59033
