1619609797944,0.193,0,0,0,0,-0.322
1619609797964,0.193,0,0,0,0,-0.313
1619609797984,0.197,0,0,0,0,-0.316
1619609798004,0.2,0,0,0,0,-0.313
1619609798024,0.193,0,0,0,0,-0.319
1619609798044,0.211,0,0,0,0,-0.323
1619609798064,0.211,0,0,0,0,-0.323
1619609798084,0.193,0,0,0,0,-0.332
1619609798104,0.193,0,0,0,0,-0.334
1619609798124,0.193,0,0,0,0,-0.339
1619609798144,0.2,0,0,0,0,-0.336
1619609798164,0.197,0,0,0,0,-0.345
1619609798184,0.2,0,0,0,0,-0.359
1619609798204,0.207,0,0,0,0,-0.341
1619609798224,0.183,0,0,0,0,-0.327
1619609798244,0.193,0,0,0,0,-0.317
1619609798264,0.2,0,0,0,0,-0.318
1619609798284,0.193,0,0,0,0,-0.332
1619609798304,0.197,0,0,0,0,-0.345
1619609798324,0.197,0,0,0,0,-0.345
1619609798344,0.193,0,0,0,0,-0.35
1619609798364,0.197,0,0,0,0,-0.346
1619609798384,0.197,0,0,0,0,-0.356
1619609798404,0.193,0,0,0,0,-0.355
1619609798424,0.197,0,0,0,0,-0.361
1619609798444,0.197,0,0,0,0,-0.363
1619609798464,0.197,0,0,0,0,-0.364
1619609798484,0.197,0,0,0,0,-0.352
1619609798504,0.193,0,0,0,0,-0.341
1619609798524,0.197,0,0,0,0,-0.339
1619609798544,0.193,0,0,0,0,-0.338
1619609798564,0.193,0,0,0,0,-0.35
1619609798584,0.193,0,0,0,0,-0.35
1619609798604,0.193,0,0,0,0,-0.37
1619609798624,0.193,0,0,0,0,-0.382
1619609798644,0.197,0,0,0,0,-0.365
1619609798664,0.193,0,0,0,0,-0.353
1619609798684,0.197,0,0,0,0,-0.359
1619609798704,0.19,0,0,0,0,-0.345
1619609798724,0.2,0,0,0,0,-0.351
1619609798744,0.187,0,0,0,0,-0.363
1619609798764,0.2,0,0,0,0,-0.37
1619609798784,0.2,0,0,0,0,-0.363
1619609798804,0.197,0,0,0,0,-0.361
1619609798824,0.193,0,0,0,0,-0.368
1619609798845,0.193,0,0,0,0,-0.368
1619609798864,0.2,0,0,0,0,-0.366
1619609798884,0.19,0,0,0,0,-0.378
1619609798904,0.193,0,0,0,0,-0.385
1619609798924,0.197,0,0,0,0,-0.392
1619609798946,0.19,0,0,0,0,-0.367
1619609798964,0.2,0,0,0,0,-0.352
1619609798984,0.197,0,0,0,0,-0.363
1619609799004,0.2,0,0,0,0,-0.362
1619609799024,0.187,0,0,0,0,-0.348
1619609799045,0.2,0,0,0,0,-0.339
1619609799064,0.19,0,0,0,0,-0.343
1619609799084,0.204,0,0,0,0,-0.354
1619609799104,0.2,0,0,0,0,-0.362
1619609799124,0.2,0,0,0,0,-0.362
1619609799145,0.197,0,0,0,0,-0.377
1619609799164,0.197,0,0,0,0,-0.371
1619609799184,0.187,0,0,0,0,-0.362
1619609799204,0.2,0,0,0,0,-0.359
1619609799224,0.2,0,0,0,0,-0.369
1619609799245,0.19,0,0,0,0,-0.372
1619609799264,0.193,0,0,0,0,-0.377
1619609799284,0.204,0,0,0,0,-0.38
1619609799304,0.187,0,0,0,0,-0.379
1619609799324,0.2,0,0,0,0,-0.381
1619609799344,0.2,0,0,0,0,-0.38
1619609799364,0.197,0,0,0,0,-0.381
1619609799384,0.197,0,0,0,0,-0.381
1619609799404,0.197,0,0,0,0,-0.371
1619609799424,0.193,0,0,0,0,-0.376
1619609799444,0.197,0,0,0,0,-0.375
1619609799464,0.19,0,0,0,0,-0.384
1619609799484,0.197,0,0,0,0,-0.391
1619609799504,0.193,0,0,0,0,-0.386
1619609799524,0.193,0,0,0,0,-0.38
1619609799545,0.2,0,0,0,0,-0.341
1619609799564,0.19,0,0,0,0,-0.332
1619609799584,0.2,0,0,0,0,-0.338
1619609799604,0.2,0,0,0,0,-0.331
1619609799624,0.197,0,0,0,0,-0.341
1619609799644,0.197,0,0,0,0,-0.341
1619609799664,0.193,0,0,0,0,-0.33
1619609799684,0.197,0,0,0,0,-0.336
1619609799704,0.19,0,0,0,0,-0.342
1619609799724,0.2,0,0,0,0,-0.364
1619609799744,0.197,0,0,0,0,-0.355
1619609799764,0.19,0,0,0,0,-0.359
1619609799784,0.2,0,0,0,0,-0.355
1619609799804,0.193,0,0,0,0,-0.353
1619609799824,0.197,0,0,0,0,-0.348
1619609799844,0.2,0,0,0,0,-0.333
1619609799864,0.19,0,0,0,0,-0.326
1619609799884,0.2,0,0,0,0,-0.317
1619609799904,0.2,0,0,0,0,-0.317
1619609799924,0.197,0,0,0,0,-0.301
1619609799944,0.2,0,0,0,0,-0.297
1619609799964,0.2,0,0,0,0,-0.311
1619609799984,0.19,0,0,0,0,-0.33
1619609800004,0.2,0,0,0,0,-0.332
1619609800024,0.19,0,0,0,0,-0.331
1619609800044,0.197,0,0,0,0,-0.336
1619609800064,0.204,0,0,0,0,-0.32
1619609800084,0.197,0,0,0,0,-0.32
1619609800104,0.204,0,0,0,0,-0.329
1619609800124,0.187,0,0,0,0,-0.343
1619609800144,0.2,0,0,0,0,-0.349
1619609800164,0.187,0,0,0,0,-0.346
1619609800184,0.193,0,0,0,0,-0.37
1619609800204,0.193,0,0,0,0,-0.37
1619609800224,0.2,0,0,0,0,-0.373
1619609800244,0.193,0,0,0,0,-0.361
1619609800264,0.204,0,0,0,0,-0.326
1619609800284,0.193,0,0,0,0,-0.338
1619609800304,0.2,0,0,0,0,-0.345
1619609800324,0.197,0,0,0,0,-0.342
1619609800344,0.193,0,0,0,0,-0.355
1619609800364,0.197,0,0,0,0,-0.364
1619609800384,0.197,0,0,0,0,-0.394
1619609800404,0.2,0,0,0,0,-0.387
1619609800424,0.197,0,0,0,0,-0.383
1619609800444,0.193,0,0,0,0,-0.375
1619609800464,0.193,0,0,0,0,-0.375
1619609800484,0.2,0,0,0,0,-0.361
1619609800504,0.2,0,0,0,0,-0.362
1619609800524,0.197,0,0,0,0,-0.365
1619609800544,0.197,0,0,0,0,-0.368
1619609800564,0.19,0,0,0,0,-0.367
1619609800584,0.197,0,0,0,0,-0.374
1619609800604,0.2,0,0,0,0,-0.368
1619609800624,0.2,0,0,0,0,-0.346
1619609800644,0.193,0,0,0,0,-0.35
1619609800664,0.19,0,0,0,0,-0.353
1619609800684,0.197,0,0,0,0,-0.365
1619609800704,0.187,0,0,0,0,-0.355
1619609800724,0.187,0,0,0,0,-0.355
1619609800744,0.2,0,0,0,0,-0.351
1619609800764,0.19,0,0,0,0,-0.355
1619609800784,0.197,0,0,0,0,-0.357
1619609800804,0.187,0,0,0,0,-0.347
1619609800824,0.197,0,0,0,0,-0.346
1619609800844,0.2,0,0,0,0,-0.345
1619609800864,0.193,0,0,0,0,-0.338
1619609800884,0.2,0,0,0,0,-0.335
1619609800904,0.2,0,0,0,0,-0.343
1619609800924,0.2,0,0,0,0,-0.342
1619609800944,0.187,0,0,0,0,-0.331
1619609800964,0.2,0,0,0,0,-0.328
1619609800984,0.197,0,0,0,0,-0.334
1619609801004,0.197,0,0,0,0,-0.334
1619609801024,0.197,0,0,0,0,-0.347
1619609801044,0.2,0,0,0,0,-0.354
1619609801064,0.2,0,0,0,0,-0.364
1619609801084,0.204,0,0,0,0,-0.343
1619609801104,0.19,0,0,0,0,-0.346
1619609801124,0.2,0,0,0,0,-0.338
1619609801144,0.19,0,0,0,0,-0.332
1619609801164,0.204,0,0,0,0,-0.344
1619609801184,0.2,0,0,0,0,-0.347
1619609801204,0.2,0,0,0,0,-0.331
1619609801224,0.207,0,0,0,0,-0.315
1619609801244,0.19,0,0,0,0,-0.335
1619609801265,0.187,0,0,0,0,-0.343
1619609801284,0.193,0,0,0,0,-0.335
1619609801304,0.193,0,0,0,0,-0.335
1619609801324,0.2,0,0,0,0,-0.336
1619609801344,0.19,0,0,0,0,-0.331
1619609801365,0.2,0,0,0,0,-0.318
1619609801384,0.197,0,0,0,0,-0.303
1619609801404,0.193,0,0,0,0,-0.315
1619609801424,0.2,0,0,0,0,-0.316
1619609801444,0.2,0,0,0,0,-0.321
1619609801465,0.19,0,0,0,0,-0.33
1619609801484,0.193,0,0,0,0,-0.342
1619609801504,0.2,0,0,0,0,-0.325
1619609801524,0.193,0,0,0,0,-0.323
1619609801544,0.2,0,0,0,0,-0.322
1619609801565,0.19,0,0,0,0,-0.336
1619609801584,0.204,0,0,0,0,-0.329
1619609801604,0.204,0,0,0,0,-0.329
1619609801624,0.2,0,0,0,0,-0.335
1619609801644,0.2,0,0,0,0,-0.339
1619609801665,0.193,0,0,0,0,-0.326
1619609801684,0.197,0,0,0,0,-0.314
1619609801704,0.197,0,0,0,0,-0.326
1619609801724,0.19,0,0,0,0,-0.357
1619609801744,0.197,0,0,0,0,-0.364
1619609801764,0.197,0,0,0,0,-0.357
1619609801784,0.19,0,0,0,0,-0.361
1619609801804,0.2,0,0,0,0,-0.333
1619609801824,0.19,0,0,0,0,-0.328
1619609801844,0.197,0,0,0,0,-0.331
1619609801864,0.197,0,0,0,0,-0.331
1619609801884,0.2,0,0,0,0,-0.331
1619609801904,0.19,0,0,0,0,-0.333
1619609801924,0.2,0,0,0,0,-0.34
1619609801944,0.193,0,0,0,0,-0.349
1619609801965,0.2,0,0,0,0,-0.343
1619609801984,0.19,0,0,0,0,-0.343
1619609802004,0.2,0,0,0,0,-0.343
1619609802024,0.187,0,0,0,0,-0.358
1619609802044,0.197,0,0,0,0,-0.386
1619609802064,0.2,0,0,0,0,-0.373
1619609802085,0.2,0,0,0,0,-0.373
1619609802104,0.2,0,0,0,0,-0.356
1619609802124,0.18,0,0,0,0,-0.357
1619609802144,0.197,0,0,0,0,-0.369
1619609802164,0.197,0,0,0,0,-0.369
1619609802184,0.19,0,0,0,0,-0.377
1619609802204,0.197,0,0,0,0,-0.375
1619609802224,0.197,0,0,0,0,-0.36
1619609802244,0.193,0,0,0,0,-0.351
1619609802264,0.207,0,0,0,0,-0.326
1619609802284,0.19,0,0,0,0,-0.332
1619609802304,0.2,0,0,0,0,-0.333
1619609802324,0.193,0,0,0,0,-0.324
1619609802344,0.197,0,0,0,0,-0.327
1619609802364,0.2,0,0,0,0,-0.33
1619609802384,0.197,0,0,0,0,-0.341
1619609802404,0.2,0,0,0,0,-0.328
1619609802424,0.2,0,0,0,0,-0.328
1619609802444,0.19,0,0,0,0,-0.327
1619609802464,0.2,0,0,0,0,-0.325
1619609802484,0.193,0,0,0,0,-0.327
1619609802504,0.193,0,0,0,0,-0.325
1619609802524,0.197,0,0,0,0,-0.321
1619609802544,0.2,0,0,0,0,-0.327
1619609802564,0.197,0,0,0,0,-0.306
1619609802584,0.193,0,0,0,0,-0.318
1619609802604,0.197,0,0,0,0,-0.338
1619609802624,0.193,0,0,0,0,-0.336
1619609802644,0.2,0,0,0,0,-0.312
1619609802664,0.19,0,0,0,0,-0.308
1619609802684,0.19,0,0,0,0,-0.308
1619609802704,0.2,0,0,0,0,-0.307
1619609802724,0.193,0,0,0,0,-0.306
1619609802744,0.19,0,0,0,0,-0.315
1619609802764,0.2,0,0,0,0,-0.323
1619609802784,0.204,0,0,0,0,-0.317
1619609802804,0.19,0,0,0,0,-0.317
1619609802824,0.193,0,0,0,0,-0.321
1619609802844,0.2,0,0,0,0,-0.322
1619609802864,0.2,0,0,0,0,-0.335
1619609802884,0.19,0,0,0,0,-0.334
1619609802904,0.204,0,0,0,0,-0.346
1619609802924,0.204,0,0,0,0,-0.337
1619609802944,0.187,0,0,0,0,-0.325
1619609802964,0.187,0,0,0,0,-0.325
1619609802984,0.197,0,0,0,0,-0.328
1619609803004,0.2,0,0,0,0,-0.342
1619609803024,0.197,0,0,0,0,-0.357
1619609803044,0.187,0,0,0,0,-0.362
1619609803064,0.193,0,0,0,0,-0.377
1619609803084,0.204,0,0,0,0,-0.382
1619609803104,0.183,0,0,0,0,-0.381
1619609803124,0.197,0,0,0,0,-0.361
1619609803144,0.2,0,0,0,0,-0.361
1619609803164,0.19,0,0,0,0,-0.373
1619609803184,0.19,0,0,0,0,-0.361
1619609803204,0.197,0,0,0,0,-0.367
1619609803224,0.204,0,0,0,0,-0.367
1619609803244,0.204,0,0,0,0,-0.367
1619609803264,0.187,0,0,0,0,-0.375
1619609803284,0.183,0,0,0,0,-0.379
1619609803304,0.197,0,0,0,0,-0.411
1619609803324,0.197,0,0,0,0,-0.434
1619609803344,0.2,0,0,0,0,-0.437
1619609803364,0.193,0,0,0,0,-0.432
1619609803384,0.197,0,0,0,0,-0.418
1619609803404,0.204,0,0,0,0,-0.391
1619609803424,0.193,0,0,0,0,-0.356
1619609803444,0.2,0,0,0,0,-0.344
1619609803464,0.197,0,0,0,0,-0.331
1619609803485,0.197,0,0,0,0,-0.327
1619609803504,0.187,0,0,0,0,-0.308
1619609803524,0.187,0,0,0,0,-0.308
1619609803544,0.2,0,0,0,0,-0.315
1619609803564,0.2,0,0,0,0,-0.317
1619609803585,0.193,0,0,0,0,-0.322
1619609803604,0.2,0,0,0,0,-0.325
1619609803624,0.2,0,0,0,0,-0.315
1619609803644,0.2,0,0,0,0,-0.319
1619609803664,0.19,0,0,0,0,-0.312
1619609803684,0.204,0,0,0,0,-0.302
1619609803704,0.2,0,0,0,0,-0.296
1619609803724,0.19,0,0,0,0,-0.28
1619609803744,0.193,0,0,0,0,-0.277
1619609803764,0.193,0,0,0,0,-0.307
1619609803784,0.207,0,0,0,0,-0.312
1619609803804,0.193,0,0,0,0,-0.308
1619609803824,0.193,0,0,0,0,-0.308
1619609803844,0.204,0,0,0,0,-0.298
1619609803864,0.197,0,0,0,0,-0.287
1619609803885,0.204,0,0,0,0,-0.282
1619609803904,0.204,0,0,0,0,-0.277
1619609803924,0.193,0,0,0,0,-0.283
1619609803944,0.204,0,0,0,0,-0.277
1619609803964,0.193,0,0,0,0,-0.285
1619609803987,0.19,0,0,0,0,-0.299
1619609804004,0.19,0,0,0,0,-0.304
1619609804024,0.2,0,0,0,0,-0.302
1619609804044,0.197,0,0,0,0,-0.318
1619609804064,0.19,0,0,0,0,-0.309
1619609804085,0.197,0,0,0,0,-0.323
1619609804104,0.19,0,0,0,0,-0.347
1619609804124,0.2,0,0,0,0,-0.379
1619609804144,0.2,0,0,0,0,-0.379
1619609804164,0.19,0,0,0,0,-0.41
1619609804185,0.197,0,0,0,0,-0.402
1619609804204,0.2,0,0,0,0,-0.38
1619609804224,0.197,0,0,0,0,-0.355
1619609804244,0.19,0,0,0,0,-0.362
1619609804264,0.2,0,0,0,0,-0.375
1619609804284,0.197,0,0,0,0,-0.374
1619609804304,0.187,0,0,0,0,-0.363
1619609804324,0.197,0,0,0,0,-0.361
1619609804344,0.19,0,0,0,0,-0.369
1619609804364,0.2,0,0,0,0,-0.365
1619609804384,0.2,0,0,0,0,-0.365
1619609804404,0.187,0,0,0,0,-0.372
1619609804424,0.197,0,0,0,0,-0.387
1619609804444,0.197,0,0,0,0,-0.388
1619609804464,0.193,0,0,0,0,-0.364
1619609804484,0.19,0,0,0,0,-0.363
1619609804504,0.2,0,0,0,0,-0.369
1619609804524,0.19,0,0,0,0,-0.381
1619609804544,0.19,0,0,0,0,-0.373
1619609804564,0.197,0,0,0,0,-0.371
1619609804584,0.19,0,0,0,0,-0.359
1619609804604,0.197,0,0,0,0,-0.357
1619609804624,0.197,0,0,0,0,-0.357
1619609804644,0.19,0,0,0,0,-0.366
1619609804664,0.197,0,0,0,0,-0.373
1619609804684,0.197,0,0,0,0,-0.389
1619609804704,0.193,0,0,0,0,-0.381
1619609804724,0.197,0,0,0,0,-0.371
1619609804744,0.2,0,0,0,0,-0.348
1619609804764,0.197,0,0,0,0,-0.352
1619609804784,0.19,0,0,0,0,-0.352
1619609804804,0.2,0,0,0,0,-0.348
1619609804824,0.197,0,0,0,0,-0.346
1619609804844,0.197,0,0,0,0,-0.349
1619609804864,0.2,0,0,0,0,-0.369
1619609804884,0.2,0,0,0,0,-0.369
1619609804904,0.187,0,0,0,0,-0.362
1619609804924,0.2,0,0,0,0,-0.361
1619609804944,0.2,0,0,0,0,-0.357
1619609804964,0.187,0,0,0,0,-0.365
1619609804984,0.197,0,0,0,0,-0.367
1619609805004,0.2,0,0,0,0,-0.371
1619609805024,0.204,0,0,0,0,-0.367
1619609805044,0.187,0,0,0,0,-0.356
1619609805064,0.197,0,0,0,0,-0.345
1619609805084,0.19,0,0,0,0,-0.342
1619609805104,0.197,0,0,0,0,-0.332
1619609805124,0.204,0,0,0,0,-0.349
1619609805144,0.19,0,0,0,0,-0.352
1619609805164,0.207,0,0,0,0,-0.363
1619609805184,0.207,0,0,0,0,-0.363
1619609805204,0.19,0,0,0,0,-0.349
1619609805224,0.193,0,0,0,0,-0.325
1619609805244,0.2,0,0,0,0,-0.312
1619609805264,0.2,0,0,0,0,-0.314
1619609805284,0.19,0,0,0,0,-0.336
1619609805304,0.2,0,0,0,0,-0.35
1619609805324,0.19,0,0,0,0,-0.337
1619609805344,0.207,0,0,0,0,-0.336
1619609805364,0.183,0,0,0,0,-0.346
1619609805384,0.2,0,0,0,0,-0.373
1619609805404,0.2,0,0,0,0,-0.37
1619609805424,0.204,0,0,0,0,-0.359
1619609805444,0.193,0,0,0,0,-0.343
1619609805464,0.193,0,0,0,0,-0.354
1619609805484,0.193,0,0,0,0,-0.354
1619609805504,0.204,0,0,0,0,-0.361
1619609805524,0.197,0,0,0,0,-0.36
1619609805544,0.187,0,0,0,0,-0.362
1619609805564,0.2,0,0,0,0,-0.364
1619609805584,0.2,0,0,0,0,-0.352
1619609805604,0.193,0,0,0,0,-0.367
1619609805624,0.197,0,0,0,0,-0.388
1619609805644,0.193,0,0,0,0,-0.388
1619609805664,0.197,0,0,0,0,-0.382
1619609805684,0.197,0,0,0,0,-0.393
1619609805704,0.197,0,0,0,0,-0.388
1619609805724,0.197,0,0,0,0,-0.367
1619609805744,0.197,0,0,0,0,-0.367
1619609805764,0.183,0,0,0,0,-0.348
1619609805784,0.2,0,0,0,0,-0.347
1619609805804,0.19,0,0,0,0,-0.34
1619609805824,0.197,0,0,0,0,-0.328
1619609805844,0.2,0,0,0,0,-0.334
1619609805864,0.193,0,0,0,0,-0.347
1619609805884,0.204,0,0,0,0,-0.339
1619609805905,0.193,0,0,0,0,-0.328
1619609805924,0.19,0,0,0,0,-0.334
1619609805944,0.2,0,0,0,0,-0.326
1619609805964,0.2,0,0,0,0,-0.32
1619609805984,0.187,0,0,0,0,-0.326
1619609806006,0.2,0,0,0,0,-0.345
1619609806024,0.2,0,0,0,0,-0.315
1619609806044,0.2,0,0,0,0,-0.315
1619609806064,0.187,0,0,0,0,-0.316
1619609806084,0.197,0,0,0,0,-0.332
1619609806104,0.2,0,0,0,0,-0.339
1619609806125,0.193,0,0,0,0,-0.323
1619609806144,0.2,0,0,0,0,-0.319
1619609806164,0.187,0,0,0,0,-0.33
1619609806184,0.2,0,0,0,0,-0.352
1619609806205,0.2,0,0,0,0,-0.336
1619609806224,0.197,0,0,0,0,-0.325
1619609806244,0.193,0,0,0,0,-0.326
1619609806264,0.2,0,0,0,0,-0.327
1619609806284,0.2,0,0,0,0,-0.336
1619609806305,0.193,0,0,0,0,-0.332
1619609806324,0.211,0,0,0,0,-0.332
1619609806344,0.211,0,0,0,0,-0.332
1619609806364,0.187,0,0,0,0,-0.347
1619609806384,0.2,0,0,0,0,-0.348
1619609806406,0.2,0,0,0,0,-0.345
1619609806424,0.204,0,0,0,0,-0.343
1619609806444,0.19,0,0,0,0,-0.338
1619609806464,0.193,0,0,0,0,-0.365
1619609806484,0.197,0,0,0,0,-0.374
1619609806505,0.197,0,0,0,0,-0.364
1619609806524,0.193,0,0,0,0,-0.351
1619609806544,0.197,0,0,0,0,-0.358
1619609806564,0.193,0,0,0,0,-0.381
1619609806584,0.197,0,0,0,0,-0.395
1619609806604,0.197,0,0,0,0,-0.395
1619609806624,0.197,0,0,0,0,-0.382
1619609806644,0.19,0,0,0,0,-0.37
1619609806664,0.193,0,0,0,0,-0.379
1619609806684,0.197,0,0,0,0,-0.379
1619609806704,0.187,0,0,0,0,-0.372
1619609806724,0.193,0,0,0,0,-0.376
1619609806744,0.193,0,0,0,0,-0.407
1619609806764,0.18,0,0,0,0,-0.414
1619609806784,0.2,0,0,0,0,-0.416
1619609806804,0.197,0,0,0,0,-0.437
1619609806824,0.193,0,0,0,0,-0.426
1619609806844,0.197,0,0,0,0,-0.391
1619609806864,0.197,0,0,0,0,-0.391
1619609806884,0.193,0,0,0,0,-0.386
1619609806904,0.193,0,0,0,0,-0.393
1619609806924,0.197,0,0,0,0,-0.382
1619609806944,0.2,0,0,0,0,-0.395
1619609806964,0.2,0,0,0,0,-0.389
1619609806984,0.193,0,0,0,0,-0.368
1619609807004,0.204,0,0,0,0,-0.342
1619609807024,0.2,0,0,0,0,-0.346
1619609807044,0.2,0,0,0,0,-0.356
1619609807064,0.193,0,0,0,0,-0.332
1619609807084,0.2,0,0,0,0,-0.3
1619609807104,0.2,0,0,0,0,-0.266
1619609807124,0.193,0,0,0,0,-0.245
1619609807144,0.207,0,0,0,0,-0.29
1619609807164,0.207,0,0,0,0,-0.29
1619609807184,0.187,0,0,0,0,-0.307
1619609807204,0.2,0,0,0,0,-0.313
1619609807224,0.2,0,0,0,0,-0.304
1619609807244,0.2,0,0,0,0,-0.296
1619609807264,0.2,0,0,0,0,-0.293
1619609807284,0.204,0,0,0,0,-0.285
1619609807304,0.19,0,0,0,0,-0.29
1619609807324,0.2,0,0,0,0,-0.297
1619609807344,0.19,0,0,0,0,-0.292
1619609807364,0.2,0,0,0,0,-0.313
1619609807384,0.193,0,0,0,0,-0.357
1619609807404,0.197,0,0,0,0,-0.35
1619609807424,0.197,0,0,0,0,-0.348
1619609807444,0.197,0,0,0,0,-0.297
1619609807464,0.197,0,0,0,0,-0.297
1619609807484,0.187,0,0,0,0,-0.309
1619609807504,0.193,0,0,0,0,-0.344
1619609807524,0.187,0,0,0,0,-0.358
1619609807544,0.204,0,0,0,0,-0.339
1619609807564,0.2,0,0,0,0,-0.33
1619609807584,0.193,0,0,0,0,-0.339
1619609807604,0.193,0,0,0,0,-0.323
1619609807624,0.2,0,0,0,0,-0.309
1619609807644,0.2,0,0,0,0,-0.297
1619609807664,0.19,0,0,0,0,-0.292
1619609807684,0.2,0,0,0,0,-0.305
1619609807704,0.2,0,0,0,0,-0.312
1619609807724,0.2,0,0,0,0,-0.312
1619609807744,0.19,0,0,0,0,-0.324
1619609807764,0.2,0,0,0,0,-0.308
1619609807784,0.19,0,0,0,0,-0.315
1619609807804,0.2,0,0,0,0,-0.318
1619609807824,0.193,0,0,0,0,-0.328
1619609807844,0.204,0,0,0,0,-0.325
1619609807864,0.19,0,0,0,0,-0.329
1619609807884,0.2,0,0,0,0,-0.326
1619609807904,0.197,0,0,0,0,-0.319
1619609807924,0.197,0,0,0,0,-0.321
1619609807944,0.197,0,0,0,0,-0.357
1619609807964,0.197,0,0,0,0,-0.359
1619609807984,0.197,0,0,0,0,-0.393
1619609808004,0.197,0,0,0,0,-0.393
1619609808024,0.183,0,0,0,0,-0.4
1619609808044,0.197,0,0,0,0,-0.391
1619609808064,0.197,0,0,0,0,-0.382
1619609808084,0.2,0,0,0,0,-0.381
1619609808104,0.19,0,0,0,0,-0.371
1619609808124,0.2,0,0,0,0,-0.353
1619609808144,0.2,0,0,0,0,-0.356
1619609808164,0.187,0,0,0,0,-0.358
1619609808184,0.197,0,0,0,0,-0.358
1619609808204,0.207,0,0,0,0,-0.338
1619609808225,0.197,0,0,0,0,-0.327
1619609808244,0.193,0,0,0,0,-0.354
1619609808264,0.2,0,0,0,0,-0.375
1619609808284,0.207,0,0,0,0,-0.378
1619609808304,0.207,0,0,0,0,-0.378
1619609808326,0.187,0,0,0,0,-0.359
1619609808345,0.193,0,0,0,0,-0.354
1619609808364,0.197,0,0,0,0,-0.34
1619609808384,0.197,0,0,0,0,-0.343
1619609808404,0.197,0,0,0,0,-0.341
1619609808424,0.193,0,0,0,0,-0.335
1619609808444,0.19,0,0,0,0,-0.34
1619609808464,0.2,0,0,0,0,-0.328
1619609808484,0.197,0,0,0,0,-0.335
1619609808504,0.193,0,0,0,0,-0.336
1619609808524,0.2,0,0,0,0,-0.337
1619609808544,0.193,0,0,0,0,-0.354
1619609808564,0.193,0,0,0,0,-0.354
1619609808584,0.2,0,0,0,0,-0.362
1619609808604,0.197,0,0,0,0,-0.347
1619609808624,0.193,0,0,0,0,-0.345
1619609808644,0.193,0,0,0,0,-0.356
1619609808664,0.197,0,0,0,0,-0.375
1619609808684,0.197,0,0,0,0,-0.368
1619609808704,0.187,0,0,0,0,-0.345
1619609808725,0.197,0,0,0,0,-0.341
1619609808745,0.197,0,0,0,0,-0.342
1619609808764,0.193,0,0,0,0,-0.338
1619609808784,0.2,0,0,0,0,-0.334
1619609808804,0.2,0,0,0,0,-0.31
1619609808824,0.2,0,0,0,0,-0.31
1619609808844,0.19,0,0,0,0,-0.318
1619609808864,0.19,0,0,0,0,-0.342
1619609808884,0.2,0,0,0,0,-0.345
1619609808904,0.197,0,0,0,0,-0.342
1619609808924,0.193,0,0,0,0,-0.328
1619609808944,0.197,0,0,0,0,-0.327
1619609808964,0.204,0,0,0,0,-0.316
1619609808984,0.193,0,0,0,0,-0.317
1619609809004,0.193,0,0,0,0,-0.31
1619609809025,0.193,0,0,0,0,-0.304
1619609809044,0.193,0,0,0,0,-0.314
1619609809064,0.2,0,0,0,0,-0.317
1619609809084,0.2,0,0,0,0,-0.333
1619609809104,0.2,0,0,0,0,-0.333
1619609809124,0.2,0,0,0,0,-0.329
1619609809144,0.187,0,0,0,0,-0.333
1619609809164,0.2,0,0,0,0,-0.329
1619609809184,0.193,0,0,0,0,-0.316
1619609809204,0.2,0,0,0,0,-0.319
1619609809224,0.197,0,0,0,0,-0.324
1619609809244,0.193,0,0,0,0,-0.333
1619609809264,0.197,0,0,0,0,-0.338
1619609809284,0.193,0,0,0,0,-0.341
1619609809304,0.193,0,0,0,0,-0.342
1619609809324,0.2,0,0,0,0,-0.316
1619609809344,0.2,0,0,0,0,-0.316
1619609809364,0.204,0,0,0,0,-0.299
1619609809384,0.197,0,0,0,0,-0.333
1619609809404,0.19,0,0,0,0,-0.356
1619609809424,0.193,0,0,0,0,-0.349
1619609809444,0.197,0,0,0,0,-0.348
1619609809464,0.19,0,0,0,0,-0.343
1619609809484,0.197,0,0,0,0,-0.326
1619609809504,0.193,0,0,0,0,-0.332
1619609809524,0.197,0,0,0,0,-0.332
1619609809544,0.197,0,0,0,0,-0.357
1619609809564,0.193,0,0,0,0,-0.361
1619609809584,0.2,0,0,0,0,-0.348
1619609809604,0.2,0,0,0,0,-0.348
1619609809624,0.2,0,0,0,0,-0.33
1619609809644,0.2,0,0,0,0,-0.341
1619609809664,0.193,0,0,0,0,-0.355
1619609809684,0.19,0,0,0,0,-0.361
1619609809704,0.197,0,0,0,0,-0.349
1619609809724,0.2,0,0,0,0,-0.343
1619609809744,0.193,0,0,0,0,-0.332
1619609809764,0.2,0,0,0,0,-0.343
1619609809784,0.19,0,0,0,0,-0.348
1619609809804,0.193,0,0,0,0,-0.332
1619609809824,0.2,0,0,0,0,-0.314
1619609809844,0.193,0,0,0,0,-0.311
1619609809864,0.197,0,0,0,0,-0.333
1619609809884,0.197,0,0,0,0,-0.333
1619609809904,0.204,0,0,0,0,-0.35
1619609809924,0.2,0,0,0,0,-0.329
1619609809944,0.187,0,0,0,0,-0.315
1619609809964,0.2,0,0,0,0,-0.323
1619609809984,0.193,0,0,0,0,-0.328
1619609810004,0.19,0,0,0,0,-0.324
1619609810024,0.2,0,0,0,0,-0.328
1619609810044,0.2,0,0,0,0,-0.332
1619609810064,0.193,0,0,0,0,-0.341
1619609810084,0.19,0,0,0,0,-0.336
1619609810104,0.193,0,0,0,0,-0.35
1619609810124,0.2,0,0,0,0,-0.342
1619609810144,0.197,0,0,0,0,-0.354
1619609810164,0.187,0,0,0,0,-0.384
1619609810184,0.187,0,0,0,0,-0.384
1619609810204,0.204,0,0,0,0,-0.396
1619609810224,0.2,0,0,0,0,-0.375
1619609810244,0.187,0,0,0,0,-0.36
1619609810264,0.197,0,0,0,0,-0.358
1619609810284,0.19,0,0,0,0,-0.356
1619609810304,0.2,0,0,0,0,-0.342
1619609810324,0.197,0,0,0,0,-0.347
1619609810344,0.204,0,0,0,0,-0.356
1619609810364,0.19,0,0,0,0,-0.364
1619609810384,0.187,0,0,0,0,-0.363
1619609810404,0.193,0,0,0,0,-0.367
1619609810424,0.19,0,0,0,0,-0.36
1619609810454,0.19,0,0,0,0,-0.36
1619609810464,0.197,0,0,0,0,-0.343
1619609810484,0.197,0,0,0,0,-0.343
1619609810504,0.19,0,0,0,0,-0.357
1619609810524,0.2,0,0,0,0,-0.365
1619609810545,0.2,0,0,0,0,-0.359
1619609810564,0.19,0,0,0,0,-0.359
1619609810584,0.2,0,0,0,0,-0.358
1619609810604,0.2,0,0,0,0,-0.348
1619609810624,0.197,0,0,0,0,-0.349
1619609810645,0.2,0,0,0,0,-0.358
1619609810664,0.19,0,0,0,0,-0.369
1619609810684,0.204,0,0,0,0,-0.35
1619609810704,0.204,0,0,0,0,-0.35
1619609810724,0.197,0,0,0,0,-0.344
1619609810745,0.193,0,0,0,0,-0.35
1619609810764,0.19,0,0,0,0,-0.341
1619609810784,0.19,0,0,0,0,-0.32
1619609810804,0.2,0,0,0,0,-0.322
1619609810824,0.2,0,0,0,0,-0.333
1619609810845,0.193,0,0,0,0,-0.342
1619609810865,0.204,0,0,0,0,-0.346
1619609810884,0.187,0,0,0,0,-0.342
1619609810904,0.197,0,0,0,0,-0.354
1619609810924,0.2,0,0,0,0,-0.351
1619609810945,0.197,0,0,0,0,-0.343
1619609810964,0.197,0,0,0,0,-0.343
1619609810984,0.197,0,0,0,0,-0.361
1619609811004,0.19,0,0,0,0,-0.373
1619609811024,0.207,0,0,0,0,-0.367
1619609811046,0.183,0,0,0,0,-0.36
1619609811064,0.2,0,0,0,0,-0.371
1619609811084,0.197,0,0,0,0,-0.37
1619609811104,0.197,0,0,0,0,-0.375
1619609811124,0.197,0,0,0,0,-0.38
1619609811146,0.197,0,0,0,0,-0.39
1619609811164,0.2,0,0,0,0,-0.38
1619609811184,0.187,0,0,0,0,-0.356
1619609811204,0.197,0,0,0,0,-0.357
1619609811224,0.2,0,0,0,0,-0.355
1619609811249,0.2,0,0,0,0,-0.355
1619609811264,0.197,0,0,0,0,-0.352
1619609811284,0.197,0,0,0,0,-0.352
1619609811304,0.204,0,0,0,0,-0.355
1619609811324,0.193,0,0,0,0,-0.344
1619609811344,0.19,0,0,0,0,-0.328
1619609811364,0.2,0,0,0,0,-0.33
1619609811384,0.197,0,0,0,0,-0.35
1619609811404,0.197,0,0,0,0,-0.349
1619609811424,0.193,0,0,0,0,-0.374
1619609811444,0.2,0,0,0,0,-0.384
1619609811464,0.2,0,0,0,0,-0.381
1619609811484,0.197,0,0,0,0,-0.356
1619609811504,0.197,0,0,0,0,-0.356
1619609811524,0.197,0,0,0,0,-0.359
1619609811544,0.193,0,0,0,0,-0.366
1619609811564,0.193,0,0,0,0,-0.366
1619609811584,0.2,0,0,0,0,-0.346
1619609811604,0.193,0,0,0,0,-0.34
1619609811624,0.19,0,0,0,0,-0.336
1619609811644,0.197,0,0,0,0,-0.331
1619609811664,0.19,0,0,0,0,-0.315
1619609811684,0.204,0,0,0,0,-0.327
1619609811704,0.19,0,0,0,0,-0.353
1619609811724,0.204,0,0,0,0,-0.366
1619609811744,0.2,0,0,0,0,-0.351
1619609811764,0.2,0,0,0,0,-0.351
1619609811784,0.197,0,0,0,0,-0.357
1619609811804,0.193,0,0,0,0,-0.351
1619609811824,0.211,0,0,0,0,-0.319
1619609811844,0.193,0,0,0,0,-0.322
1619609811864,0.187,0,0,0,0,-0.347
1619609811884,0.204,0,0,0,0,-0.364
1619609811904,0.197,0,0,0,0,-0.355
1619609811924,0.2,0,0,0,0,-0.348
1619609811944,0.19,0,0,0,0,-0.359
1619609811964,0.2,0,0,0,0,-0.353
1619609811984,0.204,0,0,0,0,-0.354
1619609812004,0.183,0,0,0,0,-0.356
1619609812024,0.2,0,0,0,0,-0.36
1619609812044,0.197,0,0,0,0,-0.342
1619609812064,0.197,0,0,0,0,-0.342
1619609812084,0.19,0,0,0,0,-0.33
1619609812104,0.193,0,0,0,0,-0.341
1619609812124,0.19,0,0,0,0,-0.343
1619609812144,0.207,0,0,0,0,-0.346
1619609812164,0.183,0,0,0,0,-0.355
1619609812184,0.2,0,0,0,0,-0.362
1619609812204,0.2,0,0,0,0,-0.366
1619609812224,0.193,0,0,0,0,-0.345
1619609812244,0.197,0,0,0,0,-0.351
1619609812264,0.207,0,0,0,0,-0.358
1619609812284,0.19,0,0,0,0,-0.36
1619609812304,0.19,0,0,0,0,-0.367
1619609812324,0.19,0,0,0,0,-0.367
1619609812344,0.2,0,0,0,0,-0.364
1619609812364,0.197,0,0,0,0,-0.359
1619609812384,0.2,0,0,0,0,-0.35
1619609812404,0.193,0,0,0,0,-0.366
1619609812424,0.19,0,0,0,0,-0.357
1619609812444,0.197,0,0,0,0,-0.354
1619609812464,0.193,0,0,0,0,-0.336
1619609812484,0.2,0,0,0,0,-0.332
1619609812504,0.193,0,0,0,0,-0.346
1619609812524,0.197,0,0,0,0,-0.367
1619609812544,0.193,0,0,0,0,-0.364
1619609812564,0.19,0,0,0,0,-0.362
1619609812584,0.19,0,0,0,0,-0.362
1619609812604,0.2,0,0,0,0,-0.371
1619609812624,0.197,0,0,0,0,-0.389
1619609812644,0.193,0,0,0,0,-0.416
1619609812664,0.2,0,0,0,0,-0.416
1619609812684,0.193,0,0,0,0,-0.415
1619609812704,0.19,0,0,0,0,-0.393
1619609812724,0.197,0,0,0,0,-0.381
1619609812744,0.197,0,0,0,0,-0.385
1619609812764,0.197,0,0,0,0,-0.374
1619609812784,0.2,0,0,0,0,-0.366
1619609812804,0.193,0,0,0,0,-0.346
1619609812824,0.193,0,0,0,0,-0.351
1619609812844,0.193,0,0,0,0,-0.351
1619609812864,0.193,0,0,0,0,-0.336
1619609812884,0.193,0,0,0,0,-0.337
1619609812904,0.2,0,0,0,0,-0.333
1619609812924,0.2,0,0,0,0,-0.339
1619609812944,0.204,0,0,0,0,-0.334
1619609812964,0.19,0,0,0,0,-0.313
1619609812984,0.2,0,0,0,0,-0.341
1619609813004,0.193,0,0,0,0,-0.345
1619609813024,0.197,0,0,0,0,-0.335
1619609813044,0.193,0,0,0,0,-0.336
1619609813065,0.19,0,0,0,0,-0.338
1619609813084,0.204,0,0,0,0,-0.34
1619609813104,0.19,0,0,0,0,-0.33
1619609813124,0.2,0,0,0,0,-0.327
1619609813144,0.2,0,0,0,0,-0.327
1619609813165,0.2,0,0,0,0,-0.319
1619609813184,0.207,0,0,0,0,-0.297
1619609813204,0.193,0,0,0,0,-0.275
1619609813224,0.2,0,0,0,0,-0.301
1619609813244,0.204,0,0,0,0,-0.312
1619609813265,0.193,0,0,0,0,-0.3
1619609813284,0.2,0,0,0,0,-0.298
1619609813304,0.2,0,0,0,0,-0.292
1619609813324,0.197,0,0,0,0,-0.293
1619609813344,0.193,0,0,0,0,-0.296
1619609813367,0.2,0,0,0,0,-0.297
1619609813384,0.187,0,0,0,0,-0.281
1619609813404,0.187,0,0,0,0,-0.292
1619609813424,0.2,0,0,0,0,-0.298
1619609813444,0.2,0,0,0,0,-0.298
1619609813466,0.197,0,0,0,0,-0.322
1619609813484,0.19,0,0,0,0,-0.346
1619609813504,0.2,0,0,0,0,-0.353
1619609813524,0.19,0,0,0,0,-0.343
1619609813544,0.2,0,0,0,0,-0.337
1619609813564,0.19,0,0,0,0,-0.349
1619609813584,0.197,0,0,0,0,-0.338
1619609813604,0.2,0,0,0,0,-0.331
1619609813624,0.2,0,0,0,0,-0.336
1619609813644,0.197,0,0,0,0,-0.342
1619609813664,0.2,0,0,0,0,-0.35
1619609813684,0.197,0,0,0,0,-0.351
1619609813704,0.197,0,0,0,0,-0.351
1619609813724,0.193,0,0,0,0,-0.361
1619609813744,0.19,0,0,0,0,-0.378
1619609813764,0.19,0,0,0,0,-0.367
1619609813784,0.2,0,0,0,0,-0.367
1619609813804,0.197,0,0,0,0,-0.396
1619609813824,0.187,0,0,0,0,-0.385
1619609813844,0.193,0,0,0,0,-0.363
1619609813864,0.197,0,0,0,0,-0.381
1619609813884,0.197,0,0,0,0,-0.377
1619609813904,0.19,0,0,0,0,-0.368
1619609813924,0.197,0,0,0,0,-0.371
1619609813944,0.193,0,0,0,0,-0.349
1619609813964,0.197,0,0,0,0,-0.358
1619609813984,0.197,0,0,0,0,-0.358
1619609814004,0.193,0,0,0,0,-0.348
1619609814024,0.197,0,0,0,0,-0.35
1619609814044,0.2,0,0,0,0,-0.347
1619609814064,0.19,0,0,0,0,-0.341
1619609814084,0.2,0,0,0,0,-0.341
1619609814104,0.204,0,0,0,0,-0.339
1619609814124,0.19,0,0,0,0,-0.337
1619609814144,0.193,0,0,0,0,-0.329
1619609814164,0.2,0,0,0,0,-0.342
1619609814184,0.19,0,0,0,0,-0.342
1619609814204,0.19,0,0,0,0,-0.332
1619609814224,0.204,0,0,0,0,-0.339
1619609814244,0.2,0,0,0,0,-0.342
1619609814264,0.2,0,0,0,0,-0.342
1619609814284,0.187,0,0,0,0,-0.356
1619609814304,0.193,0,0,0,0,-0.349
1619609814324,0.2,0,0,0,0,-0.35
1619609814344,0.197,0,0,0,0,-0.367
1619609814364,0.19,0,0,0,0,-0.352
1619609814384,0.211,0,0,0,0,-0.334
1619609814404,0.19,0,0,0,0,-0.339
1619609814424,0.197,0,0,0,0,-0.355
1619609814444,0.2,0,0,0,0,-0.359
1619609814464,0.197,0,0,0,0,-0.349
1619609814484,0.193,0,0,0,0,-0.342
1619609814504,0.193,0,0,0,0,-0.328
1619609814524,0.193,0,0,0,0,-0.328
1619609814544,0.2,0,0,0,0,-0.329
1619609814564,0.197,0,0,0,0,-0.329
1619609814584,0.19,0,0,0,0,-0.353
1619609814604,0.197,0,0,0,0,-0.367
1619609814624,0.2,0,0,0,0,-0.36
1619609814644,0.197,0,0,0,0,-0.359
1619609814664,0.197,0,0,0,0,-0.372
1619609814684,0.193,0,0,0,0,-0.374
1619609814704,0.187,0,0,0,0,-0.361
1619609814724,0.19,0,0,0,0,-0.371
1619609814744,0.204,0,0,0,0,-0.359
1619609814764,0.197,0,0,0,0,-0.364
1619609814784,0.197,0,0,0,0,-0.364
1619609814804,0.19,0,0,0,0,-0.361
1619609814824,0.197,0,0,0,0,-0.352
1619609814844,0.19,0,0,0,0,-0.341
1619609814864,0.2,0,0,0,0,-0.333
1619609814884,0.197,0,0,0,0,-0.358
1619609814904,0.193,0,0,0,0,-0.375
1619609814924,0.204,0,0,0,0,-0.379
1619609814944,0.187,0,0,0,0,-0.368
1619609814964,0.204,0,0,0,0,-0.362
1619609814984,0.19,0,0,0,0,-0.355
1619609815004,0.2,0,0,0,0,-0.344
1619609815024,0.197,0,0,0,0,-0.35
1619609815044,0.193,0,0,0,0,-0.364
1619609815064,0.204,0,0,0,0,-0.356
1619609815084,0.204,0,0,0,0,-0.356
1619609815104,0.19,0,0,0,0,-0.336
1619609815124,0.197,0,0,0,0,-0.342
1619609815144,0.193,0,0,0,0,-0.35
1619609815164,0.2,0,0,0,0,-0.338
1619609815184,0.2,0,0,0,0,-0.335
1619609815204,0.193,0,0,0,0,-0.339
1619609815224,0.204,0,0,0,0,-0.328
1619609815244,0.19,0,0,0,0,-0.314
1619609815264,0.19,0,0,0,0,-0.325
1619609815284,0.193,0,0,0,0,-0.329
1619609815304,0.2,0,0,0,0,-0.326
1619609815324,0.19,0,0,0,0,-0.319
1619609815344,0.207,0,0,0,0,-0.341
1619609815364,0.207,0,0,0,0,-0.341
1619609815385,0.19,0,0,0,0,-0.336
1619609815404,0.2,0,0,0,0,-0.342
1619609815424,0.197,0,0,0,0,-0.34
1619609815444,0.197,0,0,0,0,-0.351
1619609815464,0.2,0,0,0,0,-0.353
1619609815485,0.197,0,0,0,0,-0.355
1619609815504,0.2,0,0,0,0,-0.343
1619609815524,0.2,0,0,0,0,-0.342
1619609815544,0.197,0,0,0,0,-0.359
1619609815564,0.193,0,0,0,0,-0.369
1619609815585,0.197,0,0,0,0,-0.376
1619609815604,0.197,0,0,0,0,-0.364
1619609815624,0.197,0,0,0,0,-0.364
1619609815644,0.197,0,0,0,0,-0.369
1619609815664,0.19,0,0,0,0,-0.358
1619609815684,0.197,0,0,0,0,-0.338
1619609815704,0.197,0,0,0,0,-0.345
1619609815724,0.193,0,0,0,0,-0.339
1619609815744,0.2,0,0,0,0,-0.342
1619609815764,0.187,0,0,0,0,-0.341
1619609815787,0.197,0,0,0,0,-0.359
1619609815804,0.193,0,0,0,0,-0.348
1619609815824,0.204,0,0,0,0,-0.336
1619609815844,0.197,0,0,0,0,-0.335
1619609815864,0.2,0,0,0,0,-0.336
1619609815884,0.2,0,0,0,0,-0.337
1619609815904,0.2,0,0,0,0,-0.337
1619609815924,0.197,0,0,0,0,-0.319
1619609815944,0.19,0,0,0,0,-0.333
1619609815964,0.197,0,0,0,0,-0.326
1619609815984,0.2,0,0,0,0,-0.311
1619609816004,0.193,0,0,0,0,-0.307
1619609816024,0.19,0,0,0,0,-0.333
1619609816044,0.204,0,0,0,0,-0.326
1619609816064,0.183,0,0,0,0,-0.312
1619609816085,0.197,0,0,0,0,-0.327
1619609816104,0.19,0,0,0,0,-0.338
1619609816124,0.193,0,0,0,0,-0.312
1619609816144,0.193,0,0,0,0,-0.296
1619609816164,0.204,0,0,0,0,-0.313
1619609816184,0.204,0,0,0,0,-0.335
1619609816204,0.204,0,0,0,0,-0.335
1619609816224,0.19,0,0,0,0,-0.339
1619609816244,0.2,0,0,0,0,-0.315
1619609816264,0.2,0,0,0,0,-0.313
1619609816284,0.193,0,0,0,0,-0.3
1619609816304,0.204,0,0,0,0,-0.322
1619609816324,0.2,0,0,0,0,-0.33
1619609816344,0.19,0,0,0,0,-0.326
1619609816364,0.197,0,0,0,0,-0.335
1619609816384,0.193,0,0,0,0,-0.33
1619609816404,0.197,0,0,0,0,-0.332
1619609816424,0.197,0,0,0,0,-0.34
1619609816444,0.197,0,0,0,0,-0.34
1619609816464,0.197,0,0,0,0,-0.338
1619609816484,0.19,0,0,0,0,-0.315
1619609816504,0.197,0,0,0,0,-0.311
1619609816524,0.2,0,0,0,0,-0.342
1619609816544,0.193,0,0,0,0,-0.342
1619609816564,0.197,0,0,0,0,-0.317
1619609816584,0.19,0,0,0,0,-0.316
1619609816604,0.2,0,0,0,0,-0.339
1619609816624,0.2,0,0,0,0,-0.34
1619609816644,0.197,0,0,0,0,-0.329
1619609816664,0.2,0,0,0,0,-0.332
1619609816684,0.193,0,0,0,0,-0.328
1619609816704,0.193,0,0,0,0,-0.328
1619609816724,0.187,0,0,0,0,-0.346
1619609816744,0.2,0,0,0,0,-0.348
1619609816764,0.2,0,0,0,0,-0.349
1619609816784,0.197,0,0,0,0,-0.339
1619609816804,0.193,0,0,0,0,-0.327
1619609816824,0.204,0,0,0,0,-0.333
1619609816844,0.187,0,0,0,0,-0.337
1619609816864,0.2,0,0,0,0,-0.331
1619609816884,0.197,0,0,0,0,-0.322
1619609816904,0.2,0,0,0,0,-0.342
1619609816924,0.197,0,0,0,0,-0.356
1619609816944,0.197,0,0,0,0,-0.354
1619609816964,0.204,0,0,0,0,-0.338
1619609816984,0.204,0,0,0,0,-0.338
1619609817004,0.187,0,0,0,0,-0.326
1619609817024,0.204,0,0,0,0,-0.342
1619609817044,0.197,0,0,0,0,-0.374
1619609817064,0.187,0,0,0,0,-0.383
1619609817084,0.197,0,0,0,0,-0.384
1619609817104,0.2,0,0,0,0,-0.358
1619609817124,0.197,0,0,0,0,-0.353
1619609817144,0.187,0,0,0,0,-0.352
1619609817164,0.197,0,0,0,0,-0.354
1619609817184,0.193,0,0,0,0,-0.342
1619609817204,0.2,0,0,0,0,-0.337
1619609817224,0.2,0,0,0,0,-0.339
1619609817244,0.2,0,0,0,0,-0.344
1619609817264,0.204,0,0,0,0,-0.355
1619609817284,0.204,0,0,0,0,-0.355
1619609817304,0.176,0,0,0,0,-0.368
1619609817324,0.197,0,0,0,0,-0.405
1619609817344,0.193,0,0,0,0,-0.43
1619609817364,0.193,0,0,0,0,-0.446
1619609817384,0.187,0,0,0,0,-0.443
1619609817404,0.2,0,0,0,0,-0.401
1619609817424,0.19,0,0,0,0,-0.388
1619609817444,0.197,0,0,0,0,-0.387
1619609817464,0.2,0,0,0,0,-0.395
1619609817484,0.197,0,0,0,0,-0.376
1619609817504,0.19,0,0,0,0,-0.375
1619609817524,0.2,0,0,0,0,-0.365
1619609817544,0.2,0,0,0,0,-0.365
1619609817564,0.19,0,0,0,0,-0.365
1619609817584,0.193,0,0,0,0,-0.353
1619609817605,0.19,0,0,0,0,-0.358
1619609817624,0.204,0,0,0,0,-0.37
1619609817645,0.2,0,0,0,0,-0.359
1619609817664,0.2,0,0,0,0,-0.33
1619609817684,0.193,0,0,0,0,-0.306
1619609817705,0.193,0,0,0,0,-0.301
1619609817724,0.2,0,0,0,0,-0.304
1619609817744,0.19,0,0,0,0,-0.306
1619609817764,0.197,0,0,0,0,-0.306
1619609817784,0.204,0,0,0,0,-0.304
1619609817804,0.204,0,0,0,0,-0.304
1619609817824,0.19,0,0,0,0,-0.315
1619609817844,0.204,0,0,0,0,-0.305
1619609817864,0.187,0,0,0,0,-0.302
1619609817884,0.2,0,0,0,0,-0.312
1619609817905,0.193,0,0,0,0,-0.313
1619609817924,0.2,0,0,0,0,-0.316
1619609817944,0.204,0,0,0,0,-0.32
1619609817964,0.187,0,0,0,0,-0.324
1619609817984,0.211,0,0,0,0,-0.334
1619609818005,0.19,0,0,0,0,-0.321
1619609818024,0.197,0,0,0,0,-0.327
1619609818044,0.193,0,0,0,0,-0.315
1619609818064,0.2,0,0,0,0,-0.304
1619609818084,0.19,0,0,0,0,-0.304
1619609818106,0.207,0,0,0,0,-0.316
1619609818124,0.204,0,0,0,0,-0.319
1619609818144,0.197,0,0,0,0,-0.315
1619609818164,0.197,0,0,0,0,-0.315
1619609818184,0.183,0,0,0,0,-0.336
1619609818204,0.197,0,0,0,0,-0.356
1619609818224,0.197,0,0,0,0,-0.36
1619609818244,0.19,0,0,0,0,-0.355
1619609818264,0.197,0,0,0,0,-0.374
1619609818284,0.204,0,0,0,0,-0.382
1619609818305,0.187,0,0,0,0,-0.375
1619609818324,0.187,0,0,0,0,-0.371
1619609818344,0.2,0,0,0,0,-0.378
1619609818364,0.197,0,0,0,0,-0.366
1619609818384,0.19,0,0,0,0,-0.357
1619609818404,0.197,0,0,0,0,-0.346
1619609818425,0.197,0,0,0,0,-0.346
1619609818444,0.19,0,0,0,0,-0.354
1619609818464,0.197,0,0,0,0,-0.364
1619609818484,0.2,0,0,0,0,-0.368
1619609818504,0.19,0,0,0,0,-0.389
1619609818524,0.197,0,0,0,0,-0.391
1619609818544,0.2,0,0,0,0,-0.398
1619609818564,0.187,0,0,0,0,-0.392
1619609818584,0.2,0,0,0,0,-0.393
1619609818604,0.2,0,0,0,0,-0.373
1619609818624,0.19,0,0,0,0,-0.383
1619609818644,0.193,0,0,0,0,-0.405
1619609818664,0.197,0,0,0,0,-0.391
1619609818684,0.197,0,0,0,0,-0.391
1619609818704,0.19,0,0,0,0,-0.373
1619609818724,0.197,0,0,0,0,-0.372
1619609818744,0.2,0,0,0,0,-0.376
1619609818764,0.193,0,0,0,0,-0.366
1619609818784,0.197,0,0,0,0,-0.353
1619609818804,0.2,0,0,0,0,-0.33
1619609818824,0.19,0,0,0,0,-0.331
1619609818844,0.193,0,0,0,0,-0.328
1619609818864,0.197,0,0,0,0,-0.326
1619609818884,0.2,0,0,0,0,-0.348
1619609818904,0.193,0,0,0,0,-0.336
1619609818924,0.197,0,0,0,0,-0.33
1619609818944,0.204,0,0,0,0,-0.34
1619609818964,0.204,0,0,0,0,-0.34
1619609818984,0.183,0,0,0,0,-0.344
1619609819004,0.2,0,0,0,0,-0.319
1619609819024,0.204,0,0,0,0,-0.302
1619609819044,0.193,0,0,0,0,-0.297
1619609819064,0.2,0,0,0,0,-0.3
1619609819084,0.204,0,0,0,0,-0.309
1619609819104,0.204,0,0,0,0,-0.326
1619609819124,0.19,0,0,0,0,-0.33
1619609819144,0.197,0,0,0,0,-0.338
1619609819164,0.2,0,0,0,0,-0.337
1619609819184,0.2,0,0,0,0,-0.33
1619609819204,0.2,0,0,0,0,-0.343
1619609819224,0.197,0,0,0,0,-0.333
1619609819244,0.207,0,0,0,0,-0.343
1619609819264,0.207,0,0,0,0,-0.343
1619609819284,0.19,0,0,0,0,-0.333
1619609819304,0.187,0,0,0,0,-0.327
1619609819324,0.2,0,0,0,0,-0.333
1619609819344,0.19,0,0,0,0,-0.328
1619609819364,0.197,0,0,0,0,-0.336
1619609819384,0.197,0,0,0,0,-0.343
1619609819404,0.2,0,0,0,0,-0.332
1619609819424,0.2,0,0,0,0,-0.3
1619609819444,0.19,0,0,0,0,-0.299
1619609819464,0.193,0,0,0,0,-0.319
1619609819484,0.2,0,0,0,0,-0.311
1619609819504,0.2,0,0,0,0,-0.311
1619609819524,0.197,0,0,0,0,-0.311
1619609819544,0.193,0,0,0,0,-0.312
1619609819564,0.197,0,0,0,0,-0.317
1619609819584,0.193,0,0,0,0,-0.316
1619609819604,0.193,0,0,0,0,-0.311
1619609819624,0.19,0,0,0,0,-0.32
1619609819644,0.197,0,0,0,0,-0.335
1619609819664,0.2,0,0,0,0,-0.333
1619609819684,0.197,0,0,0,0,-0.342
1619609819704,0.19,0,0,0,0,-0.36
1619609819724,0.197,0,0,0,0,-0.351
1619609819744,0.197,0,0,0,0,-0.334
1619609819764,0.197,0,0,0,0,-0.337
1619609819784,0.193,0,0,0,0,-0.345
1619609819804,0.193,0,0,0,0,-0.345
1619609819824,0.204,0,0,0,0,-0.338
1619609819844,0.19,0,0,0,0,-0.338
1619609819864,0.197,0,0,0,0,-0.345
1619609819884,0.2,0,0,0,0,-0.361
1619609819904,0.197,0,0,0,0,-0.349
1619609819934,0.2,0,0,0,0,-0.342
1619609819944,0.197,0,0,0,0,-0.343
1619609819964,0.2,0,0,0,0,-0.325
1619609819984,0.183,0,0,0,0,-0.327
1619609820004,0.197,0,0,0,0,-0.341
1619609820025,0.19,0,0,0,0,-0.353
1619609820045,0.2,0,0,0,0,-0.344
1619609820064,0.197,0,0,0,0,-0.354
1619609820084,0.197,0,0,0,0,-0.354
1619609820104,0.19,0,0,0,0,-0.356
1619609820124,0.204,0,0,0,0,-0.34
1619609820144,0.197,0,0,0,0,-0.331
1619609820164,0.19,0,0,0,0,-0.33
1619609820184,0.197,0,0,0,0,-0.344
1619609820204,0.197,0,0,0,0,-0.346
1619609820224,0.2,0,0,0,0,-0.351
1619609820244,0.19,0,0,0,0,-0.37
1619609820264,0.204,0,0,0,0,-0.355
1619609820284,0.187,0,0,0,0,-0.336
1619609820304,0.2,0,0,0,0,-0.342
1619609820325,0.19,0,0,0,0,-0.345
1619609820344,0.2,0,0,0,0,-0.35
1619609820364,0.2,0,0,0,0,-0.35
1619609820384,0.2,0,0,0,0,-0.336
1619609820404,0.197,0,0,0,0,-0.333
1619609820425,0.197,0,0,0,0,-0.344
1619609820444,0.2,0,0,0,0,-0.347
1619609820464,0.187,0,0,0,0,-0.335
1619609820484,0.2,0,0,0,0,-0.336
1619609820504,0.2,0,0,0,0,-0.338
1619609820526,0.187,0,0,0,0,-0.331
1619609820544,0.204,0,0,0,0,-0.328
1619609820564,0.193,0,0,0,0,-0.325
1619609820584,0.193,0,0,0,0,-0.325
1619609820604,0.193,0,0,0,0,-0.316
1619609820624,0.2,0,0,0,0,-0.321
1619609820644,0.2,0,0,0,0,-0.321
1619609820664,0.2,0,0,0,0,-0.332
1619609820684,0.197,0,0,0,0,-0.354
1619609820704,0.193,0,0,0,0,-0.344
1619609820725,0.197,0,0,0,0,-0.328
1619609820744,0.2,0,0,0,0,-0.318
1619609820764,0.197,0,0,0,0,-0.322
1619609820784,0.187,0,0,0,0,-0.326
1619609820804,0.2,0,0,0,0,-0.332
1619609820824,0.19,0,0,0,0,-0.327
1619609820844,0.197,0,0,0,0,-0.336
1619609820864,0.197,0,0,0,0,-0.335
1619609820884,0.19,0,0,0,0,-0.339
1619609820904,0.19,0,0,0,0,-0.339
1619609820924,0.197,0,0,0,0,-0.325
1619609820944,0.193,0,0,0,0,-0.326
1619609820964,0.2,0,0,0,0,-0.36
1619609820984,0.197,0,0,0,0,-0.377
1619609821004,0.193,0,0,0,0,-0.354
1619609821024,0.2,0,0,0,0,-0.318
1619609821044,0.197,0,0,0,0,-0.316
1619609821064,0.187,0,0,0,0,-0.337
1619609821084,0.204,0,0,0,0,-0.333
1619609821104,0.204,0,0,0,0,-0.322
1619609821124,0.187,0,0,0,0,-0.343
1619609821144,0.197,0,0,0,0,-0.349
1619609821164,0.193,0,0,0,0,-0.341
1619609821184,0.193,0,0,0,0,-0.341
1619609821204,0.197,0,0,0,0,-0.346
1619609821224,0.197,0,0,0,0,-0.365
1619609821244,0.207,0,0,0,0,-0.361
1619609821264,0.187,0,0,0,0,-0.338
1619609821284,0.19,0,0,0,0,-0.333
1619609821304,0.197,0,0,0,0,-0.348
1619609821324,0.2,0,0,0,0,-0.331
1619609821344,0.197,0,0,0,0,-0.321
1619609821364,0.193,0,0,0,0,-0.337
1619609821384,0.2,0,0,0,0,-0.345
1619609821404,0.187,0,0,0,0,-0.353
1619609821424,0.2,0,0,0,0,-0.352
1619609821444,0.2,0,0,0,0,-0.352
1619609821464,0.2,0,0,0,0,-0.361
1619609821484,0.197,0,0,0,0,-0.368
1619609821504,0.2,0,0,0,0,-0.364
1619609821524,0.187,0,0,0,0,-0.339
1619609821544,0.2,0,0,0,0,-0.352
1619609821564,0.197,0,0,0,0,-0.374
1619609821584,0.204,0,0,0,0,-0.384
1619609821604,0.193,0,0,0,0,-0.396
1619609821624,0.197,0,0,0,0,-0.371
1619609821644,0.197,0,0,0,0,-0.369
1619609821664,0.19,0,0,0,0,-0.356
1619609821684,0.2,0,0,0,0,-0.351
1619609821704,0.2,0,0,0,0,-0.351
1619609821724,0.19,0,0,0,0,-0.345
1619609821744,0.197,0,0,0,0,-0.351
1619609821764,0.197,0,0,0,0,-0.359
1619609821784,0.187,0,0,0,0,-0.366
1619609821804,0.2,0,0,0,0,-0.381
1619609821824,0.197,0,0,0,0,-0.373
1619609821844,0.197,0,0,0,0,-0.383
1619609821864,0.197,0,0,0,0,-0.368
1619609821884,0.19,0,0,0,0,-0.346
1619609821904,0.204,0,0,0,0,-0.314
1619609821924,0.187,0,0,0,0,-0.318
1619609821944,0.193,0,0,0,0,-0.321
1619609821964,0.193,0,0,0,0,-0.319
1619609821984,0.2,0,0,0,0,-0.319
1619609822004,0.193,0,0,0,0,-0.333
1619609822024,0.193,0,0,0,0,-0.333
1619609822044,0.193,0,0,0,0,-0.336
1619609822064,0.2,0,0,0,0,-0.324
1619609822084,0.2,0,0,0,0,-0.319
1619609822104,0.204,0,0,0,0,-0.316
1619609822124,0.187,0,0,0,0,-0.307
1619609822144,0.193,0,0,0,0,-0.305
1619609822164,0.204,0,0,0,0,-0.293
1619609822184,0.2,0,0,0,0,-0.263
1619609822204,0.193,0,0,0,0,-0.274
1619609822224,0.2,0,0,0,0,-0.31
1619609822244,0.204,0,0,0,0,-0.316
1619609822264,0.187,0,0,0,0,-0.312
1619609822284,0.207,0,0,0,0,-0.365
1619609822304,0.187,0,0,0,0,-0.364
1619609822324,0.197,0,0,0,0,-0.342
1619609822344,0.197,0,0,0,0,-0.342
1619609822364,0.204,0,0,0,0,-0.342
1619609822384,0.19,0,0,0,0,-0.33
1619609822404,0.193,0,0,0,0,-0.351
1619609822424,0.197,0,0,0,0,-0.358
1619609822445,0.197,0,0,0,0,-0.352
1619609822464,0.2,0,0,0,0,-0.356
1619609822484,0.19,0,0,0,0,-0.362
1619609822504,0.204,0,0,0,0,-0.344
1619609822524,0.197,0,0,0,0,-0.354
1619609822546,0.193,0,0,0,0,-0.363
1619609822564,0.197,0,0,0,0,-0.349
1619609822584,0.2,0,0,0,0,-0.344
1619609822604,0.2,0,0,0,0,-0.344
1619609822624,0.197,0,0,0,0,-0.342
1619609822647,0.197,0,0,0,0,-0.355
1619609822664,0.193,0,0,0,0,-0.356
1619609822684,0.197,0,0,0,0,-0.34
1619609822704,0.187,0,0,0,0,-0.347
1619609822724,0.197,0,0,0,0,-0.386
1619609822745,0.197,0,0,0,0,-0.385
1619609822764,0.19,0,0,0,0,-0.371
1619609822784,0.2,0,0,0,0,-0.381
1619609822804,0.2,0,0,0,0,-0.381
1619609822824,0.187,0,0,0,0,-0.373
1619609822845,0.197,0,0,0,0,-0.362
1619609822864,0.193,0,0,0,0,-0.357
1619609822884,0.193,0,0,0,0,-0.357
1619609822904,0.197,0,0,0,0,-0.346
1619609822924,0.193,0,0,0,0,-0.35
1619609822944,0.187,0,0,0,0,-0.355
1619609822964,0.207,0,0,0,0,-0.359
1619609822984,0.19,0,0,0,0,-0.359
1619609823004,0.19,0,0,0,0,-0.364
1619609823024,0.2,0,0,0,0,-0.373
1619609823044,0.197,0,0,0,0,-0.363
1619609823064,0.19,0,0,0,0,-0.358
1619609823084,0.197,0,0,0,0,-0.373
1619609823104,0.2,0,0,0,0,-0.375
1619609823124,0.19,0,0,0,0,-0.373
1619609823145,0.19,0,0,0,0,-0.373
1619609823164,0.197,0,0,0,0,-0.371
1619609823184,0.197,0,0,0,0,-0.371
1619609823204,0.2,0,0,0,0,-0.367
1619609823224,0.19,0,0,0,0,-0.364
1619609823244,0.204,0,0,0,0,-0.383
1619609823264,0.187,0,0,0,0,-0.396
1619609823284,0.197,0,0,0,0,-0.388
1619609823304,0.2,0,0,0,0,-0.363
1619609823324,0.19,0,0,0,0,-0.363
1619609823344,0.197,0,0,0,0,-0.367
1619609823364,0.197,0,0,0,0,-0.377
1619609823384,0.197,0,0,0,0,-0.359
1619609823404,0.197,0,0,0,0,-0.359
1619609823424,0.19,0,0,0,0,-0.353
1619609823444,0.2,0,0,0,0,-0.361
1619609823464,0.2,0,0,0,0,-0.353
1619609823484,0.2,0,0,0,0,-0.34
1619609823504,0.193,0,0,0,0,-0.339
1619609823524,0.19,0,0,0,0,-0.355
1619609823544,0.2,0,0,0,0,-0.349
1619609823564,0.2,0,0,0,0,-0.341
1619609823584,0.19,0,0,0,0,-0.338
1619609823604,0.197,0,0,0,0,-0.349
1619609823624,0.197,0,0,0,0,-0.372
1619609823644,0.193,0,0,0,0,-0.366
1619609823664,0.193,0,0,0,0,-0.366
1619609823684,0.193,0,0,0,0,-0.365
1619609823704,0.197,0,0,0,0,-0.364
1619609823724,0.2,0,0,0,0,-0.37
1619609823744,0.187,0,0,0,0,-0.377
1619609823764,0.2,0,0,0,0,-0.369
1619609823784,0.19,0,0,0,0,-0.354
1619609823804,0.2,0,0,0,0,-0.342
1619609823824,0.2,0,0,0,0,-0.352
1619609823844,0.193,0,0,0,0,-0.344
1619609823864,0.2,0,0,0,0,-0.333
1619609823884,0.2,0,0,0,0,-0.321
1619609823904,0.204,0,0,0,0,-0.323
1619609823924,0.19,0,0,0,0,-0.329
1619609823944,0.19,0,0,0,0,-0.329
1619609823964,0.19,0,0,0,0,-0.317
1619609823984,0.204,0,0,0,0,-0.313
1619609824004,0.2,0,0,0,0,-0.318
1619609824024,0.2,0,0,0,0,-0.329
1619609824044,0.19,0,0,0,0,-0.332
1619609824064,0.204,0,0,0,0,-0.341
1619609824084,0.197,0,0,0,0,-0.349
1619609824104,0.193,0,0,0,0,-0.343
1619609824124,0.2,0,0,0,0,-0.35
1619609824144,0.197,0,0,0,0,-0.353
1619609824164,0.2,0,0,0,0,-0.352
1619609824184,0.193,0,0,0,0,-0.337
1619609824204,0.204,0,0,0,0,-0.322
1619609824224,0.19,0,0,0,0,-0.323
1619609824244,0.187,0,0,0,0,-0.328
1619609824264,0.187,0,0,0,0,-0.328
1619609824284,0.19,0,0,0,0,-0.318
1619609824304,0.197,0,0,0,0,-0.31
1619609824324,0.187,0,0,0,0,-0.333
1619609824344,0.197,0,0,0,0,-0.348
1619609824364,0.193,0,0,0,0,-0.347
1619609824384,0.197,0,0,0,0,-0.342
1619609824404,0.197,0,0,0,0,-0.338
1619609824424,0.193,0,0,0,0,-0.336
1619609824444,0.2,0,0,0,0,-0.341
1619609824464,0.187,0,0,0,0,-0.348
1619609824484,0.204,0,0,0,0,-0.352
1619609824504,0.197,0,0,0,0,-0.364
1619609824524,0.197,0,0,0,0,-0.364
1619609824544,0.19,0,0,0,0,-0.367
1619609824564,0.204,0,0,0,0,-0.374
1619609824584,0.19,0,0,0,0,-0.357
1619609824604,0.2,0,0,0,0,-0.359
1619609824624,0.197,0,0,0,0,-0.36
1619609824644,0.2,0,0,0,0,-0.376
1619609824664,0.197,0,0,0,0,-0.377
1619609824684,0.197,0,0,0,0,-0.362
1619609824704,0.19,0,0,0,0,-0.349
1619609824724,0.2,0,0,0,0,-0.371
1619609824744,0.197,0,0,0,0,-0.375
1619609824764,0.197,0,0,0,0,-0.378
1619609824784,0.19,0,0,0,0,-0.383
1619609824804,0.19,0,0,0,0,-0.383
1619609824824,0.197,0,0,0,0,-0.366
1619609824844,0.197,0,0,0,0,-0.351
1619609824864,0.187,0,0,0,0,-0.365
1619609824884,0.2,0,0,0,0,-0.347
1619609824904,0.204,0,0,0,0,-0.329
1619609824924,0.197,0,0,0,0,-0.336
1619609824944,0.187,0,0,0,0,-0.347
1619609824966,0.19,0,0,0,0,-0.357
1619609824985,0.19,0,0,0,0,-0.373
1619609825004,0.197,0,0,0,0,-0.384
1619609825024,0.19,0,0,0,0,-0.401
1619609825044,0.2,0,0,0,0,-0.397
1619609825065,0.204,0,0,0,0,-0.383
1619609825084,0.183,0,0,0,0,-0.41
1619609825104,0.183,0,0,0,0,-0.41
1619609825124,0.2,0,0,0,0,-0.426
1619609825144,0.197,0,0,0,0,-0.409
1619609825165,0.197,0,0,0,0,-0.404
1619609825184,0.197,0,0,0,0,-0.394
1619609825204,0.197,0,0,0,0,-0.392
1619609825224,0.207,0,0,0,0,-0.392
1619609825244,0.19,0,0,0,0,-0.391
1619609825276,0.197,0,0,0,0,-0.387
1619609825284,0.19,0,0,0,0,-0.378
1619609825304,0.197,0,0,0,0,-0.372
1619609825324,0.2,0,0,0,0,-0.381
1619609825344,0.193,0,0,0,0,-0.35
1619609825364,0.193,0,0,0,0,-0.35
1619609825384,0.193,0,0,0,0,-0.31
1619609825404,0.2,0,0,0,0,-0.322
1619609825424,0.19,0,0,0,0,-0.324
1619609825444,0.2,0,0,0,0,-0.318
1619609825465,0.2,0,0,0,0,-0.313
1619609825484,0.2,0,0,0,0,-0.337
1619609825504,0.19,0,0,0,0,-0.352
1619609825524,0.193,0,0,0,0,-0.337
1619609825544,0.2,0,0,0,0,-0.325
1619609825564,0.2,0,0,0,0,-0.343
1619609825584,0.197,0,0,0,0,-0.346
1619609825604,0.197,0,0,0,0,-0.355
1619609825624,0.197,0,0,0,0,-0.355
1619609825644,0.197,0,0,0,0,-0.36
1619609825664,0.197,0,0,0,0,-0.359
1619609825684,0.19,0,0,0,0,-0.355
1619609825704,0.197,0,0,0,0,-0.33
1619609825724,0.187,0,0,0,0,-0.311
1619609825744,0.2,0,0,0,0,-0.292
1619609825764,0.187,0,0,0,0,-0.297
1619609825784,0.197,0,0,0,0,-0.309
1619609825804,0.2,0,0,0,0,-0.315
1619609825824,0.19,0,0,0,0,-0.312
1619609825844,0.2,0,0,0,0,-0.295
1619609825864,0.193,0,0,0,0,-0.303
1619609825884,0.204,0,0,0,0,-0.307
1619609825904,0.193,0,0,0,0,-0.298
1619609825924,0.211,0,0,0,0,-0.301
1619609825944,0.193,0,0,0,0,-0.294
1619609825964,0.193,0,0,0,0,-0.294
1619609825984,0.2,0,0,0,0,-0.3
1619609826004,0.204,0,0,0,0,-0.311
1619609826024,0.193,0,0,0,0,-0.297
1619609826044,0.197,0,0,0,0,-0.293
1619609826064,0.2,0,0,0,0,-0.323
1619609826084,0.19,0,0,0,0,-0.337
1619609826104,0.2,0,0,0,0,-0.335
1619609826124,0.204,0,0,0,0,-0.322
1619609826144,0.19,0,0,0,0,-0.332
1619609826164,0.197,0,0,0,0,-0.336
1619609826184,0.2,0,0,0,0,-0.339
1619609826204,0.2,0,0,0,0,-0.33
1619609826224,0.19,0,0,0,0,-0.329
1619609826244,0.197,0,0,0,0,-0.357
1619609826264,0.197,0,0,0,0,-0.398
1619609826284,0.197,0,0,0,0,-0.398
1619609826304,0.193,0,0,0,0,-0.411
1619609826324,0.197,0,0,0,0,-0.402
1619609826344,0.19,0,0,0,0,-0.39
1619609826364,0.197,0,0,0,0,-0.374
1619609826384,0.2,0,0,0,0,-0.38
1619609826404,0.19,0,0,0,0,-0.373
1619609826424,0.197,0,0,0,0,-0.351
1619609826444,0.197,0,0,0,0,-0.352
1619609826464,0.197,0,0,0,0,-0.349
1619609826484,0.2,0,0,0,0,-0.357
1619609826504,0.193,0,0,0,0,-0.353
1619609826524,0.193,0,0,0,0,-0.353
1619609826544,0.197,0,0,0,0,-0.347
1619609826564,0.197,0,0,0,0,-0.348
1619609826584,0.193,0,0,0,0,-0.355
1619609826604,0.197,0,0,0,0,-0.364
1619609826624,0.197,0,0,0,0,-0.345
1619609826644,0.193,0,0,0,0,-0.345
1619609826664,0.187,0,0,0,0,-0.339
1619609826684,0.2,0,0,0,0,-0.36
1619609826704,0.197,0,0,0,0,-0.374
1619609826724,0.19,0,0,0,0,-0.366
1619609826744,0.204,0,0,0,0,-0.348
1619609826764,0.204,0,0,0,0,-0.348
1619609826784,0.187,0,0,0,0,-0.341
1619609826804,0.2,0,0,0,0,-0.345
1619609826824,0.197,0,0,0,0,-0.348
1619609826844,0.193,0,0,0,0,-0.349
1619609826864,0.197,0,0,0,0,-0.354
1619609826884,0.2,0,0,0,0,-0.345
1619609826904,0.2,0,0,0,0,-0.338
1619609826924,0.19,0,0,0,0,-0.33
1619609826944,0.197,0,0,0,0,-0.348
1619609826964,0.197,0,0,0,0,-0.354
1619609826984,0.19,0,0,0,0,-0.356
1619609827004,0.197,0,0,0,0,-0.363
1619609827024,0.2,0,0,0,0,-0.356
1619609827044,0.204,0,0,0,0,-0.349
1619609827064,0.187,0,0,0,0,-0.346
1619609827084,0.187,0,0,0,0,-0.346
1619609827104,0.197,0,0,0,0,-0.348
1619609827124,0.193,0,0,0,0,-0.351
1619609827144,0.197,0,0,0,0,-0.348
1619609827164,0.2,0,0,0,0,-0.347
1619609827185,0.197,0,0,0,0,-0.346
1619609827204,0.207,0,0,0,0,-0.355
1619609827224,0.183,0,0,0,0,-0.331
1619609827244,0.193,0,0,0,0,-0.335
1619609827264,0.2,0,0,0,0,-0.321
1619609827285,0.19,0,0,0,0,-0.321
1619609827304,0.197,0,0,0,0,-0.338
1619609827324,0.204,0,0,0,0,-0.345
1619609827344,0.204,0,0,0,0,-0.345
1619609827364,0.19,0,0,0,0,-0.338
1619609827384,0.19,0,0,0,0,-0.338
1619609827404,0.204,0,0,0,0,-0.351
1619609827424,0.2,0,0,0,0,-0.341
1619609827444,0.19,0,0,0,0,-0.312
1619609827464,0.2,0,0,0,0,-0.32
1619609827485,0.19,0,0,0,0,-0.338
1619609827505,0.193,0,0,0,0,-0.34
1619609827524,0.193,0,0,0,0,-0.331
1619609827544,0.2,0,0,0,0,-0.328
1619609827564,0.2,0,0,0,0,-0.335
1619609827584,0.2,0,0,0,0,-0.34
1619609827604,0.2,0,0,0,0,-0.34
1619609827624,0.197,0,0,0,0,-0.335
1619609827644,0.19,0,0,0,0,-0.337
1619609827664,0.197,0,0,0,0,-0.343
1619609827685,0.197,0,0,0,0,-0.351
1619609827704,0.193,0,0,0,0,-0.336
1619609827724,0.204,0,0,0,0,-0.323
1619609827744,0.19,0,0,0,0,-0.338
1619609827764,0.193,0,0,0,0,-0.34
1619609827786,0.2,0,0,0,0,-0.34
1619609827804,0.197,0,0,0,0,-0.35
1619609827824,0.197,0,0,0,0,-0.356
1619609827844,0.2,0,0,0,0,-0.342
1619609827864,0.2,0,0,0,0,-0.342
1619609827884,0.187,0,0,0,0,-0.344
1619609827904,0.197,0,0,0,0,-0.355
1619609827924,0.204,0,0,0,0,-0.377
1619609827944,0.193,0,0,0,0,-0.377
