1619611718794,0.976,0,0,0,0,-1.378
1619611718814,0.976,0,0,0,0,-1.391
1619611718834,0.98,0,0,0,0,-1.371
1619611718854,0.973,0,0,0,0,-1.346
1619611718874,0.973,0,0,0,0,-1.346
1619611718894,0.976,0,0,0,0,-1.375
1619611718914,0.969,0,0,0,0,-1.399
1619611718934,0.98,0,0,0,0,-1.431
1619611718954,0.969,0,0,0,0,-1.427
1619611718974,0.969,0,0,0,0,-1.404
1619611718994,0.976,0,0,0,0,-1.427
1619611719014,0.976,0,0,0,0,-1.438
1619611719034,0.976,0,0,0,0,-1.441
1619611719054,0.976,0,0,0,0,-1.445
1619611719075,0.966,0,0,0,0,-1.439
1619611719094,0.98,0,0,0,0,-1.414
1619611719114,0.973,0,0,0,0,-1.443
1619611719134,0.973,0,0,0,0,-1.443
1619611719154,0.98,0,0,0,0,-1.441
1619611719175,0.98,0,0,0,0,-1.424
1619611719194,0.98,0,0,0,0,-1.446
1619611719214,0.966,0,0,0,0,-1.45
1619611719234,0.963,0,0,0,0,-1.416
1619611719254,0.976,0,0,0,0,-1.381
1619611719274,0.973,0,0,0,0,-1.359
1619611719294,0.969,0,0,0,0,-1.422
1619611719314,0.99,0,0,0,0,-1.425
1619611719334,0.959,0,0,0,0,-1.412
1619611719355,0.969,0,0,0,0,-1.394
1619611719374,0.98,0,0,0,0,-1.392
1619611719394,0.98,0,0,0,0,-1.392
1619611719414,0.973,0,0,0,0,-1.418
1619611719434,0.976,0,0,0,0,-1.446
1619611719454,0.969,0,0,0,0,-1.484
1619611719474,0.997,0,0,0,0,-1.483
1619611719495,0.949,0,0,0,0,-1.434
1619611719514,0.973,0,0,0,0,-1.421
1619611719534,0.976,0,0,0,0,-1.41
1619611719554,0.969,0,0,0,0,-1.393
1619611719574,0.973,0,0,0,0,-1.395
1619611719594,0.976,0,0,0,0,-1.42
1619611719614,1.007,0,0,0,0,-1.414
1619611719634,0.946,0,0,0,0,-1.405
1619611719655,0.969,0,0,0,0,-1.411
1619611719674,0.973,0,0,0,0,-1.375
1619611719694,0.973,0,0,0,0,-1.375
1619611719714,0.976,0,0,0,0,-1.388
1619611719734,0.976,0,0,0,0,-1.402
1619611719754,0.976,0,0,0,0,-1.401
1619611719774,1.007,0,0,0,0,-1.366
1619611719794,0.939,0,0,0,0,-1.367
1619611719814,0.976,0,0,0,0,-1.395
1619611719834,0.976,0,0,0,0,-1.469
1619611719854,0.976,0,0,0,0,-1.472
1619611719874,0.976,0,0,0,0,-1.456
1619611719894,1.017,0,0,0,0,-1.522
1619611719914,0.932,0,0,0,0,-1.474
1619611719934,0.98,0,0,0,0,-1.436
1619611719954,0.98,0,0,0,0,-1.436
1619611719974,0.973,0,0,0,0,-1.434
1619611719994,0.976,0,0,0,0,-1.444
1619611720014,0.973,0,0,0,0,-1.458
1619611720034,0.98,0,0,0,0,-1.403
1619611720055,0.973,0,0,0,0,-1.405
1619611720075,0.98,0,0,0,0,-1.432
1619611720094,0.976,0,0,0,0,-1.405
1619611720114,0.983,0,0,0,0,-1.428
1619611720134,0.976,0,0,0,0,-1.432
1619611720154,0.98,0,0,0,0,-1.403
1619611720185,0.973,0,0,0,0,-1.425
1619611720194,0.976,0,0,0,0,-1.421
1619611720214,0.976,0,0,0,0,-1.421
1619611720234,0.973,0,0,0,0,-1.423
1619611720255,0.976,0,0,0,0,-1.445
1619611720275,0.973,0,0,0,0,-1.469
1619611720294,0.986,0,0,0,0,-1.471
1619611720315,0.963,0,0,0,0,-1.489
1619611720334,0.983,0,0,0,0,-1.486
1619611720355,0.976,0,0,0,0,-1.494
1619611720374,0.98,0,0,0,0,-1.485
1619611720394,0.976,0,0,0,0,-1.51
1619611720414,1,0,0,0,0,-1.556
1619611720434,0.966,0,0,0,0,-1.473
1619611720454,0.98,0,0,0,0,-1.429
1619611720475,0.98,0,0,0,0,-1.429
1619611720494,0.983,0,0,0,0,-1.429
1619611720514,0.983,0,0,0,0,-1.472
1619611720534,0.986,0,0,0,0,-1.421
1619611720554,0.98,0,0,0,0,-1.396
1619611720575,1.024,0,0,0,0,-1.433
1619611720594,0.946,0,0,0,0,-1.484
1619611720614,0.983,0,0,0,0,-1.561
1619611720634,0.983,0,0,0,0,-1.526
1619611720654,0.983,0,0,0,0,-1.494
1619611720676,0.976,0,0,0,0,-1.457
1619611720694,0.983,0,0,0,0,-1.463
1619611720714,1.01,0,0,0,0,-1.435
1619611720734,0.942,0,0,0,0,-1.43
1619611720754,0.98,0,0,0,0,-1.446
1619611720775,0.98,0,0,0,0,-1.446
1619611720794,0.98,0,0,0,0,-1.433
1619611720814,0.983,0,0,0,0,-1.42
1619611720835,0.976,0,0,0,0,-1.43
1619611720854,0.976,0,0,0,0,-1.412
1619611720875,1.01,0,0,0,0,-1.36
1619611720894,0.939,0,0,0,0,-1.383
1619611720914,0.976,0,0,0,0,-1.393
1619611720934,0.976,0,0,0,0,-1.424
1619611720954,0.98,0,0,0,0,-1.467
1619611720975,0.969,0,0,0,0,-1.429
1619611720994,1.024,0,0,0,0,-1.431
1619611721014,0.935,0,0,0,0,-1.439
1619611721035,0.935,0,0,0,0,-1.439
1619611721054,0.983,0,0,0,0,-1.454
1619611721075,0.986,0,0,0,0,-1.466
1619611721094,0.973,0,0,0,0,-1.476
1619611721114,0.98,0,0,0,0,-1.437
1619611721134,0.98,0,0,0,0,-1.484
1619611721155,0.976,0,0,0,0,-1.453
1619611721174,0.983,0,0,0,0,-1.423
1619611721194,0.976,0,0,0,0,-1.468
1619611721214,0.973,0,0,0,0,-1.42
1619611721234,0.973,0,0,0,0,-1.434
1619611721254,0.986,0,0,0,0,-1.4
1619611721274,0.969,0,0,0,0,-1.387
1619611721294,0.969,0,0,0,0,-1.387
1619611721315,0.98,0,0,0,0,-1.428
1619611721334,0.98,0,0,0,0,-1.44
1619611721354,0.976,0,0,0,0,-1.417
1619611721374,0.976,0,0,0,0,-1.445
1619611721394,0.986,0,0,0,0,-1.415
1619611721415,0.966,0,0,0,0,-1.475
1619611721434,0.973,0,0,0,0,-1.49
1619611721454,0.98,0,0,0,0,-1.473
1619611721474,0.976,0,0,0,0,-1.463
1619611721494,0.973,0,0,0,0,-1.471
1619611721515,0.993,0,0,0,0,-1.484
1619611721534,0.966,0,0,0,0,-1.488
1619611721554,0.966,0,0,0,0,-1.488
1619611721574,0.976,0,0,0,0,-1.456
1619611721594,0.983,0,0,0,0,-1.471
1619611721614,0.973,0,0,0,0,-1.46
1619611721634,0.983,0,0,0,0,-1.45
1619611721654,0.976,0,0,0,0,-1.45
1619611721674,1.003,0,0,0,0,-1.433
1619611721694,0.949,0,0,0,0,-1.444
1619611721714,0.983,0,0,0,0,-1.456
1619611721734,0.973,0,0,0,0,-1.397
1619611721754,0.98,0,0,0,0,-1.35
1619611721774,0.976,0,0,0,0,-1.364
1619611721794,0.983,0,0,0,0,-1.424
1619611721814,0.997,0,0,0,0,-1.415
1619611721834,0.942,0,0,0,0,-1.396
1619611721854,0.942,0,0,0,0,-1.396
1619611721874,0.969,0,0,0,0,-1.388
1619611721894,0.983,0,0,0,0,-1.394
1619611721914,0.966,0,0,0,0,-1.364
1619611721934,0.983,0,0,0,0,-1.386
1619611721954,0.98,0,0,0,0,-1.377
1619611721974,1.01,0,0,0,0,-1.304
1619611721994,0.939,0,0,0,0,-1.319
1619611722014,0.976,0,0,0,0,-1.357
1619611722034,0.98,0,0,0,0,-1.33
1619611722055,0.976,0,0,0,0,-1.31
1619611722074,0.98,0,0,0,0,-1.339
1619611722094,1.024,0,0,0,0,-1.369
1619611722114,1.024,0,0,0,0,-1.369
1619611722134,0.935,0,0,0,0,-1.466
1619611722154,0.99,0,0,0,0,-1.481
1619611722174,0.98,0,0,0,0,-1.437
1619611722194,0.986,0,0,0,0,-1.453
1619611722214,0.976,0,0,0,0,-1.443
1619611722234,0.98,0,0,0,0,-1.396
1619611722254,0.986,0,0,0,0,-1.426
1619611722274,0.976,0,0,0,0,-1.406
1619611722294,0.98,0,0,0,0,-1.411
1619611722314,0.976,0,0,0,0,-1.408
1619611722335,0.976,0,0,0,0,-1.372
1619611722354,0.98,0,0,0,0,-1.378
1619611722374,0.98,0,0,0,0,-1.378
1619611722405,0.973,0,0,0,0,-1.424
1619611722414,0.973,0,0,0,0,-1.422
1619611722434,0.973,0,0,0,0,-1.422
1619611722454,0.973,0,0,0,0,-1.434
1619611722474,0.976,0,0,0,0,-1.451
1619611722495,0.983,0,0,0,0,-1.453
1619611722514,0.966,0,0,0,0,-1.464
1619611722534,0.969,0,0,0,0,-1.446
1619611722554,0.973,0,0,0,0,-1.444
1619611722575,0.969,0,0,0,0,-1.421
1619611722596,0.976,0,0,0,0,-1.434
1619611722614,0.993,0,0,0,0,-1.432
1619611722634,0.993,0,0,0,0,-1.432
1619611722655,0.952,0,0,0,0,-1.437
1619611722674,0.98,0,0,0,0,-1.418
1619611722694,0.966,0,0,0,0,-1.453
1619611722714,0.973,0,0,0,0,-1.479
1619611722734,0.983,0,0,0,0,-1.536
1619611722754,0.973,0,0,0,0,-1.494
1619611722774,0.997,0,0,0,0,-1.464
1619611722795,0.942,0,0,0,0,-1.487
1619611722814,0.983,0,0,0,0,-1.484
1619611722834,0.973,0,0,0,0,-1.505
1619611722854,0.983,0,0,0,0,-1.478
1619611722874,0.973,0,0,0,0,-1.431
1619611722896,0.98,0,0,0,0,-1.402
1619611722914,1.01,0,0,0,0,-1.384
1619611722934,1.01,0,0,0,0,-1.384
1619611722954,0.942,0,0,0,0,-1.341
1619611722974,0.983,0,0,0,0,-1.336
1619611722997,0.969,0,0,0,0,-1.362
1619611723014,0.98,0,0,0,0,-1.359
1619611723034,0.976,0,0,0,0,-1.335
1619611723054,0.976,0,0,0,0,-1.287
1619611723075,1.014,0,0,0,0,-1.295
1619611723094,0.939,0,0,0,0,-1.325
1619611723114,0.976,0,0,0,0,-1.332
1619611723134,0.976,0,0,0,0,-1.39
1619611723154,0.973,0,0,0,0,-1.354
1619611723174,0.993,0,0,0,0,-1.389
1619611723195,0.993,0,0,0,0,-1.389
1619611723214,0.966,0,0,0,0,-1.433
1619611723234,0.966,0,0,0,0,-1.425
1619611723254,0.969,0,0,0,0,-1.45
1619611723275,0.973,0,0,0,0,-1.465
1619611723294,0.973,0,0,0,0,-1.445
1619611723314,0.993,0,0,0,0,-1.425
1619611723335,0.98,0,0,0,0,-1.437
1619611723354,0.942,0,0,0,0,-1.425
1619611723374,0.973,0,0,0,0,-1.436
1619611723394,0.98,0,0,0,0,-1.422
1619611723414,0.976,0,0,0,0,-1.408
1619611723434,1,0,0,0,0,-1.418
1619611723454,1,0,0,0,0,-1.418
1619611723474,0.976,0,0,0,0,-1.403
1619611723494,0.959,0,0,0,0,-1.409
1619611723514,0.966,0,0,0,0,-1.409
1619611723534,0.976,0,0,0,0,-1.401
1619611723554,0.973,0,0,0,0,-1.387
1619611723574,0.993,0,0,0,0,-1.379
1619611723594,0.986,0,0,0,0,-1.405
1619611723614,0.946,0,0,0,0,-1.441
1619611723634,0.966,0,0,0,0,-1.404
1619611723654,0.976,0,0,0,0,-1.367
1619611723674,0.973,0,0,0,0,-1.374
1619611723694,0.993,0,0,0,0,-1.359
1619611723714,0.993,0,0,0,0,-1.359
1619611723734,0.986,0,0,0,0,-1.406
1619611723754,0.932,0,0,0,0,-1.365
1619611723774,0.969,0,0,0,0,-1.36
1619611723794,0.973,0,0,0,0,-1.386
1619611723814,0.973,0,0,0,0,-1.392
1619611723834,1.003,0,0,0,0,-1.461
1619611723855,0.973,0,0,0,0,-1.49
1619611723874,0.952,0,0,0,0,-1.441
1619611723894,0.976,0,0,0,0,-1.399
1619611723914,0.98,0,0,0,0,-1.397
1619611723934,0.969,0,0,0,0,-1.34
1619611723954,0.976,0,0,0,0,-1.341
1619611723974,1,0,0,0,0,-1.376
1619611723994,0.969,0,0,0,0,-1.367
1619611724015,0.969,0,0,0,0,-1.367
1619611724034,0.952,0,0,0,0,-1.391
1619611724054,0.973,0,0,0,0,-1.366
1619611724074,0.973,0,0,0,0,-1.417
1619611724095,0.976,0,0,0,0,-1.43
1619611724114,0.983,0,0,0,0,-1.45
1619611724135,1.007,0,0,0,0,-1.404
1619611724154,0.946,0,0,0,0,-1.416
1619611724174,0.976,0,0,0,0,-1.412
1619611724194,0.973,0,0,0,0,-1.394
1619611724214,0.98,0,0,0,0,-1.399
1619611724234,1.007,0,0,0,0,-1.397
1619611724254,1.007,0,0,0,0,-1.397
1619611724274,0.935,0,0,0,0,-1.428
1619611724294,0.973,0,0,0,0,-1.434
1619611724314,0.98,0,0,0,0,-1.416
1619611724334,0.98,0,0,0,0,-1.446
1619611724354,0.976,0,0,0,0,-1.427
1619611724374,0.983,0,0,0,0,-1.415
1619611724394,0.976,0,0,0,0,-1.416
1619611724414,0.983,0,0,0,0,-1.41
1619611724435,0.976,0,0,0,0,-1.411
1619611724454,0.976,0,0,0,0,-1.382
1619611724474,0.98,0,0,0,0,-1.371
1619611724494,0.983,0,0,0,0,-1.366
1619611724514,0.983,0,0,0,0,-1.366
1619611724534,0.973,0,0,0,0,-1.393
1619611724554,0.976,0,0,0,0,-1.422
1619611724574,0.973,0,0,0,0,-1.431
1619611724594,0.976,0,0,0,0,-1.417
1619611724615,0.983,0,0,0,0,-1.406
1619611724634,0.99,0,0,0,0,-1.377
1619611724654,0.963,0,0,0,0,-1.38
1619611724674,0.973,0,0,0,0,-1.398
1619611724694,0.969,0,0,0,0,-1.419
1619611724714,0.98,0,0,0,0,-1.454
1619611724734,0.98,0,0,0,0,-1.458
1619611724754,0.997,0,0,0,0,-1.451
1619611724774,0.997,0,0,0,0,-1.451
1619611724794,0.966,0,0,0,0,-1.447
1619611724815,0.98,0,0,0,0,-1.463
1619611724834,0.983,0,0,0,0,-1.445
1619611724854,0.99,0,0,0,0,-1.493
1619611724874,0.983,0,0,0,0,-1.459
1619611724894,0.99,0,0,0,0,-1.404
1619611724916,1.014,0,0,0,0,-1.389
1619611724934,0.949,0,0,0,0,-1.421
1619611724954,0.983,0,0,0,0,-1.41
1619611724974,0.986,0,0,0,0,-1.381
1619611724994,0.976,0,0,0,0,-1.364
1619611725014,0.98,0,0,0,0,-1.361
1619611725034,0.983,0,0,0,0,-1.424
1619611725055,1.017,0,0,0,0,-1.505
1619611725074,1.017,0,0,0,0,-1.505
1619611725094,0.939,0,0,0,0,-1.519
1619611725114,0.976,0,0,0,0,-1.485
1619611725134,0.973,0,0,0,0,-1.466
1619611725154,0.973,0,0,0,0,-1.472
1619611725174,0.98,0,0,0,0,-1.451
1619611725195,0.98,0,0,0,0,-1.456
1619611725216,1.01,0,0,0,0,-1.483
1619611725234,0.939,0,0,0,0,-1.461
1619611725254,0.973,0,0,0,0,-1.445
1619611725274,0.976,0,0,0,0,-1.439
1619611725295,0.976,0,0,0,0,-1.403
1619611725316,0.976,0,0,0,0,-1.394
1619611725334,0.976,0,0,0,0,-1.371
1619611725355,0.976,0,0,0,0,-1.371
1619611725374,0.98,0,0,0,0,-1.372
1619611725394,0.983,0,0,0,0,-1.447
1619611725417,0.976,0,0,0,0,-1.456
1619611725434,0.976,0,0,0,0,-1.408
1619611725455,0.98,0,0,0,0,-1.411
1619611725474,0.98,0,0,0,0,-1.453
1619611725494,0.976,0,0,0,0,-1.49
1619611725515,0.98,0,0,0,0,-1.509
1619611725534,0.983,0,0,0,0,-1.495
1619611725554,0.98,0,0,0,0,-1.456
1619611725575,0.98,0,0,0,0,-1.475
1619611725594,0.986,0,0,0,0,-1.425
1619611725615,0.986,0,0,0,0,-1.425
1619611725634,0.959,0,0,0,0,-1.42
1619611725654,0.969,0,0,0,0,-1.462
1619611725674,0.976,0,0,0,0,-1.483
1619611725694,0.976,0,0,0,0,-1.517
1619611725714,0.976,0,0,0,0,-1.446
1619611725734,0.993,0,0,0,0,-1.417
1619611725754,0.963,0,0,0,0,-1.446
1619611725774,0.976,0,0,0,0,-1.452
1619611725794,0.983,0,0,0,0,-1.435
1619611725814,0.98,0,0,0,0,-1.415
1619611725834,0.98,0,0,0,0,-1.396
1619611725854,0.997,0,0,0,0,-1.43
1619611725874,0.997,0,0,0,0,-1.43
1619611725901,0.959,0,0,0,0,-1.427
1619611725914,0.976,0,0,0,0,-1.419
1619611725934,0.976,0,0,0,0,-1.419
1619611725954,0.976,0,0,0,0,-1.448
1619611725974,0.98,0,0,0,0,-1.474
1619611725994,0.973,0,0,0,0,-1.493
1619611726015,1.003,0,0,0,0,-1.483
1619611726034,0.946,0,0,0,0,-1.511
1619611726055,0.976,0,0,0,0,-1.498
1619611726075,0.98,0,0,0,0,-1.509
1619611726095,0.98,0,0,0,0,-1.462
1619611726115,0.969,0,0,0,0,-1.41
1619611726135,0.983,0,0,0,0,-1.401
1619611726155,1.007,0,0,0,0,-1.436
1619611726175,1.007,0,0,0,0,-1.436
1619611726194,0.939,0,0,0,0,-1.42
1619611726214,0.976,0,0,0,0,-1.399
1619611726234,0.983,0,0,0,0,-1.399
1619611726254,0.973,0,0,0,0,-1.374
1619611726274,0.98,0,0,0,0,-1.464
1619611726294,1.01,0,0,0,0,-1.429
1619611726314,0.939,0,0,0,0,-1.37
1619611726335,0.973,0,0,0,0,-1.379
1619611726354,0.973,0,0,0,0,-1.377
1619611726374,0.976,0,0,0,0,-1.36
1619611726394,0.966,0,0,0,0,-1.338
1619611726414,1.01,0,0,0,0,-1.296
1619611726434,1.01,0,0,0,0,-1.296
1619611726455,0.942,0,0,0,0,-1.393
1619611726475,0.976,0,0,0,0,-1.392
1619611726494,0.98,0,0,0,0,-1.353
1619611726514,0.98,0,0,0,0,-1.35
1619611726536,0.986,0,0,0,0,-1.389
1619611726554,0.99,0,0,0,0,-1.469
1619611726574,0.976,0,0,0,0,-1.48
1619611726595,0.986,0,0,0,0,-1.461
1619611726614,0.983,0,0,0,0,-1.473
1619611726635,0.976,0,0,0,0,-1.465
1619611726654,0.98,0,0,0,0,-1.427
1619611726674,0.997,0,0,0,0,-1.463
1619611726694,0.997,0,0,0,0,-1.463
1619611726715,0.966,0,0,0,0,-1.456
1619611726734,0.98,0,0,0,0,-1.43
1619611726754,0.976,0,0,0,0,-1.453
1619611726774,0.976,0,0,0,0,-1.424
1619611726795,0.976,0,0,0,0,-1.396
1619611726814,0.986,0,0,0,0,-1.404
1619611726836,0.963,0,0,0,0,-1.418
1619611726855,0.976,0,0,0,0,-1.403
1619611726875,0.969,0,0,0,0,-1.423
1619611726894,0.969,0,0,0,0,-1.438
1619611726914,0.973,0,0,0,0,-1.436
1619611726936,0.993,0,0,0,0,-1.435
1619611726954,0.993,0,0,0,0,-1.435
1619611726974,0.952,0,0,0,0,-1.457
1619611726994,0.976,0,0,0,0,-1.449
1619611727014,0.976,0,0,0,0,-1.328
1619611727035,0.976,0,0,0,0,-1.341
1619611727055,0.969,0,0,0,0,-1.352
1619611727075,0.973,0,0,0,0,-1.408
1619611727094,1,0,0,0,0,-1.412
1619611727114,0.946,0,0,0,0,-1.435
1619611727135,0.976,0,0,0,0,-1.469
1619611727155,0.966,0,0,0,0,-1.425
1619611727175,0.98,0,0,0,0,-1.468
1619611727195,0.976,0,0,0,0,-1.527
1619611727215,0.98,0,0,0,0,-1.494
1619611727235,1.014,0,0,0,0,-1.514
1619611727254,1.014,0,0,0,0,-1.514
1619611727274,0.939,0,0,0,0,-1.537
1619611727294,0.973,0,0,0,0,-1.446
1619611727314,0.983,0,0,0,0,-1.396
1619611727335,0.98,0,0,0,0,-1.386
1619611727354,0.983,0,0,0,0,-1.378
1619611727374,1.014,0,0,0,0,-1.319
1619611727395,0.946,0,0,0,0,-1.353
1619611727414,0.976,0,0,0,0,-1.354
1619611727434,0.976,0,0,0,0,-1.316
1619611727455,0.973,0,0,0,0,-1.376
1619611727474,0.983,0,0,0,0,-1.36
1619611727494,0.98,0,0,0,0,-1.347
1619611727514,0.98,0,0,0,0,-1.347
1619611727534,0.973,0,0,0,0,-1.384
1619611727554,0.98,0,0,0,0,-1.412
1619611727574,0.973,0,0,0,0,-1.387
1619611727594,0.98,0,0,0,0,-1.386
1619611727614,0.976,0,0,0,0,-1.419
1619611727635,0.983,0,0,0,0,-1.442
1619611727654,0.969,0,0,0,0,-1.443
1619611727674,0.976,0,0,0,0,-1.445
1619611727694,0.973,0,0,0,0,-1.45
1619611727714,0.973,0,0,0,0,-1.431
1619611727734,0.98,0,0,0,0,-1.438
1619611727754,0.98,0,0,0,0,-1.438
1619611727774,0.983,0,0,0,0,-1.396
1619611727794,0.959,0,0,0,0,-1.403
1619611727814,0.973,0,0,0,0,-1.434
1619611727834,0.976,0,0,0,0,-1.422
1619611727854,0.973,0,0,0,0,-1.44
1619611727874,0.976,0,0,0,0,-1.448
1619611727894,0.986,0,0,0,0,-1.437
1619611727914,0.959,0,0,0,0,-1.44
1619611727934,0.98,0,0,0,0,-1.42
1619611727954,0.976,0,0,0,0,-1.388
1619611727974,0.973,0,0,0,0,-1.407
1619611727994,0.976,0,0,0,0,-1.427
1619611728014,0.976,0,0,0,0,-1.427
1619611728034,0.99,0,0,0,0,-1.382
1619611728054,0.946,0,0,0,0,-1.395
1619611728074,0.966,0,0,0,0,-1.322
1619611728094,0.973,0,0,0,0,-1.313
1619611728114,0.973,0,0,0,0,-1.366
1619611728134,0.969,0,0,0,0,-1.394
1619611728154,0.969,0,0,0,0,-1.332
1619611728174,1,0,0,0,0,-1.362
1619611728194,0.942,0,0,0,0,-1.401
1619611728214,0.973,0,0,0,0,-1.423
1619611728234,0.98,0,0,0,0,-1.435
1619611728254,0.973,0,0,0,0,-1.417
1619611728274,0.973,0,0,0,0,-1.398
1619611728294,0.973,0,0,0,0,-1.398
1619611728314,0.976,0,0,0,0,-1.406
1619611728334,1.01,0,0,0,0,-1.366
1619611728354,0.939,0,0,0,0,-1.382
1619611728374,0.976,0,0,0,0,-1.364
1619611728394,0.976,0,0,0,0,-1.412
1619611728414,0.973,0,0,0,0,-1.408
1619611728434,0.973,0,0,0,0,-1.383
1619611728454,0.98,0,0,0,0,-1.379
1619611728474,1.01,0,0,0,0,-1.388
1619611728494,0.942,0,0,0,0,-1.387
1619611728514,0.976,0,0,0,0,-1.376
1619611728534,0.973,0,0,0,0,-1.367
1619611728554,0.98,0,0,0,0,-1.338
1619611728574,0.98,0,0,0,0,-1.338
1619611728594,0.99,0,0,0,0,-1.377
1619611728614,1.01,0,0,0,0,-1.409
1619611728634,0.932,0,0,0,0,-1.422
1619611728665,0.969,0,0,0,0,-1.423
1619611728674,0.976,0,0,0,0,-1.435
1619611728694,0.976,0,0,0,0,-1.435
1619611728714,0.973,0,0,0,0,-1.443
1619611728734,0.98,0,0,0,0,-1.411
1619611728757,0.973,0,0,0,0,-1.441
1619611728774,0.976,0,0,0,0,-1.431
1619611728794,0.98,0,0,0,0,-1.442
1619611728814,0.98,0,0,0,0,-1.473
1619611728834,0.98,0,0,0,0,-1.473
1619611728855,0.976,0,0,0,0,-1.461
1619611728874,0.99,0,0,0,0,-1.463
1619611728894,0.98,0,0,0,0,-1.462
1619611728914,0.969,0,0,0,0,-1.447
1619611728934,0.98,0,0,0,0,-1.456
1619611728955,0.98,0,0,0,0,-1.471
1619611728974,0.976,0,0,0,0,-1.48
1619611728994,0.993,0,0,0,0,-1.515
1619611729014,0.966,0,0,0,0,-1.485
1619611729034,0.976,0,0,0,0,-1.476
1619611729056,0.986,0,0,0,0,-1.449
1619611729075,0.976,0,0,0,0,-1.444
1619611729094,0.976,0,0,0,0,-1.444
1619611729114,0.98,0,0,0,0,-1.464
1619611729134,0.997,0,0,0,0,-1.476
1619611729156,0.956,0,0,0,0,-1.487
1619611729174,0.973,0,0,0,0,-1.444
1619611729194,0.976,0,0,0,0,-1.395
1619611729214,0.973,0,0,0,0,-1.408
1619611729234,0.976,0,0,0,0,-1.446
1619611729254,0.98,0,0,0,0,-1.517
1619611729274,1.014,0,0,0,0,-1.524
1619611729294,0.952,0,0,0,0,-1.503
1619611729314,0.983,0,0,0,0,-1.462
1619611729334,0.983,0,0,0,0,-1.404
1619611729355,0.98,0,0,0,0,-1.364
1619611729374,0.986,0,0,0,0,-1.363
1619611729394,0.986,0,0,0,0,-1.363
1619611729414,0.986,0,0,0,0,-1.366
1619611729434,1.01,0,0,0,0,-1.328
1619611729454,0.939,0,0,0,0,-1.287
1619611729475,0.983,0,0,0,0,-1.346
1619611729494,0.976,0,0,0,0,-1.379
1619611729514,0.98,0,0,0,0,-1.398
1619611729534,0.98,0,0,0,0,-1.426
1619611729554,1.01,0,0,0,0,-1.476
1619611729574,0.935,0,0,0,0,-1.502
1619611729594,0.973,0,0,0,0,-1.506
1619611729614,0.98,0,0,0,0,-1.483
1619611729634,0.98,0,0,0,0,-1.483
1619611729654,0.976,0,0,0,0,-1.472
1619611729674,0.973,0,0,0,0,-1.471
1619611729694,0.98,0,0,0,0,-1.453
1619611729714,0.969,0,0,0,0,-1.479
1619611729734,0.976,0,0,0,0,-1.471
1619611729754,0.98,0,0,0,0,-1.406
1619611729774,0.973,0,0,0,0,-1.402
1619611729794,0.976,0,0,0,0,-1.422
1619611729814,0.986,0,0,0,0,-1.47
1619611729834,0.973,0,0,0,0,-1.438
1619611729854,0.976,0,0,0,0,-1.385
1619611729874,0.976,0,0,0,0,-1.372
1619611729894,0.976,0,0,0,0,-1.372
1619611729914,0.98,0,0,0,0,-1.41
1619611729934,0.986,0,0,0,0,-1.414
1619611729954,0.993,0,0,0,0,-1.423
1619611729974,0.966,0,0,0,0,-1.448
1619611729994,0.983,0,0,0,0,-1.442
1619611730014,0.98,0,0,0,0,-1.466
1619611730034,0.98,0,0,0,0,-1.445
1619611730054,0.973,0,0,0,0,-1.445
1619611730074,0.99,0,0,0,0,-1.433
1619611730094,0.969,0,0,0,0,-1.493
1619611730114,0.976,0,0,0,0,-1.499
1619611730134,0.98,0,0,0,0,-1.502
1619611730154,0.98,0,0,0,0,-1.502
1619611730174,0.969,0,0,0,0,-1.445
1619611730194,0.976,0,0,0,0,-1.491
1619611730214,1,0,0,0,0,-1.486
1619611730234,0.959,0,0,0,0,-1.448
1619611730254,0.976,0,0,0,0,-1.465
1619611730274,0.98,0,0,0,0,-1.426
1619611730294,0.98,0,0,0,0,-1.445
1619611730314,0.98,0,0,0,0,-1.452
1619611730334,0.98,0,0,0,0,-1.453
1619611730354,1.007,0,0,0,0,-1.414
1619611730374,0.946,0,0,0,0,-1.409
1619611730394,0.973,0,0,0,0,-1.444
1619611730414,0.983,0,0,0,0,-1.501
1619611730434,0.983,0,0,0,0,-1.501
1619611730454,0.98,0,0,0,0,-1.491
1619611730474,0.98,0,0,0,0,-1.49
1619611730494,0.973,0,0,0,0,-1.471
1619611730514,1.014,0,0,0,0,-1.451
1619611730534,0.952,0,0,0,0,-1.475
1619611730554,0.973,0,0,0,0,-1.434
1619611730574,0.98,0,0,0,0,-1.41
1619611730594,0.973,0,0,0,0,-1.43
1619611730614,1,0,0,0,0,-1.431
1619611730634,0.942,0,0,0,0,-1.419
1619611730654,0.976,0,0,0,0,-1.398
1619611730674,0.976,0,0,0,0,-1.398
1619611730694,0.976,0,0,0,0,-1.365
1619611730714,0.98,0,0,0,0,-1.373
1619611730734,0.973,0,0,0,0,-1.412
1619611730754,0.98,0,0,0,0,-1.407
1619611730774,0.973,0,0,0,0,-1.405
1619611730794,0.969,0,0,0,0,-1.422
1619611730814,0.973,0,0,0,0,-1.412
1619611730834,0.976,0,0,0,0,-1.427
1619611730854,0.976,0,0,0,0,-1.446
1619611730874,0.983,0,0,0,0,-1.397
1619611730894,0.973,0,0,0,0,-1.372
1619611730914,0.98,0,0,0,0,-1.366
1619611730934,0.98,0,0,0,0,-1.366
1619611730954,0.98,0,0,0,0,-1.389
1619611730985,0.983,0,0,0,0,-1.44
1619611730994,1,0,0,0,0,-1.41
1619611731014,1,0,0,0,0,-1.41
1619611731034,0.966,0,0,0,0,-1.429
1619611731054,0.976,0,0,0,0,-1.395
1619611731076,0.976,0,0,0,0,-1.4
1619611731095,0.98,0,0,0,0,-1.388
1619611731114,0.98,0,0,0,0,-1.389
1619611731134,0.986,0,0,0,0,-1.394
1619611731154,0.959,0,0,0,0,-1.383
1619611731174,0.98,0,0,0,0,-1.392
1619611731194,0.98,0,0,0,0,-1.392
1619611731214,0.98,0,0,0,0,-1.419
1619611731234,0.976,0,0,0,0,-1.438
1619611731254,0.973,0,0,0,0,-1.422
1619611731275,0.99,0,0,0,0,-1.413
1619611731295,0.949,0,0,0,0,-1.439
1619611731314,0.98,0,0,0,0,-1.436
1619611731334,0.976,0,0,0,0,-1.445
1619611731354,0.969,0,0,0,0,-1.46
1619611731376,0.976,0,0,0,0,-1.539
1619611731394,0.98,0,0,0,0,-1.563
1619611731414,0.983,0,0,0,0,-1.425
1619611731434,0.963,0,0,0,0,-1.368
1619611731454,0.942,0,0,0,0,-1.41
1619611731476,0.942,0,0,0,0,-1.41
1619611731494,0.976,0,0,0,0,-1.431
1619611731514,0.983,0,0,0,0,-1.39
1619611731534,0.966,0,0,0,0,-1.357
1619611731554,0.966,0,0,0,0,-1.36
1619611731574,1.01,0,0,0,0,-1.438
1619611731595,0.973,0,0,0,0,-1.452
1619611731614,0.966,0,0,0,0,-1.452
1619611731634,0.956,0,0,0,0,-1.491
1619611731654,0.98,0,0,0,0,-1.513
1619611731675,0.98,0,0,0,0,-1.445
1619611731694,0.986,0,0,0,0,-1.385
1619611731714,1.021,0,0,0,0,-1.41
1619611731734,0.939,0,0,0,0,-1.369
1619611731754,0.939,0,0,0,0,-1.369
1619611731774,0.98,0,0,0,0,-1.346
1619611731794,0.986,0,0,0,0,-1.363
1619611731814,0.983,0,0,0,0,-1.319
1619611731834,0.98,0,0,0,0,-1.272
1619611731854,0.98,0,0,0,0,-1.341
1619611731874,0.976,0,0,0,0,-1.359
1619611731894,0.98,0,0,0,0,-1.354
1619611731914,0.973,0,0,0,0,-1.384
1619611731934,0.983,0,0,0,0,-1.374
1619611731954,0.969,0,0,0,0,-1.378
1619611731974,0.986,0,0,0,0,-1.421
1619611731994,0.969,0,0,0,0,-1.459
1619611732014,0.969,0,0,0,0,-1.459
1619611732034,0.976,0,0,0,0,-1.454
1619611732054,0.969,0,0,0,0,-1.425
1619611732074,0.973,0,0,0,0,-1.415
1619611732094,0.969,0,0,0,0,-1.397
1619611732114,0.99,0,0,0,0,-1.402
1619611732134,0.963,0,0,0,0,-1.42
1619611732154,0.973,0,0,0,0,-1.397
1619611732174,0.976,0,0,0,0,-1.397
1619611732194,0.969,0,0,0,0,-1.407
1619611732214,0.976,0,0,0,0,-1.417
1619611732234,0.986,0,0,0,0,-1.447
1619611732254,0.963,0,0,0,0,-1.413
1619611732274,0.963,0,0,0,0,-1.413
1619611732294,0.973,0,0,0,0,-1.396
1619611732314,0.973,0,0,0,0,-1.412
1619611732334,0.976,0,0,0,0,-1.431
1619611732354,0.976,0,0,0,0,-1.431
1619611732374,1,0,0,0,0,-1.406
1619611732394,0.946,0,0,0,0,-1.379
1619611732414,0.969,0,0,0,0,-1.363
1619611732434,0.976,0,0,0,0,-1.368
1619611732454,0.973,0,0,0,0,-1.336
1619611732474,0.973,0,0,0,0,-1.364
1619611732494,0.973,0,0,0,0,-1.377
1619611732514,0.976,0,0,0,0,-1.376
1619611732534,0.976,0,0,0,0,-1.376
1619611732554,0.963,0,0,0,0,-1.35
1619611732574,0.98,0,0,0,0,-1.383
1619611732594,0.973,0,0,0,0,-1.419
1619611732614,0.973,0,0,0,0,-1.472
1619611732634,0.98,0,0,0,0,-1.506
1619611732654,1.003,0,0,0,0,-1.483
1619611732674,0.939,0,0,0,0,-1.46
1619611732694,0.973,0,0,0,0,-1.423
1619611732714,0.973,0,0,0,0,-1.43
1619611732734,0.973,0,0,0,0,-1.398
1619611732754,0.976,0,0,0,0,-1.398
1619611732774,0.976,0,0,0,0,-1.388
1619611732795,1.007,0,0,0,0,-1.408
1619611732814,1.007,0,0,0,0,-1.408
1619611732834,0.939,0,0,0,0,-1.429
1619611732854,0.976,0,0,0,0,-1.456
1619611732874,0.976,0,0,0,0,-1.461
1619611732894,0.98,0,0,0,0,-1.464
1619611732914,0.976,0,0,0,0,-1.452
1619611732934,1.021,0,0,0,0,-1.44
1619611732954,0.932,0,0,0,0,-1.46
1619611732974,0.973,0,0,0,0,-1.442
1619611732994,0.976,0,0,0,0,-1.397
1619611733014,0.983,0,0,0,0,-1.386
1619611733034,0.973,0,0,0,0,-1.381
1619611733054,0.983,0,0,0,0,-1.358
1619611733074,0.983,0,0,0,0,-1.358
1619611733094,0.976,0,0,0,0,-1.366
1619611733114,0.976,0,0,0,0,-1.37
1619611733134,0.983,0,0,0,0,-1.405
1619611733154,0.973,0,0,0,0,-1.429
1619611733174,0.983,0,0,0,0,-1.445
1619611733194,0.99,0,0,0,0,-1.489
1619611733214,0.969,0,0,0,0,-1.49
1619611733234,0.976,0,0,0,0,-1.455
1619611733254,0.98,0,0,0,0,-1.475
1619611733274,0.976,0,0,0,0,-1.459
1619611733305,0.976,0,0,0,0,-1.437
1619611733314,0.99,0,0,0,0,-1.414
1619611733334,0.99,0,0,0,0,-1.414
1619611733354,0.966,0,0,0,0,-1.411
1619611733374,0.976,0,0,0,0,-1.428
1619611733396,0.976,0,0,0,0,-1.426
1619611733414,0.973,0,0,0,0,-1.425
1619611733434,0.976,0,0,0,0,-1.434
1619611733454,0.973,0,0,0,0,-1.435
1619611733474,0.997,0,0,0,0,-1.431
1619611733496,0.956,0,0,0,0,-1.463
1619611733514,0.973,0,0,0,0,-1.447
1619611733534,0.98,0,0,0,0,-1.449
1619611733554,0.976,0,0,0,0,-1.452
1619611733574,0.973,0,0,0,0,-1.455
1619611733595,0.976,0,0,0,0,-1.449
1619611733614,1.007,0,0,0,0,-1.471
1619611733634,1.007,0,0,0,0,-1.471
1619611733654,0.946,0,0,0,0,-1.5
1619611733674,0.969,0,0,0,0,-1.447
1619611733695,0.973,0,0,0,0,-1.484
1619611733714,0.983,0,0,0,0,-1.49
1619611733734,0.98,0,0,0,0,-1.524
1619611733754,0.983,0,0,0,0,-1.53
1619611733774,1.014,0,0,0,0,-1.401
1619611733796,0.949,0,0,0,0,-1.349
1619611733814,0.98,0,0,0,0,-1.358
1619611733834,0.986,0,0,0,0,-1.391
1619611733854,0.98,0,0,0,0,-1.351
1619611733874,0.983,0,0,0,0,-1.347
1619611733897,1.021,0,0,0,0,-1.37
1619611733914,0.939,0,0,0,0,-1.365
1619611733934,0.939,0,0,0,0,-1.365
1619611733954,0.98,0,0,0,0,-1.425
1619611733974,0.983,0,0,0,0,-1.446
1619611733994,0.976,0,0,0,0,-1.412
1619611734014,0.976,0,0,0,0,-1.424
1619611734034,0.983,0,0,0,0,-1.467
1619611734054,0.973,0,0,0,0,-1.459
1619611734074,0.983,0,0,0,0,-1.466
1619611734096,0.973,0,0,0,0,-1.455
1619611734114,0.973,0,0,0,0,-1.454
1619611734134,0.976,0,0,0,0,-1.452
1619611734154,0.98,0,0,0,0,-1.46
1619611734174,0.98,0,0,0,0,-1.46
1619611734194,0.969,0,0,0,0,-1.438
1619611734214,0.976,0,0,0,0,-1.411
1619611734234,0.973,0,0,0,0,-1.379
1619611734254,0.976,0,0,0,0,-1.39
1619611734274,0.983,0,0,0,0,-1.423
1619611734294,0.983,0,0,0,0,-1.363
1619611734314,0.966,0,0,0,0,-1.369
1619611734334,1.003,0,0,0,0,-1.431
1619611734354,0.963,0,0,0,0,-1.433
1619611734374,0.976,0,0,0,0,-1.414
1619611734394,0.983,0,0,0,0,-1.431
1619611734414,0.997,0,0,0,0,-1.438
1619611734434,0.997,0,0,0,0,-1.438
1619611734454,0.952,0,0,0,0,-1.461
1619611734474,0.98,0,0,0,0,-1.463
1619611734494,0.976,0,0,0,0,-1.472
1619611734514,0.98,0,0,0,0,-1.464
1619611734534,0.98,0,0,0,0,-1.471
1619611734554,1.003,0,0,0,0,-1.468
1619611734574,0.956,0,0,0,0,-1.447
1619611734594,0.973,0,0,0,0,-1.416
1619611734614,0.976,0,0,0,0,-1.48
1619611734634,0.983,0,0,0,0,-1.511
1619611734654,0.986,0,0,0,0,-1.464
1619611734674,0.976,0,0,0,0,-1.437
1619611734694,1.007,0,0,0,0,-1.452
1619611734714,1.007,0,0,0,0,-1.452
1619611734734,0.949,0,0,0,0,-1.432
1619611734754,0.98,0,0,0,0,-1.465
1619611734774,0.98,0,0,0,0,-1.439
1619611734794,0.98,0,0,0,0,-1.445
1619611734814,0.976,0,0,0,0,-1.438
1619611734834,0.976,0,0,0,0,-1.458
1619611734854,1.021,0,0,0,0,-1.509
1619611734874,0.939,0,0,0,0,-1.502
1619611734894,0.973,0,0,0,0,-1.484
1619611734914,0.976,0,0,0,0,-1.476
1619611734934,0.976,0,0,0,0,-1.433
1619611734954,0.98,0,0,0,0,-1.437
1619611734974,1.017,0,0,0,0,-1.446
1619611734994,1.017,0,0,0,0,-1.446
1619611735014,0.939,0,0,0,0,-1.398
1619611735034,0.976,0,0,0,0,-1.399
1619611735054,0.976,0,0,0,0,-1.435
1619611735074,0.976,0,0,0,0,-1.431
1619611735094,0.983,0,0,0,0,-1.429
1619611735114,0.973,0,0,0,0,-1.395
1619611735134,0.976,0,0,0,0,-1.394
1619611735154,0.98,0,0,0,0,-1.347
1619611735174,0.976,0,0,0,0,-1.344
1619611735194,0.973,0,0,0,0,-1.371
1619611735214,0.969,0,0,0,0,-1.416
1619611735234,0.98,0,0,0,0,-1.446
1619611735254,0.98,0,0,0,0,-1.446
1619611735274,0.969,0,0,0,0,-1.41
1619611735294,0.973,0,0,0,0,-1.367
1619611735314,0.983,0,0,0,0,-1.369
1619611735334,0.976,0,0,0,0,-1.42
1619611735354,0.983,0,0,0,0,-1.422
1619611735374,0.986,0,0,0,0,-1.388
1619611735394,0.966,0,0,0,0,-1.356
1619611735414,0.98,0,0,0,0,-1.38
1619611735434,0.983,0,0,0,0,-1.387
1619611735454,0.98,0,0,0,0,-1.401
1619611735474,0.976,0,0,0,0,-1.416
1619611735494,0.993,0,0,0,0,-1.447
1619611735514,0.993,0,0,0,0,-1.447
1619611735534,0.966,0,0,0,0,-1.447
1619611735554,0.976,0,0,0,0,-1.438
1619611735574,0.98,0,0,0,0,-1.421
1619611735594,0.973,0,0,0,0,-1.398
1619611735625,0.976,0,0,0,0,-1.394
1619611735634,0.993,0,0,0,0,-1.389
1619611735654,0.959,0,0,0,0,-1.389
1619611735674,0.98,0,0,0,0,-1.453
1619611735694,0.973,0,0,0,0,-1.46
1619611735716,0.983,0,0,0,0,-1.468
1619611735734,0.973,0,0,0,0,-1.472
1619611735754,0.973,0,0,0,0,-1.49
1619611735774,1.003,0,0,0,0,-1.508
1619611735794,1.003,0,0,0,0,-1.508
1619611735815,0.932,0,0,0,0,-1.454
1619611735835,0.969,0,0,0,0,-1.435
1619611735854,0.973,0,0,0,0,-1.432
1619611735874,0.966,0,0,0,0,-1.433
1619611735894,0.976,0,0,0,0,-1.404
1619611735915,0.976,0,0,0,0,-1.381
1619611735934,1,0,0,0,0,-1.366
1619611735954,0.946,0,0,0,0,-1.402
1619611735974,0.969,0,0,0,0,-1.433
1619611735994,0.98,0,0,0,0,-1.412
1619611736015,0.98,0,0,0,0,-1.435
1619611736034,0.973,0,0,0,0,-1.475
1619611736054,0.986,0,0,0,0,-1.458
1619611736074,1.021,0,0,0,0,-1.399
1619611736094,1.021,0,0,0,0,-1.399
1619611736116,0.939,0,0,0,0,-1.372
1619611736134,0.983,0,0,0,0,-1.319
1619611736154,0.98,0,0,0,0,-1.32
1619611736174,0.98,0,0,0,0,-1.361
1619611736194,0.98,0,0,0,0,-1.323
1619611736214,0.983,0,0,0,0,-1.34
1619611736234,0.969,0,0,0,0,-1.405
1619611736254,0.98,0,0,0,0,-1.385
1619611736274,0.98,0,0,0,0,-1.392
1619611736295,0.973,0,0,0,0,-1.395
1619611736314,0.98,0,0,0,0,-1.402
1619611736335,0.976,0,0,0,0,-1.367
1619611736354,0.976,0,0,0,0,-1.367
1619611736374,0.973,0,0,0,0,-1.364
1619611736394,0.976,0,0,0,0,-1.413
1619611736416,0.976,0,0,0,0,-1.45
1619611736434,0.973,0,0,0,0,-1.457
1619611736454,0.976,0,0,0,0,-1.427
1619611736474,0.983,0,0,0,0,-1.399
1619611736494,0.959,0,0,0,0,-1.423
1619611736514,0.973,0,0,0,0,-1.417
1619611736534,0.969,0,0,0,0,-1.411
1619611736554,0.98,0,0,0,0,-1.426
1619611736574,0.969,0,0,0,0,-1.405
1619611736594,0.993,0,0,0,0,-1.391
1619611736614,0.993,0,0,0,0,-1.391
1619611736634,0.959,0,0,0,0,-1.449
1619611736654,0.969,0,0,0,0,-1.426
1619611736675,0.983,0,0,0,0,-1.397
1619611736694,0.973,0,0,0,0,-1.423
1619611736714,0.973,0,0,0,0,-1.438
1619611736734,0.993,0,0,0,0,-1.403
1619611736754,0.959,0,0,0,0,-1.377
1619611736774,0.969,0,0,0,0,-1.32
1619611736794,0.973,0,0,0,0,-1.386
1619611736814,0.966,0,0,0,0,-1.349
1619611736835,0.973,0,0,0,0,-1.336
1619611736854,0.973,0,0,0,0,-1.356
1619611736874,1.003,0,0,0,0,-1.382
1619611736894,1.003,0,0,0,0,-1.382
1619611736914,0.946,0,0,0,0,-1.406
1619611736934,0.966,0,0,0,0,-1.356
1619611736954,0.973,0,0,0,0,-1.318
1619611736974,0.976,0,0,0,0,-1.339
1619611736994,0.966,0,0,0,0,-1.451
1619611737014,0.976,0,0,0,0,-1.479
1619611737034,1.01,0,0,0,0,-1.424
1619611737054,0.939,0,0,0,0,-1.4
1619611737074,0.976,0,0,0,0,-1.385
1619611737094,0.98,0,0,0,0,-1.389
1619611737114,0.973,0,0,0,0,-1.377
1619611737134,0.98,0,0,0,0,-1.404
1619611737154,1.014,0,0,0,0,-1.412
1619611737174,1.014,0,0,0,0,-1.412
1619611737194,0.932,0,0,0,0,-1.429
1619611737214,0.976,0,0,0,0,-1.445
1619611737234,0.98,0,0,0,0,-1.448
1619611737254,0.976,0,0,0,0,-1.454
1619611737274,0.976,0,0,0,0,-1.466
1619611737294,0.969,0,0,0,0,-1.435
1619611737314,0.983,0,0,0,0,-1.417
1619611737335,0.976,0,0,0,0,-1.428
1619611737354,0.976,0,0,0,0,-1.437
1619611737374,0.983,0,0,0,0,-1.449
1619611737394,0.976,0,0,0,0,-1.431
1619611737414,0.98,0,0,0,0,-1.385
1619611737434,0.98,0,0,0,0,-1.385
1619611737454,0.969,0,0,0,0,-1.356
1619611737474,0.983,0,0,0,0,-1.34
1619611737494,0.976,0,0,0,0,-1.365
1619611737514,0.973,0,0,0,0,-1.403
1619611737534,0.983,0,0,0,0,-1.456
1619611737554,0.99,0,0,0,0,-1.454
1619611737574,0.963,0,0,0,0,-1.464
1619611737594,0.983,0,0,0,0,-1.47
1619611737614,0.98,0,0,0,0,-1.475
1619611737634,0.98,0,0,0,0,-1.463
1619611737654,0.973,0,0,0,0,-1.429
1619611737674,0.993,0,0,0,0,-1.433
1619611737694,0.993,0,0,0,0,-1.433
1619611737714,0.956,0,0,0,0,-1.443
1619611737734,0.98,0,0,0,0,-1.443
1619611737754,0.973,0,0,0,0,-1.458
1619611737774,0.973,0,0,0,0,-1.438
1619611737794,0.983,0,0,0,0,-1.426
1619611737814,0.993,0,0,0,0,-1.423
1619611737845,0.952,0,0,0,0,-1.423
1619611737854,0.976,0,0,0,0,-1.443
1619611737874,0.976,0,0,0,0,-1.437
1619611737894,0.969,0,0,0,0,-1.432
1619611737914,0.976,0,0,0,0,-1.447
1619611737945,0.976,0,0,0,0,-1.46
1619611737954,1.01,0,0,0,0,-1.455
1619611737974,1.01,0,0,0,0,-1.455
1619611737994,0.939,0,0,0,0,-1.456
1619611738014,0.973,0,0,0,0,-1.415
1619611738036,0.976,0,0,0,0,-1.421
1619611738054,0.976,0,0,0,0,-1.45
1619611738074,0.98,0,0,0,0,-1.485
1619611738094,0.98,0,0,0,0,-1.493
1619611738114,1.01,0,0,0,0,-1.533
1619611738134,0.935,0,0,0,0,-1.528
1619611738154,0.98,0,0,0,0,-1.523
1619611738174,0.98,0,0,0,0,-1.516
1619611738194,0.98,0,0,0,0,-1.522
1619611738214,0.983,0,0,0,0,-1.441
1619611738234,0.976,0,0,0,0,-1.381
1619611738254,0.976,0,0,0,0,-1.381
1619611738274,1.01,0,0,0,0,-1.39
1619611738294,0.969,0,0,0,0,-1.411
1619611738314,0.98,0,0,0,0,-1.34
1619611738336,0.983,0,0,0,0,-1.326
1619611738354,1,0,0,0,0,-1.35
1619611738374,0.959,0,0,0,0,-1.376
1619611738394,0.976,0,0,0,0,-1.439
1619611738414,0.976,0,0,0,0,-1.425
1619611738437,0.976,0,0,0,0,-1.405
1619611738454,0.98,0,0,0,0,-1.477
1619611738474,0.997,0,0,0,0,-1.449
1619611738494,0.997,0,0,0,0,-1.449
1619611738514,0.969,0,0,0,0,-1.41
1619611738534,0.949,0,0,0,0,-1.435
1619611738554,0.976,0,0,0,0,-1.446
1619611738574,0.976,0,0,0,0,-1.464
1619611738594,0.976,0,0,0,0,-1.483
1619611738614,0.993,0,0,0,0,-1.443
1619611738635,0.969,0,0,0,0,-1.427
1619611738654,0.963,0,0,0,0,-1.459
1619611738674,0.983,0,0,0,0,-1.454
1619611738694,0.973,0,0,0,0,-1.442
1619611738714,0.98,0,0,0,0,-1.434
1619611738736,0.99,0,0,0,0,-1.381
1619611738755,0.99,0,0,0,0,-1.381
1619611738774,0.99,0,0,0,0,-1.435
1619611738794,0.969,0,0,0,0,-1.448
1619611738814,0.98,0,0,0,0,-1.438
1619611738834,0.986,0,0,0,0,-1.414
1619611738854,0.976,0,0,0,0,-1.443
1619611738874,0.983,0,0,0,0,-1.474
1619611738894,0.973,0,0,0,0,-1.451
1619611738914,0.98,0,0,0,0,-1.477
1619611738934,0.963,0,0,0,0,-1.503
1619611738954,0.983,0,0,0,0,-1.5
1619611738974,0.976,0,0,0,0,-1.477
1619611738994,0.98,0,0,0,0,-1.487
1619611739014,0.973,0,0,0,0,-1.383
1619611739034,1.007,0,0,0,0,-1.431
1619611739054,1.007,0,0,0,0,-1.431
1619611739074,0.983,0,0,0,0,-1.487
1619611739095,0.946,0,0,0,0,-1.493
1619611739114,0.98,0,0,0,0,-1.449
1619611739134,0.976,0,0,0,0,-1.481
1619611739154,0.98,0,0,0,0,-1.446
1619611739174,0.973,0,0,0,0,-1.454
1619611739194,1.017,0,0,0,0,-1.401
1619611739214,0.946,0,0,0,0,-1.409
1619611739234,0.976,0,0,0,0,-1.426
1619611739254,0.983,0,0,0,0,-1.458
1619611739275,0.98,0,0,0,0,-1.471
1619611739294,0.976,0,0,0,0,-1.468
1619611739314,0.976,0,0,0,0,-1.468
1619611739334,1.021,0,0,0,0,-1.443
1619611739354,0.932,0,0,0,0,-1.447
1619611739374,0.973,0,0,0,0,-1.462
1619611739394,0.986,0,0,0,0,-1.511
1619611739414,0.973,0,0,0,0,-1.51
1619611739434,0.98,0,0,0,0,-1.446
1619611739454,0.98,0,0,0,0,-1.424
1619611739474,0.976,0,0,0,0,-1.437
1619611739494,0.98,0,0,0,0,-1.412
1619611739514,0.98,0,0,0,0,-1.417
1619611739534,0.976,0,0,0,0,-1.408
1619611739554,0.976,0,0,0,0,-1.373
1619611739574,0.976,0,0,0,0,-1.373
1619611739594,0.986,0,0,0,0,-1.435
1619611739614,0.966,0,0,0,0,-1.43
1619611739634,0.98,0,0,0,0,-1.415
1619611739654,0.973,0,0,0,0,-1.443
1619611739674,0.98,0,0,0,0,-1.473
1619611739694,0.976,0,0,0,0,-1.414
1619611739714,0.986,0,0,0,0,-1.44
1619611739734,0.969,0,0,0,0,-1.455
1619611739754,0.983,0,0,0,0,-1.456
1619611739774,0.98,0,0,0,0,-1.444
1619611739794,0.976,0,0,0,0,-1.438
1619611739814,0.983,0,0,0,0,-1.446
1619611739834,0.983,0,0,0,0,-1.446
1619611739854,0.993,0,0,0,0,-1.429
1619611739874,0.952,0,0,0,0,-1.417
1619611739895,0.98,0,0,0,0,-1.404
1619611739914,0.973,0,0,0,0,-1.375
1619611739934,0.98,0,0,0,0,-1.387
1619611739954,0.976,0,0,0,0,-1.386
1619611739974,0.997,0,0,0,0,-1.354
1619611739994,0.956,0,0,0,0,-1.385
1619611740014,0.973,0,0,0,0,-1.361
1619611740034,0.973,0,0,0,0,-1.384
1619611740054,0.969,0,0,0,0,-1.434
1619611740074,0.966,0,0,0,0,-1.469
1619611740094,0.966,0,0,0,0,-1.469
1619611740114,0.973,0,0,0,0,-1.5
1619611740134,1,0,0,0,0,-1.522
1619611740154,0.942,0,0,0,0,-1.507
1619611740174,0.98,0,0,0,0,-1.505
1619611740194,0.959,0,0,0,0,-1.476
1619611740214,0.963,0,0,0,0,-1.416
1619611740234,0.973,0,0,0,0,-1.381
1619611740255,0.98,0,0,0,0,-1.394
1619611740274,1.003,0,0,0,0,-1.354
1619611740294,0.942,0,0,0,0,-1.36
1619611740314,0.952,0,0,0,0,-1.37
1619611740334,0.98,0,0,0,0,-1.423
1619611740355,0.98,0,0,0,0,-1.478
1619611740374,0.983,0,0,0,0,-1.437
1619611740394,0.983,0,0,0,0,-1.437
1619611740414,0.983,0,0,0,0,-1.441
1619611740434,1.024,0,0,0,0,-1.451
1619611740456,0.942,0,0,0,0,-1.397
1619611740474,0.986,0,0,0,0,-1.414
1619611740494,0.983,0,0,0,0,-1.377
1619611740514,0.986,0,0,0,0,-1.344
1619611740534,0.98,0,0,0,0,-1.355
1619611740554,0.99,0,0,0,0,-1.353
1619611740575,0.973,0,0,0,0,-1.356
1619611740594,0.976,0,0,0,0,-1.326
1619611740614,0.976,0,0,0,0,-1.328
1619611740634,0.98,0,0,0,0,-1.334
1619611740655,0.98,0,0,0,0,-1.334
1619611740674,0.98,0,0,0,0,-1.373
1619611740694,0.986,0,0,0,0,-1.396
1619611740714,0.969,0,0,0,0,-1.399
1619611740734,0.969,0,0,0,0,-1.384
1619611740756,0.98,0,0,0,0,-1.421
1619611740774,0.973,0,0,0,0,-1.464
1619611740794,0.976,0,0,0,0,-1.46
1619611740814,0.98,0,0,0,0,-1.437
1619611740834,0.959,0,0,0,0,-1.412
1619611740854,0.969,0,0,0,0,-1.393
1619611740874,0.976,0,0,0,0,-1.406
1619611740894,0.976,0,0,0,0,-1.432
1619611740914,0.976,0,0,0,0,-1.432
1619611740935,0.969,0,0,0,0,-1.426
1619611740955,0.997,0,0,0,0,-1.422
1619611740974,0.952,0,0,0,0,-1.374
1619611740994,0.969,0,0,0,0,-1.373
1619611741014,0.976,0,0,0,0,-1.434
1619611741034,0.976,0,0,0,0,-1.424
1619611741056,0.973,0,0,0,0,-1.407
1619611741074,0.976,0,0,0,0,-1.425
1619611741094,1,0,0,0,0,-1.432
1619611741114,0.949,0,0,0,0,-1.43
1619611741134,0.969,0,0,0,0,-1.414
1619611741155,0.98,0,0,0,0,-1.412
1619611741174,0.973,0,0,0,0,-1.458
1619611741194,0.973,0,0,0,0,-1.458
1619611741214,0.969,0,0,0,0,-1.389
1619611741234,0.997,0,0,0,0,-1.337
1619611741254,0.942,0,0,0,0,-1.387
1619611741274,0.969,0,0,0,0,-1.374
1619611741294,0.976,0,0,0,0,-1.408
1619611741314,0.973,0,0,0,0,-1.384
1619611741334,0.966,0,0,0,0,-1.337
1619611741354,0.98,0,0,0,0,-1.371
1619611741374,1.007,0,0,0,0,-1.489
1619611741394,0.946,0,0,0,0,-1.454
1619611741414,0.973,0,0,0,0,-1.432
1619611741434,0.969,0,0,0,0,-1.442
1619611741454,0.98,0,0,0,0,-1.453
1619611741474,0.98,0,0,0,0,-1.453
1619611741494,0.969,0,0,0,0,-1.432
1619611741514,0.983,0,0,0,0,-1.404
1619611741534,1.007,0,0,0,0,-1.404
1619611741554,0.932,0,0,0,0,-1.409
1619611741574,0.973,0,0,0,0,-1.386
1619611741594,0.98,0,0,0,0,-1.419
1619611741614,0.976,0,0,0,0,-1.426
1619611741634,0.976,0,0,0,0,-1.429
1619611741654,0.98,0,0,0,0,-1.434
1619611741674,0.976,0,0,0,0,-1.414
1619611741694,0.98,0,0,0,0,-1.399
1619611741714,0.98,0,0,0,0,-1.403
1619611741734,0.98,0,0,0,0,-1.403
1619611741754,0.98,0,0,0,0,-1.396
1619611741774,0.983,0,0,0,0,-1.398
1619611741794,0.976,0,0,0,0,-1.397
1619611741814,0.973,0,0,0,0,-1.389
1619611741834,0.98,0,0,0,0,-1.365
1619611741854,0.973,0,0,0,0,-1.31
1619611741874,0.98,0,0,0,0,-1.347
1619611741894,0.98,0,0,0,0,-1.447
1619611741915,0.986,0,0,0,0,-1.447
1619611741934,0.963,0,0,0,0,-1.442
1619611741954,0.976,0,0,0,0,-1.48
1619611741974,0.98,0,0,0,0,-1.444
1619611741994,0.98,0,0,0,0,-1.444
1619611742014,0.976,0,0,0,0,-1.45
1619611742034,0.973,0,0,0,0,-1.481
1619611742054,0.993,0,0,0,0,-1.441
1619611742074,0.963,0,0,0,0,-1.454
1619611742094,0.976,0,0,0,0,-1.46
1619611742114,0.98,0,0,0,0,-1.431
1619611742134,0.98,0,0,0,0,-1.418
1619611742154,0.976,0,0,0,0,-1.421
1619611742174,0.973,0,0,0,0,-1.433
1619611742194,1.007,0,0,0,0,-1.423
1619611742214,0.946,0,0,0,0,-1.412
1619611742234,0.969,0,0,0,0,-1.416
1619611742254,0.98,0,0,0,0,-1.444
1619611742274,0.98,0,0,0,0,-1.444
1619611742294,0.973,0,0,0,0,-1.435
1619611742314,0.976,0,0,0,0,-1.44
1619611742334,0.98,0,0,0,0,-1.45
1619611742354,1.003,0,0,0,0,-1.455
1619611742374,0.946,0,0,0,0,-1.479
1619611742394,0.973,0,0,0,0,-1.459
1619611742414,0.976,0,0,0,0,-1.446
1619611742434,0.973,0,0,0,0,-1.451
1619611742454,0.98,0,0,0,0,-1.45
1619611742474,0.976,0,0,0,0,-1.463
1619611742494,1.014,0,0,0,0,-1.497
1619611742514,0.935,0,0,0,0,-1.499
1619611742534,0.98,0,0,0,0,-1.51
1619611742554,0.98,0,0,0,0,-1.51
1619611742574,0.983,0,0,0,0,-1.528
1619611742594,0.98,0,0,0,0,-1.586
1619611742614,0.976,0,0,0,0,-1.556
1619611742634,0.98,0,0,0,0,-1.481
1619611742654,0.986,0,0,0,0,-1.424
1619611742675,0.973,0,0,0,0,-1.393
1619611742694,0.983,0,0,0,0,-1.374
1619611742714,0.98,0,0,0,0,-1.412
1619611742734,0.986,0,0,0,0,-1.365
1619611742754,0.99,0,0,0,0,-1.349
1619611742776,0.969,0,0,0,0,-1.354
1619611742794,0.986,0,0,0,0,-1.354
1619611742814,0.986,0,0,0,0,-1.354
1619611742834,0.983,0,0,0,0,-1.392
1619611742854,0.98,0,0,0,0,-1.391
1619611742876,0.98,0,0,0,0,-1.374
1619611742894,0.99,0,0,0,0,-1.433
1619611742914,0.963,0,0,0,0,-1.448
1619611742934,0.973,0,0,0,0,-1.451
1619611742954,0.976,0,0,0,0,-1.463
1619611742975,0.98,0,0,0,0,-1.458
1619611742994,0.976,0,0,0,0,-1.451
1619611743014,0.993,0,0,0,0,-1.438
1619611743034,0.959,0,0,0,0,-1.424
1619611743054,0.98,0,0,0,0,-1.408
1619611743076,0.98,0,0,0,0,-1.408
1619611743094,0.976,0,0,0,0,-1.399
1619611743114,0.973,0,0,0,0,-1.388
1619611743134,0.976,0,0,0,0,-1.406
1619611743154,0.997,0,0,0,0,-1.391
1619611743176,0.956,0,0,0,0,-1.414
1619611743194,0.98,0,0,0,0,-1.479
1619611743214,0.983,0,0,0,0,-1.438
1619611743234,0.976,0,0,0,0,-1.402
1619611743254,0.983,0,0,0,0,-1.44
1619611743275,0.976,0,0,0,0,-1.458
1619611743294,1.007,0,0,0,0,-1.473
1619611743314,0.956,0,0,0,0,-1.478
1619611743334,0.973,0,0,0,0,-1.449
1619611743354,0.973,0,0,0,0,-1.449
1619611743375,0.983,0,0,0,0,-1.447
1619611743394,0.973,0,0,0,0,-1.453
1619611743414,0.98,0,0,0,0,-1.45
1619611743434,0.98,0,0,0,0,-1.473
1619611743454,1.007,0,0,0,0,-1.405
1619611743475,0.939,0,0,0,0,-1.426
1619611743494,0.98,0,0,0,0,-1.521
1619611743514,0.98,0,0,0,0,-1.507
1619611743534,0.986,0,0,0,0,-1.475
1619611743554,0.976,0,0,0,0,-1.466
1619611743574,1.014,0,0,0,0,-1.435
1619611743594,0.939,0,0,0,0,-1.445
1619611743614,0.939,0,0,0,0,-1.445
1619611743634,0.976,0,0,0,0,-1.462
1619611743654,0.976,0,0,0,0,-1.39
1619611743674,0.98,0,0,0,0,-1.417
1619611743694,0.976,0,0,0,0,-1.455
1619611743714,0.973,0,0,0,0,-1.431
1619611743734,0.983,0,0,0,0,-1.443
1619611743754,0.976,0,0,0,0,-1.419
1619611743774,0.976,0,0,0,0,-1.396
1619611743794,0.98,0,0,0,0,-1.4
