1619611222285,6.68461,0.79966,14.69082,-0.18791,-0.22254,-1.03433
1619611222306,6.68461,0.79966,14.69082,-0.18791,-0.22254,-1.03433
1619611222325,0.64643,3.96958,-1.29286,0.14124,0.03951,-1.26976
1619611222345,7.95832,-3.80678,18.55506,-0.2497,-0.33865,-1.14512
1619611222366,5.75087,-5.82748,7.23048,0.13911,0.23339,-1.27295
1619611222385,-8.48026,12.67969,19.6127,0.12526,0.10982,-1.33261
1619611222410,-1.39342,3.77326,12.43069,-0.11974,-0.04038,-1.23886
1619611222425,-11.54484,-0.56503,9.87847,0.26375,0.28239,-1.38374
1619611222445,-1.18752,4.0845,6.6463,-0.43506,-0.11494,-1.10251
1619611222465,-2.11168,-0.23463,11.02769,0.05709,-0.02333,-1.09718
1619611222486,3.39976,0.63206,14.91108,0.20196,0.07999,-1.25591
1619611222506,3.87381,-2.43729,19.6127,-0.21028,-0.28112,-1.14405
1619611222526,13.11543,-9.15063,9.54328,-0.08565,0.10662,-1.16216
1619611222545,-9.88805,6.51222,11.07078,-0.11228,-0.15436,-1.09505
1619611222566,4.63996,0.78529,19.6127,-0.13785,0.05549,-1.07162
1619611222586,-0.48362,-6.51701,9.90241,0.05283,-0.02759,-1.05031
1619611222606,-4.43885,-2.61925,17.11854,-0.15383,-0.23319,-1.0812
1619611222625,0.21547,-3.05978,19.6127,-0.14424,0.23019,-1.08547
1619611222646,-4.0462,6.66066,0.48841,0.22007,-0.33226,-1.09718
1619611222665,-12.28225,4.17069,9.3709,-0.05263,0.18439,-1.28254
1619611222685,-3.0933,5.84664,8.98783,0.06987,-0.14903,-1.12595
1619611222706,0.32561,1.96803,18.1672,0.03259,0.10662,-1.15151
1619611222725,4.41969,-4.35265,19.6127,-0.03665,-0.04996,-1.17175
1619611222745,5.83706,2.16914,11.18092,0.04856,0.02566,-1.12381
1619611222766,-6.10042,1.86268,14.68603,0.11355,0.07892,-1.19306
1619611222785,14.36521,-17.29571,18.80884,-0.01428,-0.06381,-1.07907
1619611222806,0.40222,1.58496,11.20965,0.03472,-0.05529,-1.16749
1619611222825,3.89776,-4.47236,6.98628,-0.0505,0.07573,-1.24312
1619611222846,6.22492,-0.99598,14.53759,-0.03771,0.03312,-1.12595
1619611222865,1.19231,-3.23217,11.80341,0.01128,0.02779,-1.12275
1619611222885,-1.37427,-5.13795,12.85686,-0.01108,-0.04996,-1.18027
1619611222906,-10.25675,2.92092,4.96078,0.04217,-0.00842,-1.17921
1619611222925,1.84353,1.35511,3.24174,-0.06647,0.00329,-1.14192
1619611222946,-8.35097,-0.87627,15.05952,0.0965,-0.00203,-1.18027
1619611222966,-1.39821,-1.44609,10.50096,-0.06647,0.01927,-1.21543
1619611222986,6.09084,-0.90979,10.96544,0.05069,0.17693,-1.22288
1619611223006,-2.73417,-1.63284,7.54173,-0.03771,-0.23958,-1.06416
1619611223026,3.2178,1.10612,9.68215,-0.02067,0.11514,-1.21756
1619611223045,-1.12527,6.89051,16.18001,0.02939,0.01714,-1.19625
1619611223065,4.69263,7.14429,2.01112,0.01235,-0.13625,-1.06309
1619611223086,-1.41736,-5.75087,12.98615,-0.03558,0.2238,-1.22608
1619611223105,9.05487,-2.19308,15.62456,0.08585,-0.12666,-1.14512
1619611223125,7.80509,3.85466,13.40274,-0.03558,-0.0947,-1.1334
1619611223145,7.83382,-1.2785,14.09227,-0.00043,0.21634,-1.1611
1619611223166,2.44208,0.22026,4.31914,0.1455,-0.20549,-1.10144
1619611223186,-10.817,-2.42293,9.6199,-0.05689,0.0981,-1.2101
1619611223206,-7.05331,8.35576,2.47081,-0.02919,-0.00203,-1.10038
1619611223226,-3.12203,0.82839,7.07247,0.06135,-0.02653,-1.12914
1619611223246,-7.762,6.6463,-0.14844,-0.09843,-0.21188,-1.15897
1619611223266,-7.9248,13.35485,6.78516,0.10609,-0.08405,-1.16962
1619611223286,-2.63841,-6.25844,2.40377,-0.00895,-0.01907,-1.1121
1619611223306,-10.25675,4.73094,5.60722,-0.11335,-0.04677,-1.11316
1619611223306,-10.25675,4.73094,5.60722,-0.11335,-0.04677,-1.11316
1619611223347,6.90008,9.80186,9.9503,-0.24224,-0.1011,-1.19519
1619611223366,-2.83473,6.66066,-1.27371,0.19344,-0.07979,-1.14086
1619611223386,-5.43004,4.09887,14.36521,-0.00469,-0.03079,-1.12808
1619611223406,0.72783,1.82438,5.0757,0.18279,0.02353,-1.13021
1619611223425,-1.25456,10.80742,7.81946,0.0965,-0.02227,-1.09292
1619611223446,-4.45321,9.3278,2.52827,0.05496,0.12473,-1.1856
1619611223466,-2.54743,9.06444,10.40998,0.02193,0.03418,-1.17814
1619611223486,-1.35511,-1.45567,6.30153,-0.07926,-0.18099,-1.10571
1619611223506,0.48841,0.73741,9.87847,0.14976,0.31967,-1.22075
1619611223526,-4.39575,-0.44053,15.11698,-0.08245,-0.12666,-1.07481
1619611223546,-7.17302,8.35097,10.80263,-0.0718,0.11727,-1.12168
1619611223566,-5.7365,3.02627,6.66066,0.08372,-0.06168,-1.10677
1619611223586,11.40118,-3.50989,8.78193,0.01341,-0.03505,-1.17495
1619611223606,1.66636,-5.30555,8.00142,0.11887,0.16947,-1.15258
1619611223626,-6.16267,-0.18674,0.87148,0.09011,-0.00735,-1.10677
1619611223645,-7.5561,8.28393,14.2024,0.01128,-0.00735,-1.15258
1619611223665,-4.74051,5.91367,3.13161,-0.0196,0.00862,-1.15577
1619611223685,-4.24731,-2.47081,13.56554,0.03791,0.03418,-1.24845
1619611223705,3.39976,3.95043,13.77623,0.0198,-0.018,-1.22075
1619611223725,17.77934,-4.00789,7.92001,0.00595,-0.018,-1.16536
1619611223745,-1.51792,3.95522,12.08114,-0.03771,-0.08299,-1.18453
1619611223765,3.33272,-6.36857,19.6127,0.09331,-0.03611,-1.17175
1619611223785,1.59453,3.6296,6.90487,-0.07393,-0.0457,-1.16643
1619611223805,-10.17535,7.39808,10.42435,0.01341,0.09384,-1.1888
1619611223825,-3.07415,0.65122,11.1474,-0.05156,-0.21188,-1.13873
1619611223845,-1.64242,-4.75009,19.49359,0.00489,0.16201,-1.19838
1619611223865,0.40222,-4.40533,14.86799,0.0198,-0.05529,-1.18667
1619611223885,-0.43095,2.96881,8.60954,-0.01108,-0.00203,-1.10251
1619611223905,4.54419,4.15633,14.68603,0.04643,0.23019,-1.18667
1619611223925,5.96156,-1.93451,19.42655,0.05389,-0.11175,-1.13234
1619611223945,6.86657,-4.84107,10.85531,-0.075,0.01075,-1.15045
1619611223965,1.62805,4.58729,5.00388,0.00169,-0.01055,-1.17495
1619611223985,15.33725,-5.02782,19.6127,-0.02173,-0.0979,-1.14725
1619611224005,1.97282,-10.31422,15.94538,-0.0686,0.12793,-1.17069
1619611224025,4.07493,-4.25689,17.67399,0.03791,-0.03931,-1.09399
1619611224045,4.71657,-8.20732,19.5271,0.0198,0.0704,-1.21223
1619611224065,4.11323,0.95768,4.80276,-0.02599,-0.05316,-1.1121
1619611224085,5.68383,-6.90966,6.49307,0.13272,0.07147,-1.20904
1619611224105,2.2697,1.75734,7.65665,-0.01641,0.0214,-1.18347
1619611224105,0.50278,-3.95522,9.27513,-0.10589,0.04271,-1.20051
1619611224145,3.16992,-10.45787,5.01345,0.11994,-0.0457,-1.09292
1619611224165,-3.91212,6.43561,12.93826,0.06348,-0.12666,-1.13553
1619611224185,2.38941,-7.98226,13.0867,-0.13146,0.1993,-1.24099
1619611224205,-1.25456,4.69263,9.48582,-0.02386,-0.11388,-1.12275
1619611224226,1.36948,9.02135,8.51378,0.04111,-0.018,-1.14832
1619611224245,-5.48751,2.71502,6.87135,-0.11015,0.06188,-1.20904
1619611224265,-0.26815,-0.49799,4.71178,0.01448,-0.08299,-1.17601
1619611224285,-13.43625,0.8236,11.42034,0.07626,0.04164,-1.12914
1619611224305,0.40222,-1.4413,12.07635,0.05283,-0.01374,-1.19093
1619611224325,-3.21301,7.35019,18.47366,0.17959,0.01714,-1.22821
1619611224345,-9.10275,-0.93373,9.80665,-0.18365,-0.04251,-1.20371
1619611224365,-8.23126,9.17936,0.43574,-0.06647,0.00755,-1.08973
1619611224385,1.18273,-1.4413,6.91924,-0.00469,-0.0734,-1.18773
1619611224405,-6.63193,11.54962,2.16435,0.01341,0.03738,-1.19519
1619611224425,-7.31189,4.707,4.36702,0.00169,-0.08512,-1.16856
1619611224445,-0.97204,4.69263,13.42189,-0.0505,0.1194,-1.15151
1619611224465,7.12993,3.1364,5.04218,-0.0686,-0.03931,-1.13021
1619611224485,2.73417,-2.37983,4.38617,0.14657,-0.04251,-1.12381
1619611224505,-8.47547,-5.16668,15.34683,-0.06008,0.00436,-1.14192
1619611224526,-4.92726,-0.45489,11.87524,0.05283,0.03312,-1.12275
1619611224545,2.2266,5.15232,0.15322,0.12633,0.06081,-1.17175
1619611224565,-11.21922,0.91458,5.2433,-0.10908,-0.07127,-1.12062
1619611224585,-5.19541,-0.17717,8.22168,0.11461,0.09597,-1.14725
1619611224605,-7.82425,1.67594,5.88015,0.04004,0.00329,-1.22928
1619611224626,-1.34075,6.32548,13.46977,-0.0686,-0.15223,-1.14086
1619611224645,2.41335,-6.90487,19.6127,-0.02386,0.10875,-1.18667
1619611224665,-10.73081,5.67904,5.76044,0.08904,-0.04677,-1.20051
1619611224685,-1.2354,5.16668,11.98537,-0.07287,-0.11068,-1.17921
1619611224705,4.67348,-3.91212,13.64216,-0.08778,-0.03398,-1.13021
1619611224726,-4.93205,9.93114,10.65898,0.0198,-0.12879,-1.08547
1619611224745,0.3687,2.45645,15.5671,0.00169,-0.03611,-1.17708
1619611224765,-3.08373,0.29688,5.01345,0.05602,0.03418,-1.10677
1619611224785,7.56088,-1.53228,19.14882,0.18492,-0.00096,-1.13766
1619611224805,17.60217,1.39342,8.94473,-0.02812,-0.03824,-1.15045
1619611224825,-12.37323,3.50032,14.22634,-0.00788,0.03205,-1.2133
1619611224845,2.28406,-14.35563,16.89348,0.01554,-0.00948,-1.1579
1619611224865,4.73094,0.61291,15.10741,0.01448,0.00649,-1.15577
1619611224885,1.59932,1.92493,13.20162,-0.03452,0.15988,-1.20797
1619611224905,-5.53539,2.57616,19.6127,0.09757,0.14284,-1.16856
1619611224926,5.47793,0.56024,18.64125,-0.07287,9e-05,-1.12914
1619611224946,-1.24977,2.52348,10.7356,-0.01002,-0.0734,-1.19412
1619611224965,1.88184,-3.43807,8.06367,-0.00682,-0.15862,-1.19412
1619611224985,-9.19852,3.07415,18.56942,-0.03132,0.12047,-1.23034
1619611225005,8.12592,6.84741,1.06302,0.08691,0.00329,-1.12168
1619611225027,-5.99029,1.25935,13.39795,0.02619,9e-05,-1.19093
1619611225046,7.75242,8.37491,16.77377,-0.13785,-0.00203,-1.16749
1619611225065,-6.34942,-2.89698,10.7356,-0.04197,-0.1011,-1.15151
1619611225085,1.71424,0.79966,15.21275,-0.03239,-0.12879,-1.16643
1619611225105,6.2345,-6.26323,14.79137,-0.0473,0.03525,-1.15364
1619611225125,3.57214,-1.87705,4.05098,0.05389,0.03525,-1.14832
1619611225145,-9.47146,1.44609,7.82425,-0.05263,0.06295,-1.12062
1619611225165,-5.29118,1.90099,1.64721,0.07839,-0.09257,-1.11103
1619611225185,-2.81079,3.73495,16.58702,-0.03984,0.05123,-1.14299
1619611225205,-0.0814,4.72136,3.47159,0.08798,0.07679,-1.12808
1619611225225,-9.69651,8.52335,5.63116,-0.10908,0.00968,-1.08014
1619611225245,-2.59052,2.12126,11.62145,0.07733,-0.08192,-1.13234
1619611225265,0.91458,-11.01811,5.95198,-0.08778,0.0736,-1.19519
1619611225285,-0.95289,3.8786,4.43406,0.15829,0.05442,-1.15471
1619611225305,-3.055,6.93839,2.8491,0.00169,9e-05,-1.22182
1619611225325,-2.78206,2.89698,2.80121,0.06774,-0.04144,-1.23034
1619611225345,5.45399,-8.04451,11.40597,0.03898,0.00329,-1.19093
1619611225365,1.86268,4.67348,12.85207,-0.14637,0.0981,-1.14619
1619611225385,0.56503,8.14028,3.7541,0.03259,-0.02759,-1.1611
1619611225405,-13.20162,8.39407,2.28885,0.09544,0.03418,-1.14299
1619611225425,-9.05008,0.67037,3.94564,-0.05582,-0.10749,-1.13979
1619611225445,-12.80419,3.6296,8.95431,-0.05369,0.08425,-1.09825
1619611225465,2.806,5.03261,-1.57059,0.0198,0.01927,-1.14725
1619611225485,-0.30166,1.47003,2.83952,0.02939,0.09916,-1.17495
1619611225505,-10.52491,0.13886,5.17626,-0.04836,-0.24704,-1.05883
1619611225525,8.85854,-3.66791,14.61899,-0.14317,-0.19271,-1.17921
1619611225545,-5.16668,0.06703,17.45851,0.23925,0.15349,-1.25058
1619611225565,0.73262,1.92972,14.83447,-0.12719,-0.2758,-1.14512
1619611225585,-7.09162,6.99585,5.29118,0.02832,-0.04464,-1.21649
1619611225605,-1.05823,-1.9393,15.75384,0.15189,0.14071,-1.29319
1619611225625,-11.99495,-1.16358,7.86734,-0.07926,-0.27367,-1.19306
1619611225645,0.31603,4.97036,-1.74297,-0.04091,-0.018,-1.09292
1619611225665,4.31435,-1.90578,9.95509,0.18066,0.00649,-1.1888
1619611225685,-3.37582,-2.97359,10.76911,-0.10802,-0.09896,-1.19306
1619611225705,7.71411,-10.06043,15.6054,-0.19324,0.04164,-1.1334
1619611225725,11.09473,-4.34787,10.40041,0.15083,0.03312,-1.07801
1619611225745,4.74051,1.23061,17.3388,0.05496,0.29517,-1.28467
1619611225765,-3.02148,1.72861,3.91691,-0.17726,-0.33865,-1.02475
1619611225785,-5.03261,2.94486,6.36378,0.07093,0.14923,-1.09931
1619611225805,-0.34955,-4.61123,15.49527,-0.06434,-0.02972,-1.19093
1619611225825,12.34929,-9.27992,12.97178,-0.00149,-0.14797,-1.17282
1619611225845,-3.39018,2.9305,14.22634,0.11994,0.14923,-1.13553
1619611225865,2.9305,2.46123,15.82088,-0.10802,-0.05848,-1.04179
1619611225885,0.29688,-1.29765,3.82114,0.05069,0.02033,-1.16962
1619611225905,6.30632,-6.33026,14.11621,-0.05689,-0.0979,-1.07907
1619611225925,2.31279,-2.37504,19.31163,-0.09311,0.34524,-1.09825
1619611225945,9.81143,6.13873,14.05875,0.15616,0.10449,-1.07907
1619611225965,2.52827,-0.32561,9.42836,0.05815,0.05016,-1.1888
1619611225985,4.85065,0.03351,6.53138,0.07839,0.06401,-1.28467
1619611226005,-0.71347,-0.90979,7.94874,0.03472,-0.00629,-1.24099
1619611226025,3.5913,-9.94551,19.6127,0.12313,-0.06168,-1.21117
1619611226045,-1.5275,-2.7246,12.16254,-0.43612,-0.13731,-1.25804
1619611226065,-0.67037,0.62728,0.27772,0.22646,-0.00203,-1.15684
1619611226085,-7.55131,5.74129,19.6127,-0.06008,0.09277,-1.22715
1619611226105,-6.19619,8.2169,5.18105,-0.05902,-0.20336,-1.06523
1619611226125,-1.29765,0.35434,11.82735,0.09117,0.06188,-1.10997
1619611226145,2.20745,-4.0845,9.46667,-0.04943,-0.01587,-1.14086
1619611226165,-2.04464,0.42616,6.59363,-0.03132,0.08212,-1.08973
1619611226185,-1.57538,9.05487,12.52167,0.01661,-0.10642,-1.09612
1619611226205,-4.03183,-9.63905,15.50485,0.0997,0.23765,-1.10038
1619611226225,1.07739,-1.47482,13.49851,-0.0505,-0.12134,-1.03114
1619611226245,-0.32082,4.90332,5.54975,0.00169,-0.04251,-1.03966
1619611226265,-12.94305,-1.12527,12.23437,0.13379,0.17054,-1.20904
1619611226285,-4.44842,8.88727,9.84495,-0.05263,-0.43346,-1.10144
1619611226305,1.86268,-3.46201,6.16267,0.11141,0.32074,-1.14512
1619611226325,-8.34618,-1.07739,18.02355,-0.20496,-0.24064,-1.06309
1619611226345,-6.80911,2.13562,-1.47482,0.11248,-0.0979,-0.97148
1619611226365,-4.31914,3.45243,2.91613,0.06774,0.00968,-1.04285
1619611226385,3.93127,-0.13886,10.80742,-0.1485,-0.43559,-0.99811
1619611226405,-7.41244,6.2728,2.79163,0.06028,0.29943,-1.19732
1619611226425,-11.95185,3.35188,9.41878,-0.04197,-0.11281,-0.99811
1619611226445,-2.50433,-1.80043,10.09874,0.0965,0.15988,-1.09399
1619611226465,6.20577,-2.98796,8.99262,0.19877,0.16734,-1.11316
1619611226485,-3.39976,14.68603,1.13485,-0.0441,-0.45902,-1.0322
1619611226505,-11.74595,6.7708,11.3964,0.08798,0.48586,-1.14299
1619611226525,-0.44053,-4.89853,13.49372,-0.02812,-0.21295,-1.10464
1619611226546,-0.45489,4.39096,5.25287,-0.07606,-0.04996,-1.06416
1619611226565,-3.50032,8.98304,10.09874,0.24564,0.05336,-1.06949
1619611226585,-3.98395,4.69742,9.71088,-0.11228,-0.25343,-1.00237
1619611226606,0.71826,1.20188,11.76989,0.05176,0.21208,-1.15045
1619611226625,0.49799,-4.07014,9.17458,0.01021,-0.29391,-1.09718
1619611226646,6.09084,4.05098,13.56075,0.14337,0.14177,-1.1824
1619611226665,2.85867,-10.52969,0.28251,0.07733,0.05016,-1.12914
1619611226685,-4.88417,3.63439,9.49061,-0.00362,-0.13305,-1.13553
1619611226705,-0.84754,1.61369,7.16345,0.00702,0.11621,-1.20904
1619611226725,-10.09874,2.28885,5.12837,0.09331,0.05868,-1.20371
1619611226745,0.79966,2.17872,15.93101,-0.11441,-0.018,-1.13979
1619611226765,4.47715,0.16759,5.47793,-0.0473,-0.07766,-1.10571
1619611226785,-3.20344,4.99909,14.4897,0.00595,0.05549,-1.17601
1619611226805,1.42215,-2.71502,14.95418,-0.06221,-0.03824,-1.08014
1619611226825,2.29843,-1.34075,7.76679,0.07626,0.02247,-1.0354
1619611226846,-1.67115,-0.42616,16.14649,-0.01215,0.13325,-1.10677
1619611226865,4.53461,1.92493,4.9943,0.07626,-0.00096,-1.0876
1619611226885,1.59453,-4.09887,19.6127,-0.05476,0.07253,-1.11955
1619611226905,-6.5649,5.78918,10.01734,-0.00788,0.02566,-1.14299
1619611226925,0.08619,-3.58172,12.46421,0.06028,0.02566,-1.22608
1619611226948,-7.60398,4.09408,19.6127,0.05709,-0.28539,-1.14832
1619611226965,-3.33751,2.25054,19.6127,-0.06434,-0.04357,-1.09186
1619611226985,0.39743,-6.30632,19.6127,-0.13465,0.07679,-1.17388
1619611227005,2.33195,-1.66636,12.20085,-0.04836,-0.12879,-1.19732
1619611227025,1.61369,0.01915,9.10275,0.08265,-0.02546,-1.1334
1619611227047,-2.64319,1.48919,13.872,0.00489,-0.07233,-1.11529
1619611227065,6.61278,-4.52504,17.09938,-0.23052,-0.08512,-1.08547
1619611227085,5.65989,-2.86346,10.29506,0.00489,0.0491,-1.10357
1619611227105,-0.31124,7.68059,8.55687,0.17959,0.02886,-1.04499
1619611227125,6.12436,-8.95431,12.10508,-0.02173,0.00542,-1.02368
1619611227145,0.68474,1.04866,5.86579,0.27014,0.3218,-1.21543
1619611227165,-6.29196,4.45321,7.26879,-0.03665,-0.05422,-1.04392
1619611227185,-0.67995,4.06056,12.7563,-0.08352,0.00116,-1.02794
1619611227205,-3.98395,3.66312,14.59026,-0.01534,0.08745,-1.10357
1619611227225,7.08204,-2.94007,14.67645,0.023,0.08425,-1.12168
1619611227246,12.00452,-0.55545,13.08191,0.06561,-0.04251,-1.09931
1619611227265,8.31745,-10.86009,10.01255,-0.08139,0.11408,-1.15364
1619611227285,-8.97346,9.86411,9.73961,0.10609,-0.24064,-1.07162
1619611227305,-2.07337,4.10366,6.76122,-0.04517,-0.04357,-1.12701
1619611227325,2.49954,5.02782,-1.98239,-0.0473,0.23978,-1.12062
1619611227346,-3.69185,4.24252,3.89776,0.06135,-0.22467,-0.94379
1619611227365,-6.98149,8.97825,2.19787,0.00276,0.12793,-1.1366
1619611227385,-10.43871,10.46266,0.03351,0.05389,-0.04357,-1.18667
1619611227405,-8.49462,3.86903,17.12333,-0.05795,-0.02866,-1.08014
1619611227426,2.38941,-7.17302,9.20809,-0.02493,0.00649,-1.12488
1619611227445,-0.4501,1.91536,14.10663,0.023,-0.17886,-1.10038
1619611227465,8.00142,-2.48518,8.07324,0.15403,0.19504,-1.11423
1619611227485,-2.42772,4.15633,3.89776,0.05389,0.03099,-1.12168
1619611227505,0.80924,-2.24097,12.57913,-0.22839,-0.14584,-1.13873
1619611227525,6.86657,-3.96958,6.12436,0.04537,0.05229,-1.12275
1619611227545,-6.83305,-2.04464,7.87692,-0.00682,-0.21082,-1.09186
1619611227565,-10.43871,0.58418,16.44337,-0.03878,0.24404,-1.13553
1619611227585,-3.33751,2.34152,-1.87226,0.12207,-0.05422,-1.16643
1619611227605,-9.33259,0.96725,19.6127,-0.06115,0.07253,-1.12062
1619611227625,3.59609,-15.69638,12.67969,0.03045,0.16947,-1.1611
1619611227645,2.02549,0.23942,10.568,-0.00575,-0.02972,-1.12381
1619611227665,1.39342,1.28808,10.63983,0.00276,0.04057,-1.14938
1619611227685,-2.70065,-2.47081,18.77533,-0.01747,-0.00842,-1.24952
1619611227705,-5.39174,5.38216,9.64384,0.07839,-0.17034,-1.1334
1619611227725,-7.33104,5.05655,-0.44532,0.07839,-0.04038,-1.15045
1619611227745,-6.5649,6.39251,14.55195,-0.03665,0.02779,-1.10464
1619611227765,-2.25533,2.57616,3.055,-0.02493,-0.04783,-1.0077
1619611227785,4.0462,3.81635,17.74582,-0.07074,-0.09896,-0.99492
1619611227805,-0.96246,-5.04218,12.36365,-0.12932,-0.26621,-1.09186
1619611227825,8.24084,-2.14999,16.55351,-0.05795,-0.06275,-1.18347
1619611227845,-11.94706,10.35252,8.33661,0.13059,0.0246,-1.14299
1619611227865,14.38436,-8.08761,10.78348,-0.02919,0.10662,-1.17708
1619611227885,-17.46809,8.89685,10.19929,0.13485,0.09916,-1.23673
1619611227905,-1.04387,-5.52581,11.06121,0.19237,0.00968,-1.15577
1619611227925,2.89698,0.00478,19.6127,-0.22839,0.13432,-1.27615
1619611227945,10.27112,-8.21211,13.18247,-0.02706,-0.09683,-1.20691
1619611227965,5.45399,16.85517,6.34463,-0.13146,0.18865,-1.26763
1619611227985,7.95832,-10.24718,15.07389,0.06667,-0.14264,-1.07481
1619611228005,-5.28639,13.20641,3.60566,-0.14637,-0.13412,-1.12914
1619611228025,10.40998,-0.76135,8.03494,0.07839,-0.03824,-1.17921
1619611228045,-2.79163,-4.52982,9.55765,-0.11441,-0.08086,-1.06203
1619611228065,-6.55532,1.0295,16.43858,-0.15596,0.12793,-1.05777
1619611228085,-7.69496,4.68784,19.6127,0.04643,-0.05955,-0.9864
1619611228105,4.32392,0.17717,10.94629,-0.05476,0.07573,-1.05138
1619611228125,5.08528,-4.06056,11.21444,0.21475,-0.28112,-1.10997
1619611228145,1.23061,5.23372,2.75333,-0.15383,0.00968,-1.08014
1619611228165,4.45321,-2.44208,9.54807,0.13592,-0.05848,-1.09505
1619611228185,-3.94564,2.32716,14.92066,0.11568,-0.09683,-1.11636
1619611228205,0.54108,4.96557,8.41801,-0.10908,0.23658,-1.18027
1619611228225,-0.61291,6.15309,13.76666,0.11674,-0.08192,-1.04285
1619611228245,7.20654,0.2442,14.49928,-0.00256,-0.14797,-1.0354
1619611228265,5.40131,-5.16189,11.49216,0.04963,0.1471,-1.17814
1619611228285,-6.15788,2.557,9.92636,0.03685,-0.08725,-1.13234
1619611228305,14.53759,-0.43574,9.12669,-0.01108,0.11301,-1.10571
1619611228325,-0.31124,0.47405,4.84107,0.06348,0.01714,-1.12062
1619611228345,-1.96324,1.93451,9.36132,-0.06754,0.04697,-1.09292
1619611228365,4.28083,2.20745,11.55441,-0.02919,-0.00522,-1.12488
1619611228385,-1.16837,3.37582,12.79461,0.11781,-0.12453,-1.09825
1619611228405,-1.08696,3.73495,7.61834,-0.10802,0.10875,-1.05777
1619611228425,-2.51391,6.3159,1.19231,0.06667,0.03099,-1.03327
1619611228445,-4.65911,5.08528,18.62688,-0.00043,0.08745,-1.11423
1619611228465,6.57926,-8.63828,7.98705,-0.05476,-0.22893,-1.14619
1619611228485,1.12048,1.0295,8.1738,0.01235,-0.01694,-1.12062
1619611228505,1.53707,5.87058,12.13381,0.05389,0.08638,-1.0599
1619611228525,-1.83395,-0.91458,7.23527,0.01128,0.06934,-1.00237
1619611228545,2.79163,1.28808,3.67749,0.01661,-0.0457,-1.07481
1619611228565,-4.89374,7.15866,4.16591,0.023,0.11621,-1.11423
1619611228585,-0.0383,3.86424,3.21301,-0.00895,-0.07766,-1.11955
1619611228605,-0.58897,1.04387,8.27914,-0.00362,-0.00416,-1.12062
1619611228625,-4.98951,0.47405,7.50342,0.02832,0.02992,-1.18134
1619611228645,2.21224,8.82981,6.36378,-0.03452,0.15349,-1.11636
1619611228665,-5.88494,-1.16358,2.7629,0.04004,-0.07233,-1.05564
1619611228686,-5.40131,9.15542,9.12669,-0.13678,-0.01481,-1.07162
1619611228705,-5.55933,6.33505,5.82748,0.14018,0.02992,-1.06629
1619611228725,-3.85466,6.84741,18.26297,-0.02919,-0.01374,-1.06629
1619611228745,-9.28471,4.24252,9.85932,-0.04836,0.01607,-1.04712
1619611228766,2.27449,-0.12928,15.74905,0.05709,-0.07979,-1.10571
1619611228785,-5.63116,-6.0286,11.69807,-0.0196,-0.05103,-1.03859
1619611228805,-5.63116,-6.0286,11.69807,-0.0196,-0.05103,-1.03859
1619611228825,0,1.59453,14.18325,-0.03239,-0.05316,-1.13979
1619611228845,-5.52102,6.24407,13.26866,0.01767,-0.05955,-1.12701
1619611228866,1.17315,2.17872,16.45774,-0.15063,-0.06594,-1.09079
1619611228885,-8.26957,-6.5218,8.26957,0.19877,-0.09044,-1.09292
1619611228905,-4.08929,5.3678,10.75954,0.01341,-0.0979,-1.26123
1619611228925,-6.19619,4.75967,5.95198,-0.12613,-0.01055,-1.17708
1619611228945,3.44765,0.75177,6.61278,0.15616,-0.13838,-1.01835
1619611228966,-0.54587,1.97761,14.03002,0.20729,-0.02759,-1.10357
1619611228966,-1.53707,2.41335,13.46499,0.04963,-0.10962,-1.10038
1619611229005,5.48272,9.68694,10.06522,0.06561,0.227,-1.05244
1619611229025,-0.70389,0.90021,11.34372,-0.06967,-0.03185,-0.96509
1619611229045,3.97437,-0.10534,8.60954,-0.04517,0.05868,-1.08653
1619611229066,2.47081,-3.14598,10.86488,0.19237,0.09064,-1.10357
1619611229085,4.61123,3.25611,11.73158,-0.26035,-0.15223,-1.00664
1619611229105,-2.43729,-3.91212,12.66053,0.00702,0.18012,-1.03646
1619611229125,-3.34709,0.10055,17.31965,0.15829,-0.16821,-1.00344
1619611229145,4.9943,1.12527,15.88313,-0.05263,0.11727,-1.12701
1619611229166,-2.8491,4.17069,16.13691,0.05389,0.01501,-1.09399
1619611229185,13.14416,-0.98162,7.81946,0.03898,0.0459,-1.12595
1619611229205,9.30865,-3.72537,6.12915,0.08585,0.17586,-1.18134
1619611229225,-10.35252,5.40131,5.41089,0.00702,-0.01374,-1.05031
1619611229245,8.06367,-10.67335,9.13627,-0.08565,0.11621,-1.07375
1619611229271,-2.1883,2.45645,8.45153,0.09544,0.08532,-1.14725
1619611229285,9.3709,-1.97282,5.93762,-0.06541,-0.02014,-1.10997
1619611229305,3.06457,-3.87381,6.71334,-0.08352,0.15349,-1.08227
1619611229325,-5.62637,-3.34709,8.82981,0.12846,-0.21827,-1.0322
1619611229345,3.84508,-6.03338,16.61575,-0.02812,9e-05,-1.11423
1619611229365,10.48181,-2.29843,11.29105,0.09437,0.09064,-1.19732
1619611229385,1.99676,-0.22984,7.54173,-0.15489,-0.03185,-1.07694
1619611229405,11.80341,-7.47948,7.04852,0.00489,-0.01161,-1.14299
1619611229425,-0.72783,4.00789,13.35485,-0.01108,-0.02972,-1.13127
1619611229445,-8.81066,-2.35589,12.97657,-0.10163,-0.07766,-1.13127
1619611229466,-6.66545,5.84185,8.18338,0.13272,0.06614,-1.08333
1619611229485,5.01824,-1.58496,10.29506,-0.06328,-0.05635,-1.12275
1619611229505,-2.90656,11.24795,8.80587,-0.04623,0.29624,-1.12488
1619611229525,2.51391,-4.9129,11.62145,0.121,-0.1256,-1.07694
1619611229545,-8.82502,2.20745,6.95755,-0.16874,-0.1011,-1.01516
1619611229567,-3.05021,4.14675,4.34308,0.09863,0.1993,-1.12168
1619611229585,-11.10909,2.40856,12.20085,-0.0441,-0.15436,-1.03327
1619611229605,2.27449,-2.65756,14.41309,-0.05156,0.16415,-1.09612
1619611229625,1.55144,0.65122,7.65665,0.12313,0.07253,-1.1366
1619611229645,-5.79875,7.08683,0.92895,-0.03558,-0.21401,-1.06309
1619611229665,-6.78037,7.64708,11.03248,0.05815,0.13858,-1.17282
1619611229685,-3.78762,-1.0726,7.49385,0.02619,-0.03079,-1.05138
1619611229705,-5.45878,-0.19153,19.6127,-0.01215,0.02992,-1.0812
1619611229725,-2.25533,1.41736,6.61757,0.15403,0.08105,-1.1611
1619611229745,-6.12436,3.67749,10.76911,-0.11761,-0.10855,-1.06309
1619611229765,-4.94642,-0.53151,6.52659,-0.02706,0.04164,-1.1334
1619611229786,5.41089,-5.96156,12.35886,0.06987,0.13219,-1.26123
1619611229805,-0.5746,-1.88184,14.6573,-0.16554,-0.10536,-1.19306
1619611229825,-1.09654,-2.38462,5.40131,-0.04943,-0.08405,-1.16003
1619611229845,7.14908,0.23463,5.53539,0.15829,-0.15755,-1.11849
1619611229865,-0.83318,-0.54108,15.38992,-0.18152,0.11514,-1.09505
1619611229885,-8.45632,4.10845,14.91108,0.11355,-0.05316,-1.08547
1619611229905,0.905,-3.09809,11.41076,0.14444,-0.13412,-1.00237
1619611229925,-0.30166,6.12436,5.46356,0.06454,0.18545,-1.17921
1619611229945,1.78128,5.32949,11.73158,-0.18578,-0.20123,-1.04818
1619611229965,-1.154,-2.92571,6.63672,0.04963,0.20356,-1.13979
1619611229985,-3.87381,1.96324,19.6127,-0.04836,0.13751,-1.16643
1619611230005,0.15801,1.51792,8.14028,-0.05156,-0.20443,-1.0077
1619611230025,2.67671,1.8148,18.63167,0.06987,0.27813,-1.11742
1619611230045,-2.96881,-1.82438,19.54147,-0.04943,-0.15542,-1.05244
1619611230065,0.11492,0.39264,12.1386,-0.05689,0.05975,-1.07375
1619611230085,3.6727,-3.0119,6.92403,0.09224,0.06401,-1.16962
1619611230105,-3.1364,2.33195,15.57188,-0.08458,-0.03824,-1.14192
1619611230125,-3.30878,-0.29688,6.16267,0.072,0.20676,-1.12488
1619611230145,3.29442,2.73896,9.79707,0.121,-0.01268,-1.1824
1619611230165,2.01591,-4.83149,15.9358,-0.19218,-0.19697,-1.06523
1619611230185,0.38786,-2.36547,4.52504,0.23499,0.2973,-1.22821
1619611230205,9.81143,-3.39018,16.1848,-0.09737,-0.25556,-1.07694
1619611230225,-4.36702,2.51391,6.48828,-0.07393,0.06081,-1.13979
1619611230245,5.55454,2.50912,9.85453,0.13485,-0.00948,-1.27295
1619611230265,13.02445,-1.82917,7.30231,-0.06434,-0.24597,-1.11636
1619611230285,7.11556,6.10042,7.62792,0.03365,0.07679,-1.16003
1619611230305,2.53785,-7.29273,14.35563,-0.08245,-0.17886,-1.07268
1619611230325,-8.86812,6.21055,13.30697,-0.0228,0.05762,-1.09505
1619611230345,8.63828,-3.67749,3.86424,-0.01108,-0.11388,-1.07375
1619611230365,2.00155,1.5658,3.12203,0.09757,-0.01587,-1.11955
1619611230385,-8.45153,-4.64475,5.63595,0.121,0.02779,-1.19838
1619611230405,1.91057,1.8148,4.75488,-0.11015,-0.07553,-1.07375
1619611230425,-2.04943,-2.39899,10.70687,0.06561,0.1993,-1.12488
1619611230445,-6.45476,0.34476,12.39717,-0.03026,0.0214,-1.07907
1619611230465,-4.11802,3.23696,14.06832,0.09117,-0.11601,-1.09825
1619611230485,8.08761,-1.06302,0.51235,0.01128,0.276,-1.15471
1619611230505,3.47159,-0.26336,7.02937,-0.00256,-0.08618,-1.09505
1619611230525,-3.05978,5.27682,4.95599,-0.1208,0.14923,-1.19519
1619611230545,-17.45851,7.98226,10.08916,0.18066,0.12899,-1.22288
1619611230565,6.68461,-9.15542,11.80341,-0.10589,-0.18312,-1.12488
1619611230585,-1.62805,1.98718,14.73391,0.01554,0.02353,-1.21756
1619611230605,0.75656,4.7884,12.28704,0.09331,-0.0734,-1.23354
1619611230625,-0.46926,7.36935,6.35421,0.03365,-0.0244,-1.11423
1619611230645,-0.62249,-7.21133,6.42603,0.05602,0.18652,-1.11636
1619611230665,-7.27358,4.57292,11.27669,-0.14317,-0.10642,-1.09079
1619611230685,7.36935,3.24653,2.44687,0.03578,0.10129,-1.05564
1619611230705,1.34554,2.37025,11.20007,0.00276,0.06188,-1.11423
1619611230725,1.58017,2.58573,5.41089,-0.11441,-0.19164,-1.03966
1619611230745,-8.32703,2.51391,5.66468,0.12207,0.22593,-1.13447
1619611230765,-6.18661,4.26167,3.96,-0.13998,-0.11814,-1.07055
1619611230786,0.81402,-2.10689,8.08282,0.02513,0.15882,-1.02155
1619611230806,-8.57124,6.87135,8.84896,0.06561,-0.04357,-1.08653
1619611230825,-0.92416,1.14442,9.85453,0.04324,-0.11388,-1.05777
1619611230845,0.07182,-7.55131,-1.33596,-0.00788,0.23232,-1.07588
1619611230865,-0.05267,6.54574,13.01488,0.03045,-0.31308,-1.01196
1619611230885,-4.73094,-7.53215,14.47534,0.00702,0.29943,-1.06309
1619611230905,-5.75087,4.41011,14.66209,0.17853,0.16734,-1.17495
1619611230925,-2.14041,1.3599,4.07014,-0.03665,-0.2268,-1.05138
1619611230945,-1.58975,1.3599,10.33337,-0.08245,0.13751,-1.20797
1619611230965,-6.5649,7.12035,18.00439,-0.08458,-0.08405,-1.23141
1619611230985,1.58017,-1.41257,7.45554,-0.06115,0.12793,-1.22928
1619611231005,-3.45243,2.64319,13.18726,-0.16128,0.02566,-1.12381
1619611231025,4.56334,-1.64242,12.76109,0.07413,-0.29923,-1.08973
1619611231045,-0.51235,-5.0374,16.53435,0.09437,0.22167,-1.06842
1619611231065,0.20111,-4.1276,19.6127,-0.13891,0.1194,-1.11742
1619611231086,-2.50433,5.62158,6.58884,0.21901,-0.49205,-0.88839
1619611231105,6.43082,-1.33596,7.09641,-0.18791,0.19397,-1.12062
1619611231125,-11.19049,4.22337,16.94137,-0.01002,0.12473,-1.12381
1619611231145,1.39821,-0.78529,13.57033,0.03365,-0.18312,-0.94698
1619611231165,0.46926,-1.03908,7.85298,0.03578,0.07786,-1.12914
1619611231186,4.21858,-0.65601,11.82735,-0.11867,0.06508,-1.14512
1619611231205,-0.71826,-7.12035,19.6127,0.04324,-0.09044,-1.0844
1619611231225,-4.23294,-0.20111,19.6127,0.0198,-0.16501,-1.14619
1619611231245,10.20887,-5.63595,9.09796,0.0443,-0.08299,-1.29426
1619611231265,3.9217,2.20266,8.05888,0.16574,-0.08618,-1.31769
1619611231287,8.0924,-6.77559,19.6127,-0.04943,-0.0947,-1.2133
1619611231305,2.03507,2.61446,14.36042,-0.14104,-0.10749,-1.23354
1619611231325,0.56503,3.10288,15.19839,-0.02599,-0.19484,-1.08547
1619611231345,5.77481,2.94486,12.94305,-0.12826,0.14391,-1.13766
1619611231365,2.3942,2.49954,7.08683,-0.03984,-0.1256,-0.99918
1619611231385,7.2257,-8.35097,12.39238,-0.11122,0.22806,-1.13873
1619611231405,1.76692,4.81234,14.16888,0.07093,-0.16395,-1.11636
1619611231425,4.73573,-2.08295,8.19295,-0.04091,0.03099,-1.0109
1619611231445,0.23942,3.39976,14.88714,-0.0228,-0.01161,-1.08333
1619611231465,2.08295,5.87537,11.3964,0.03045,-0.00096,-1.07694
1619611231487,-3.18907,-5.21935,-0.88585,0.02832,0.03951,-1.04499
1619611231505,11.82256,-3.20344,8.90643,0.06987,-0.20762,-1.01409
1619611231525,4.29519,1.29286,2.89219,-0.09417,0.11727,-1.06309
1619611231545,-7.93438,10.1562,12.06677,0.10609,-0.00096,-1.05777
1619611231565,4.4149,-0.9481,-1.39342,-0.14424,-0.13944,-0.96189
1619611231587,2.3942,-4.75967,8.68137,0.15722,0.3005,-1.10784
1619611231605,7.91523,-1.9393,4.43406,-0.05902,-0.06914,-0.99172
1619611231625,-3.62482,5.93283,4.07493,0.0475,0.12047,-1.05031
1619611231645,0.24899,-1.25456,4.56813,0.04537,-0.04038,-1.03433
1619611231665,-6.45955,2.24576,13.86242,0.00489,0.29304,-1.13127
1619611231685,-9.93593,-1.62326,9.41878,0.00063,-0.0212,-1.20371
1619611231705,1.39342,6.14352,7.02937,0.03685,-0.16075,-1.05138
1619611231725,-2.56658,-5.48272,16.77856,0.09544,0.21208,-1.22608
1619611231745,1.03908,5.91846,5.33428,-0.0686,-0.16075,-1.15577
1619611231765,-6.43561,7.44117,12.31098,0.00169,-0.02227,-1.12595
1619611231786,-8.70531,11.44428,0.64164,0.18811,0.17586,-1.1334
1619611231805,-1.26413,1.90578,8.27436,-0.24011,-0.5272,-0.88307
1619611231825,-1.47003,4.209,8.19774,-0.05369,0.60516,-1.20691
1619611231845,-16.49605,19.6127,11.98537,0.05602,-0.30776,-1.11316
1619611231865,2.38941,-6.50744,-1.21625,-0.06008,-0.06488,-1.04605
1619611231887,-3.00711,1.87226,10.60631,0.17533,0.28985,-1.21117
1619611231905,-6.54574,6.80432,15.24148,-0.12932,-0.40896,-0.96829
1619611231925,1.88184,-1.64242,9.61511,0.08052,0.18652,-1.05564
1619611231945,-8.67658,0.33518,17.9182,0.08159,-0.05529,-0.97468
1619611231965,1.90099,2.65756,12.86644,-0.07819,0.21634,-0.99066
1619611231985,2.94007,-6.79474,11.51611,-0.05582,0.17373,-0.98
1619611232005,-6.88572,1.47003,7.50821,0.00063,-0.3003,-0.8298
1619611232025,2.99275,-0.97683,16.927,-0.08245,0.00329,-0.97468
1619611232045,8.13549,-7.92959,10.04128,0.00702,-0.17779,-1.00664
1619611232065,7.6375,0.79008,3.02627,-0.01747,-0.03398,-1.00983
1619611232085,-0.50278,-8.60954,10.7356,0.10715,0.23978,-1.07801
1619611232106,-3.75889,7.55131,11.87045,0.22114,-0.36954,-0.94272
1619611232125,4.68784,-7.54173,19.6127,-0.03878,0.30902,-1.09825
1619611232145,1.17794,1.76213,12.11466,0.19557,0.03418,-1.16003
1619611232165,5.19541,-0.47884,15.83046,-0.07287,-0.15436,-1.0844
1619611232185,4.9129,-6.22971,12.62702,0.09437,0.12473,-1.18134
1619611232205,7.24006,-3.39018,14.54717,0.01021,-0.03611,-1.20371
1619611232225,3.15076,4.88417,9.11233,-0.03771,-0.1501,-1.0812
1619611232245,3.60566,2.14041,7.67581,-0.08245,-0.03718,-1.01942
1619611232265,0.45489,1.81001,9.34696,0.17746,0.10556,-1.01835
1619611232285,-8.07803,-0.71347,9.02614,-0.16235,0.00116,-1.10997
1619611232305,-2.27928,6.98628,5.08528,0.26162,0.12686,-1.05457
1619611232325,4.73094,-1.7334,17.74582,-0.19324,-0.33332,-1.08014
1619611232345,-2.37983,5.92325,7.23527,-0.03878,0.16841,-1.19838
1619611232365,0.62728,3.28484,12.06198,0.28612,-0.05103,-1.19732
1619611232385,2.95923,2.9305,11.71722,-0.23159,-0.11601,-1.07588
1619611232405,0.28251,0.39264,7.40766,0.13059,0.07253,-1.14832
1619611232425,13.04361,-3.27526,14.35563,0.16361,0.16734,-1.2346
1619611232445,-0.13407,-1.00556,16.54872,-0.20709,-0.15329,-1.03327
1619611232465,3.05978,-3.2609,7.61834,-0.04836,0.04164,-1.02261
1619611232485,-3.22259,-0.30166,16.79293,0.13911,0.14604,-1.03753
1619611232505,-19.6127,1.83874,2.81079,-0.06647,-0.02866,-1.04179
1619611232525,1.91536,-2.37504,6.88093,0.01554,0.04697,-0.96296
1619611232545,1.54186,-0.27772,8.28393,0.09863,0.18332,-1.08653
1619611232566,-0.94331,3.08373,14.50886,0.0198,9e-05,-1.0812
1619611232585,-5.73171,5.61679,5.83227,-0.13359,-0.11281,-1.08866
1619611232605,8.29351,2.38462,7.81467,0.121,0.13325,-1.12701
1619611232625,-1.08217,2.8491,11.86087,0.00169,-0.2268,-1.20371
1619611232645,3.39497,1.90578,7.3885,-0.02919,-0.05848,-1.17388
1619611232665,3.73974,-3.88818,13.32133,0.09117,-0.06168,-1.11316
1619611232685,2.53785,1.36469,7.08204,0.02513,-0.11175,-1.05777
1619611232705,-3.13161,3.91212,1.8962,-0.12613,-0.04783,-1.08547
1619611232725,-3.96479,9.91199,7.11556,0.09863,0.03844,-1.15897
1619611232745,5.38216,-9.80665,6.57926,-0.08245,-0.12453,-1.06309
1619611232765,-1.32638,3.03584,3.16034,-0.11015,0.11514,-1.07375
1619611232785,-7.42681,4.27125,4.89374,0.04643,0.09703,-1.07268
1619611232805,-0.66079,3.88818,6.6463,-0.05263,-0.01268,-1.05351
1619611232825,4.41011,-6.33984,-1.91536,0.34897,0.08638,-1.0812
1619611232845,-1.39821,3.45722,9.92636,-0.21455,0.08532,-1.24525
1619611232865,-11.78904,3.00232,7.69496,0.03791,-0.18099,-0.99279
1619611232885,-6.78995,3.22259,10.28549,0.05496,0.24404,-1.16003
1619611232905,4.28562,-2.91134,11.26232,-0.22839,-0.30563,-1.13127
1619611232925,3.83551,-0.02394,5.93762,0.16787,0.16947,-1.05457
1619611232945,0.58897,0.68474,4.78361,-0.01534,0.05975,-1.12062
1619611232965,6.95276,-3.68707,10.35252,-0.02173,-0.05848,-1.00344
1619611232985,-4.71657,9.52413,4.28562,0.02619,-0.00842,-1.0599
1619611233005,7.07726,-7.01022,16.07945,-0.06647,0.07573,-1.15684
1619611233025,-5.59285,8.22647,6.66066,0.14763,0.12899,-1.18027
1619611233045,-2.02549,6.18661,5.20978,-0.02173,-0.22999,-1.13553
1619611233065,-0.54587,1.65678,16.77856,0.06774,0.14604,-1.11636
1619611233085,-5.31033,-0.9481,10.67335,-0.00362,-0.09577,-1.10357
1619611233105,4.80276,-6.48349,13.80017,-0.0995,-0.06062,-1.03859
1619611233125,-1.13006,3.91691,12.41633,0.07307,-0.02014,-1.07055
1619611233145,9.05008,-14.15452,19.6127,0.03578,-0.13412,-1.07801
1619611233165,0.38307,-2.48518,9.90241,0.07307,0.06401,-1.10038
1619611233185,-0.68474,-2.00634,14.51843,-0.12613,-0.02014,-1.08227
1619611233205,-1.89141,-6.82826,1.94409,-0.01108,-0.1959,-0.98427
1619611233225,-3.96,9.30865,4.63038,0.01235,0.30476,-1.1121
1619611233245,-9.07402,4.27125,16.2279,0.0443,-0.03931,-1.0567
1619611233265,6.32548,-1.26413,6.96712,-0.06221,-0.04996,-1.12168
1619611233285,7.14908,-4.26646,13.43147,0.18066,0.06188,-1.21543
1619611233305,2.74854,-3.06936,16.94615,-0.03239,0.02353,-1.21756
1619611233325,-0.0814,-0.37828,12.00452,-0.08991,0.00649,-1.22075
1619611233345,1.45567,-3.77805,11.91833,0.09437,-0.01268,-1.16962
1619611233365,3.58172,6.20577,9.92157,-0.08458,-0.06062,-1.15258
1619611233385,7.3885,-1.16358,15.1936,0.11994,-0.01374,-1.00451
1619611233406,6.17225,1.30723,17.04192,-0.0505,0.01075,-0.98213
1619611233425,3.69664,7.9248,12.38281,-0.14743,0.05016,-1.01516
1619611233445,4.58729,-6.6032,14.23113,0.02513,-0.07233,-0.98107
1619611233465,2.28885,-3.48116,19.41697,0.03152,0.01501,-0.99811
1619611233485,3.50989,-6.87614,8.87291,-0.10056,0.01501,-1.04179
1619611233506,0.88106,-3.8786,13.66131,0.09757,-0.16821,-0.99492
1619611233525,3.74931,1.47482,4.60165,0.03791,0.12686,-1.06842
1619611233545,1.55623,-2.69108,9.33259,0.05815,-0.10536,-1.09292
1619611233565,-1.91536,2.11647,5.0757,0.05389,0.03631,-1.21756
1619611233585,4.8698,0.5363,7.50821,0.14763,0.01394,-1.31343
1619611233606,3.93127,1.46525,2.4756,-0.08778,-0.27793,-1.16962
1619611233625,-1.60411,4.51067,5.9855,-0.02812,0.08319,-1.26443
1619611233645,1.55623,2.63841,11.40597,0.09224,-0.00522,-1.25058
1619611233665,2.61925,-3.44765,12.44984,-0.12293,-0.06594,-1.16323
1619611233685,-4.88896,7.55131,5.63116,0.06667,0.2483,-1.21649
1619611233706,-9.46667,0.50757,13.50329,-0.13678,-0.04783,-1.21756
1619611233725,-1.6903,2.97838,10.09874,-0.3754,0.00329,-1.13553
1619611233745,-3.95043,1.37427,14.27901,0.15296,-0.10855,-0.97468
1619611233765,-5.43004,1.05823,13.68046,0.01128,-0.19058,-1.31769
1619611233785,-8.76277,5.09486,11.08994,0.09117,0.07253,-1.23141
1619611233806,-0.11492,7.83382,11.3102,0.0688,-0.11068,-1.22821
1619611233825,-8.27436,0.58897,1.47003,0.10928,-0.0212,-1.12062
1619611233845,-2.48996,2.43729,8.53293,-0.17833,-0.26088,-1.13127
1619611233865,1.96324,-4.03183,6.70376,-0.11761,0.07147,-1.08227
1619611233885,-6.5218,5.1188,3.1795,0.07946,0.00329,-1.13234
1619611233907,7.32625,-1.18752,11.1474,0.08798,-0.06062,-1.17069
1619611233925,-8.68616,5.35822,10.89361,0.07413,-0.01161,-1.13553
1619611233945,-0.89543,8.20732,7.58483,0.04111,-0.12986,-1.09825
1619611233965,-4.34787,3.42849,11.066,-0.00682,0.26002,-1.08973
1619611233985,-4.5394,5.04697,-2.26491,-0.05156,-0.08405,-1.11636
1619611234005,0.4118,3.1364,8.69574,-0.14956,-0.12453,-1.03327
1619611234025,-2.1452,2.38462,6.40209,-0.0196,-0.07127,-1.06096
1619611234045,4.46758,4.73573,13.70441,0.07093,0.08532,-1.02901
1619611234065,0.09097,-1.94409,3.28484,-0.13252,0.03844,-1.13766
1619611234085,-7.07726,5.31033,4.07014,0.01554,-0.18099,-1.04179
1619611234106,1.11569,-4.87459,15.6054,-0.03558,0.06508,-1.09186
1619611234125,0.61291,1.38384,2.02549,-0.08565,-0.10855,-1.03646
1619611234145,5.23372,-7.95353,14.68603,-0.02173,0.16521,-1.11529
1619611234165,4.11323,-5.94719,4.82192,0.1487,0.02886,-1.1121
1619611234185,-6.78995,0.86191,9.66299,-0.08565,-0.09577,-1.15364
1619611234205,-8.82502,4.44842,10.42914,0.05709,-0.14477,-1.17495
1619611234225,-7.29273,8.45153,13.60864,0.13698,0.04697,-1.11955
1619611234245,2.90177,-2.49954,15.40429,-0.08671,-0.0947,-1.06096
1619611234265,2.33195,-2.03985,17.64047,-0.01641,0.08212,-1.13447
1619611234285,-2.83473,0.73741,15.7299,-0.11761,-0.1224,-1.02475
1619611234305,9.40921,-8.73883,15.65807,-0.06115,-0.0979,-1.00024
1619611234325,6.9767,-5.29597,15.50963,-0.00682,-0.09151,-1.00344
1619611234345,-4.11802,-0.56503,19.12967,-0.11228,0.03205,-1.09612
1619611234365,6.22971,0.83797,15.72032,0.00595,0.21315,-1.07162
1619611234385,-5.10443,3.38061,13.71398,-0.00895,-0.02546,-1.00983
1619611234405,-3.75889,1.62805,13.35006,0.09331,0.1961,-1.02155
1619611234425,-1.66157,-2.25533,19.15361,0.00276,0.00223,-1.01835
1619611234445,4.22816,-1.17794,17.77934,-0.07606,0.05868,-1.04925
1619611234465,0.15801,-3.44286,8.76756,-0.00256,0.31541,-1.0599
1619611234485,-3.63918,-1.85311,9.40442,0.00489,-0.1224,-1.12062
1619611234505,10.21845,-3.96,15.53358,-0.04304,-0.00203,-1.13979
1619611234525,7.33104,-1.94888,10.75475,0.08052,0.04697,-1.29639
1619611234545,-2.41814,4.32392,3.92649,0.00915,-0.24917,-1.02048
1619611234565,-0.29209,-1.69509,18.30127,-0.13359,-0.01055,-1.18773
1619611234585,4.35744,0.54587,5.2433,0.12313,-0.21188,-1.06842
1619611234605,4.78361,-1.03429,18.64125,-0.0995,0.05868,-1.16323
1619611234625,0.46447,0.2059,-2.32237,0.0475,-0.06168,-1.12914
1619611234645,8.82981,0.13407,9.33259,0.03685,-0.1011,-1.23141
1619611234665,0.37349,4.16112,8.99262,-0.03132,-0.21827,-1.21223
1619611234685,1.22583,-4.34308,11.56878,0.03685,0.09277,-1.14938
1619611234705,-2.38462,5.75566,11.84172,0.02832,-0.1224,-1.11955
1619611234725,-5.19062,2.09732,2.30801,-0.01108,0.0459,-1.09612
1619611234745,4.67348,7.52258,-0.52193,0.08052,-0.00309,-1.1366
1619611234765,-6.3973,2.55221,15.3995,-0.11867,-0.07872,-1.06736
1619611234785,3.62482,-3.93606,5.58327,-0.04304,-0.05422,-1.04818
1619611234805,-6.81389,8.54251,6.47871,0.10609,0.15136,-1.10038
1619611234825,-5.30555,5.53539,1.33596,-0.03026,0.05336,-0.96189
1619611234845,-1.22104,5.85142,1.42694,-0.05476,0.06081,-0.96616
1619611234865,-4.53461,3.04542,2.37025,0.02193,0.11727,-1.12275
1619611234885,-6.66545,2.33674,13.32133,0.07733,-0.08192,-1.0354
1619611234905,-3.60566,7.50821,0.96246,0.0475,-0.01374,-1.02475
1619611234925,-0.52193,3.5482,1.84353,0.02619,0.06721,-1.12701
1619611234945,-3.85466,5.54497,9.49061,-0.00043,0.03099,-1.14725
1619611234965,-6.7708,0.57939,17.19994,0.04111,0.04377,-1.06949
1619611234985,14.79616,-1.64721,4.18985,0.07733,-0.0489,-1.00344
1619611235005,-2.11168,1.56101,6.12436,0.0688,-0.02546,-1.14512
1619611235025,0.54587,0.93852,4.63038,-0.03452,-0.01694,-1.14086
1619611235045,3.41892,1.08217,11.80341,-0.05582,0.01714,-1.08973
1619611235065,-2.62404,4.74051,2.74375,0.10822,-0.00948,-1.20477
1619611235085,0.14844,-0.05267,10.90319,-0.00149,0.00862,-1.15471
1619611235105,-2.8491,0.4501,8.72925,-0.08565,0.00223,-1.16003
1619611235125,4.10366,-3.77326,13.88637,0.20196,0.06827,-1.02368
1619611235145,-4.3335,4.22816,14.4897,-0.15915,-0.03718,-1.15577
1619611235165,-6.81389,3.54341,3.16992,-0.09843,-0.01055,-1.18134
1619611235185,-9.88805,10.14183,14.37957,0.07093,-0.09257,-1.10144
1619611235205,4.9943,-5.55454,12.95263,0.02087,-0.03718,-1.06949
1619611235225,-7.14908,1.11569,11.68849,-0.01215,0.08958,-1.11103
1619611235245,-1.52271,3.9217,13.1681,0.04111,-0.00309,-1.06523
1619611235265,-0.85712,-1.90099,15.92623,0.07413,0.09916,-1.07588
1619611235285,1.62326,-4.76925,14.22155,-0.11867,-0.08192,-0.97468
1619611235305,-4.27125,-4.68305,16.8456,-0.04091,0.10236,-1.08973
1619611235325,-1.46525,-1.20188,5.36301,0.072,0.06295,-1.08227
1619611235345,2.60489,-2.54264,4.95599,0.07626,-0.03931,-1.10571
1619611235365,3.84029,-1.36469,18.56942,-0.03771,0.14604,-1.17708
1619611235385,-6.20577,-0.19153,17.20473,0.05176,-0.10429,-1.1611
1619611235405,0.43095,-2.85867,16.19438,-0.01641,-0.00842,-1.15471
1619611235426,2.6001,-3.9217,10.29985,-0.03878,0.08105,-1.17388
1619611235445,7.99663,-0.06224,12.56477,0.121,-0.12347,-1.04712
1619611235465,11.42991,-5.04218,7.01979,0.03898,0.07573,-1.06523
1619611235485,-7.23048,7.03895,6.78995,-0.10269,-0.05742,-1.00237
1619611235505,-1.33117,5.2433,14.91587,-0.02919,0.01927,-1.01835
1619611235505,10.0317,0.0814,9.64384,0.03791,0.15243,-1.1366
1619611235545,-5.07091,-0.64164,13.2112,-0.0718,0.08958,-1.1089
1619611235565,11.72201,-11.99973,13.97256,-0.08245,-0.14797,-1.1366
1619611235585,-3.055,-3.69664,9.71567,0.10928,0.00968,-1.16536
1619611235605,1.04387,-0.99119,17.53513,-0.11441,0.00542,-1.14832
1619611235626,-2.03985,2.74375,10.39083,0.05283,-0.03292,-1.07162
1619611235645,0.55066,3.25611,5.89931,0.24457,-0.21508,-1.11849
1619611235665,6.44519,-0.50278,14.77222,0.14337,-0.00842,-1.22928
1619611235685,-1.6903,2.21224,6.25844,-0.36581,-0.26195,-1.13234
1619611235705,-7.35019,1.69988,11.21444,0.06987,0.15775,-1.04285
1619611235726,-8.2552,6.22971,11.65018,0.023,0.02992,-1.06629
1619611235745,7.9248,4.0031,3.57214,-0.07713,-0.02972,-0.97148
1619611235765,3.86424,-4.57292,5.77002,0.08052,0.19184,-1.09931
1619611235785,-1.39342,1.60411,9.53371,-0.0473,-0.0457,-1.05351
1619611235805,-0.89543,0.8236,10.52969,0.00276,0.05868,-1.13766
1619611235825,-7.87213,0.32082,9.06444,-0.03558,-0.22786,-1.11316
1619611235846,-4.62559,7.21612,3.10288,0.0752,0.33778,-1.15364
1619611235865,-5.0757,10.22802,6.66066,0.08265,0.25043,-1.20584
1619611235885,-5.72214,6.14831,1.97282,0.05709,-0.3003,-1.06203
1619611235905,-7.84819,0.2873,10.79785,-0.0686,0.01181,-1.17282
1619611235925,-0.60333,-4.23773,10.65898,0.02619,-0.0702,-1.16429
1619611235946,-2.41335,1.11569,11.08036,0.10289,-0.17566,-1.14832
1619611235965,-3.16513,0.63685,5.56412,-0.00362,0.03844,-1.14938
1619611235985,-3.45243,2.94486,12.9622,-0.08245,-0.09044,-1.1334
1619611236005,1.01035,2.52348,2.79642,0.07413,0.15882,-1.09186
1619611236027,-4.82192,3.13161,8.89685,-0.04836,-0.10536,-1.06309
1619611236045,-4.50588,8.9591,8.73883,-0.08671,0.21954,-1.00237
1619611236065,3.37103,-3.51468,17.22388,0.06774,0.22167,-1.03859
1619611236085,-3.17471,-1.41736,11.71243,0.01448,-0.20762,-1.04499
1619611236105,-3.50032,0.30645,9.67736,0.03365,0.08105,-1.12275
1619611236126,3.59609,1.47482,6.99585,0.09544,-0.0244,-1.14725
1619611236145,2.69108,2.60489,10.10353,0.01554,-0.13944,-1.07055
1619611236165,-11.54962,5.60722,9.3709,-0.01747,0.08425,-1.07268
1619611236185,-5.30076,7.21133,7.72848,0.03578,-0.04144,-1.04818
1619611236205,-4.92247,0.38786,12.00452,-0.04304,0.02033,-1.0876
1619611236225,-2.37504,-2.85388,7.36935,-0.06115,0.27919,-1.16216
1619611236245,7.79073,-6.5218,18.65561,-0.13998,-0.04251,-1.14299
1619611236265,3.12682,1.19231,14.9063,-0.00362,0.07147,-1.10571
1619611236285,-9.66778,8.1738,4.98472,-0.0441,0.02247,-1.19306
1619611236305,-1.09654,1.6089,12.62223,0.04004,-0.06701,-1.13021
1619611236326,2.44208,-4.60644,12.76109,-0.01108,0.08319,-1.20797
1619611236345,3.28484,2.13083,14.08269,-0.10056,-0.12453,-1.12808
1619611236365,-5.86579,-4.55856,9.9886,0.023,-0.01374,-1.08227
1619611236385,5.89931,-0.63685,15.9358,-0.04517,0.03951,-1.15897
1619611236405,7.87213,-4.79319,14.19282,-0.07287,-0.24704,-1.01303
1619611236427,-1.47961,3.05021,12.92868,-0.06967,0.11408,-1.02368
1619611236445,7.72848,1.84832,13.6661,-0.11974,9e-05,-1.01516
1619611236465,-1.2785,3.56736,10.85531,0.0475,-0.06701,-1.02688
1619611236485,-2.41814,-6.9336,15.58625,0.04217,0.24191,-1.10251
1619611236505,-3.33751,-0.61291,12.10508,0.00489,-0.16395,-1.03327
1619611236525,9.00698,-3.31357,18.13368,-0.0196,0.06401,-1.13553
1619611236545,9.55286,-10.42435,11.90397,0.01341,0.12473,-1.16216
1619611236565,-4.16591,4.38617,4.44363,-0.00043,-0.07659,-1.01942
1619611236585,3.83072,-6.76601,13.17768,-0.01321,0.05762,-1.1334
1619611236605,1.50355,2.60967,14.06354,0.02939,-0.11281,-1.13553
1619611236625,-8.72447,4.67827,10.99417,-0.01002,0.00649,-1.09079
1619611236645,6.44997,0.9481,7.44117,0.03472,0.01607,-1.04818
1619611236665,0.83318,0.36391,5.15711,0.07093,-0.09364,-1.09186
1619611236685,-2.42293,8.37012,14.62857,0.06348,0.18652,-1.08547
1619611236705,-3.98874,9.26556,7.61834,-0.04091,0.06827,-1.11529
1619611236725,2.44687,3.07415,8.02057,-0.03132,-0.018,-1.03753
1619611236745,5.55454,-0.19632,0.5746,-0.03878,0.05229,-1.17282
1619611236765,1.46046,3.49074,7.9679,0.02726,-0.08405,-1.14299
1619611236785,-0.16759,1.49877,10.66856,-0.02493,0.13751,-1.07055
1619611236805,-6.59363,2.82036,3.22738,-0.05369,-0.0702,-1.14619
1619611236825,-4.35744,5.25287,8.73404,0.13165,-0.33652,-1.10038
1619611236845,1.74776,4.05577,10.05564,-0.0963,0.20356,-1.16323
1619611236865,1.0726,7.35019,2.28885,0.00063,-0.21614,-0.98213
1619611236885,8.10197,3.55299,9.34696,0.03472,0.01075,-1.07694
1619611236905,-2.34631,-0.04788,19.08657,0.01341,0.15775,-1.1366
1619611236925,2.92092,0.04309,-1.01035,-0.01108,-0.36422,-0.97574
1619611236945,-0.24899,2.70065,9.00698,0.0965,0.24511,-1.18453
1619611236965,-12.73715,4.26646,10.63504,0.072,-0.05742,-1.22182
1619611236985,-0.33997,-1.25456,4.88896,-0.15276,-0.29604,-1.09825
1619611237005,7.58483,-3.58172,2.76769,0.21261,0.2238,-1.11955
1619611237025,0.4118,-7.51779,5.78918,-0.0686,-0.1192,-1.22395
1619611237045,-3.91212,11.41076,13.46977,-0.01321,0.08745,-1.20797
1619611237065,-0.31124,-4.50109,9.31344,-0.16767,-0.15968,-1.06736
1619611237085,5.08049,1.06302,10.13226,-0.0505,-0.20656,-1.04179
1619611237105,-5.5306,4.6639,10.83136,0.03685,0.35589,-1.2346
1619611237125,-2.07337,9.56244,2.79163,0.03685,-0.33865,-1.01409
1619611237145,1.04387,-1.94888,14.76743,-0.14637,0.2973,-1.05351
1619611237165,-1.16837,-5.35822,9.93593,0.06135,0.06401,-1.17495
1619611237185,-1.03908,2.15957,14.64293,0.09437,-0.20016,-1.0354
1619611237205,-4.09887,-0.48841,16.83602,-0.05476,0.16841,-1.04925
1619611237225,-9.15063,10.63025,10.00776,0.02513,-0.11601,-1.05351
1619611237245,8.24084,-6.58405,14.76743,0.00169,0.13538,-1.07375
1619611237265,4.61123,-7.72848,10.17056,-0.08884,-0.04357,-1.09825
1619611237285,-3.2178,-0.43095,8.91121,0.19557,-0.22893,-0.97255
1619611237305,-5.26724,-2.10689,13.51766,-0.06221,0.21208,-1.12701
1619611237325,-4.63996,6.11,0.51235,-0.00469,-0.2204,-0.95337
1619611237345,4.98951,-4.19464,5.52102,0.01767,0.17054,-1.0812
1619611237365,-5.64073,1.30244,-0.58897,0.03259,-0.13412,-1.00664
1619611237385,-4.05098,1.01514,14.1593,-0.1208,0.5029,-1.12275
1619611237405,3.84987,-9.81143,17.95651,0.22327,0.06721,-1.19625
1619611237425,-4.56813,2.68629,12.83292,-0.1485,-0.29604,-1.03859
1619611237445,4.20421,-7.47469,10.69729,0.07626,0.29198,-1.21117
1619611237465,-10.77869,3.71101,14.4897,0.07626,-0.08405,-1.22715
1619611237485,8.67179,-1.76213,8.59997,-0.03345,-0.07659,-1.12808
1619611237505,-4.18985,2.44687,9.80665,0.10715,0.13645,-1.20797
1619611237525,0.31124,-0.15801,18.92376,-0.33599,-0.43452,-1.00451
1619611237545,1.50355,-3.49074,15.50485,-0.04836,0.32607,-1.11636
1619611237565,3.59609,-1.8962,18.49281,0.07839,-0.1959,-1.09079
1619611237585,2.12126,-5.82748,11.18571,-0.00469,0.09916,-1.03966
1619611237605,-5.16668,3.90254,12.73236,0.01767,0.07147,-1.08973
1619611237625,7.9679,-2.86825,9.91199,0.03898,-0.23106,-0.97787
1619611237645,0.90021,-4.25689,16.50562,0.09011,0.31967,-1.14512
1619611237665,2.84431,-0.46926,11.02769,-0.02386,-0.25449,-1.03433
1619611237685,-2.67671,0.43095,6.03338,0.11248,0.0214,-1.03966
1619611237705,0.47884,4.27604,9.85932,-0.13998,0.01288,-1.03007
1619611237725,15.26543,-6.54095,9.69651,0.09437,-0.24597,-0.96722
1619611237745,-0.4501,-1.94409,15.66286,-0.14637,-0.0244,-0.98213
1619611237765,1.7334,-5.99508,8.38449,0.08052,-0.33439,-0.95976
1619611237785,-0.22505,1.26413,10.99417,-0.02919,0.20249,-1.05244
1619611237805,-2.806,3.86424,2.77727,0.14976,-0.12986,-0.98959
1619611237825,5.80833,-3.69664,10.38125,0.01341,0.13325,-1.0354
1619611237845,-1.36948,-0.4118,11.44907,0.08372,0.06081,-1.11849
1619611237865,-2.78685,-0.14365,11.41555,0.0688,0.03525,-1.07907
1619611237885,6.7708,-2.61446,7.02937,0.04537,0.04377,-1.15151
1619611237905,-2.72939,3.01669,0.84275,0.06774,-0.12453,-1.16749
1619611237925,1.83874,-0.5363,11.41076,0.10289,0.18012,-1.24525
1619611237945,-1.77649,3.96479,11.86087,-0.13785,-0.1224,-1.13234
1619611237965,0.26815,-3.55778,6.10521,0.09011,0.18012,-1.05244
1619611237985,4.73094,-1.99676,13.40274,0.31701,0.06614,-1.20477
1619611238005,-1.4844,-0.37349,-4.52504,-0.00362,-0.01694,-1.09612
1619611238025,-2.40377,-4.35265,18.52154,-0.1485,-0.08938,-1.17495
1619611238025,-9.22246,9.10754,2.37983,0.06774,-0.04144,-1.1366
1619611238065,-0.30166,4.39096,6.98628,0.09011,0.05442,-1.15684
1619611238085,-1.04387,1.26413,7.21133,-0.11974,0.0459,-1.06096
1619611238105,1.97282,-1.64721,7.32625,0.05496,-0.04251,-1.04285
1619611238125,2.52827,4.81234,6.09084,0.1455,0.15456,-1.19732
1619611238146,1.99197,5.48272,7.95832,0.02939,0.04377,-1.14725
1619611238165,-0.51714,1.01992,-0.13886,-0.13891,-0.14264,-1.03007
1619611238185,-6.07169,1.57059,11.51611,-0.04623,0.14284,-1.07055
1619611238205,-3.055,2.71502,0.12928,0.06667,0.01394,-1.06949
1619611238225,-6.25365,4.09887,3.81156,-0.05369,-0.04464,-0.99066
1619611238246,-10.86488,1.60411,10.68771,0.04004,0.05016,-1.06949
1619611238265,-1.82438,-2.53306,13.93425,-0.01747,-0.05103,-1.10784
1619611238285,-7.16823,5.9041,2.62883,0.1242,0.12153,-1.10784
1619611238305,2.38941,1.37906,6.07169,-0.14424,0.0182,-1.11636
1619611238325,1.8579,-3.67749,7.36935,0.09224,0.05336,-1.16962
1619611238346,-2.25054,4.01268,6.80911,0.01554,-0.02546,-1.24845
1619611238365,-3.10767,-0.87627,9.49061,0.09011,-0.33652,-1.14832
1619611238385,2.17393,-2.49475,12.41633,-0.12719,0.13112,-1.08866
1619611238405,-6.47871,5.46356,8.43237,0.0965,0.01607,-1.10677
1619611238425,-7.04852,1.17315,6.77559,-0.08778,-0.08725,-1.09186
1619611238447,4.18985,-8.59039,18.69392,-0.10376,-0.02546,-1.11849
1619611238465,4.19464,-0.82839,9.7444,0.05922,-0.1714,-1.05883
1619611238485,1.8962,1.94409,0.73741,-0.13465,0.14817,-1.07268
1619611238505,2.51391,3.15076,10.0748,-0.02599,0.01714,-0.98746
1619611238525,-2.64319,-2.34152,13.86721,0.08691,-0.02653,-1.03114
1619611238525,-3.41892,-0.87627,11.19049,0.31275,0.29411,-1.14086
1619611238565,8.42758,-10.17056,19.02432,-0.15702,-0.20336,-1.18347
1619611238585,4.18027,2.67671,9.33259,-0.03878,0.15136,-1.13127
1619611238605,1.58496,1.63284,13.6661,0.0475,-0.06807,-1.13873
1619611238625,1.23061,-0.15801,17.93735,-0.14211,0.01394,-1.1334
1619611238645,-1.30723,1.27371,11.21922,0.19024,0.2238,-1.12595
1619611238665,-3.19386,0.61291,19.32599,-0.07606,-0.13412,-1.01729
1619611238685,-3.81156,-7.24006,8.73883,-0.0963,-0.00522,-1.10677
1619611238705,0.42616,-8.66701,19.60372,0.10822,-0.15223,-1.09079
1619611238725,4.50588,-0.43095,15.14572,-0.06328,0.11514,-1.07694
1619611238746,0.91937,-1.50834,12.81376,0.01661,0.01075,-1.06203
1619611238765,1.19231,3.04063,14.4514,-0.09098,-0.14371,-1.05777
1619611238785,-4.63517,3.60566,11.02769,0.16148,0.19823,-1.09292
1619611238805,-0.96246,-1.31681,8.86333,-0.06967,-0.08725,-1.03966
1619611238825,-5.612,-5.37737,4.43885,-0.06434,-0.12879,-1.09505
1619611238845,7.74763,0.32082,0.19632,0.15189,-0.07233,-1.1579
1619611238865,11.89439,-0.29209,9.95987,0.04856,0.05868,-1.24099
1619611238885,-4.9512,5.93283,2.76769,0.01341,0.11621,-1.14512
1619611238905,-1.07739,-4.2521,6.15788,-0.10376,-0.23212,-1.09292
1619611238925,-3.83072,7.43639,12.42111,0.023,0.16201,-1.06949
1619611238945,-3.4237,-1.20188,19.6127,-0.05156,-0.04677,-1.00557
1619611238965,-2.73417,-0.12928,3.55299,0.0443,-0.04251,-1.06416
1619611238985,0.47884,2.71502,13.79539,0.06454,0.05229,-1.12275
1619611239005,0.89543,1.03908,6.92403,0.00382,-0.02972,-1.09505
1619611239025,-5.89452,5.22893,9.38048,0.0688,0.21528,-1.16216
1619611239045,-1.30244,0.58897,9.50019,-0.02919,-0.04038,-1.1334
1619611239065,-1.64721,3.02148,2.40856,0.04324,-0.11175,-1.11423
1619611239085,0.75656,-4.67348,6.98628,0.072,0.15136,-1.1334
1619611239105,-4.67827,-0.65601,7.65186,0.02513,-0.15223,-1.05244
1619611239125,-7.44596,6.3973,6.67503,-0.18685,0.05549,-1.1089
1619611239145,-6.74686,0.62728,6.83305,0.121,-0.02014,-1.07801
1619611239165,-3.82593,2.83473,14.96376,-0.05369,-0.09044,-1.03646
1619611239185,7.12514,2.90177,11.19528,-0.0196,-0.04251,-1.06629
1619611239205,-3.53384,0.58418,11.39161,0.01661,-0.05635,-0.98853
1619611239225,-7.12514,6.6032,3.96,-0.07713,-0.03931,-1.02688
1619611239245,1.55144,-5.55933,4.55856,0.03365,0.02353,-0.99918
1619611239265,-10.87446,5.3678,8.56645,0.05176,-0.02333,-1.07375
1619611239285,-5.74608,4.44363,4.42927,0.21581,0.12473,-1.22075
1619611239305,0.04309,-3.16034,16.11776,-0.03984,-0.1011,-1.12808
1619611239325,-2.14041,-2.89698,9.47146,-0.06541,-0.1011,-1.16643
1619611239345,-3.82593,-2.03985,3.06457,0.10822,0.10662,-1.27721
1619611239365,-2.59531,4.17069,12.67969,-0.13998,-0.12986,-1.28041
1619611239385,7.54652,-3.95043,16.69237,0.09117,0.06614,-1.21543
1619611239405,1.67115,1.08217,15.51921,0.00063,0.06295,-1.30811
1619611239425,-5.13795,7.62792,5.37737,-0.11441,-0.17566,-1.20584
1619611239445,9.42357,-4.21858,15.04516,-0.05902,0.05336,-1.30171
1619611239465,3.81635,-3.60087,15.8544,-0.40203,0.14391,-1.21969
1619611239485,10.20887,1.22104,5.20499,0.55456,-0.26728,-1.17388
1619611239505,-0.34476,0.58897,9.88326,-0.21135,0.15562,-1.31876
1619611239525,-2.29843,3.18428,19.27811,0.09863,-0.22999,-1.13766
1619611239545,-12.06198,4.458,14.55674,-0.01747,0.00755,-1.03433
1619611239565,4.52025,-0.11013,6.52659,0.02193,0.01501,-1.15364
1619611239585,14.1593,-8.7532,17.39148,-0.28272,-0.23425,-1.05351
1619611239605,-2.74375,-1.46046,5.89452,0.03152,0.13751,-1.03646
1619611239625,1.82438,2.23618,12.33492,-0.00043,-0.27047,-1.08227
1619611239645,-0.70868,-1.42694,14.83447,0.05176,0.09703,-1.05883
1619611239665,0.01915,3.61524,9.59117,0.0475,0.06721,-1.06416
1619611239685,10.54885,-2.04464,16.75941,-0.05689,-0.20549,-0.97681
1619611239705,0.24899,0.01436,9.82101,0.00808,0.30369,-1.11529
1619611239725,-2.26491,2.38941,11.89918,0.02406,-0.1959,-1.0567
1619611239745,-1.06302,4.0845,8.84896,-0.01215,0.13858,-1.01516
1619611239765,0.61291,-2.89698,13.40274,0.023,0.00968,-1.0599
1619611239785,2.66235,3.90733,12.54561,-0.05795,0.10556,-1.0812
1619611239805,-9.55765,2.77727,5.70777,0.05709,0.1503,-1.03753
1619611239825,3.84508,-2.71023,15.82088,-0.0196,-0.07979,-1.02581
1619611239845,-1.34075,5.2433,11.93749,0.09757,-0.05635,-0.99172
1619611239865,3.01669,-0.29688,9.85932,0.01235,0.11727,-1.0844
1619611239885,-4.56813,11.71243,10.88404,-0.14637,-0.18312,-1.02155
1619611239905,3.01669,1.67594,6.0286,0.08372,0.18225,-1.07162
1619611239925,9.61032,-1.65199,5.46356,-0.06754,-0.14264,-1.06842
1619611239945,-1.53228,2.71023,9.33738,-0.03558,0.10875,-1.05777
1619611239965,1.27371,4.9512,6.5649,0.10502,0.14284,-1.10784
1619611239985,1.32638,1.98718,10.28549,0.03685,-0.18206,-1.00557
1619611240005,4.30956,0.74699,0.85233,0.11994,0.10449,-1.09931
1619611240025,-6.43561,0.73262,7.81467,-0.0686,0.02566,-1.16003
1619611240045,0.89543,9.6199,6.75643,-0.13039,-0.15542,-1.07268
1619611240065,0.81402,-0.7422,6.22492,0.14763,-0.03292,-1.12275
1619611240085,4.77882,0.65122,11.066,-0.13785,-0.00629,-1.13234
1619611240105,-5.90889,2.27928,11.66933,0.08159,-0.00629,-0.94698
1619611240125,-11.54005,6.95755,1.0726,0.01128,0.02566,-0.95337
1619611240145,4.56334,-1.51313,14.23592,-0.02812,-0.04783,-0.95444
1619611240165,2.93529,2.83473,9.85453,0.06561,0.18865,-0.96296
1619611240185,-1.76213,3.63918,14.30296,-0.03984,0.03631,-0.96083
1619611240205,-1.76213,3.63918,14.30296,-0.03984,0.03631,-0.96083
1619611240225,-10.41477,-0.79966,1.97282,-0.09204,-0.0734,-1.09718
1619611240245,0.14844,3.94085,7.49863,0.21688,0.06827,-1.14619
1619611240265,11.29105,-5.84664,8.45632,-0.18472,-0.24917,-1.00237
1619611240285,-14.82489,3.34709,9.17458,-0.02812,-0.03185,-1.19093
1619611240305,-9.69651,-1.42694,6.42124,0.16148,-0.17886,-1.17921
1619611240325,-7.4316,0.38307,11.02769,-0.11974,0.00116,-1.18453
1619611240345,0.90979,0.39743,7.89607,0.02087,-0.16608,-1.21969
1619611240345,-1.7334,4.18027,7.86255,-0.01854,-0.08299,-1.16323
1619611240385,-6.18661,-3.0119,6.15788,0.07733,-0.01481,-1.09931
1619611240405,2.48039,-2.98796,19.17755,-0.02067,0.14817,-0.98959
1619611240425,6.61757,-6.86178,4.34308,0.02406,-0.04996,-1.05031
1619611240445,-6.64151,-1.33596,10.95586,0.11994,-0.018,-1.11529
1619611240467,2.0638,-3.19386,18.32522,-0.13039,-0.04464,-1.06842
1619611240485,-4.30956,2.13083,10.43871,-0.0963,-0.04144,-1.09505
1619611240505,-2.59052,6.6463,6.41167,-0.01747,-0.13625,-1.04712
1619611240525,-0.13407,-2.03985,11.38682,0.01767,0.21634,-1.05564
1619611240546,2.77248,-1.68072,14.46097,0.02406,0.02779,-0.97574
1619611240565,15.83046,-6.03817,18.79448,-0.01641,-0.12986,-0.99598
1619611240585,-2.79642,-4.5825,11.19528,0.04324,0.06614,-1.06416
1619611240605,1.77649,-0.77572,13.11543,-0.03665,-0.14797,-1.01942
1619611240625,-3.1364,-5.99508,10.96065,0.11461,0.28132,-1.05883
1619611240645,-3.77326,4.22337,13.93425,0.0198,0.00542,-1.10571
1619611240666,2.44687,-2.29364,12.86165,0.02193,0.02566,-1.12381
1619611240685,0.79008,1.09175,2.70065,-0.00043,0.12153,-1.00983
1619611240705,-3.81635,-0.29209,11.38682,0.05283,-0.11814,-0.99385
1619611240725,18.98123,-7.0581,9.19373,0.00276,0.11301,-1.09931
1619611240745,-3.95043,-0.54108,12.23915,0.08159,0.04164,-1.17282
1619611240766,-0.75656,-5.19541,8.01099,-0.12932,-0.21082,-1.07055
1619611240785,1.90578,1.33596,8.77235,-0.01321,0.0981,-1.16962
1619611240805,4.50109,1.70467,12.71321,0.07626,-0.19377,-1.0077
1619611240825,8.70052,-5.71256,6.57447,-0.08245,0.09597,-1.06842
1619611240845,2.97838,2.96402,7.26879,0.19557,0.08319,-1.03646
1619611240866,-4.04141,4.63996,12.90474,-0.12293,-0.11068,-1.06949
1619611240885,7.43639,4.03183,1.91536,-0.11228,0.10449,-1.16643
1619611240905,3.20823,-7.24485,15.72032,0.13485,-0.08086,-1.1366
1619611240925,2.75333,3.35188,3.64397,-0.05476,-0.06062,-1.14086
1619611240945,-3.02148,3.6296,-0.62728,0.00382,0.13751,-1.14405
1619611240965,-3.24174,6.21055,15.27021,0.07413,-0.06168,-1.07481
1619611240985,-4.209,4.65911,18.02355,0.04217,0.15562,-1.04072
1619611241005,-1.64242,1.83874,7.60398,-0.09417,-0.0979,-0.99172
1619611241025,16.55351,-1.01514,9.84495,0.02513,0.06721,-1.04925
1619611241045,-5.00867,5.00867,3.88818,-0.01108,-0.05635,-0.96616
1619611241066,1.31202,-2.52348,17.21909,0.06348,0.04484,-0.98853
1619611241085,-1.5275,1.2354,7.49385,-0.00469,0.227,-1.01622
1619611241105,-1.83874,5.25766,1.49398,0.00489,-0.12453,-0.97042
1619611241125,-4.21379,3.98395,2.43729,-0.0196,0.09171,-1.12275
1619611241145,1.72861,0.09576,7.03416,0.06348,0.03312,-1.14512
1619611241166,-4.85065,4.36702,5.95198,0.02726,-0.21614,-1.05564
1619611241185,-7.09162,1.84353,4.84107,0.03898,0.16095,-1.24739
1619611241205,-1.42215,3.08373,5.89452,-0.01002,-0.0947,-1.11849
1619611241225,-1.01992,4.0462,11.13303,-0.08352,-0.03931,-1.09612
1619611241245,2.43729,-7.64708,6.00465,0.09224,0.28559,-1.26017
1619611241265,-12.09071,3.69185,7.16823,-0.07287,-0.33439,-1.0077
1619611241285,9.01656,9.56723,8.68137,-0.0686,-0.28539,-1.06842
1619611241305,4.51067,5.77002,2.20266,0.00276,0.26428,-1.00451
1619611241325,0.42137,-0.92895,9.21767,0.01341,-0.3216,-0.95763
1619611241345,-1.42215,-9.86889,12.04762,0.05496,0.4049,-0.9587
1619611241365,-7.19697,5.43483,6.22492,0.11248,-0.24278,-0.9555
1619611241385,7.4699,6.07648,4.5825,0.03045,0.09384,-1.12808
1619611241405,-10.06043,5.91367,10.10831,-0.07074,0.03631,-1.17282
1619611241425,2.02549,-8.0493,12.40675,0.00915,-0.35995,-0.97894
1619611241445,5.56891,-2.74375,11.59272,-0.11228,0.24724,-1.19199
1619611241465,7.65665,-6.20577,6.12915,-0.0196,-0.11494,-1.06736
1619611241485,10.71165,-3.66312,10.85052,0.09224,-0.05103,-1.14619
1619611241505,-0.71347,-0.72304,15.07868,0.02939,0.12793,-1.14832
1619611241525,7.19218,-4.73573,19.6127,0.15509,-0.03185,-1.1579
1619611241545,-4.28083,6.95276,7.73327,-0.01854,0.00329,-0.96403
1619611241565,-9.2895,6.28238,10.57279,-0.03558,-0.02972,-0.95657
1619611241585,-4.23294,3.85945,18.65561,0.10822,0.21634,-1.07481
1619611241605,-8.68616,6.08127,13.18247,0.03472,0.16734,-1.04285
1619611241625,1.37427,-7.41723,11.27669,-0.02812,-0.06914,-1.00983
1619611241645,4.02704,-2.66235,15.1936,0.04324,-0.07553,-1.13127
1619611241665,6.20098,-2.13083,9.29429,-0.0228,0.02673,-1.22501
1619611241685,0.38786,4.56813,14.16888,-0.06541,-0.14584,-1.2101
1619611241705,-2.83473,-4.9129,2.46123,0.07626,-0.14051,-1.10144
1619611241725,-7.73806,4.19464,12.23915,0.09117,0.05016,-1.1824
1619611241745,-0.4932,6.71812,12.45942,-0.05476,-0.15329,-1.09186
1619611241765,1.16358,-0.9481,9.03092,-0.04197,-0.07766,-1.0109
1619611241785,2.24576,-4.31435,13.42189,-0.00682,-0.06381,-1.13979
1619611241805,-7.58483,4.35744,6.23929,-0.11761,0.01288,-1.15897
1619611241825,1.2354,-5.14274,17.9996,0.22327,0.10236,-1.09825
1619611241845,2.42772,-3.53384,19.6127,-0.06008,-0.12666,-1.07055
1619611241865,0.77572,5.81791,11.89439,-0.06541,0.00116,-1.02261
1619611241885,-1.94409,4.63517,13.57991,0.15083,0.11621,-1.03433
1619611241905,7.18739,4.91769,6.94797,-0.11974,-0.01055,-1.01835
1619611241925,2.98796,3.1795,4.22816,0.03578,-0.00629,-1.08866
1619611241945,-1.82438,2.09253,11.09473,0.08478,0.10556,-1.16323
1619611241965,-5.4492,6.33984,13.02445,-0.01428,0.10556,-1.06523
1619611241985,7.7189,-8.05888,10.73081,-0.02706,-0.07233,-1.06523
1619611242005,2.71502,-5.92325,10.93671,0.0475,0.13538,-1.1334
1619611242025,1.5275,1.154,10.29985,0.06135,-0.01268,-1.19199
1619611242045,1.08696,2.43729,8.15465,0.00702,0.07147,-1.20797
1619611242065,-9.68694,9.55765,3.42849,0.00595,-0.05422,-1.2133
1619611242085,-3.63439,-4.23294,11.54005,0.04324,-0.00096,-1.20051
1619611242105,0.58418,0.44053,0.58897,-0.0441,0.14177,-1.23354
1619611242125,-2.94965,0.24899,6.94797,-0.02599,-0.15649,-0.9342
1619611242145,-7.30231,0.75177,15.95974,-0.0995,0.0704,-1.08227
1619611242165,-1.12048,5.09964,15.56231,0.07307,-0.04251,-1.01622
1619611242185,0.67516,1.35511,13.31176,-0.08778,-0.13092,-1.02688
1619611242206,4.91769,2.74375,1.94888,-0.02173,0.0736,-1.03859
1619611242225,-2.42293,3.01669,6.20577,0.03898,-0.08086,-0.96296
1619611242245,-2.82994,5.65031,8.48983,-0.06754,0.24084,-1.0567
1619611242265,-6.70855,3.94085,2.82994,0.00063,0.03631,-0.96722
1619611242285,2.87304,-1.21146,5.31033,0.10715,-0.05422,-1.03007
1619611242305,0.22505,-4.73094,6.7708,-0.06541,0.07892,-1.18134
1619611242325,5.74129,5.63595,2.89219,0.17,-0.18419,-1.12062
1619611242345,0.49799,-2.33195,13.98692,-0.00256,0.08958,-1.16429
1619611242365,-8.85854,2.71023,9.13627,-0.00788,0.11727,-1.23034
1619611242385,-6.64151,1.31202,12.32056,-0.04197,-0.13625,-1.25378
1619611242405,-2.21224,3.70622,4.9943,0.10928,0.14071,-1.11955
1619611242425,3.83551,1.17315,13.89594,-0.08245,-0.17566,-1.04392
1619611242445,-6.2345,3.48595,2.93529,-0.07606,0.10129,-1.06523
1619611242465,1.45567,-5.38216,7.35977,0.03472,9e-05,-1.0322
1619611242485,-7.69017,6.10042,15.29894,0.07093,-0.08086,-1.03753
1619611242505,4.71657,-7.06289,6.34942,-0.21348,-0.05316,-1.05564
1619611242525,-5.49708,6.3973,11.65018,0.03685,0.18119,-1.07694
1619611242545,-3.81635,1.06781,11.54962,0.00276,-0.24171,-0.87241
1619611242565,-2.14999,-6.31111,18.98601,-0.06328,0.28665,-1.06203
1619611242586,1.35511,-4.35744,10.94629,0.06348,-0.28326,-0.98853
1619611242605,1.61369,-1.7334,8.25999,0.04643,0.21741,-1.13979
1619611242625,1.04866,-0.95768,13.57991,0.00276,-0.04464,-1.06629
1619611242645,10.13704,-1.8148,15.84482,-0.03558,-0.27899,-1.09505
1619611242665,-5.74129,1.8148,14.18803,0.01235,0.39744,-1.18453
1619611242686,-2.86346,-1.94888,5.861,0.23605,-0.21934,-1.19732
1619611242705,-1.4413,-2.95923,6.95755,0.21794,0.09277,-1.19945
1619611242725,-7.10599,4.30956,6.25365,0.03578,-0.00416,-1.25804
1619611242745,1.12048,-1.74776,19.29726,0.08585,-0.31308,-1.12914
1619611242765,8.52814,-5.04218,13.14416,-0.11974,0.02033,-1.15897
1619611242787,1.63763,-2.34152,8.30309,0.05389,-0.05103,-1.11955
1619611242805,-2.78206,4.09887,12.02846,-0.20389,-0.14158,-1.17921
1619611242825,-11.33415,7.52258,15.73469,-0.09524,0.10662,-1.20797
1619611242845,11.74116,-11.72201,18.29649,0.03472,-0.42494,-0.97787
1619611242865,0.40701,-2.11647,15.47133,-0.23585,0.33885,-1.15684
1619611242885,-0.20111,4.60165,10.12268,0.05389,-0.22147,-1.02901
1619611242905,9.42357,3.49553,13.93904,0.07839,0.17586,-1.09931
1619611242925,0.51235,0.81402,17.7123,-0.13039,-0.04996,-1.06203
1619611242945,6.36857,-5.06134,17.05629,0.01767,-0.07979,-1.07907
1619611242965,-0.05267,-0.77093,16.26141,0.16361,0.32287,-1.23034
1619611242986,2.17393,-4.49631,8.66701,-0.10589,-0.23212,-1.03327
1619611243005,0.57939,3.80678,5.7796,0.04004,0.18119,-1.09079
1619611243025,6.00465,-4.03183,13.02445,0.01448,-0.07659,-1.16749
1619611243045,7.77157,-5.49229,8.43237,-0.06967,0.04697,-1.02901
1619611243065,6.99106,-0.78529,10.55843,0.17746,-0.05529,-1.03114
1619611243086,2.63362,2.11647,4.01268,-0.07819,-0.03505,-1.10464
1619611243105,-3.38061,7.25443,13.60385,-0.09311,0.05762,-1.09931
1619611243125,9.75397,-1.39821,13.03882,0.06561,-0.10429,-0.97574
1619611243145,-6.49307,1.35032,8.18338,0.01448,0.02886,-1.07268
1619611243165,-0.72783,-1.63763,-0.23463,-0.10482,0.01607,-1.10144
1619611243186,4.08929,-4.98951,8.55208,0.17853,0.07147,-1.06416
1619611243205,1.93451,-3.27047,11.79862,-0.02067,-0.04357,-1.08866
1619611243225,4.98951,5.60722,7.50821,-0.13359,0.03738,-1.14832
1619611243245,-7.42681,1.83874,8.77235,0.23392,0.27493,-1.19838
1619611243265,-8.38928,4.84586,5.92325,-0.16661,-0.14158,-1.20371
1619611243265,9.61032,-1.07739,4.54898,0.02619,0.02033,-1.16749
1619611243305,1.17315,2.1883,1.19231,0.07733,-0.03505,-1.25165
1619611243325,4.43406,1.0726,15.71554,0.01235,0.16308,-1.24952
1619611243345,-7.28795,10.51533,-2.09253,0.07093,-0.04783,-1.11316
1619611243365,-2.94007,8.1307,7.75242,-0.02493,-0.07233,-1.10677
1619611243386,-6.69897,-0.35434,2.90656,-0.09204,-0.26941,-1.03007
1619611243405,-3.76368,2.90656,3.00232,-0.03558,0.04803,-1.14512
1619611243425,-7.98705,4.02704,4.51546,-0.06541,0.0491,-1.05883
1619611243445,-0.85712,-2.33195,1.68072,0.06241,-0.19484,-0.95976
1619611243465,0.01436,4.81713,11.66455,0.06667,0.05016,-1.00877
1619611243486,0.67995,0,13.2112,-0.0473,-0.04677,-0.93633
1619611243506,1.0295,-1.59932,-4.16112,-0.02067,-0.12879,-0.98959
1619611243525,5.10443,-0.07182,12.80897,0.07946,-0.25023,-1.04925
1619611243545,0.67037,-2.92571,12.21042,0.03685,0.20036,-1.05031
1619611243565,-5.38216,3.47638,2.8874,0.10183,-0.14584,-1.00131
1619611243585,2.31279,7.36935,17.03714,-0.01002,-0.08938,-1.03114
1619611243605,2.69587,-10.86488,19.6127,0.0443,0.08958,-1.10677
1619611243625,-2.13083,-0.32082,15.78736,0.121,-0.14158,-1.03007
1619611243646,-6.36378,1.58975,7.10599,0.14231,0.3527,-1.19093
1619611243666,-10.90798,6.87135,14.3269,-0.00575,-0.22893,-1.13766
1619611243685,4.79319,-3.22259,13.43625,0.13592,0.13858,-1.17495
1619611243705,4.22337,-6.03338,14.99727,0.09544,0.14391,-1.24206
1619611243725,-2.02549,-2.08295,5.11401,-0.20176,-0.20869,-1.14192
1619611243745,3.98395,-2.03985,7.60877,0.11781,0.19078,-1.13766
1619611243765,-6.16267,5.52581,12.29183,-0.10695,-0.12773,-1.13021
1619611243785,0.10534,-0.65122,14.73391,-0.08245,0.01714,-1.01622
1619611243805,-2.97359,4.21379,17.07544,0.15616,-0.02546,-1.15684
1619611243825,1.71424,1.13964,13.53681,-0.04623,0.01288,-1.13127
1619611243845,-4.5825,6.94318,9.92157,-0.06647,0.00968,-1.18347
1619611243865,7.51779,-1.53707,14.34126,0.12526,-0.0947,-1.11423
1619611243885,5.82748,-3.00232,14.03959,-0.03665,0.08958,-1.17069
1619611243905,0.06224,3.93606,19.6127,0.0752,-0.02333,-1.14512
1619611243925,-3.10288,1.26892,6.57926,0.03152,0.10556,-1.07481
1619611243945,1.26413,3.02148,14.49449,-0.08565,0.01501,-1.1089
1619611243965,5.95198,0.05267,13.2543,-0.05795,-0.1501,-1.01196
1619611243985,2.09253,2.44208,12.04283,0.02193,0.15988,-1.11742
1619611244005,-3.49074,5.91367,4.02704,-0.05582,-0.18312,-1.0077
1619611244025,7.28795,-4.44363,11.81299,0.03898,0.2238,-1.10144
1619611244045,2.4756,-3.66791,8.02057,0.13059,-0.04464,-1.06203
1619611244065,-0.69431,2.48039,8.79629,-0.11441,0.09384,-1.10571
1619611244085,1.22583,1.36948,10.53448,0.0965,0.04164,-1.16003
1619611244105,0.83797,-1.97282,8.70052,-0.04304,-0.05529,-1.17921
1619611244125,-2.91613,1.00077,3.77805,0.00702,0.01181,-1.34539
1619611244145,-3.18428,2.28885,-1.46046,0.13805,-0.20869,-1.12381
1619611244165,1.7334,4.49152,5.28639,-0.17939,-0.09257,-1.14619
1619611244185,1.75255,2.89698,8.74362,0.23179,0.13112,-1.16536
1619611244205,2.95923,0.41659,18.21508,-0.19431,-0.2481,-1.02048
1619611244230,1.23061,5.11401,-0.60812,0.0475,0.16415,-1.13021
1619611244245,1.23061,5.11401,-0.60812,0.0475,0.16415,-1.13021
1619611244265,11.62145,-8.2169,19.6127,-0.31042,-0.08192,-1.13127
1619611244285,3.97437,0.74699,0.42616,0.14763,0.1258,-1.08973
1619611244305,-1.01992,4.75967,14.6573,0.06028,-0.1959,-0.97468
1619611244325,-3.12682,-3.08373,3.58172,0.07946,0.34631,-1.16536
1619611244345,1.76692,7.77157,11.51611,0.06135,0.05868,-1.14192
1619611244365,2.48518,8.08282,1.08696,-0.04836,-0.18206,-1.02794
1619611244385,-4.34787,0.55066,6.44997,0.01128,0.21954,-1.24845
1619611244405,2.67671,3.57693,5.65031,-0.0228,-0.21082,-1.18667
1619611244425,2.45645,-4.26167,13.69483,0.02726,0.23019,-1.22182
1619611244445,8.32703,-7.64229,-1.2785,0.00489,0.08105,-1.16003
1619611244465,-5.20499,6.1914,3.63918,-0.00256,-0.20123,-1.04818
1619611244485,-4.0845,0.48362,5.77002,0.0443,0.09703,-1.05138
1619611244505,-13.90073,0.43574,19.6127,-0.06647,-0.02653,-1.07481
1619611244525,-1.0726,-0.1628,8.916,0.08798,-0.01587,-1.09612
1619611244545,-3.56257,7.88171,5.89931,-0.07393,-0.06275,-1.10038
1619611244565,-9.52892,7.96311,9.14106,0.01341,0.13006,-1.17495
1619611244585,2.40377,-4.06535,14.18325,0.05283,-0.13092,-1.03646
1619611244605,-7.50342,5.15232,13.96777,-0.06434,0.00542,-1.11423
1619611244625,-8.83939,4.6208,4.86501,-0.02386,-0.04251,-1.09612
1619611244645,3.28005,0.13407,16.33324,0.14018,-0.02014,-1.05031
1619611244665,-3.63439,-5.2002,18.46408,0.02939,0.19184,-1.21436
1619611244685,-1.71903,1.06302,9.71088,-0.21028,-0.17673,-1.16323
1619611244705,-8.2552,0.86191,12.55519,0.10076,-0.00309,-1.1611
1619611244725,6.14352,1.43173,10.74996,-0.10482,-0.09044,-1.14086
1619611244745,0.40222,-1.79565,13.31654,0.00702,-0.00203,-1.1089
1619611244765,-5.51624,1.0726,13.28781,0.10609,0.12473,-1.16323
1619611244785,6.00465,2.30801,4.6208,-0.0686,-0.0212,-1.00983
1619611244805,-5.02782,-3.12682,13.49372,0.05069,0.20036,-1.08653
1619611244825,1.35511,-1.95366,10.90319,-0.00469,0.08532,-1.20477
1619611244845,10.92234,-4.98951,13.27345,0.03365,-0.09151,-1.14192
1619611244865,-7.64229,1.20667,18.69871,-0.06647,0.0704,-1.18773
1619611244885,-3.83072,3.50511,8.87291,0.0997,-0.10536,-1.06203
1619611244885,1.31202,-4.96557,12.10508,0.05389,-0.11388,-1.16643
1619611244925,4.31914,-1.41257,12.00931,-0.1975,-0.04677,-1.13979
1619611244945,5.82748,0.73262,16.32366,0.08478,0.01927,-0.98107
1619611244965,-7.23048,7.54652,6.65588,-0.0718,-0.2268,-0.97787
1619611244985,-0.12449,-5.00867,5.56891,-0.02919,0.10023,-1.03753
1619611244985,5.01345,-2.20266,19.6127,-0.05689,-0.37274,-0.97894
1619611245025,1.09654,1.58975,15.54315,-0.13998,0.16628,-1.16216
1619611245045,-3.0933,-5.49708,16.17043,0.15083,0.00436,-1.21756
1619611245065,-1.9393,1.70467,9.98382,0.01235,-0.09896,-1.11849
1619611245085,1.22104,-4.62559,7.54173,0.17853,0.26321,-1.24845
1619611245107,0.33518,5.27203,13.43147,0.07946,0.05229,-1.17708
1619611245125,14.49928,-6.90966,15.01643,-0.16022,-0.28858,-1.14832
1619611245145,0.67995,-4.30956,10.39083,-0.07074,0.25043,-1.35072
1619611245165,-0.2442,11.08994,1.4844,-0.01641,-0.02333,-1.32835
1619611245185,4.92247,-1.42215,15.14093,-0.04304,-0.2758,-1.06203
1619611245206,-4.29998,-3.45722,5.2002,-0.19111,0.0491,-1.24099
1619611245225,4.23773,3.22738,8.33661,0.10715,-0.09257,-1.11849
1619611245245,2.62883,-3.42849,17.7123,-0.16767,-0.01587,-1.0109
1619611245265,-6.80911,7.37892,3.97916,-0.075,0.11621,-1.11423
1619611245285,-6.12436,7.61834,8.73404,-0.02067,-0.1256,-1.07801
1619611245306,-1.22104,7.71411,9.84974,-0.19218,0.0246,-1.02475
1619611245325,-0.2059,4.09887,11.14261,0.11568,-0.00735,-1.01196
1619611245345,3.53384,1.96803,-1.05344,-0.04943,-0.24597,-1.11742
1619611245365,1.99197,-3.68707,4.65911,0.17427,0.31541,-1.14192
1619611245385,12.21042,-2.71502,11.98537,-0.0441,-0.18099,-1.07801
1619611245407,-0.65601,-4.85065,10.53927,0.04537,0.08851,-1.06523
1619611245425,1.98718,8.93516,3.91691,-0.04836,-0.20656,-1.07162
1619611245445,-1.72861,-3.07894,5.00388,-0.01002,-0.04038,-1.03753
1619611245465,-2.37025,3.4668,8.01578,0.05922,0.05975,-1.10357
1619611245485,-0.43095,1.39821,19.3212,0.08052,-0.09257,-1.06842
1619611245505,-8.43716,6.78037,-0.29209,0.05602,0.13006,-1.10144
1619611245525,-4.27125,5.21457,-0.20111,0.02193,-0.09364,-1.10144
1619611245545,-6.39251,0.34476,4.92247,-0.0228,0.00862,-1.14405
1619611245565,2.2266,9.06444,3.24174,0.04643,-0.01907,-1.17601
1619611245585,-10.32379,4.73094,13.77144,-0.01108,0.10662,-1.1611
1619611245606,1.93451,-5.76044,9.94551,-0.05369,-0.01907,-1.09292
1619611245625,-2.59052,0.88585,14.49449,0.05815,-0.01481,-1.15684
1619611245645,2.0638,-0.03351,4.92247,-0.09843,-0.02972,-1.17069
1619611245665,-1.66636,2.49475,10.95107,0.06561,-0.02227,-1.07375
1619611245685,-9.20809,0.5746,16.40506,0.13805,0.04057,-1.09399
1619611245706,0.76614,0.56503,12.16733,-0.18898,-0.16608,-1.06203
1619611245725,-0.93373,4.50588,15.53836,0.04856,0.16841,-1.13021
1619611245745,-2.69108,-1.70467,10.20887,0.02619,0.15456,-1.18453
1619611245765,6.11479,5.95677,12.9239,-0.03984,-0.10855,-1.10038
1619611245785,8.69095,0.01436,7.36456,0.06348,0.00116,-1.1121
1619611245806,4.71657,-7.14429,17.61653,0.01767,0.07147,-1.15258
1619611245826,-1.154,0.66079,7.99184,-0.05156,0.10449,-1.05564
1619611245845,-10.06522,2.04943,11.3102,0.03365,0.12899,-1.14938
1619611245865,-8.85375,-1.68072,9.7827,0.04537,-0.13944,-1.14832
1619611245885,3.87381,-1.31681,6.59841,-0.09098,-0.0734,-1.14725
1619611245905,-4.04141,1.20667,10.90798,0.10928,0.06081,-1.14086
1619611245925,7.46512,-3.16992,17.30529,-0.02067,-0.27154,-1.00024
1619611245945,0.81402,-4.33829,13.35485,-0.13785,0.21102,-1.12381
1619611245965,-2.32237,0.65122,7.58483,0.06028,-0.18206,-0.99598
1619611245985,6.5218,0.1628,13.65652,0.00489,-0.12773,-0.96935
1619611246005,-7.56567,2.77727,9.73961,-0.00043,0.07786,-1.11529
1619611246025,6.95276,-5.59285,8.24084,-0.10269,-0.4292,-0.96935
1619611246045,4.83628,1.70946,9.38527,0.04643,0.19184,-1.08014
1619611246065,1.08217,-2.81079,19.6127,0.09331,-0.21614,-1.05564
1619611246085,6.64151,-1.66157,10.64462,-0.0686,0.00329,-1.1089
1619611246105,3.10288,-8.70052,19.6127,-0.05689,0.00542,-1.12808
1619611246125,5.7796,-1.69509,3.70143,0.18172,-0.23745,-0.90863
1619611246145,3.93606,-3.28484,12.6318,-0.01641,0.1961,-1.19838
1619611246165,-5.76523,8.07324,8.41801,0.02513,-0.02972,-1.17495
1619611246185,6.66066,-4.71178,14.21676,0.10502,-0.018,-1.0599
1619611246205,-2.41335,-3.69185,7.29273,-0.06115,0.18439,-1.08866
1619611246225,4.38138,-0.54587,10.28549,0.00702,0.08212,-1.03859
1619611246245,-2.0638,1.56101,5.54497,0.07733,-0.05742,-1.08014
1619611246265,-4.6208,2.75812,13.05797,-0.07287,0.03844,-1.0599
1619611246285,-0.40701,5.22893,3.36145,0.11355,-0.06168,-1.05777
1619611246305,-3.67749,8.02536,8.56645,0.06454,0.11195,-1.0567
1619611246325,-0.30645,0.77093,5.19062,-0.06221,-0.04357,-1.09505
1619611246345,4.36702,-0.58897,9.15542,0.02406,-0.01694,-1.04818
1619611246365,6.29196,-0.98641,7.37892,0.05602,0.00862,-1.13553
1619611246385,2.8874,7.16345,8.80587,-0.09524,-0.03292,-1.08227
1619611246405,1.06302,0.6991,-1.66157,0.18811,0.00116,-1.07588
1619611246425,5.63595,5.79396,2.37504,0.07733,-0.00416,-1.10784
1619611246445,5.78439,-1.73819,9.23683,-0.04091,-0.05316,-1.16643
1619611246465,3.79241,-0.88106,-4.8698,0.10502,-0.01268,-1.16856
1619611246485,-10.73081,1.91057,19.6127,0.00808,0.01714,-1.12275
1619611246505,6.70855,-4.09887,16.73068,-0.09098,-0.03079,-1.17175
1619611246525,6.95276,-0.17238,6.17225,0.04856,0.0736,-1.1888
1619611246545,-6.73249,2.73417,5.06134,-0.08778,-0.08299,-1.12488
1619611246565,8.63349,-4.03183,7.71411,0.06561,0.03631,-1.04392
1619611246585,-3.31836,7.42681,12.0955,0.07413,-0.07553,-1.08333
1619611246605,1.84832,3.21301,4.19942,-0.06328,0.04484,-1.10144
1619611246625,1.12048,-2.81079,12.718,0.0688,0.03631,-1.0567
1619611246645,-0.53151,3.4237,1.36948,-0.06541,-0.08086,-1.06523
1619611246665,-7.69017,5.0757,11.09473,-0.10269,0.14604,-1.03327
1619611246685,-5.83706,2.50912,8.36055,-0.00575,0.03844,-1.07801
1619611246705,6.5218,-2.15957,11.0229,0.04856,-0.06275,-1.0109
1619611246725,-6.58405,-3.62482,8.9591,0.023,0.09597,-1.12381
1619611246745,-1.47003,4.14196,7.31189,0.06241,0.01501,-1.11849
1619611246765,-8.09719,-6.67982,7.71411,0.04537,0.06614,-1.19093
1619611246785,0.54108,-2.48518,8.81545,-0.01215,-0.10216,-1.14512
1619611246805,-1.62805,1.46046,9.71088,-0.05582,0.07466,-1.18027
1619611246825,-3.47159,-1.01992,9.38048,0.13485,-0.01694,-1.15471
1619611246845,-0.02873,-0.54587,8.01099,-0.01747,-0.07979,-1.00451
1619611246865,2.8491,-2.36547,9.25119,-0.08884,-0.10855,-1.00451
1619611246885,6.63193,-5.35343,13.71398,0.06241,0.07786,-1.0354
1619611246905,2.23139,-2.2266,13.872,-0.05582,0.14923,-1.08227
1619611246925,-4.69742,5.20499,5.60722,0.04643,-0.01907,-1.05244
1619611246945,1.84353,-1.57059,13.62779,-0.0505,-0.04464,-1.16323
1619611246965,-5.64073,10.57279,9.165,-0.06008,-0.01587,-1.13873
1619611246986,-2.16435,-4.48194,14.53759,0.03578,-0.1501,-1.11849
1619611247005,13.0053,-8.17859,13.67089,0.0475,0.13112,-1.13766
1619611247025,2.60489,-2.42293,14.46576,0.09757,-0.07872,-1.1121
1619611247045,-2.62883,0.45489,16.12734,0.0443,0.04377,-1.18986
1619611247065,-4.00789,-7.02458,19.6127,-0.07393,-0.01161,-1.26763
1619611247085,6.83305,-2.94965,17.18557,-0.08352,-0.22147,-1.14725
1619611247105,4.34308,-7.93438,9.30386,-0.03878,0.08425,-1.06096
1619611247125,-1.50834,-1.33596,13.02445,0.15083,0.0182,-1.11849
1619611247145,1.98718,3.12682,1.27371,-0.15276,0.03099,-1.05138
1619611247165,7.73327,-1.76213,10.42435,0.02193,0.09171,-1.08333
1619611247185,-5.50666,4.44363,17.03235,0.09437,-0.16075,-1.06416
1619611247205,2.73417,0.01436,7.86255,-0.02812,0.05975,-1.05777
1619611247225,-1.94409,8.2983,-2.95923,-0.01428,0.08425,-1.07907
1619611247245,7.4316,-10.13704,19.6127,-0.02493,0.04057,-1.07375
1619611247265,-2.32237,1.43652,4.69263,0.12526,0.06508,-1.09825
1619611247285,8.24563,-6.88572,10.64462,-0.05582,-0.06275,-1.06842
1619611247305,-2.08774,3.61045,5.49708,0.11141,-0.10536,-1.07907
1619611247326,-2.07337,6.21534,7.46033,-0.05689,-0.01481,-1.14619
1619611247345,4.60165,-4.73094,18.29649,0.00489,-0.18632,-1.09292
1619611247365,-0.17238,-1.08696,8.34139,0.14124,0.16521,-1.12381
1619611247385,0.46447,1.74776,10.15141,-0.10163,-0.018,-1.1366
1619611247405,5.67425,-3.41413,9.04529,0.03152,0.0182,-1.06842
1619611247427,-13.49372,11.46343,9.67736,-0.04517,-0.14584,-1.08014
1619611247445,-2.37504,0.13407,6.49307,0.06135,0.0491,-1.08014
1619611247465,-5.43962,4.30477,11.45864,-0.02599,0.02779,-1.11103
1619611247485,-8.97825,-2.78206,0.5746,0.11568,-0.05955,-1.06203
1619611247505,1.29765,1.72861,2.48039,-0.07074,-0.02333,-1.12275
1619611247525,4.33829,-0.45968,0.55066,0.08798,-0.00842,-1.07268
1619611247545,-4.98951,6.03817,19.6127,-0.08352,0.01927,-1.10144
1619611247565,-2.0638,-4.16112,-2.82515,-0.05795,-0.00096,-1.04712
1619611247585,9.37569,-6.09563,16.02678,0.08691,0.04377,-1.06629
1619611247605,-3.24174,9.37569,10.20887,-0.00788,0.05549,-1.12701
1619611247626,-6.01902,9.9072,-0.05267,0.04856,0.12367,-1.14086
1619611247645,-5.87537,10.11789,4.06056,-0.03665,-0.02653,-1.17814
1619611247665,3.41413,-3.37103,6.19619,-0.00043,0.00116,-1.17282
1619611247685,4.65432,-4.44363,9.7827,-0.00895,0.01927,-1.24739
1619611247705,-0.81402,-0.4118,12.38281,0.06241,0.02566,-1.22608
1619611247726,-5.27203,0.39743,9.34696,-0.06754,-0.01587,-1.17814
1619611247745,-6.21055,1.24498,7.69496,0.02832,0.02247,-1.15684
1619611247765,-1.45567,2.01112,0.66558,0.11568,0.02673,-1.07375
1619611247785,0.51714,0.39264,15.60061,-0.25609,-0.11494,-1.16003
1619611247805,7.12993,-7.73327,9.88805,-0.07074,-0.10749,-0.93739
1619611247826,-1.96324,4.38617,8.48026,0.00063,0.1258,-1.09931
1619611247845,-10.42435,7.56567,11.08515,-0.01641,-0.10962,-1.05457
1619611247865,1.4413,5.43962,9.10275,-0.08139,0.07253,-1.06416
1619611247885,-5.38216,7.83382,16.85517,0.05602,0.06614,-1.09505
1619611247905,6.94318,-0.93852,3.96,0.07839,0.06188,-1.02261
1619611247925,-0.68474,-2.42772,13.1681,-0.01321,0.0704,-1.11742
1619611247945,3.23217,-2.6001,16.21353,-0.00469,-0.06275,-1.09825
1619611247965,-0.6991,-0.84754,9.52892,0.02939,0.05229,-1.22501
1619611247985,-1.73819,-0.60333,11.90397,0.01767,-0.20549,-1.18134
1619611248005,0.66558,4.16591,3.11246,-0.0505,0.04803,-1.12275
1619611248026,-4.47236,3.96479,19.6127,0.23925,0.13858,-1.10144
1619611248045,-0.37828,-3.48116,13.15853,-0.16874,-0.15542,-1.06203
1619611248065,-2.71502,0.23463,7.46033,0.00915,0.10556,-1.04712
1619611248085,-1.6089,0.14365,12.93826,0.04004,0.08425,-1.10251
1619611248105,-2.3942,5.15232,9.50019,-0.10908,-0.07233,-1.04712
1619611248126,3.18428,0.56024,14.66209,0.04643,0.05123,-1.14405
1619611248145,-5.33907,4.0462,12.52167,0.16574,-0.2023,-1.09292
1619611248165,8.7915,-0.94331,11.58793,-0.24544,-0.01374,-1.10357
1619611248185,5.84185,-3.91212,17.38669,-0.00256,0.17693,-1.03433
1619611248205,10.88404,-8.32703,17.81764,-0.00788,-0.24704,-0.93633
1619611248225,-5.77481,7.01501,1.23061,-0.03558,0.23552,-1.09825
1619611248245,15.61019,-2.03028,12.10987,0.12526,-0.2481,-1.00237
1619611248265,0.5746,2.98317,5.4061,-0.03984,0.15243,-1.0812
1619611248285,4.18027,-7.39808,7.23048,0.01341,-0.01694,-1.07694
1619611248305,8.14507,-4.15154,10.92234,0.02726,-0.26088,-0.97574
1619611248325,1.38863,1.24977,12.81855,-0.04091,0.53273,-1.11423
1619611248345,-1.6089,2.18351,13.43625,0.42567,0.09703,-1.1856
1619611248365,-5.4492,6.54574,12.39238,-0.42334,-0.57301,-1.12062
1619611248385,4.73573,-3.47638,6.96712,0.0688,0.29943,-1.10997
1619611248405,-5.09964,-0.73741,7.31668,0.19237,-0.09896,-1.2623
1619611248425,4.28083,0.11492,2.75333,-0.38499,-0.50803,-1.13021
1619611248445,-7.69975,1.65199,6.40209,0.16255,0.27493,-1.21756
1619611248465,1.25456,0.73741,9.53371,-0.09843,-0.34398,-1.15897
1619611248485,5.50187,-0.4932,6.46434,-0.02812,0.08638,-1.0876
1619611248505,-2.41335,2.2697,9.2895,-0.15063,0.07147,-1.15577
1619611248525,5.23851,3.65355,13.51287,0.06561,-0.47926,-0.94911
1619611248545,-2.03028,2.86346,1.77649,0.03472,0.50503,-1.10357
1619611248565,-6.07169,5.79875,-2.69108,0.01767,0.01607,-1.10784
1619611248585,4.32392,-1.62326,12.94305,0.0475,-0.1224,-1.01729
1619611248605,-0.58897,5.62637,5.18105,0.08052,0.10129,-1.10677
1619611248625,-4.85065,8.94473,7.00543,0.01448,-0.15968,-1.05244
1619611248645,6.12436,1.8579,2.44208,-0.00575,0.3218,-1.09292
1619611248665,-5.79875,0.50278,3.40455,-0.0196,-0.07233,-1.06096
1619611248685,0.52193,2.82515,9.0405,0.01235,-0.1991,-1.02048
1619611248705,-3.99831,0.2059,10.39562,0.08372,0.15775,-1.12914
1619611248725,1.45088,-2.70544,9.54807,0.03685,-0.25982,-1.04605
1619611248745,-2.46123,8.5042,4.07014,0.04217,0.27706,-1.09292
1619611248765,-7.56567,3.88339,9.10275,0.04004,0.07466,-1.08227
1619611248785,4.21858,1.62805,10.63025,-0.13891,-0.12879,-1.04712
1619611248805,-1.47961,-3.90254,13.81933,0.06241,0.20249,-1.1611
1619611248825,-10.16099,-1.89141,8.4228,0.02513,-0.15862,-1.0812
1619611248845,5.14274,3.65834,4.29998,-0.08671,-0.01481,-1.17601
1619611248866,4.69263,-2.37983,5.65031,0.15083,0.13112,-1.19306
1619611248886,4.49631,1.40779,15.70596,-0.0505,-0.33119,-1.10464
1619611248905,-3.97437,-2.58573,7.63271,0.03152,0.2483,-1.03433
1619611248925,-9.96466,7.31668,9.18415,0.08798,-0.00309,-1.10144
1619611248945,19.6133,-6.32548,10.66856,-0.13998,-0.26834,-0.96189
1619611248966,6.71812,-4.07014,11.38682,0.08159,0.48479,-1.19412
1619611248985,-4.15633,-1.45567,10.25197,0.01235,-0.33545,-1.02155
1619611249005,-5.40131,-5.45399,8.24084,-0.18898,0.10982,-1.11849
1619611249025,-4.44363,7.40766,6.51222,0.27547,0.42407,-1.29532
1619611249045,-9.23683,1.17315,11.30542,-0.05369,-0.45689,-1.00451
1619611249065,0.87627,-1.92493,14.39872,-0.09098,0.14604,-1.1121
1619611249085,0.47884,2.24097,17.77934,0.17213,0.20463,-1.23141
1619611249105,-2.11168,-1.44609,13.18247,-0.3509,-0.57194,-1.05457
1619611249125,3.61045,-13.89594,2.92571,-0.00256,0.16415,-1.08333
1619611249145,-3.31836,-0.11971,19.6127,0.11994,-0.13092,-1.12062
1619611249167,-13.91988,-0.06703,12.93826,-0.06008,-0.10855,-0.94805
1619611249186,0.02394,5.22893,9.01177,-0.08778,-0.22147,-0.98746
1619611249205,1.98718,-6.97191,19.6127,0.04537,-0.39724,-0.92035
1619611249225,3.58172,-1.88663,10.21845,-0.07393,0.07892,-1.04285
1619611249245,-6.09084,2.35589,10.18014,0.20622,0.24191,-1.06523
1619611249265,4.95599,-9.64384,19.6127,-0.12719,-0.2481,-1.01622
1619611249285,0.76614,0.27772,6.84741,0.00489,0.07679,-1.09931
1619611249305,0.06703,8.87291,8.89685,0.21155,-0.08405,-1.20904
1619611249325,3.21301,-2.93529,13.63258,0.00595,0.05549,-1.11742
1619611249345,7.46512,1.87226,5.40131,0.20729,0.07466,-1.23886
1619611249365,11.52089,-0.95289,4.98472,-0.05369,-0.08831,-1.19306
1619611249385,-5.96635,4.24252,5.46356,0.09331,0.22487,-1.27508
1619611249405,-1.88663,-0.89543,11.36288,-0.03239,-0.16714,-1.07162
1619611249425,4.59686,-6.0286,11.37245,-0.3264,0.06188,-1.15151
1619611249446,-3.32315,3.6727,3.63918,0.24883,-0.0212,-1.22182
1619611249465,-3.94085,4.53461,11.24795,-0.13039,-0.07446,-1.08973
1619611249485,3.28005,5.32949,10.82179,-0.05476,0.12686,-1.05564
1619611249505,-4.3335,3.99352,8.23605,-0.01215,-0.03505,-0.99385
1619611249525,9.35175,-0.79966,2.37983,0.14018,0.04377,-1.12808
1619611249547,-3.69185,6.8953,-1.82917,-0.13678,0.01927,-1.11529
1619611249565,2.67671,-1.48919,7.20654,0.17,-0.10642,-1.09931
1619611249585,-0.34476,-3.63439,12.09071,-0.14424,0.00755,-1.16003
1619611249605,-6.14352,3.95522,9.17458,0.08265,-0.03398,-1.11849
1619611249625,-3.95043,6.75643,-0.67037,0.08052,0.07466,-1.15045
1619611249648,0.44532,-3.0933,7.32625,0.03365,-0.02866,-1.0844
1619611249665,6.11957,2.19308,10.63025,-0.222,-0.00522,-1.13127
1619611249685,7.39329,-0.80445,1.97282,0.11248,0.04803,-1.00344
1619611249705,-7.63271,-5.09007,9.25119,-0.05156,0.07892,-1.12275
1619611249725,0.37349,6.17704,5.6982,-0.0196,0.08532,-1.07481
1619611249746,-4.98472,-0.11013,11.41555,0.09544,0.20676,-1.14299
1619611249765,-3.44286,8.85375,4.79798,0.05069,-0.11175,-1.01942
1619611249785,1.16837,0.56024,4.02704,-0.03878,0.14923,-1.08547
1619611249805,-2.01591,0.01436,5.12359,0.04004,0.08425,-1.12808
1619611249825,12.19127,2.28885,11.5592,-0.0686,-0.33758,-1.08333
1619611249846,-1.35032,0.905,2.57616,0.12313,0.1258,-1.17708
1619611249865,-1.01992,5.23851,9.91678,0.09117,-0.44091,-1.12062
1619611249885,1.98239,-4.1276,10.40041,-0.08032,0.15243,-1.08014
1619611249905,1.92493,0.05267,4.49631,0.18918,0.24617,-1.15258
1619611249925,6.46913,-5.70298,10.14183,-0.12826,-0.59751,-0.89159
1619611249946,6.45955,-3.65834,13.15853,-0.08778,0.47307,-1.20051
1619611249965,-0.87627,5.43962,-0.37828,0.04217,-0.07872,-1.18027
1619611249985,14.99249,-9.83059,15.72511,0.00595,-0.3738,-1.00877
1619611250005,-2.01112,0.04788,12.00931,-0.15383,0.33778,-1.2101
1619611250025,0.19153,1.08696,8.1738,0.24138,-0.2236,-1.1334
1619611250048,-9.9886,6.48349,10.10831,0.19344,0.42833,-1.16962
1619611250065,2.18351,1.69509,10.05085,-0.05689,-0.30243,-0.99172
1619611250085,4.18506,-0.48362,6.70376,-0.09204,-0.10323,-1.05138
1619611250105,0.32561,2.29364,13.623,0.11568,0.13538,-1.16323
1619611250125,-8.94473,2.84431,18.49281,-0.11761,-0.14797,-1.0567
1619611250149,7.39808,-0.39264,6.66066,0.02087,0.30369,-1.09399
1619611250165,-10.99896,7.01022,6.65109,0.06774,-0.15862,-1.05777
1619611250185,3.75889,4.51067,7.10599,-0.03665,-0.14051,-1.12381
1619611250205,1.87226,1.403,19.04348,-0.02173,0.08212,-1.10464
1619611250225,-2.01591,2.62883,9.88326,0.02087,-0.04783,-1.13021
1619611250246,-2.53785,4.40533,1.64721,0.01341,0.04057,-1.13127
1619611250265,6.57926,-9.06444,14.09705,-0.03026,0.02566,-1.12914
1619611250285,-6.69897,2.22181,12.69884,0.0752,-0.01587,-1.12062
1619611250305,5.83706,-3.2178,14.85841,-0.09204,-0.04038,-1.19732
1619611250325,2.48039,-1.02471,7.90086,-0.00682,-0.1746,-1.07588
1619611250346,7.02458,-0.2059,9.51934,0.03898,0.05868,-1.02155
1619611250365,-1.00556,-4.83628,14.1593,0.08159,0.02247,-1.13021
1619611250385,6.81389,-0.59855,16.88869,0.03365,-0.06807,-1.09931
1619611250405,8.23126,-2.45166,5.47793,-0.13359,0.07147,-1.0354
1619611250425,3.77805,4.50588,6.66066,0.0443,-0.00948,-1.07801
1619611250445,2.70065,-0.17717,11.3964,0.06987,-0.01907,-1.09505
1619611250465,4.33829,1.8579,-0.76135,-0.09843,0.12047,-1.12381
1619611250485,0.905,0.11971,10.06522,0.17533,-0.07766,-1.1856
1619611250505,3.50989,-0.82839,2.27928,0.00915,-0.01374,-1.13873
1619611250525,9.4954,7.23527,8.51378,-0.00469,0.10875,-1.24312
1619611250545,-4.57771,4.82192,6.74686,-0.0196,-0.02653,-1.1611
1619611250565,2.81558,-3.71101,6.90487,0.01767,0.06827,-1.14405
1619611250585,0.51714,2.12126,18.67477,0.03365,-0.21401,-1.11529
1619611250605,-7.88171,6.35421,2.43729,0.00808,0.14923,-1.14619
1619611250625,-14.25028,13.32612,8.22647,0.08372,-0.10216,-1.07481
1619611250645,-9.01656,-0.4501,8.1738,-0.13891,0.06295,-0.97042
1619611250665,-5.26245,-0.60333,9.28471,-0.02493,0.19823,-1.12808
1619611250685,6.40688,0.54108,10.39083,-0.01534,-0.32587,-0.95124
1619611250705,1.20667,0.68474,8.02536,0.02406,0.2238,-1.03007
1619611250725,-5.92325,6.96233,8.05409,-0.11761,-0.20123,-1.02155
1619611250745,4.68305,4.36702,9.51455,-0.10269,-0.44304,-0.98959
1619611250765,-3.25611,1.95845,12.23915,0.14763,0.30156,-1.33154
1619611250785,-11.38203,7.34541,-3.80678,0.05922,-0.14903,-1.19093
1619611250805,4.55377,6.05733,9.63426,0.22007,0.06827,-1.21436
1619611250825,-7.65665,3.97916,6.51701,-0.04836,0.14071,-1.26549
1619611250845,-0.40222,0.32082,1.09175,0.0198,-0.25769,-0.98853
1619611250865,9.71088,-1.53707,11.42034,0.0752,0.24084,-1.28041
1619611250885,-3.50511,4.85544,1.71903,-0.00256,0.13325,-1.36883
1619611250905,-7.56088,7.87692,13.33091,-0.42227,-0.15755,-1.16856
1619611250925,0.14844,13.64695,-3.78762,0.21475,-0.10323,-1.05564
1619611250945,-10.42435,3.54341,4.83149,-0.06328,0.05868,-1.14405
1619611250965,0.2059,0.26815,12.44027,-0.31468,-0.16501,-1.0322
1619611250985,-5.78439,-7.95832,19.15361,0.11674,0.21102,-1.02794
1619611251005,6.5649,-3.4237,10.56321,-0.20815,-0.14264,-1.03433
1619611251025,6.5649,-3.4237,10.56321,-0.20815,-0.14264,-1.03433
1619611251045,-7.76679,1.78128,13.19205,0.21155,0.13538,-1.0876
1619611251065,13.32612,5.3678,3.68707,-0.20283,-0.58046,-1.02155
1619611251085,-3.2178,0.71826,16.99883,0.20622,0.59132,-1.15684
1619611251105,-4.07493,-7.53215,13.49851,0.10289,-0.27047,-1.03859
1619611251125,2.28406,-5.2816,7.75242,-0.12719,0.24297,-1.13873
1619611251145,-6.36857,-3.24174,3.19865,0.08372,0.07892,-1.17601
1619611251165,2.84431,0.67995,16.87433,-0.01108,-0.31628,-1.05564
1619611251185,-6.04296,-3.05978,9.84974,0.06135,0.30476,-1.37096
1619611251205,5.53539,-4.30956,8.80587,0.03259,-0.18525,-1.15577
1619611251225,1.76213,-0.77093,13.27824,-0.0196,0.03738,-1.14725
1619611251245,-8.13549,10.57758,10.99417,0.05815,0.06188,-1.19625
1619611251265,3.91691,0.6177,15.1122,-0.0505,-0.23851,-1.07694
1619611251285,5.3247,-9.69651,13.0867,-0.04623,0.23871,-1.12488
1619611251305,3.69185,-1.6903,15.3995,-0.01215,0.01927,-1.03433
1619611251325,4.63996,-0.87627,19.6127,0.02087,0.02033,-1.08973
1619611251345,-4.16112,-3.19386,13.07234,-0.00469,0.11514,-1.14832
1619611251365,11.42991,-12.469,19.6127,-0.06008,-0.13092,-1.09931
1619611251385,-3.67749,0.66558,15.37556,0.01128,0.09384,-1.14938
1619611251405,-1.46046,10.51533,2.18351,0.13272,0.05016,-1.2101
1619611251425,0.56024,1.35032,11.81778,-0.18046,-0.09151,-1.08547
1619611251445,11.22401,-4.62559,8.0493,0.01128,0.03631,-1.16323
1619611251465,-0.36391,1.25456,7.762,0.06774,-0.02333,-1.21543
1619611251485,6.25844,-8.27914,7.4699,-0.06754,-0.14584,-1.19519
1619611251505,-5.1188,0.27772,8.01099,0.09437,0.08745,-1.17814
1619611251525,-2.7629,2.94486,4.92726,-0.02386,-0.05209,-1.1121
1619611251545,-0.53151,-2.96881,10.53448,-0.07606,0.13112,-1.06736
1619611251565,0.05746,-2.76769,5.09486,0.11248,0.11834,-1.10251
1619611251585,1.32638,2.46123,10.11789,-0.173,-0.22573,-1.03327
1619611251605,2.61446,1.79565,4.46758,0.12952,0.22806,-1.13766
1619611251625,-7.2257,5.23372,10.1131,0.00915,-0.1991,-1.0876
1619611251645,0.67516,-7.06289,9.67257,-0.1208,-0.01055,-1.09292
1619611251665,1.53707,5.22893,3.53863,0.12526,-0.05635,-1.07268
1619611251685,1.53707,5.22893,3.53863,0.12526,-0.05635,-1.07268
1619611251705,1.53707,5.22893,3.53863,0.12526,-0.05635,-1.07268
1619611251725,2.97838,-7.2257,8.61433,-0.09204,-0.43026,-0.94272
1619611251745,-5.10443,-1.30723,3.93127,0.02832,0.17373,-1.10144
1619611251767,-5.10443,-1.30723,3.93127,0.02832,0.17373,-1.10144
1619611251785,-3.69664,4.85065,3.58651,-0.13252,-0.24384,-1.05883
1619611251805,-6.4404,-0.79008,16.77856,0.11568,0.39211,-1.12701
1619611251825,-0.96246,-1.5658,6.15309,-0.0228,-0.37487,-1.0077
1619611251845,4.50588,-0.25378,8.2169,0.12952,0.34737,-1.06842
1619611251866,4.60644,-0.00957,0.68474,0.06241,-0.05635,-1.13553
1619611251885,2.94486,1.72861,9.84974,0.00702,-0.10536,-1.0354
1619611251905,0.26815,3.25611,0.33518,0.023,0.09916,-1.13447
1619611251925,-5.14753,4.66869,8.71489,-0.02493,0.00649,-1.09505
1619611251945,-4.94642,3.3854,4.06535,-0.00682,9e-05,-1.03433
1619611251965,-2.26491,-2.63362,10.79306,0.01235,-0.02546,-1.07162
1619611251985,-5.49708,8.60954,2.73896,0.06561,-0.11281,-1.05351
1619611252005,-0.99598,2.56179,7.03416,0.06348,0.27387,-1.12914
1619611252025,1.33117,-0.67516,10.4052,0.0475,-0.17247,-1.02048
1619611252045,-0.08619,-4.85065,13.07234,-0.11122,0.10662,-1.13979
1619611252066,-13.88158,8.14028,17.96608,0.07307,0.19397,-1.20371
1619611252085,-7.59919,5.01824,12.67969,-0.13359,-0.03398,-1.13766
1619611252105,4.41969,2.94007,8.97346,0.10928,0.06614,-1.14619
1619611252125,-5.01345,4.88417,3.65355,0.08585,-0.12666,-1.22928
1619611252145,-11.3964,5.612,12.03804,-0.08139,-0.01268,-1.16749
1619611252166,7.47469,-11.40597,10.37168,0.05283,0.11727,-1.07162
1619611252185,-1.74776,-0.74699,9.83059,-0.09417,-0.09896,-1.0812
1619611252205,1.58975,-4.12281,11.67412,-0.01641,0.11408,-1.07375
1619611252225,-2.60489,-2.36547,11.28626,-0.04197,-0.12453,-1.07481
1619611252245,7.8865,-3.04542,12.58392,-0.04623,0.03312,-1.07588
1619611252267,18.87109,-10.04128,10.06522,-0.03026,0.06188,-1.06629
1619611252285,0.25378,6.35421,9.45709,0.08691,-0.00309,-1.10251
