1619612638504,0.929,0,0,0,0,-1.007
1619612638524,0.925,0,0,0,0,-0.965
1619612638544,0.918,0,0,0,0,-0.958
1619612638564,0.939,0,0,0,0,-0.969
1619612638585,0.939,0,0,0,0,-0.969
1619612638604,0.898,0,0,0,0,-0.986
1619612638624,0.925,0,0,0,0,-1.012
1619612638644,0.918,0,0,0,0,-1.053
1619612638664,0.922,0,0,0,0,-1.056
1619612638684,0.925,0,0,0,0,-1.079
1619612638704,0.918,0,0,0,0,-1.066
1619612638724,0.949,0,0,0,0,-0.998
1619612638744,0.891,0,0,0,0,-0.992
1619612638764,0.922,0,0,0,0,-0.973
1619612638784,0.922,0,0,0,0,-0.94
1619612638804,0.922,0,0,0,0,-0.946
1619612638824,0.922,0,0,0,0,-0.984
1619612638844,0.922,0,0,0,0,-0.958
1619612638864,0.952,0,0,0,0,-1.002
1619612638884,0.952,0,0,0,0,-1.002
1619612638904,0.874,0,0,0,0,-1.002
1619612638924,0.918,0,0,0,0,-0.998
1619612638944,0.915,0,0,0,0,-1.018
1619612638964,0.922,0,0,0,0,-0.994
1619612638984,0.922,0,0,0,0,-0.99
1619612639004,0.915,0,0,0,0,-1.052
1619612639024,0.915,0,0,0,0,-1.082
1619612639044,0.922,0,0,0,0,-1.093
1619612639064,0.918,0,0,0,0,-1.092
1619612639084,0.918,0,0,0,0,-1.101
1619612639104,0.918,0,0,0,0,-1.072
1619612639124,0.922,0,0,0,0,-1.067
1619612639144,0.922,0,0,0,0,-1.067
1619612639164,0.918,0,0,0,0,-1.071
1619612639184,0.922,0,0,0,0,-1.055
1619612639204,0.918,0,0,0,0,-1.046
1619612639224,0.922,0,0,0,0,-1.008
1619612639244,0.922,0,0,0,0,-1.016
1619612639264,0.929,0,0,0,0,-1.023
1619612639284,0.908,0,0,0,0,-0.998
1619612639304,0.922,0,0,0,0,-1.045
1619612639324,0.915,0,0,0,0,-1.037
1619612639344,0.918,0,0,0,0,-1.003
1619612639364,0.925,0,0,0,0,-1.035
1619612639384,0.932,0,0,0,0,-1.025
1619612639404,0.932,0,0,0,0,-1.025
1619612639424,0.901,0,0,0,0,-1.015
1619612639444,0.925,0,0,0,0,-1.018
1619612639464,0.925,0,0,0,0,-1.007
1619612639484,0.929,0,0,0,0,-0.983
1619612639504,0.922,0,0,0,0,-0.981
1619612639524,0.946,0,0,0,0,-0.975
1619612639544,0.901,0,0,0,0,-0.965
1619612639564,0.922,0,0,0,0,-0.937
1619612639584,0.918,0,0,0,0,-0.919
1619612639604,0.925,0,0,0,0,-0.918
1619612639624,0.925,0,0,0,0,-0.908
1619612639644,0.922,0,0,0,0,-0.91
1619612639664,0.946,0,0,0,0,-0.904
1619612639684,0.946,0,0,0,0,-0.904
1619612639704,0.891,0,0,0,0,-0.883
1619612639724,0.915,0,0,0,0,-0.898
1619612639744,0.915,0,0,0,0,-0.916
1619612639764,0.922,0,0,0,0,-0.924
1619612639784,0.918,0,0,0,0,-0.948
1619612639804,0.915,0,0,0,0,-0.942
1619612639824,0.949,0,0,0,0,-1.017
1619612639844,0.884,0,0,0,0,-1.027
1619612639864,0.915,0,0,0,0,-1.03
1619612639884,0.925,0,0,0,0,-1.049
1619612639904,0.918,0,0,0,0,-1.036
1619612639924,0.918,0,0,0,0,-1.048
1619612639944,0.915,0,0,0,0,-1.053
1619612639964,0.949,0,0,0,0,-1.073
1619612639984,0.949,0,0,0,0,-1.073
1619612640004,0.878,0,0,0,0,-1.071
1619612640024,0.915,0,0,0,0,-1.046
1619612640044,0.922,0,0,0,0,-1.019
1619612640064,0.922,0,0,0,0,-1
1619612640084,0.922,0,0,0,0,-0.985
1619612640104,0.918,0,0,0,0,-0.974
1619612640124,0.925,0,0,0,0,-1.003
1619612640144,0.922,0,0,0,0,-1.036
1619612640164,0.929,0,0,0,0,-1.008
1619612640184,0.932,0,0,0,0,-0.994
1619612640204,0.925,0,0,0,0,-0.98
1619612640224,0.929,0,0,0,0,-0.966
1619612640244,0.929,0,0,0,0,-0.966
1619612640264,0.918,0,0,0,0,-1.005
1619612640284,0.922,0,0,0,0,-1.019
1619612640305,0.922,0,0,0,0,-0.99
1619612640324,0.925,0,0,0,0,-0.978
1619612640344,0.918,0,0,0,0,-0.987
1619612640364,0.942,0,0,0,0,-1.006
1619612640384,0.898,0,0,0,0,-1.046
1619612640405,0.915,0,0,0,0,-1.035
1619612640424,0.925,0,0,0,0,-1.051
1619612640444,0.915,0,0,0,0,-1.065
1619612640464,0.918,0,0,0,0,-1.08
1619612640484,0.918,0,0,0,0,-1.08
1619612640505,0.942,0,0,0,0,-1.031
1619612640524,0.884,0,0,0,0,-1.002
1619612640544,0.922,0,0,0,0,-1
1619612640564,0.912,0,0,0,0,-1.035
1619612640584,0.915,0,0,0,0,-1.022
1619612640604,0.918,0,0,0,0,-1.021
1619612640624,0.915,0,0,0,0,-1.008
1619612640644,0.946,0,0,0,0,-0.943
1619612640664,0.891,0,0,0,0,-0.894
1619612640684,0.925,0,0,0,0,-0.867
1619612640705,0.915,0,0,0,0,-0.825
1619612640724,0.918,0,0,0,0,-0.818
1619612640744,0.922,0,0,0,0,-0.854
1619612640764,0.922,0,0,0,0,-0.854
1619612640784,0.922,0,0,0,0,-0.895
1619612640804,0.959,0,0,0,0,-0.915
1619612640824,0.881,0,0,0,0,-0.928
1619612640844,0.922,0,0,0,0,-1.002
1619612640864,0.925,0,0,0,0,-1.043
1619612640884,0.918,0,0,0,0,-1.08
1619612640904,0.922,0,0,0,0,-1.063
1619612640924,0.959,0,0,0,0,-1.021
1619612640944,0.878,0,0,0,0,-0.995
1619612640964,0.918,0,0,0,0,-0.991
1619612640984,0.922,0,0,0,0,-0.991
1619612641005,0.918,0,0,0,0,-0.982
1619612641024,0.915,0,0,0,0,-1.001
1619612641044,0.915,0,0,0,0,-1.001
1619612641064,0.932,0,0,0,0,-0.971
1619612641084,0.915,0,0,0,0,-0.979
1619612641104,0.918,0,0,0,0,-1.031
1619612641124,0.922,0,0,0,0,-1.036
1619612641144,0.922,0,0,0,0,-1.025
1619612641164,0.922,0,0,0,0,-1.042
1619612641184,0.929,0,0,0,0,-1.013
1619612641204,0.908,0,0,0,0,-1.013
1619612641224,0.915,0,0,0,0,-1.058
1619612641244,0.918,0,0,0,0,-1.033
1619612641264,0.918,0,0,0,0,-1.048
1619612641284,0.918,0,0,0,0,-1.048
1619612641304,0.918,0,0,0,0,-1.065
1619612641324,0.932,0,0,0,0,-1.005
1619612641344,0.901,0,0,0,0,-0.979
1619612641364,0.922,0,0,0,0,-0.977
1619612641384,0.918,0,0,0,0,-0.97
1619612641404,0.922,0,0,0,0,-0.955
1619612641424,0.915,0,0,0,0,-0.943
1619612641444,0.939,0,0,0,0,-0.943
1619612641464,0.895,0,0,0,0,-0.912
1619612641484,0.915,0,0,0,0,-0.89
1619612641504,0.922,0,0,0,0,-0.915
1619612641524,0.918,0,0,0,0,-0.935
1619612641544,0.918,0,0,0,0,-0.935
1619612641564,0.912,0,0,0,0,-0.971
1619612641584,0.918,0,0,0,0,-0.984
1619612641604,0.946,0,0,0,0,-0.958
1619612641624,0.881,0,0,0,0,-0.996
1619612641644,0.918,0,0,0,0,-1.012
1619612641664,0.912,0,0,0,0,-0.973
1619612641684,0.915,0,0,0,0,-0.989
1619612641704,0.918,0,0,0,0,-1.016
1619612641724,0.908,0,0,0,0,-1.004
1619612641744,0.949,0,0,0,0,-0.94
1619612641764,0.878,0,0,0,0,-0.945
1619612641784,0.912,0,0,0,0,-0.933
1619612641804,0.915,0,0,0,0,-0.933
1619612641824,0.915,0,0,0,0,-0.933
1619612641844,0.918,0,0,0,0,-0.953
1619612641864,0.912,0,0,0,0,-0.916
1619612641884,0.952,0,0,0,0,-0.928
1619612641904,0.867,0,0,0,0,-0.937
1619612641924,0.901,0,0,0,0,-0.945
1619612641944,0.915,0,0,0,0,-0.966
1619612641964,0.912,0,0,0,0,-0.967
1619612641984,0.912,0,0,0,0,-0.925
1619612642004,0.912,0,0,0,0,-0.961
1619612642024,0.908,0,0,0,0,-0.994
1619612642044,0.912,0,0,0,0,-0.967
1619612642064,0.915,0,0,0,0,-0.979
1619612642084,0.915,0,0,0,0,-0.979
1619612642104,0.912,0,0,0,0,-1.013
1619612642124,0.908,0,0,0,0,-1.001
1619612642144,0.918,0,0,0,0,-0.973
1619612642164,0.888,0,0,0,0,-0.961
1619612642184,0.912,0,0,0,0,-0.968
1619612642204,0.901,0,0,0,0,-0.931
1619612642224,0.901,0,0,0,0,-0.929
1619612642244,0.901,0,0,0,0,-0.947
1619612642264,0.918,0,0,0,0,-0.918
1619612642284,0.898,0,0,0,0,-0.94
1619612642304,0.905,0,0,0,0,-0.971
1619612642324,0.901,0,0,0,0,-1.014
1619612642344,0.901,0,0,0,0,-1.014
1619612642364,0.918,0,0,0,0,-1.046
1619612642384,0.881,0,0,0,0,-1.071
1619612642404,0.929,0,0,0,0,-1.022
1619612642434,0.878,0,0,0,0,-0.983
1619612642444,0.898,0,0,0,0,-0.953
1619612642464,0.898,0,0,0,0,-0.953
1619612642484,0.905,0,0,0,0,-0.923
1619612642504,0.905,0,0,0,0,-0.924
1619612642524,0.912,0,0,0,0,-0.91
1619612642544,0.935,0,0,0,0,-0.912
1619612642564,0.871,0,0,0,0,-0.938
1619612642584,0.895,0,0,0,0,-0.957
1619612642604,0.901,0,0,0,0,-0.977
1619612642624,0.901,0,0,0,0,-0.977
1619612642644,0.908,0,0,0,0,-0.98
1619612642664,0.895,0,0,0,0,-0.955
1619612642684,0.901,0,0,0,0,-0.988
1619612642704,0.929,0,0,0,0,-1.008
1619612642724,0.867,0,0,0,0,-1.001
1619612642744,0.898,0,0,0,0,-1.072
1619612642764,0.905,0,0,0,0,-1.14
1619612642784,0.901,0,0,0,0,-1.175
1619612642804,0.901,0,0,0,0,-1.188
1619612642825,0.932,0,0,0,0,-1.113
1619612642844,0.864,0,0,0,0,-1.127
1619612642864,0.898,0,0,0,0,-1.147
1619612642884,0.898,0,0,0,0,-1.147
1619612642904,0.908,0,0,0,0,-1.079
1619612642925,0.908,0,0,0,0,-0.985
1619612642944,0.915,0,0,0,0,-0.904
1619612642964,0.915,0,0,0,0,-0.794
1619612642984,0.905,0,0,0,0,-0.832
1619612643004,0.901,0,0,0,0,-0.859
1619612643024,0.901,0,0,0,0,-0.865
1619612643044,0.901,0,0,0,0,-0.877
1619612643064,0.908,0,0,0,0,-0.902
1619612643084,0.912,0,0,0,0,-0.91
1619612643104,0.891,0,0,0,0,-0.9
1619612643124,0.901,0,0,0,0,-0.909
1619612643144,0.895,0,0,0,0,-0.911
1619612643164,0.895,0,0,0,0,-0.911
1619612643184,0.895,0,0,0,0,-0.901
1619612643204,0.898,0,0,0,0,-0.885
1619612643225,0.908,0,0,0,0,-0.893
1619612643244,0.881,0,0,0,0,-0.894
1619612643264,0.895,0,0,0,0,-0.842
1619612643284,0.898,0,0,0,0,-0.829
1619612643304,0.891,0,0,0,0,-0.855
1619612643324,0.895,0,0,0,0,-0.856
1619612643344,0.912,0,0,0,0,-0.891
1619612643364,0.871,0,0,0,0,-0.922
1619612643384,0.891,0,0,0,0,-0.953
1619612643404,0.891,0,0,0,0,-0.953
1619612643424,0.895,0,0,0,0,-0.972
1619612643444,0.895,0,0,0,0,-0.949
1619612643464,0.901,0,0,0,0,-0.93
1619612643484,0.891,0,0,0,0,-0.909
1619612643504,0.918,0,0,0,0,-0.908
1619612643524,0.864,0,0,0,0,-0.931
1619612643544,0.898,0,0,0,0,-0.966
1619612643564,0.905,0,0,0,0,-0.971
1619612643584,0.901,0,0,0,0,-0.974
1619612643604,0.895,0,0,0,0,-0.99
1619612643624,0.891,0,0,0,0,-0.985
1619612643644,0.939,0,0,0,0,-0.961
1619612643664,0.871,0,0,0,0,-0.968
1619612643684,0.871,0,0,0,0,-0.968
1619612643704,0.908,0,0,0,0,-0.933
1619612643724,0.908,0,0,0,0,-0.889
1619612643744,0.898,0,0,0,0,-0.85
1619612643764,0.908,0,0,0,0,-0.846
1619612643784,0.946,0,0,0,0,-0.887
1619612643804,0.861,0,0,0,0,-0.891
1619612643824,0.905,0,0,0,0,-0.891
1619612643844,0.912,0,0,0,0,-0.925
1619612643864,0.905,0,0,0,0,-0.931
1619612643884,0.898,0,0,0,0,-0.951
1619612643904,0.901,0,0,0,0,-0.991
1619612643924,0.898,0,0,0,0,-1.003
1619612643944,0.898,0,0,0,0,-1.003
1619612643964,0.908,0,0,0,0,-1.011
1619612643984,0.895,0,0,0,0,-1.006
1619612644004,0.901,0,0,0,0,-0.984
1619612644024,0.898,0,0,0,0,-0.979
1619612644044,0.908,0,0,0,0,-0.961
1619612644064,0.898,0,0,0,0,-0.916
1619612644084,0.891,0,0,0,0,-0.892
1619612644104,0.895,0,0,0,0,-0.91
1619612644124,0.898,0,0,0,0,-0.884
1619612644144,0.901,0,0,0,0,-0.891
1619612644164,0.912,0,0,0,0,-0.843
1619612644184,0.888,0,0,0,0,-0.852
1619612644204,0.888,0,0,0,0,-0.852
1619612644224,0.898,0,0,0,0,-0.873
1619612644244,0.895,0,0,0,0,-0.894
1619612644264,0.898,0,0,0,0,-0.92
1619612644284,0.908,0,0,0,0,-0.949
1619612644304,0.918,0,0,0,0,-0.889
1619612644324,0.881,0,0,0,0,-0.855
1619612644344,0.901,0,0,0,0,-0.809
1619612644364,0.898,0,0,0,0,-0.752
1619612644384,0.905,0,0,0,0,-0.759
1619612644404,0.905,0,0,0,0,-0.829
1619612644424,0.908,0,0,0,0,-0.89
1619612644444,0.929,0,0,0,0,-0.868
1619612644464,0.888,0,0,0,0,-0.869
1619612644484,0.888,0,0,0,0,-0.869
1619612644504,0.901,0,0,0,0,-0.867
1619612644524,0.912,0,0,0,0,-0.873
1619612644554,0.905,0,0,0,0,-0.881
1619612644564,0.915,0,0,0,0,-0.855
1619612644584,0.915,0,0,0,0,-0.855
1619612644604,0.935,0,0,0,0,-0.893
1619612644624,0.874,0,0,0,0,-0.948
1619612644644,0.908,0,0,0,0,-1
1619612644664,0.912,0,0,0,0,-0.974
1619612644684,0.908,0,0,0,0,-1.012
1619612644704,0.908,0,0,0,0,-1.016
1619612644724,0.912,0,0,0,0,-0.967
1619612644744,0.939,0,0,0,0,-0.949
1619612644764,0.874,0,0,0,0,-0.967
1619612644784,0.874,0,0,0,0,-0.967
1619612644804,0.915,0,0,0,0,-0.915
1619612644824,0.912,0,0,0,0,-0.907
1619612644845,0.908,0,0,0,0,-0.939
1619612644864,0.912,0,0,0,0,-0.937
1619612644884,0.908,0,0,0,0,-0.94
1619612644904,0.912,0,0,0,0,-0.945
1619612644924,0.908,0,0,0,0,-0.951
1619612644945,0.901,0,0,0,0,-0.967
1619612644964,0.915,0,0,0,0,-0.94
1619612644984,0.905,0,0,0,0,-0.906
1619612645004,0.918,0,0,0,0,-0.905
1619612645024,0.905,0,0,0,0,-0.894
1619612645044,0.905,0,0,0,0,-0.894
1619612645064,0.908,0,0,0,0,-0.912
1619612645084,0.915,0,0,0,0,-0.935
1619612645104,0.912,0,0,0,0,-0.943
1619612645124,0.915,0,0,0,0,-0.942
1619612645144,0.929,0,0,0,0,-0.966
1619612645164,0.895,0,0,0,0,-0.96
1619612645184,0.915,0,0,0,0,-0.958
1619612645204,0.915,0,0,0,0,-0.948
1619612645224,0.922,0,0,0,0,-0.904
1619612645245,0.918,0,0,0,0,-0.915
1619612645264,0.922,0,0,0,0,-0.914
1619612645284,0.898,0,0,0,0,-0.883
1619612645304,0.898,0,0,0,0,-0.883
1619612645324,0.912,0,0,0,0,-0.898
1619612645345,0.915,0,0,0,0,-0.907
1619612645364,0.915,0,0,0,0,-0.924
1619612645384,0.915,0,0,0,0,-0.938
1619612645404,0.912,0,0,0,0,-0.941
1619612645424,0.942,0,0,0,0,-0.957
1619612645444,0.888,0,0,0,0,-0.985
1619612645464,0.912,0,0,0,0,-0.986
1619612645484,0.915,0,0,0,0,-0.979
1619612645504,0.918,0,0,0,0,-0.98
1619612645524,0.905,0,0,0,0,-0.963
1619612645544,0.918,0,0,0,0,-0.914
1619612645564,0.949,0,0,0,0,-0.896
1619612645584,0.878,0,0,0,0,-0.915
1619612645604,0.878,0,0,0,0,-0.915
1619612645624,0.918,0,0,0,0,-0.949
1619612645644,0.922,0,0,0,0,-0.912
1619612645664,0.915,0,0,0,0,-0.89
1619612645684,0.922,0,0,0,0,-0.9
1619612645704,0.922,0,0,0,0,-0.913
1619612645724,0.952,0,0,0,0,-0.906
1619612645744,0.884,0,0,0,0,-0.955
1619612645764,0.915,0,0,0,0,-0.991
1619612645784,0.922,0,0,0,0,-0.966
1619612645804,0.922,0,0,0,0,-0.967
1619612645824,0.935,0,0,0,0,-1.052
1619612645844,0.935,0,0,0,0,-1.052
1619612645864,0.898,0,0,0,0,-1.155
1619612645884,0.912,0,0,0,0,-1.232
1619612645904,0.912,0,0,0,0,-1.164
1619612645924,0.918,0,0,0,0,-1.101
1619612645944,0.922,0,0,0,0,-1.013
1619612645964,0.939,0,0,0,0,-0.938
1619612645984,0.905,0,0,0,0,-0.896
1619612646004,0.908,0,0,0,0,-0.844
1619612646024,0.925,0,0,0,0,-0.78
1619612646044,0.922,0,0,0,0,-0.772
1619612646064,0.925,0,0,0,0,-0.768
1619612646084,0.942,0,0,0,0,-0.816
1619612646104,0.942,0,0,0,0,-0.816
1619612646124,0.918,0,0,0,0,-0.828
1619612646144,0.898,0,0,0,0,-0.835
1619612646164,0.918,0,0,0,0,-0.879
1619612646184,0.922,0,0,0,0,-0.891
1619612646204,0.922,0,0,0,0,-0.848
1619612646224,0.942,0,0,0,0,-0.865
1619612646244,0.915,0,0,0,0,-0.889
1619612646264,0.895,0,0,0,0,-0.915
1619612646284,0.915,0,0,0,0,-0.907
1619612646304,0.922,0,0,0,0,-0.894
1619612646324,0.915,0,0,0,0,-0.925
1619612646344,0.929,0,0,0,0,-0.998
1619612646364,0.925,0,0,0,0,-1.004
1619612646384,0.925,0,0,0,0,-1.004
1619612646404,0.884,0,0,0,0,-1.021
1619612646424,0.915,0,0,0,0,-0.994
1619612646444,0.922,0,0,0,0,-0.969
1619612646464,0.915,0,0,0,0,-0.952
1619612646484,0.922,0,0,0,0,-0.935
1619612646504,0.946,0,0,0,0,-0.906
1619612646524,0.905,0,0,0,0,-0.902
1619612646544,0.891,0,0,0,0,-0.894
1619612646564,0.918,0,0,0,0,-0.917
1619612646584,0.918,0,0,0,0,-0.956
1619612646604,0.918,0,0,0,0,-1.014
1619612646624,0.918,0,0,0,0,-1.047
1619612646644,0.952,0,0,0,0,-1.036
1619612646664,0.952,0,0,0,0,-1.036
1619612646684,0.891,0,0,0,0,-1.042
1619612646704,0.918,0,0,0,0,-1.054
1619612646724,0.918,0,0,0,0,-1.055
1619612646744,0.935,0,0,0,0,-1.069
1619612646764,0.922,0,0,0,0,-1.034
1619612646784,0.932,0,0,0,0,-0.944
1619612646804,0.925,0,0,0,0,-0.921
1619612646824,0.925,0,0,0,0,-0.938
1619612646844,0.922,0,0,0,0,-0.937
1619612646864,0.925,0,0,0,0,-0.916
1619612646884,0.922,0,0,0,0,-0.918
1619612646904,0.929,0,0,0,0,-0.889
1619612646924,0.929,0,0,0,0,-0.889
1619612646944,0.915,0,0,0,0,-0.879
1619612646964,0.915,0,0,0,0,-0.885
1619612646984,0.925,0,0,0,0,-0.888
1619612647004,0.915,0,0,0,0,-0.884
1619612647024,0.918,0,0,0,0,-0.879
1619612647044,0.932,0,0,0,0,-0.858
1619612647064,0.901,0,0,0,0,-0.854
1619612647084,0.915,0,0,0,0,-0.881
1619612647104,0.918,0,0,0,0,-0.881
1619612647124,0.915,0,0,0,0,-0.883
1619612647144,0.918,0,0,0,0,-0.862
1619612647165,0.929,0,0,0,0,-0.862
1619612647184,0.929,0,0,0,0,-0.862
1619612647204,0.895,0,0,0,0,-0.876
1619612647224,0.915,0,0,0,0,-0.887
1619612647244,0.918,0,0,0,0,-0.881
1619612647264,0.915,0,0,0,0,-0.884
1619612647284,0.918,0,0,0,0,-0.898
1619612647304,0.912,0,0,0,0,-0.897
1619612647324,0.942,0,0,0,0,-0.978
1619612647344,0.891,0,0,0,0,-1.017
1619612647364,0.925,0,0,0,0,-0.973
1619612647384,0.922,0,0,0,0,-0.92
1619612647404,0.929,0,0,0,0,-0.898
1619612647424,0.925,0,0,0,0,-0.868
1619612647444,0.929,0,0,0,0,-0.867
1619612647466,0.952,0,0,0,0,-0.876
1619612647484,0.952,0,0,0,0,-0.876
1619612647504,0.888,0,0,0,0,-0.862
1619612647524,0.918,0,0,0,0,-0.873
1619612647544,0.922,0,0,0,0,-0.902
1619612647576,0.918,0,0,0,0,-0.925
1619612647584,0.932,0,0,0,0,-0.947
1619612647604,0.932,0,0,0,0,-0.947
1619612647624,0.949,0,0,0,0,-0.914
1619612647644,0.881,0,0,0,0,-0.885
1619612647664,0.922,0,0,0,0,-0.905
1619612647684,0.925,0,0,0,0,-0.914
1619612647704,0.918,0,0,0,0,-0.902
1619612647724,0.922,0,0,0,0,-0.915
1619612647744,0.915,0,0,0,0,-0.924
1619612647765,0.915,0,0,0,0,-0.924
1619612647784,0.918,0,0,0,0,-0.949
1619612647804,0.915,0,0,0,0,-1
1619612647824,0.915,0,0,0,0,-1.045
1619612647844,0.918,0,0,0,0,-1.034
1619612647864,0.918,0,0,0,0,-0.989
1619612647884,0.922,0,0,0,0,-0.943
1619612647904,0.912,0,0,0,0,-0.945
1619612647924,0.918,0,0,0,0,-0.921
1619612647944,0.918,0,0,0,0,-0.896
1619612647964,0.915,0,0,0,0,-0.914
1619612647984,0.912,0,0,0,0,-0.926
1619612648004,0.929,0,0,0,0,-0.964
1619612648024,0.929,0,0,0,0,-0.964
1619612648044,0.905,0,0,0,0,-0.992
1619612648064,0.918,0,0,0,0,-1.028
1619612648084,0.918,0,0,0,0,-1.02
1619612648104,0.922,0,0,0,0,-0.974
1619612648124,0.922,0,0,0,0,-0.917
1619612648144,0.932,0,0,0,0,-0.894
1619612648164,0.901,0,0,0,0,-0.874
1619612648184,0.918,0,0,0,0,-0.896
1619612648204,0.922,0,0,0,0,-0.924
1619612648224,0.922,0,0,0,0,-0.891
1619612648244,0.915,0,0,0,0,-0.859
1619612648264,0.915,0,0,0,0,-0.908
1619612648284,0.942,0,0,0,0,-0.921
1619612648304,0.942,0,0,0,0,-0.921
1619612648324,0.891,0,0,0,0,-0.93
1619612648344,0.922,0,0,0,0,-0.937
1619612648364,0.918,0,0,0,0,-0.888
1619612648384,0.922,0,0,0,0,-0.889
1619612648404,0.915,0,0,0,0,-0.923
1619612648424,0.925,0,0,0,0,-0.978
1619612648444,0.949,0,0,0,0,-0.96
1619612648464,0.884,0,0,0,0,-0.933
1619612648484,0.918,0,0,0,0,-0.918
1619612648504,0.918,0,0,0,0,-0.909
1619612648524,0.915,0,0,0,0,-0.901
1619612648544,0.922,0,0,0,0,-0.93
1619612648564,0.918,0,0,0,0,-0.933
1619612648584,0.956,0,0,0,0,-0.895
1619612648604,0.956,0,0,0,0,-0.895
1619612648624,0.881,0,0,0,0,-0.88
1619612648644,0.915,0,0,0,0,-0.877
1619612648664,0.922,0,0,0,0,-0.842
1619612648684,0.918,0,0,0,0,-0.863
1619612648704,0.918,0,0,0,0,-0.884
1619612648724,0.922,0,0,0,0,-0.898
1619612648744,0.915,0,0,0,0,-0.893
1619612648764,0.922,0,0,0,0,-0.935
1619612648784,0.918,0,0,0,0,-0.973
1619612648804,0.925,0,0,0,0,-1.024
1619612648824,0.915,0,0,0,0,-1.028
1619612648844,0.929,0,0,0,0,-0.977
1619612648864,0.929,0,0,0,0,-0.977
1619612648884,0.922,0,0,0,0,-0.959
1619612648904,0.918,0,0,0,0,-0.941
1619612648924,0.922,0,0,0,0,-0.915
1619612648944,0.925,0,0,0,0,-0.9
1619612648964,0.915,0,0,0,0,-0.861
1619612648984,0.929,0,0,0,0,-0.878
1619612649004,0.908,0,0,0,0,-0.94
1619612649024,0.918,0,0,0,0,-0.977
1619612649044,0.918,0,0,0,0,-0.999
1619612649064,0.925,0,0,0,0,-0.993
1619612649084,0.918,0,0,0,0,-0.976
1619612649104,0.929,0,0,0,0,-0.944
1619612649124,0.929,0,0,0,0,-0.944
1619612649144,0.915,0,0,0,0,-0.914
1619612649164,0.922,0,0,0,0,-0.893
1619612649184,0.915,0,0,0,0,-0.909
1619612649204,0.918,0,0,0,0,-0.903
1619612649224,0.918,0,0,0,0,-0.926
1619612649244,0.912,0,0,0,0,-0.902
1619612649264,0.915,0,0,0,0,-0.904
1619612649285,0.929,0,0,0,0,-0.946
1619612649304,0.915,0,0,0,0,-0.923
1619612649324,0.915,0,0,0,0,-0.889
1619612649344,0.918,0,0,0,0,-0.85
1619612649364,0.918,0,0,0,0,-0.861
1619612649385,0.922,0,0,0,0,-0.886
1619612649404,0.918,0,0,0,0,-0.946
1619612649424,0.939,0,0,0,0,-0.984
1619612649444,0.939,0,0,0,0,-0.984
1619612649464,0.884,0,0,0,0,-0.988
1619612649484,0.918,0,0,0,0,-1.006
1619612649504,0.915,0,0,0,0,-1.033
1619612649524,0.915,0,0,0,0,-1.103
1619612649544,0.922,0,0,0,0,-1.158
1619612649564,0.915,0,0,0,0,-1.12
1619612649585,0.949,0,0,0,0,-1.133
1619612649604,0.878,0,0,0,0,-1.156
1619612649624,0.915,0,0,0,0,-1.142
1619612649644,0.918,0,0,0,0,-1.153
1619612649664,0.925,0,0,0,0,-1.104
1619612649685,0.929,0,0,0,0,-0.961
1619612649704,0.925,0,0,0,0,-0.849
1619612649724,0.925,0,0,0,0,-0.849
1619612649744,0.925,0,0,0,0,-0.804
1619612649764,0.932,0,0,0,0,-0.8
1619612649785,0.929,0,0,0,0,-0.843
1619612649804,0.925,0,0,0,0,-0.848
1619612649824,0.929,0,0,0,0,-0.825
1619612649844,0.929,0,0,0,0,-0.889
1619612649864,0.908,0,0,0,0,-0.9
1619612649884,0.925,0,0,0,0,-0.887
1619612649904,0.922,0,0,0,0,-0.898
1619612649924,0.918,0,0,0,0,-0.897
1619612649944,0.912,0,0,0,0,-0.898
1619612649964,0.932,0,0,0,0,-0.845
1619612649985,0.932,0,0,0,0,-0.845
1619612650004,0.901,0,0,0,0,-0.849
1619612650024,0.912,0,0,0,0,-0.88
1619612650044,0.918,0,0,0,0,-0.888
1619612650064,0.922,0,0,0,0,-0.873
1619612650085,0.915,0,0,0,0,-0.874
1619612650104,0.939,0,0,0,0,-0.859
1619612650124,0.895,0,0,0,0,-0.866
1619612650144,0.908,0,0,0,0,-0.888
1619612650164,0.918,0,0,0,0,-0.889
1619612650184,0.918,0,0,0,0,-0.901
1619612650204,0.922,0,0,0,0,-0.893
1619612650224,0.918,0,0,0,0,-0.915
1619612650244,0.939,0,0,0,0,-0.974
1619612650264,0.939,0,0,0,0,-0.974
1619612650284,0.888,0,0,0,0,-0.985
1619612650304,0.918,0,0,0,0,-0.99
1619612650324,0.922,0,0,0,0,-0.996
1619612650344,0.922,0,0,0,0,-0.984
1619612650364,0.922,0,0,0,0,-0.987
1619612650384,0.922,0,0,0,0,-0.981
1619612650404,0.949,0,0,0,0,-0.885
1619612650424,0.884,0,0,0,0,-0.867
1619612650444,0.925,0,0,0,0,-0.9
1619612650464,0.929,0,0,0,0,-0.886
1619612650484,0.925,0,0,0,0,-0.904
1619612650504,0.925,0,0,0,0,-0.901
1619612650524,0.925,0,0,0,0,-0.901
1619612650544,0.963,0,0,0,0,-0.875
1619612650564,0.881,0,0,0,0,-0.893
1619612650584,0.918,0,0,0,0,-0.858
1619612650604,0.925,0,0,0,0,-0.859
1619612650624,0.922,0,0,0,0,-0.876
1619612650644,0.918,0,0,0,0,-0.9
1619612650664,0.915,0,0,0,0,-0.935
1619612650684,0.912,0,0,0,0,-0.972
1619612650704,0.918,0,0,0,0,-0.978
1619612650724,0.918,0,0,0,0,-1.005
1619612650744,0.915,0,0,0,0,-1.022
1619612650764,0.912,0,0,0,0,-1.015
1619612650784,0.912,0,0,0,0,-1.015
1619612650804,0.922,0,0,0,0,-0.988
1619612650824,0.905,0,0,0,0,-0.923
1619612650844,0.918,0,0,0,0,-0.885
1619612650864,0.918,0,0,0,0,-0.854
1619612650884,0.905,0,0,0,0,-0.859
1619612650904,0.922,0,0,0,0,-0.852
1619612650924,0.925,0,0,0,0,-0.862
1619612650944,0.898,0,0,0,0,-0.881
1619612650964,0.922,0,0,0,0,-0.922
1619612650984,0.912,0,0,0,0,-0.941
1619612651004,0.915,0,0,0,0,-0.92
1619612651024,0.922,0,0,0,0,-0.934
1619612651044,0.922,0,0,0,0,-0.934
1619612651064,0.932,0,0,0,0,-0.866
1619612651084,0.905,0,0,0,0,-0.833
1619612651104,0.918,0,0,0,0,-0.786
1619612651124,0.915,0,0,0,0,-0.73
1619612651144,0.915,0,0,0,0,-0.728
1619612651164,0.925,0,0,0,0,-0.776
1619612651184,0.922,0,0,0,0,-0.81
1619612651204,0.946,0,0,0,0,-0.869
1619612651224,0.884,0,0,0,0,-0.88
1619612651244,0.925,0,0,0,0,-0.835
1619612651264,0.925,0,0,0,0,-0.848
1619612651284,0.925,0,0,0,0,-0.884
1619612651304,0.918,0,0,0,0,-0.882
1619612651324,0.918,0,0,0,0,-0.882
1619612651344,0.929,0,0,0,0,-0.822
1619612651364,0.949,0,0,0,0,-0.845
1619612651384,0.888,0,0,0,0,-0.895
1619612651404,0.918,0,0,0,0,-0.925
1619612651424,0.915,0,0,0,0,-0.942
1619612651444,0.922,0,0,0,0,-0.997
1619612651464,0.918,0,0,0,0,-1.066
1619612651484,0.918,0,0,0,0,-1.058
1619612651505,0.949,0,0,0,0,-1.034
1619612651524,0.884,0,0,0,0,-1.032
1619612651544,0.918,0,0,0,0,-0.978
1619612651564,0.929,0,0,0,0,-0.997
1619612651584,0.922,0,0,0,0,-0.989
1619612651605,0.922,0,0,0,0,-0.989
1619612651624,0.922,0,0,0,0,-0.96
1619612651644,0.918,0,0,0,0,-0.905
1619612651664,0.922,0,0,0,0,-0.892
1619612651684,0.918,0,0,0,0,-0.924
1619612651704,0.918,0,0,0,0,-0.982
1619612651724,0.915,0,0,0,0,-1.017
1619612651744,0.929,0,0,0,0,-0.993
1619612651764,0.918,0,0,0,0,-0.974
1619612651784,0.918,0,0,0,0,-0.974
1619612651804,0.918,0,0,0,0,-0.949
1619612651824,0.922,0,0,0,0,-0.935
1619612651844,0.922,0,0,0,0,-0.92
1619612651864,0.922,0,0,0,0,-0.92
1619612651884,0.925,0,0,0,0,-0.926
1619612651904,0.929,0,0,0,0,-0.964
1619612651924,0.898,0,0,0,0,-0.988
1619612651944,0.925,0,0,0,0,-0.983
1619612651964,0.918,0,0,0,0,-0.975
1619612651984,0.918,0,0,0,0,-0.952
1619612652005,0.918,0,0,0,0,-0.943
1619612652024,0.932,0,0,0,0,-0.891
1619612652044,0.901,0,0,0,0,-0.857
1619612652064,0.922,0,0,0,0,-0.869
1619612652084,0.915,0,0,0,0,-0.881
1619612652104,0.922,0,0,0,0,-0.926
1619612652124,0.922,0,0,0,0,-0.926
1619612652144,0.915,0,0,0,0,-0.917
1619612652164,0.922,0,0,0,0,-0.925
1619612652184,0.949,0,0,0,0,-0.987
1619612652204,0.881,0,0,0,0,-1.022
1619612652224,0.915,0,0,0,0,-1.027
1619612652244,0.922,0,0,0,0,-1.045
1619612652264,0.918,0,0,0,0,-1.04
1619612652284,0.922,0,0,0,0,-0.987
1619612652304,0.918,0,0,0,0,-0.964
1619612652324,0.952,0,0,0,0,-0.936
1619612652344,0.881,0,0,0,0,-0.923
1619612652364,0.918,0,0,0,0,-0.93
1619612652384,0.925,0,0,0,0,-0.902
1619612652404,0.922,0,0,0,0,-0.917
1619612652424,0.922,0,0,0,0,-0.917
1619612652444,0.918,0,0,0,0,-0.926
1619612652464,0.918,0,0,0,0,-0.927
1619612652484,0.952,0,0,0,0,-0.909
1619612652504,0.878,0,0,0,0,-0.898
1619612652524,0.918,0,0,0,0,-0.9
1619612652544,0.922,0,0,0,0,-0.914
1619612652564,0.922,0,0,0,0,-0.968
1619612652584,0.915,0,0,0,0,-1.034
1619612652604,0.918,0,0,0,0,-1.103
1619612652624,0.915,0,0,0,0,-1.132
1619612652644,0.915,0,0,0,0,-1.142
1619612652664,0.922,0,0,0,0,-1.119
1619612652684,0.922,0,0,0,0,-1.119
1619612652704,0.922,0,0,0,0,-1.09
1619612652724,0.922,0,0,0,0,-1.055
1619612652744,0.925,0,0,0,0,-0.952
1619612652764,0.912,0,0,0,0,-0.875
1619612652784,0.932,0,0,0,0,-0.816
1619612652804,0.925,0,0,0,0,-0.784
1619612652824,0.918,0,0,0,0,-0.746
1619612652844,0.925,0,0,0,0,-0.751
1619612652864,0.929,0,0,0,0,-0.779
1619612652884,0.915,0,0,0,0,-0.815
1619612652904,0.915,0,0,0,0,-0.866
1619612652924,0.925,0,0,0,0,-0.892
1619612652944,0.925,0,0,0,0,-0.892
1619612652964,0.918,0,0,0,0,-0.927
1619612652984,0.922,0,0,0,0,-0.96
1619612653004,0.939,0,0,0,0,-0.946
1619612653024,0.905,0,0,0,0,-0.948
1619612653044,0.918,0,0,0,0,-0.939
1619612653064,0.915,0,0,0,0,-0.923
1619612653084,0.922,0,0,0,0,-0.903
1619612653104,0.915,0,0,0,0,-0.927
1619612653124,0.922,0,0,0,0,-0.976
1619612653144,0.939,0,0,0,0,-1.015
1619612653164,0.891,0,0,0,0,-1.041
1619612653184,0.918,0,0,0,0,-1.087
1619612653204,0.922,0,0,0,0,-1.097
1619612653224,0.922,0,0,0,0,-1.097
1619612653244,0.922,0,0,0,0,-1.038
1619612653264,0.915,0,0,0,0,-0.99
1619612653284,0.922,0,0,0,0,-0.969
1619612653304,0.952,0,0,0,0,-0.896
1619612653324,0.891,0,0,0,0,-0.887
1619612653344,0.915,0,0,0,0,-0.9
1619612653364,0.915,0,0,0,0,-0.94
1619612653384,0.915,0,0,0,0,-1.029
1619612653404,0.915,0,0,0,0,-1.08
1619612653424,0.952,0,0,0,0,-1.081
1619612653444,0.881,0,0,0,0,-1.11
1619612653464,0.922,0,0,0,0,-1.093
1619612653484,0.922,0,0,0,0,-1.093
1619612653504,0.922,0,0,0,0,-1.07
1619612653524,0.922,0,0,0,0,-1.058
1619612653544,0.918,0,0,0,0,-1.009
1619612653564,0.925,0,0,0,0,-0.962
1619612653584,0.922,0,0,0,0,-0.968
1619612653604,0.925,0,0,0,0,-0.941
1619612653624,0.922,0,0,0,0,-0.917
1619612653644,0.922,0,0,0,0,-0.946
1619612653664,0.918,0,0,0,0,-0.923
1619612653684,0.922,0,0,0,0,-0.933
1619612653704,0.918,0,0,0,0,-0.974
1619612653724,0.922,0,0,0,0,-0.94
1619612653744,0.918,0,0,0,0,-0.895
1619612653764,0.918,0,0,0,0,-0.895
1619612653784,0.918,0,0,0,0,-0.889
1619612653804,0.918,0,0,0,0,-0.872
1619612653825,0.929,0,0,0,0,-0.874
1619612653844,0.895,0,0,0,0,-0.883
1619612653864,0.915,0,0,0,0,-0.887
1619612653884,0.912,0,0,0,0,-0.894
1619612653904,0.912,0,0,0,0,-0.902
1619612653924,0.905,0,0,0,0,-0.916
1619612653944,0.929,0,0,0,0,-0.967
1619612653964,0.888,0,0,0,0,-0.964
1619612653984,0.915,0,0,0,0,-0.972
1619612654004,0.915,0,0,0,0,-0.972
1619612654024,0.912,0,0,0,0,-1.006
1619612654044,0.901,0,0,0,0,-1.039
1619612654064,0.918,0,0,0,0,-1.081
1619612654084,0.915,0,0,0,0,-1.047
1619612654104,0.942,0,0,0,0,-0.856
1619612654125,0.888,0,0,0,0,-0.839
1619612654144,0.915,0,0,0,0,-0.832
1619612654164,0.918,0,0,0,0,-0.821
1619612654184,0.918,0,0,0,0,-0.814
1619612654204,0.915,0,0,0,0,-0.827
1619612654226,0.915,0,0,0,0,-0.825
1619612654244,0.949,0,0,0,0,-0.86
1619612654264,0.881,0,0,0,0,-0.853
1619612654284,0.905,0,0,0,0,-0.881
1619612654304,0.905,0,0,0,0,-0.881
1619612654325,0.918,0,0,0,0,-0.914
1619612654344,0.915,0,0,0,0,-0.904
1619612654364,0.918,0,0,0,0,-0.936
1619612654384,0.915,0,0,0,0,-0.998
1619612654404,0.952,0,0,0,0,-0.995
1619612654424,0.874,0,0,0,0,-0.981
1619612654444,0.915,0,0,0,0,-0.977
1619612654464,0.922,0,0,0,0,-0.966
1619612654484,0.912,0,0,0,0,-0.956
1619612654504,0.918,0,0,0,0,-0.92
1619612654525,0.922,0,0,0,0,-0.906
1619612654544,0.915,0,0,0,0,-0.937
1619612654564,0.915,0,0,0,0,-0.937
1619612654584,0.922,0,0,0,0,-0.926
1619612654604,0.915,0,0,0,0,-0.952
1619612654624,0.915,0,0,0,0,-0.963
1619612654644,0.912,0,0,0,0,-0.972
1619612654664,0.932,0,0,0,0,-1.048
1619612654684,0.912,0,0,0,0,-1.014
1619612654704,0.922,0,0,0,0,-0.998
1619612654724,0.918,0,0,0,0,-1.016
1619612654744,0.922,0,0,0,0,-1.022
1619612654764,0.918,0,0,0,0,-1.013
1619612654784,0.929,0,0,0,0,-1.001
1619612654804,0.901,0,0,0,0,-0.964
1619612654824,0.901,0,0,0,0,-0.964
1619612654844,0.922,0,0,0,0,-0.956
1619612654864,0.922,0,0,0,0,-0.959
1619612654884,0.925,0,0,0,0,-0.915
1619612654904,0.915,0,0,0,0,-0.915
1619612654924,0.929,0,0,0,0,-0.965
1619612654944,0.905,0,0,0,0,-0.927
1619612654964,0.922,0,0,0,0,-0.881
1619612654984,0.915,0,0,0,0,-0.842
1619612655004,0.918,0,0,0,0,-0.855
1619612655024,0.915,0,0,0,0,-0.89
1619612655044,0.918,0,0,0,0,-0.899
1619612655064,0.949,0,0,0,0,-0.863
1619612655084,0.891,0,0,0,0,-0.924
1619612655104,0.891,0,0,0,0,-0.924
1619612655124,0.915,0,0,0,0,-0.97
1619612655144,0.922,0,0,0,0,-1
1619612655164,0.918,0,0,0,0,-1.018
1619612655184,0.922,0,0,0,0,-1.05
1619612655204,0.922,0,0,0,0,-1.058
1619612655224,0.942,0,0,0,0,-0.989
1619612655244,0.884,0,0,0,0,-0.925
1619612655264,0.922,0,0,0,0,-0.908
1619612655284,0.918,0,0,0,0,-0.905
1619612655304,0.912,0,0,0,0,-0.899
1619612655324,0.922,0,0,0,0,-0.924
1619612655344,0.922,0,0,0,0,-0.906
1619612655364,0.949,0,0,0,0,-0.895
1619612655384,0.949,0,0,0,0,-0.895
1619612655404,0.881,0,0,0,0,-0.929
1619612655424,0.918,0,0,0,0,-0.956
1619612655444,0.918,0,0,0,0,-0.954
1619612655464,0.918,0,0,0,0,-0.922
1619612655484,0.918,0,0,0,0,-0.904
1619612655504,0.912,0,0,0,0,-0.929
1619612655524,0.922,0,0,0,0,-0.957
1619612655544,0.918,0,0,0,0,-0.97
1619612655564,0.918,0,0,0,0,-1.002
1619612655584,0.922,0,0,0,0,-1.019
1619612655604,0.922,0,0,0,0,-1.012
1619612655624,0.929,0,0,0,0,-1
1619612655644,0.929,0,0,0,0,-1
1619612655664,0.915,0,0,0,0,-0.974
1619612655684,0.915,0,0,0,0,-0.931
1619612655704,0.918,0,0,0,0,-0.89
1619612655724,0.925,0,0,0,0,-0.908
1619612655744,0.915,0,0,0,0,-0.914
1619612655764,0.929,0,0,0,0,-0.954
1619612655784,0.912,0,0,0,0,-0.986
1619612655804,0.915,0,0,0,0,-1
1619612655824,0.918,0,0,0,0,-1.011
1619612655844,0.918,0,0,0,0,-1.029
1619612655864,0.918,0,0,0,0,-1.029
1619612655884,0.939,0,0,0,0,-1.028
1619612655904,0.939,0,0,0,0,-1.028
1619612655924,0.898,0,0,0,0,-1.006
1619612655944,0.918,0,0,0,0,-0.998
1619612655964,0.918,0,0,0,0,-0.956
1619612655984,0.922,0,0,0,0,-0.915
1619612656004,0.915,0,0,0,0,-0.895
1619612656024,0.922,0,0,0,0,-0.877
1619612656054,0.939,0,0,0,0,-0.882
1619612656064,0.891,0,0,0,0,-0.882
1619612656084,0.918,0,0,0,0,-0.885
1619612656104,0.915,0,0,0,0,-0.919
1619612656124,0.915,0,0,0,0,-0.959
1619612656144,0.915,0,0,0,0,-0.997
1619612656164,0.915,0,0,0,0,-1.037
1619612656184,0.939,0,0,0,0,-1.093
1619612656204,0.939,0,0,0,0,-1.093
1619612656224,0.874,0,0,0,0,-1.095
1619612656245,0.908,0,0,0,0,-1.145
1619612656264,0.912,0,0,0,0,-1.169
1619612656284,0.915,0,0,0,0,-1.145
1619612656304,0.912,0,0,0,0,-1.152
1619612656324,0.922,0,0,0,0,-1.129
1619612656344,0.952,0,0,0,0,-1.055
1619612656364,0.881,0,0,0,0,-1.03
1619612656384,0.925,0,0,0,0,-1.016
1619612656404,0.918,0,0,0,0,-1.007
1619612656424,0.922,0,0,0,0,-0.987
1619612656445,0.935,0,0,0,0,-0.904
1619612656464,0.935,0,0,0,0,-0.904
1619612656484,0.898,0,0,0,0,-0.898
1619612656504,0.905,0,0,0,0,-0.926
1619612656524,0.912,0,0,0,0,-0.947
1619612656545,0.918,0,0,0,0,-0.971
1619612656564,0.918,0,0,0,0,-0.939
1619612656584,0.935,0,0,0,0,-0.939
1619612656604,0.901,0,0,0,0,-0.97
1619612656624,0.905,0,0,0,0,-0.954
1619612656644,0.918,0,0,0,0,-0.964
1619612656664,0.912,0,0,0,0,-0.976
1619612656684,0.915,0,0,0,0,-0.954
1619612656704,0.935,0,0,0,0,-0.891
1619612656724,0.935,0,0,0,0,-0.891
1619612656744,0.901,0,0,0,0,-0.874
1619612656764,0.888,0,0,0,0,-0.897
1619612656784,0.908,0,0,0,0,-0.928
1619612656804,0.898,0,0,0,0,-0.912
1619612656824,0.915,0,0,0,0,-0.905
1619612656845,0.922,0,0,0,0,-0.928
1619612656864,0.912,0,0,0,0,-0.959
1619612656884,0.881,0,0,0,0,-1.009
1619612656904,0.905,0,0,0,0,-1.033
1619612656924,0.905,0,0,0,0,-1.047
1619612656944,0.912,0,0,0,0,-1.016
1619612656964,0.929,0,0,0,0,-1
1619612656984,0.901,0,0,0,0,-1.006
1619612657004,0.901,0,0,0,0,-1.006
1619612657024,0.871,0,0,0,0,-0.973
1619612657044,0.908,0,0,0,0,-0.963
1619612657064,0.918,0,0,0,0,-0.973
1619612657084,0.912,0,0,0,0,-0.968
1619612657104,0.912,0,0,0,0,-0.949
1619612657124,0.946,0,0,0,0,-0.941
1619612657144,0.905,0,0,0,0,-0.957
1619612657164,0.878,0,0,0,0,-0.956
1619612657184,0.912,0,0,0,0,-0.944
1619612657204,0.905,0,0,0,0,-0.961
1619612657224,0.898,0,0,0,0,-0.975
1619612657244,0.912,0,0,0,0,-0.972
1619612657264,0.942,0,0,0,0,-0.966
1619612657284,0.942,0,0,0,0,-0.966
1619612657304,0.864,0,0,0,0,-0.98
1619612657324,0.898,0,0,0,0,-0.984
1619612657344,0.898,0,0,0,0,-0.962
1619612657364,0.895,0,0,0,0,-0.933
1619612657384,0.901,0,0,0,0,-0.952
1619612657404,0.935,0,0,0,0,-0.968
1619612657424,0.854,0,0,0,0,-0.945
1619612657444,0.895,0,0,0,0,-0.915
1619612657464,0.895,0,0,0,0,-0.858
1619612657484,0.898,0,0,0,0,-0.838
1619612657504,0.898,0,0,0,0,-0.859
1619612657524,0.901,0,0,0,0,-0.874
1619612657544,0.901,0,0,0,0,-0.874
1619612657564,0.895,0,0,0,0,-0.87
1619612657584,0.898,0,0,0,0,-0.898
1619612657604,0.901,0,0,0,0,-0.91
1619612657624,0.895,0,0,0,0,-0.944
1619612657644,0.895,0,0,0,0,-0.956
1619612657664,0.908,0,0,0,0,-0.921
1619612657684,0.891,0,0,0,0,-0.873
1619612657704,0.898,0,0,0,0,-0.836
1619612657724,0.898,0,0,0,0,-0.803
1619612657744,0.891,0,0,0,0,-0.796
1619612657764,0.898,0,0,0,0,-0.81
1619612657784,0.918,0,0,0,0,-0.805
1619612657804,0.918,0,0,0,0,-0.805
1619612657824,0.888,0,0,0,0,-0.811
1619612657844,0.901,0,0,0,0,-0.82
1619612657864,0.898,0,0,0,0,-0.832
1619612657884,0.898,0,0,0,0,-0.863
1619612657904,0.901,0,0,0,0,-0.868
1619612657924,0.895,0,0,0,0,-0.867
1619612657944,0.922,0,0,0,0,-0.92
1619612657964,0.898,0,0,0,0,-0.95
1619612657984,0.871,0,0,0,0,-0.961
1619612658004,0.905,0,0,0,0,-1.031
1619612658024,0.901,0,0,0,0,-1.055
1619612658044,0.891,0,0,0,0,-1.018
1619612658064,0.912,0,0,0,0,-1.003
1619612658084,0.932,0,0,0,0,-0.976
1619612658104,0.898,0,0,0,0,-0.987
1619612658124,0.898,0,0,0,0,-0.987
1619612658144,0.878,0,0,0,0,-1.013
1619612658164,0.898,0,0,0,0,-1.018
1619612658184,0.912,0,0,0,0,-1.003
1619612658204,0.901,0,0,0,0,-0.977
1619612658224,0.915,0,0,0,0,-0.904
1619612658244,0.932,0,0,0,0,-0.905
1619612658264,0.864,0,0,0,0,-0.922
1619612658284,0.912,0,0,0,0,-0.973
1619612658304,0.908,0,0,0,0,-1.004
1619612658324,0.915,0,0,0,0,-0.98
1619612658344,0.915,0,0,0,0,-0.98
1619612658365,0.946,0,0,0,0,-1.032
1619612658384,0.946,0,0,0,0,-1.032
1619612658404,0.861,0,0,0,0,-1
1619612658424,0.908,0,0,0,0,-0.973
1619612658444,0.905,0,0,0,0,-0.95
1619612658465,0.905,0,0,0,0,-0.889
1619612658484,0.901,0,0,0,0,-0.897
1619612658504,0.912,0,0,0,0,-0.933
1619612658524,0.908,0,0,0,0,-0.916
1619612658544,0.905,0,0,0,0,-0.928
1619612658564,0.901,0,0,0,0,-0.951
1619612658584,0.905,0,0,0,0,-0.969
1619612658604,0.905,0,0,0,0,-0.953
1619612658624,0.912,0,0,0,0,-0.897
1619612658644,0.912,0,0,0,0,-0.897
1619612658664,0.888,0,0,0,0,-0.906
1619612658684,0.901,0,0,0,0,-0.921
1619612658704,0.898,0,0,0,0,-0.888
1619612658724,0.895,0,0,0,0,-0.864
1619612658744,0.901,0,0,0,0,-0.904
1619612658765,0.918,0,0,0,0,-0.978
1619612658784,0.881,0,0,0,0,-1.007
1619612658804,0.905,0,0,0,0,-1.043
1619612658824,0.901,0,0,0,0,-1.044
1619612658844,0.908,0,0,0,0,-1.028
1619612658865,0.898,0,0,0,0,-0.988
1619612658884,0.912,0,0,0,0,-0.93
1619612658904,0.932,0,0,0,0,-0.897
1619612658924,0.932,0,0,0,0,-0.897
1619612658944,0.871,0,0,0,0,-0.914
1619612658964,0.905,0,0,0,0,-0.902
1619612658984,0.912,0,0,0,0,-0.89
1619612659004,0.908,0,0,0,0,-0.891
1619612659024,0.918,0,0,0,0,-0.902
1619612659044,0.901,0,0,0,0,-0.923
1619612659065,0.935,0,0,0,0,-0.966
1619612659084,0.884,0,0,0,0,-0.991
1619612659104,0.912,0,0,0,0,-0.998
1619612659124,0.901,0,0,0,0,-1.028
1619612659144,0.908,0,0,0,0,-1.11
1619612659164,0.905,0,0,0,0,-1.196
1619612659184,0.908,0,0,0,0,-1.156
1619612659204,0.942,0,0,0,0,-1.101
1619612659224,0.942,0,0,0,0,-1.101
1619612659244,0.871,0,0,0,0,-1.096
1619612659264,0.908,0,0,0,0,-1.03
1619612659284,0.915,0,0,0,0,-0.993
1619612659304,0.905,0,0,0,0,-0.966
1619612659324,0.905,0,0,0,0,-0.923
1619612659344,0.959,0,0,0,0,-0.862
1619612659364,0.864,0,0,0,0,-0.81
1619612659384,0.912,0,0,0,0,-0.787
1619612659405,0.908,0,0,0,0,-0.812
1619612659424,0.912,0,0,0,0,-0.837
1619612659444,0.905,0,0,0,0,-0.815
1619612659464,0.922,0,0,0,0,-0.844
1619612659484,0.922,0,0,0,0,-0.844
1619612659504,0.901,0,0,0,0,-0.84
1619612659524,0.908,0,0,0,0,-0.854
1619612659544,0.905,0,0,0,0,-0.872
1619612659564,0.912,0,0,0,0,-0.922
1619612659584,0.912,0,0,0,0,-0.945
1619612659604,0.915,0,0,0,0,-0.974
1619612659624,0.888,0,0,0,0,-0.989
1619612659644,0.908,0,0,0,0,-0.985
1619612659664,0.901,0,0,0,0,-0.959
1619612659684,0.908,0,0,0,0,-0.933
1619612659704,0.905,0,0,0,0,-0.963
1619612659724,0.915,0,0,0,0,-1.001
1619612659744,0.915,0,0,0,0,-1.001
1619612659764,0.884,0,0,0,0,-1.018
1619612659784,0.912,0,0,0,0,-1.028
1619612659804,0.905,0,0,0,0,-1.002
1619612659824,0.908,0,0,0,0,-0.959
1619612659844,0.905,0,0,0,0,-0.952
1619612659864,0.922,0,0,0,0,-0.925
1619612659884,0.884,0,0,0,0,-0.919
1619612659904,0.898,0,0,0,0,-0.93
1619612659924,0.898,0,0,0,0,-0.916
1619612659944,0.912,0,0,0,0,-0.984
1619612659964,0.898,0,0,0,0,-1.049
1619612659984,0.915,0,0,0,0,-1.036
1619612660004,0.939,0,0,0,0,-1.079
1619612660024,0.939,0,0,0,0,-1.079
1619612660044,0.871,0,0,0,0,-1.103
1619612660064,0.915,0,0,0,0,-1.104
1619612660084,0.912,0,0,0,0,-1.081
1619612660104,0.912,0,0,0,0,-1.024
1619612660124,0.915,0,0,0,0,-0.959
1619612660144,0.946,0,0,0,0,-0.951
1619612660164,0.871,0,0,0,0,-0.933
1619612660184,0.905,0,0,0,0,-0.914
1619612660204,0.908,0,0,0,0,-0.895
1619612660224,0.905,0,0,0,0,-0.887
1619612660244,0.905,0,0,0,0,-0.914
1619612660264,0.932,0,0,0,0,-0.943
1619612660284,0.932,0,0,0,0,-0.943
1619612660304,0.888,0,0,0,0,-0.924
1619612660324,0.912,0,0,0,0,-0.902
1619612660344,0.905,0,0,0,0,-0.899
1619612660364,0.908,0,0,0,0,-0.882
1619612660384,0.901,0,0,0,0,-0.908
1619612660404,0.912,0,0,0,0,-0.888
1619612660424,0.895,0,0,0,0,-0.889
1619612660444,0.901,0,0,0,0,-0.888
1619612660464,0.898,0,0,0,0,-0.864
1619612660484,0.905,0,0,0,0,-0.853
1619612660504,0.905,0,0,0,0,-0.884
1619612660524,0.912,0,0,0,0,-0.881
1619612660544,0.912,0,0,0,0,-0.881
1619612660564,0.881,0,0,0,0,-0.916
1619612660584,0.908,0,0,0,0,-0.947
1619612660604,0.898,0,0,0,0,-0.962
1619612660624,0.901,0,0,0,0,-1.004
1619612660644,0.905,0,0,0,0,-1.013
1619612660664,0.925,0,0,0,0,-0.969
1619612660684,0.888,0,0,0,0,-0.929
1619612660704,0.908,0,0,0,0,-0.891
1619612660724,0.905,0,0,0,0,-0.848
1619612660744,0.918,0,0,0,0,-0.866
1619612660764,0.915,0,0,0,0,-0.829
1619612660784,0.915,0,0,0,0,-0.829
1619612660804,0.929,0,0,0,0,-0.823
1619612660824,0.888,0,0,0,0,-0.872
1619612660844,0.905,0,0,0,0,-0.908
1619612660864,0.915,0,0,0,0,-0.922
1619612660884,0.908,0,0,0,0,-0.958
1619612660904,0.912,0,0,0,0,-0.927
1619612660924,0.908,0,0,0,0,-0.895
1619612660944,0.939,0,0,0,0,-0.919
1619612660964,0.871,0,0,0,0,-0.897
1619612660984,0.912,0,0,0,0,-0.921
1619612661004,0.908,0,0,0,0,-0.959
1619612661024,0.915,0,0,0,0,-0.95
1619612661044,0.898,0,0,0,0,-0.927
1619612661064,0.898,0,0,0,0,-0.927
1619612661084,0.901,0,0,0,0,-0.961
1619612661104,0.942,0,0,0,0,-0.957
1619612661124,0.871,0,0,0,0,-0.928
1619612661144,0.908,0,0,0,0,-0.95
1619612661164,0.908,0,0,0,0,-0.951
1619612661185,0.905,0,0,0,0,-0.943
1619612661204,0.898,0,0,0,0,-0.926
1619612661224,0.946,0,0,0,0,-0.917
1619612661244,0.864,0,0,0,0,-0.945
1619612661264,0.912,0,0,0,0,-0.962
1619612661284,0.912,0,0,0,0,-0.961
1619612661304,0.908,0,0,0,0,-0.96
1619612661324,0.908,0,0,0,0,-0.96
1619612661344,0.908,0,0,0,0,-0.973
1619612661364,0.915,0,0,0,0,-1.027
1619612661385,0.905,0,0,0,0,-1.034
1619612661404,0.915,0,0,0,0,-1.01
1619612661424,0.905,0,0,0,0,-0.975
1619612661444,0.915,0,0,0,0,-0.957
1619612661464,0.912,0,0,0,0,-0.915
1619612661485,0.925,0,0,0,0,-0.935
1619612661504,0.901,0,0,0,0,-0.92
1619612661524,0.908,0,0,0,0,-0.907
1619612661544,0.925,0,0,0,0,-0.926
1619612661564,0.912,0,0,0,0,-0.889
1619612661584,0.912,0,0,0,0,-0.889
1619612661604,0.915,0,0,0,0,-0.865
1619612661624,0.932,0,0,0,0,-0.896
1619612661644,0.888,0,0,0,0,-0.883
1619612661664,0.915,0,0,0,0,-0.9
1619612661684,0.912,0,0,0,0,-0.908
1619612661704,0.915,0,0,0,0,-0.891
1619612661724,0.905,0,0,0,0,-0.927
1619612661744,0.935,0,0,0,0,-0.995
1619612661764,0.891,0,0,0,0,-1.002
1619612661784,0.912,0,0,0,0,-1.015
1619612661804,0.915,0,0,0,0,-0.978
1619612661824,0.912,0,0,0,0,-0.932
1619612661844,0.912,0,0,0,0,-0.932
1619612661864,0.918,0,0,0,0,-0.92
1619612661884,0.905,0,0,0,0,-0.92
1619612661904,0.946,0,0,0,0,-0.908
1619612661924,0.881,0,0,0,0,-0.902
1619612661944,0.918,0,0,0,0,-0.87
1619612661964,0.922,0,0,0,0,-0.894
1619612661984,0.918,0,0,0,0,-0.902
1619612662004,0.922,0,0,0,0,-0.901
1619612662024,0.918,0,0,0,0,-0.896
1619612662044,0.956,0,0,0,0,-0.933
1619612662064,0.881,0,0,0,0,-0.924
1619612662084,0.922,0,0,0,0,-0.959
1619612662104,0.918,0,0,0,0,-0.964
1619612662124,0.918,0,0,0,0,-0.964
1619612662144,0.922,0,0,0,0,-0.973
1619612662164,0.915,0,0,0,0,-0.954
1619612662184,0.949,0,0,0,0,-0.991
1619612662204,0.884,0,0,0,0,-0.999
1619612662224,0.918,0,0,0,0,-0.979
1619612662244,0.922,0,0,0,0,-0.946
1619612662264,0.922,0,0,0,0,-0.931
1619612662284,0.922,0,0,0,0,-0.917
1619612662304,0.922,0,0,0,0,-0.885
1619612662324,0.915,0,0,0,0,-0.928
1619612662344,0.922,0,0,0,0,-0.969
1619612662364,0.918,0,0,0,0,-0.965
1619612662384,0.918,0,0,0,0,-0.965
1619612662404,0.929,0,0,0,0,-0.976
1619612662424,0.912,0,0,0,0,-0.951
1619612662444,0.929,0,0,0,0,-0.938
1619612662464,0.908,0,0,0,0,-0.989
1619612662484,0.915,0,0,0,0,-1.009
1619612662504,0.922,0,0,0,0,-0.983
1619612662524,0.918,0,0,0,0,-1.003
1619612662544,0.922,0,0,0,0,-0.99
1619612662564,0.932,0,0,0,0,-0.972
1619612662584,0.908,0,0,0,0,-0.971
1619612662604,0.915,0,0,0,0,-0.949
1619612662624,0.922,0,0,0,0,-0.902
1619612662644,0.922,0,0,0,0,-0.902
1619612662664,0.922,0,0,0,0,-0.858
1619612662684,0.908,0,0,0,0,-0.844
1619612662704,0.935,0,0,0,0,-0.884
1619612662724,0.898,0,0,0,0,-0.902
1619612662744,0.922,0,0,0,0,-0.935
1619612662764,0.915,0,0,0,0,-0.98
1619612662784,0.918,0,0,0,0,-0.998
1619612662814,0.915,0,0,0,0,-1.022
1619612662824,0.915,0,0,0,0,-1.066
1619612662844,0.939,0,0,0,0,-1.13
1619612662864,0.888,0,0,0,0,-1.169
1619612662884,0.908,0,0,0,0,-1.18
1619612662904,0.912,0,0,0,0,-1.176
1619612662924,0.922,0,0,0,0,-1.202
1619612662944,0.922,0,0,0,0,-1.202
1619612662964,0.918,0,0,0,0,-1.155
1619612662984,0.922,0,0,0,0,-1.074
1619612663005,0.956,0,0,0,0,-1.049
1619612663024,0.884,0,0,0,0,-0.974
1619612663044,0.932,0,0,0,0,-0.903
1619612663064,0.925,0,0,0,0,-0.847
1619612663084,0.925,0,0,0,0,-0.834
1619612663105,0.918,0,0,0,0,-0.848
1619612663124,0.963,0,0,0,0,-0.895
1619612663144,0.888,0,0,0,0,-0.86
1619612663164,0.888,0,0,0,0,-0.86
1619612663184,0.929,0,0,0,0,-0.863
1619612663204,0.922,0,0,0,0,-0.893
1619612663224,0.918,0,0,0,0,-0.908
1619612663244,0.942,0,0,0,0,-0.961
1619612663264,0.888,0,0,0,0,-0.943
1619612663284,0.922,0,0,0,0,-0.902
1619612663304,0.915,0,0,0,0,-0.9
1619612663324,0.918,0,0,0,0,-0.908
1619612663344,0.918,0,0,0,0,-0.922
1619612663364,0.915,0,0,0,0,-0.909
1619612663384,0.915,0,0,0,0,-0.88
1619612663405,0.915,0,0,0,0,-0.88
1619612663424,0.918,0,0,0,0,-0.895
1619612663444,0.918,0,0,0,0,-0.903
1619612663464,0.915,0,0,0,0,-0.88
1619612663484,0.932,0,0,0,0,-0.876
1619612663505,0.898,0,0,0,0,-0.87
1619612663524,0.915,0,0,0,0,-0.905
1619612663544,0.912,0,0,0,0,-0.964
1619612663564,0.908,0,0,0,0,-0.977
1619612663584,0.912,0,0,0,0,-1.003
1619612663604,0.935,0,0,0,0,-1.03
1619612663624,0.895,0,0,0,0,-0.988
1619612663644,0.915,0,0,0,0,-0.951
1619612663664,0.915,0,0,0,0,-0.945
1619612663684,0.915,0,0,0,0,-0.945
1619612663705,0.918,0,0,0,0,-0.897
1619612663724,0.925,0,0,0,0,-0.888
1619612663744,0.925,0,0,0,0,-0.89
1619612663764,0.952,0,0,0,0,-0.846
1619612663784,0.915,0,0,0,0,-0.876
1619612663804,0.891,0,0,0,0,-0.899
1619612663824,0.922,0,0,0,0,-0.901
1619612663844,0.929,0,0,0,0,-0.911
1619612663864,0.901,0,0,0,0,-0.896
1619612663884,0.918,0,0,0,0,-0.909
1619612663904,0.952,0,0,0,0,-0.98
1619612663924,0.908,0,0,0,0,-1.008
1619612663944,0.884,0,0,0,0,-1.002
1619612663964,0.918,0,0,0,0,-1.014
1619612663984,0.918,0,0,0,0,-1.014
1619612664004,0.918,0,0,0,0,-1.018
1619612664024,0.915,0,0,0,0,-0.959
1619612664044,0.905,0,0,0,0,-0.921
1619612664064,0.942,0,0,0,0,-0.89
1619612664084,0.867,0,0,0,0,-0.891
1619612664104,0.908,0,0,0,0,-0.892
1619612664124,0.905,0,0,0,0,-0.863
1619612664144,0.905,0,0,0,0,-0.85
1619612664164,0.905,0,0,0,0,-0.845
1619612664184,0.915,0,0,0,0,-0.825
1619612664204,0.905,0,0,0,0,-0.856
1619612664224,0.908,0,0,0,0,-0.871
1619612664244,0.908,0,0,0,0,-0.871
1619612664264,0.908,0,0,0,0,-0.895
1619612664284,0.901,0,0,0,0,-0.901
1619612664304,0.898,0,0,0,0,-0.871
1619612664324,0.915,0,0,0,0,-0.858
1619612664344,0.898,0,0,0,0,-0.854
1619612664364,0.898,0,0,0,0,-0.832
1619612664384,0.905,0,0,0,0,-0.766
1619612664404,0.905,0,0,0,0,-0.747
1619612664424,0.912,0,0,0,0,-0.78
1619612664444,0.925,0,0,0,0,-0.825
1619612664464,0.891,0,0,0,0,-0.806
1619612664484,0.908,0,0,0,0,-0.771
1619612664504,0.908,0,0,0,0,-0.771
1619612664524,0.908,0,0,0,0,-0.771
1619612664544,0.915,0,0,0,0,-0.797
1619612664564,0.915,0,0,0,0,-0.836
1619612664584,0.929,0,0,0,0,-0.852
1619612664604,0.898,0,0,0,0,-0.866
1619612664624,0.908,0,0,0,0,-0.913
1619612664644,0.908,0,0,0,0,-0.978
1619612664664,0.912,0,0,0,0,-0.964
1619612664684,0.918,0,0,0,0,-1.006
1619612664704,0.912,0,0,0,0,-1.02
1619612664724,0.925,0,0,0,0,-0.973
1619612664744,0.895,0,0,0,0,-0.964
1619612664764,0.898,0,0,0,0,-0.949
1619612664784,0.898,0,0,0,0,-0.949
1619612664804,0.915,0,0,0,0,-0.968
1619612664824,0.908,0,0,0,0,-0.994
1619612664844,0.912,0,0,0,0,-0.99
1619612664864,0.918,0,0,0,0,-0.994
1619612664884,0.946,0,0,0,0,-0.929
1619612664904,0.874,0,0,0,0,-0.868
1619612664924,0.918,0,0,0,0,-0.859
1619612664944,0.915,0,0,0,0,-0.905
1619612664964,0.915,0,0,0,0,-0.912
1619612664984,0.905,0,0,0,0,-0.928
1619612665004,0.918,0,0,0,0,-0.918
1619612665024,0.946,0,0,0,0,-0.943
1619612665044,0.881,0,0,0,0,-1.021
1619612665064,0.881,0,0,0,0,-1.021
1619612665084,0.908,0,0,0,0,-0.99
1619612665104,0.918,0,0,0,0,-0.95
1619612665124,0.915,0,0,0,0,-0.92
1619612665144,0.925,0,0,0,0,-0.907
1619612665164,0.918,0,0,0,0,-0.924
1619612665184,0.918,0,0,0,0,-0.975
1619612665204,0.918,0,0,0,0,-0.956
1619612665224,0.922,0,0,0,0,-0.932
1619612665244,0.922,0,0,0,0,-0.93
1619612665264,0.915,0,0,0,0,-0.927
1619612665284,0.915,0,0,0,0,-0.907
1619612665304,0.908,0,0,0,0,-0.897
1619612665325,0.908,0,0,0,0,-0.897
1619612665344,0.915,0,0,0,0,-0.879
1619612665364,0.929,0,0,0,0,-0.884
1619612665384,0.905,0,0,0,0,-0.912
1619612665404,0.918,0,0,0,0,-0.895
1619612665426,0.932,0,0,0,0,-0.938
1619612665444,0.898,0,0,0,0,-1.002
1619612665464,0.918,0,0,0,0,-0.999
1619612665484,0.915,0,0,0,0,-0.977
1619612665504,0.918,0,0,0,0,-0.954
1619612665524,0.912,0,0,0,0,-0.944
1619612665544,0.935,0,0,0,0,-0.914
1619612665564,0.898,0,0,0,0,-0.89
1619612665584,0.898,0,0,0,0,-0.89
1619612665604,0.918,0,0,0,0,-0.904
1619612665625,0.918,0,0,0,0,-0.923
1619612665646,0.922,0,0,0,0,-0.89
1619612665664,0.925,0,0,0,0,-0.906
1619612665684,0.925,0,0,0,0,-0.908
1619612665704,0.942,0,0,0,0,-0.909
1619612665724,0.895,0,0,0,0,-0.912
1619612665744,0.922,0,0,0,0,-0.9
1619612665764,0.922,0,0,0,0,-0.925
1619612665784,0.918,0,0,0,0,-0.94
1619612665804,0.922,0,0,0,0,-0.948
1619612665825,0.918,0,0,0,0,-0.984
1619612665844,0.946,0,0,0,0,-1.039
1619612665864,0.884,0,0,0,0,-1.058
1619612665884,0.884,0,0,0,0,-1.058
1619612665904,0.922,0,0,0,0,-1.052
1619612665924,0.918,0,0,0,0,-1.048
1619612665944,0.918,0,0,0,0,-1.06
1619612665964,0.918,0,0,0,0,-1.07
1619612665984,0.918,0,0,0,0,-1.079
1619612666004,0.956,0,0,0,0,-1.044
1619612666025,0.881,0,0,0,0,-1.04
1619612666044,0.918,0,0,0,0,-0.986
1619612666064,0.922,0,0,0,0,-0.967
1619612666084,0.925,0,0,0,0,-0.917
1619612666104,0.918,0,0,0,0,-0.874
1619612666124,0.946,0,0,0,0,-0.814
1619612666144,0.946,0,0,0,0,-0.814
1619612666164,0.925,0,0,0,0,-0.802
1619612666184,0.925,0,0,0,0,-0.823
1619612666204,0.918,0,0,0,0,-0.827
1619612666224,0.922,0,0,0,0,-0.871
1619612666244,0.922,0,0,0,0,-0.888
1619612666264,0.918,0,0,0,0,-0.94
1619612666284,0.908,0,0,0,0,-0.981
1619612666304,0.918,0,0,0,0,-0.986
1619612666324,0.918,0,0,0,0,-1.019
1619612666344,0.912,0,0,0,0,-1.011
1619612666364,0.912,0,0,0,0,-1.016
1619612666384,0.925,0,0,0,0,-1.035
1619612666404,0.925,0,0,0,0,-1.035
1619612666424,0.908,0,0,0,0,-1.018
1619612666444,0.915,0,0,0,0,-1.009
1619612666464,0.912,0,0,0,0,-1.035
1619612666484,0.915,0,0,0,0,-1.028
1619612666504,0.915,0,0,0,0,-1.023
1619612666524,0.932,0,0,0,0,-1.017
1619612666544,0.891,0,0,0,0,-0.997
1619612666564,0.935,0,0,0,0,-0.96
1619612666584,0.898,0,0,0,0,-0.932
1619612666604,0.918,0,0,0,0,-0.93
1619612666624,0.918,0,0,0,0,-0.927
1619612666644,0.922,0,0,0,0,-0.927
1619612666664,0.932,0,0,0,0,-0.949
1619612666684,0.932,0,0,0,0,-0.949
1619612666704,0.891,0,0,0,0,-0.959
1619612666724,0.912,0,0,0,0,-0.961
1619612666744,0.912,0,0,0,0,-0.973
1619612666764,0.918,0,0,0,0,-0.995
1619612666784,0.915,0,0,0,0,-0.999
1619612666804,0.915,0,0,0,0,-0.986
1619612666824,0.949,0,0,0,0,-0.979
1619612666844,0.881,0,0,0,0,-0.996
1619612666864,0.915,0,0,0,0,-0.964
1619612666884,0.922,0,0,0,0,-0.937
1619612666904,0.922,0,0,0,0,-0.925
1619612666924,0.918,0,0,0,0,-0.91
1619612666944,0.959,0,0,0,0,-0.908
1619612666964,0.959,0,0,0,0,-0.908
1619612666984,0.871,0,0,0,0,-0.922
1619612667004,0.918,0,0,0,0,-0.948
1619612667024,0.922,0,0,0,0,-0.948
1619612667044,0.915,0,0,0,0,-0.954
1619612667064,0.915,0,0,0,0,-0.96
1619612667084,0.912,0,0,0,0,-0.96
1619612667104,0.918,0,0,0,0,-0.963
1619612667124,0.915,0,0,0,0,-0.947
1619612667144,0.915,0,0,0,0,-0.914
1619612667164,0.915,0,0,0,0,-0.881
1619612667184,0.908,0,0,0,0,-0.866
1619612667204,0.915,0,0,0,0,-0.85
1619612667224,0.915,0,0,0,0,-0.85
1619612667244,0.901,0,0,0,0,-0.888
1619612667264,0.905,0,0,0,0,-0.872
1619612667284,0.901,0,0,0,0,-0.881
1619612667304,0.912,0,0,0,0,-0.903
1619612667324,0.901,0,0,0,0,-0.91
1619612667344,0.922,0,0,0,0,-0.895
1619612667364,0.895,0,0,0,0,-0.879
1619612667384,0.901,0,0,0,0,-0.835
1619612667404,0.905,0,0,0,0,-0.862
1619612667424,0.905,0,0,0,0,-0.924
1619612667444,0.915,0,0,0,0,-0.934
1619612667464,0.932,0,0,0,0,-0.898
1619612667484,0.932,0,0,0,0,-0.898
1619612667504,0.895,0,0,0,0,-0.928
1619612667524,0.912,0,0,0,0,-0.982
1619612667544,0.918,0,0,0,0,-0.983
1619612667564,0.925,0,0,0,0,-0.908
1619612667584,0.908,0,0,0,0,-0.877
1619612667604,0.915,0,0,0,0,-0.873
1619612667624,0.939,0,0,0,0,-0.886
1619612667644,0.891,0,0,0,0,-0.917
1619612667664,0.915,0,0,0,0,-0.895
1619612667684,0.912,0,0,0,0,-0.878
1619612667704,0.918,0,0,0,0,-0.903
1619612667724,0.912,0,0,0,0,-0.96
1619612667745,0.915,0,0,0,0,-0.965
1619612667764,0.946,0,0,0,0,-0.973
1619612667784,0.946,0,0,0,0,-0.973
1619612667804,0.878,0,0,0,0,-0.941
1619612667824,0.905,0,0,0,0,-0.896
1619612667844,0.918,0,0,0,0,-0.909
1619612667864,0.915,0,0,0,0,-0.913
1619612667884,0.912,0,0,0,0,-0.918
1619612667904,0.915,0,0,0,0,-0.947
1619612667924,0.949,0,0,0,0,-0.975
1619612667944,0.874,0,0,0,0,-0.964
1619612667964,0.901,0,0,0,0,-0.983
1619612667984,0.915,0,0,0,0,-0.969
1619612668004,0.922,0,0,0,0,-0.96
1619612668024,0.912,0,0,0,0,-0.973
1619612668045,0.915,0,0,0,0,-0.965
1619612668064,0.915,0,0,0,0,-0.965
1619612668084,0.918,0,0,0,0,-0.974
1619612668104,0.912,0,0,0,0,-0.999
1619612668124,0.918,0,0,0,0,-1.006
1619612668146,0.922,0,0,0,0,-1.039
1619612668164,0.915,0,0,0,0,-1
1619612668184,0.942,0,0,0,0,-0.943
1619612668204,0.898,0,0,0,0,-0.927
1619612668224,0.918,0,0,0,0,-0.904
1619612668244,0.925,0,0,0,0,-0.881
1619612668264,0.922,0,0,0,0,-0.916
1619612668284,0.918,0,0,0,0,-0.92
1619612668304,0.932,0,0,0,0,-0.868
1619612668324,0.932,0,0,0,0,-0.868
1619612668344,0.908,0,0,0,0,-0.861
1619612668364,0.918,0,0,0,0,-0.861
1619612668384,0.925,0,0,0,0,-0.904
1619612668404,0.918,0,0,0,0,-0.878
1619612668424,0.915,0,0,0,0,-0.849
1619612668445,0.932,0,0,0,0,-0.873
1619612668464,0.895,0,0,0,0,-0.938
1619612668484,0.918,0,0,0,0,-0.96
1619612668504,0.918,0,0,0,0,-0.972
