1619609933533 -0.296650 0.200000 0.000000
1619609933634 -0.296650 0.200000 0.000000
1619609933735 -0.296650 0.200000 0.000000
1619609933836 -0.296650 0.200000 0.000000
1619609933936 -0.296650 0.200000 0.000000
1619609934037 -0.296650 0.200000 0.000000
1619609934138 -0.296650 0.200000 0.000000
1619609934239 -0.296650 0.200000 0.000000
1619609934340 -0.296650 0.200000 0.000000
1619609934441 -0.296650 0.200000 0.000000
1619609934541 -0.296650 0.200000 0.000000
1619609934642 -0.296650 0.200000 0.000000
1619609934743 -0.296650 0.200000 0.000000
1619609934844 -0.296650 0.200000 0.000000
1619609934945 -0.296650 0.200000 0.000000
1619609935045 -0.296650 0.200000 0.000000
1619609935146 -0.296650 0.200000 0.000000
1619609935247 -0.296650 0.200000 0.000000
1619609935348 -0.296650 0.200000 0.000000
1619609935449 -0.296650 0.200000 0.000000
1619609935550 -0.296650 0.200000 0.000000
1619609935650 -0.296650 0.200000 0.000000
1619609935751 -0.296650 0.200000 0.000000
1619609935852 -0.296650 0.200000 0.000000
1619609935953 -0.296650 0.200000 0.000000
1619609936054 -0.296650 0.200000 0.000000
1619609936155 -0.296650 0.200000 0.000000
1619609936255 -0.296650 0.200000 0.000000
1619609936356 -0.296650 0.200000 0.000000
1619609936457 -0.296650 0.200000 0.000000
1619609936558 -0.296650 0.200000 0.000000
1619609936659 -0.296650 0.200000 0.000000
1619609936760 -0.296650 0.200000 0.000000
1619609936860 -0.296650 0.200000 0.000000
1619609936961 -0.296650 0.200000 0.000000
1619609937062 -0.296650 0.200000 0.000000
1619609937163 -0.296650 0.200000 0.000000
1619609937264 -0.296650 0.200000 0.000000
1619609937365 -0.296650 0.200000 0.000000
1619609937466 -0.296650 0.200000 0.000000
1619609937567 -0.296650 0.200000 0.000000
1619609937668 -0.296650 0.200000 0.000000
1619609937768 -0.296650 0.200000 0.000000
1619609937869 -0.296650 0.200000 0.000000
1619609937970 -0.296650 0.200000 0.000000
1619609938071 -0.296650 0.200000 0.000000
1619609938171 -0.296650 0.200000 0.000000
1619609938272 -0.296650 0.200000 0.000000
1619609938373 -0.296650 0.200000 0.000000
1619609938474 -0.296650 0.200000 0.000000
1619609938575 -0.296650 0.200000 0.000000
1619609938676 -0.296650 0.200000 0.000000
1619609938777 -0.296650 0.200000 0.000000
1619609938880 -0.296650 0.200000 0.000000
1619609938981 -0.296650 0.200000 0.000000
1619609939082 -0.296650 0.200000 0.000000
1619609939183 -0.296650 0.200000 0.000000
1619609939283 -0.296650 0.200000 0.000000
1619609939384 -0.296650 0.200000 0.000000
1619609939485 -0.296650 0.200000 0.000000
1619609939586 -0.296650 0.200000 0.000000
1619609939687 -0.296650 0.200000 0.000000
1619609939788 -0.296650 0.200000 0.000000
1619609939888 -0.296650 0.200000 0.000000
1619609939989 -0.296650 0.200000 0.000000
1619609940090 -0.296650 0.200000 0.000000
1619609940191 -0.296650 0.200000 0.000000
1619609940292 -0.296650 0.200000 0.000000
1619609940392 -0.296650 0.200000 0.000000
1619609940493 -0.296650 0.200000 0.000000
1619609940594 -0.296650 0.200000 0.000000
1619609940695 -0.296650 0.200000 0.000000
1619609940796 -0.296650 0.200000 0.000000
1619609940897 -0.296650 0.200000 0.000000
1619609940998 -0.296650 0.200000 0.000000
1619609941099 -0.296650 0.200000 0.000000
1619609941200 -0.296650 0.200000 0.000000
1619609941301 -0.296650 0.200000 0.000000
1619609941402 -0.296650 0.200000 0.000000
1619609941502 -0.296650 0.200000 0.000000
1619609941603 -0.296650 0.200000 0.000000
1619609941704 -0.296650 0.200000 0.000000
1619609941805 -0.296650 0.200000 0.000000
1619609941906 -0.296650 0.200000 0.000000
1619609942006 -0.296650 0.200000 0.000000
1619609942107 -0.296650 0.200000 0.000000
1619609942208 -0.296650 0.200000 0.000000
1619609942309 -0.296650 0.200000 0.000000
1619609942410 -0.296650 0.200000 0.000000
1619609942511 -0.296650 0.200000 0.000000
1619609942612 -0.296650 0.200000 0.000000
1619609942712 -0.296650 0.200000 0.000000
1619609942813 -0.296650 0.200000 0.000000
1619609942914 -0.296650 0.200000 0.000000
1619609943015 -0.296650 0.200000 0.000000
1619609943116 -0.296650 0.200000 0.000000
1619609943217 -0.296650 0.200000 0.000000
1619609943318 -0.296650 0.200000 0.000000
1619609943419 -0.296650 0.200000 0.000000
1619609943520 -0.296650 0.200000 0.000000
1619609943620 -0.296650 0.200000 0.000000
1619609943721 -0.296650 0.200000 0.000000
1619609943822 -0.296650 0.200000 0.000000
1619609943923 -0.296650 0.200000 0.000000
1619609944024 -0.296650 0.200000 0.000000
1619609944125 -0.296650 0.200000 0.000000
1619609944225 -0.296650 0.200000 0.000000
1619609944326 -0.296650 0.200000 0.000000
1619609944427 -0.296650 0.200000 0.000000
1619609944528 -0.296650 0.200000 0.000000
1619609944629 -0.296650 0.200000 0.000000
1619609944730 -0.296650 0.200000 0.000000
1619609944831 -0.296650 0.200000 0.000000
1619609944931 -0.296650 0.200000 0.000000
1619609945032 -0.296650 0.200000 0.000000
1619609945133 -0.296650 0.200000 0.000000
1619609945234 -0.296650 0.200000 0.000000
1619609945335 -0.296650 0.200000 0.000000
1619609945436 -0.296650 0.200000 0.000000
1619609945537 -0.296650 0.200000 0.000000
1619609945638 -0.296650 0.200000 0.000000
1619609945738 -0.296650 0.200000 0.000000
1619609945839 -0.296650 0.200000 0.000000
1619609945940 -0.296650 0.200000 0.000000
1619609946041 -0.296650 0.200000 0.000000
1619609946142 -0.296650 0.200000 0.000000
1619609946243 -0.296650 0.200000 0.000000
1619609946343 -0.296650 0.200000 0.000000
1619609946444 -0.296650 0.200000 0.000000
1619609946545 -0.296650 0.200000 0.000000
1619609946646 -0.296650 0.200000 0.000000
1619609946747 -0.296650 0.200000 0.000000
1619609946848 -0.296650 0.200000 0.000000
1619609946948 -0.296650 0.200000 0.000000
1619609947049 -0.296650 0.200000 0.000000
1619609947150 -0.296650 0.200000 0.000000
1619609947251 -0.296650 0.200000 0.000000
1619609947352 -0.296650 0.200000 0.000000
1619609947452 -0.296650 0.200000 0.000000
1619609947553 -0.296650 0.200000 0.000000
1619609947654 -0.296650 0.200000 0.000000
1619609947755 -0.296650 0.200000 0.000000
1619609947856 -0.296650 0.200000 0.000000
1619609947957 -0.296650 0.200000 0.000000
1619609948059 -0.296650 0.200000 0.000000
1619609948160 -0.296650 0.200000 0.000000
1619609948261 -0.296650 0.200000 0.000000
1619609948361 -0.296650 0.200000 0.000000
1619609948462 -0.296650 0.200000 0.000000
1619609948563 -0.296650 0.200000 0.000000
1619609948664 -0.296650 0.200000 0.000000
1619609948765 -0.296650 0.200000 0.000000
1619609948865 -0.296650 0.200000 0.000000
1619609948966 -0.296650 0.200000 0.000000
1619609949067 -0.296650 0.200000 0.000000
1619609949168 -0.296650 0.200000 0.000000
1619609949269 -0.296650 0.200000 0.000000
1619609949370 -0.296650 0.200000 0.000000
1619609949470 -0.296650 0.200000 0.000000
1619609949571 -0.296650 0.200000 0.000000
1619609949672 -0.296650 0.200000 0.000000
1619609949773 -0.296650 0.200000 0.000000
1619609949874 -0.296650 0.200000 0.000000
1619609949975 -0.296650 0.200000 0.000000
1619609950076 -0.296650 0.200000 0.000000
1619609950177 -0.296650 0.200000 0.000000
1619609950278 -0.296650 0.200000 0.000000
1619609950379 -0.296650 0.200000 0.000000
1619609950480 -0.296650 0.200000 0.000000
1619609950580 -0.296650 0.200000 0.000000
1619609950681 -0.296650 0.200000 0.000000
1619609950782 -0.296650 0.200000 0.000000
1619609950883 -0.296650 0.200000 0.000000
1619609950984 -0.296650 0.200000 0.000000
1619609951085 -0.296650 0.200000 0.000000
1619609951186 -0.296650 0.200000 0.000000
1619609951286 -0.296650 0.200000 0.000000
1619609951387 -0.296650 0.200000 0.000000
1619609951488 -0.296650 0.200000 0.000000
1619609951589 -0.296650 0.200000 0.000000
1619609951690 -0.296650 0.200000 0.000000
1619609951790 -0.296650 0.200000 0.000000
1619609951891 -0.296650 0.200000 0.000000
1619609951992 -0.296650 0.200000 0.000000
1619609952093 -0.296650 0.200000 0.000000
1619609952194 -0.296650 0.200000 0.000000
1619609952295 -0.296650 0.200000 0.000000
1619609952395 -0.296650 0.200000 0.000000
1619609952496 -0.296650 0.200000 0.000000
1619609952597 -0.296650 0.200000 0.000000
1619609952698 -0.296650 0.200000 0.000000
1619609952799 -0.296650 0.200000 0.000000
1619609952900 -0.296650 0.200000 0.000000
1619609953001 -0.296650 0.200000 0.000000
1619609953102 -0.296650 0.200000 0.000000
1619609953202 -0.296650 0.200000 0.000000
1619609953303 -0.296650 0.200000 0.000000
1619609953404 -0.296650 0.200000 0.000000
1619609953505 -0.296650 0.200000 0.000000
1619609953606 -0.296650 0.200000 0.000000
1619609953707 -0.296650 0.200000 0.000000
1619609953807 -0.296650 0.200000 0.000000
1619609953908 -0.296650 0.200000 0.000000
1619609954009 -0.296650 0.200000 0.000000
1619609954110 -0.296650 0.200000 0.000000
1619609954210 -0.296650 0.200000 0.000000
1619609954311 -0.296650 0.200000 0.000000
1619609954412 -0.296650 0.200000 0.000000
1619609954513 -0.296650 0.200000 0.000000
1619609954614 -0.296650 0.200000 0.000000
1619609954715 -0.296650 0.200000 0.000000
1619609954816 -0.296650 0.200000 0.000000
1619609954917 -0.296650 0.200000 0.000000
1619609955018 -0.296650 0.200000 0.000000
1619609955119 -0.296650 0.200000 0.000000
1619609955219 -0.296650 0.200000 0.000000
1619609955320 -0.296650 0.200000 0.000000
1619609955421 -0.296650 0.200000 0.000000
1619609955522 -0.296650 0.200000 0.000000
1619609955623 -0.296650 0.200000 0.000000
1619609955724 -0.296650 0.200000 0.000000
1619609955825 -0.296650 0.200000 0.000000
1619609955925 -0.296650 0.200000 0.000000
1619609956026 -0.296650 0.200000 0.000000
1619609956127 -0.296650 0.200000 0.000000
1619609956228 -0.296650 0.200000 0.000000
1619609956329 -0.296650 0.200000 0.000000
1619609956429 -0.296650 0.200000 0.000000
1619609956530 -0.296650 0.200000 0.000000
1619609956631 -0.296650 0.200000 0.000000
1619609956732 -0.296650 0.200000 0.000000
1619609956833 -0.296650 0.200000 0.000000
1619609956934 -0.296650 0.200000 0.000000
1619609957035 -0.296650 0.200000 0.000000
1619609957136 -0.296650 0.200000 0.000000
1619609957236 -0.296650 0.200000 0.000000
1619609957338 -0.296650 0.200000 0.000000
1619609957439 -0.296650 0.200000 0.000000
1619609957539 -0.296650 0.200000 0.000000
1619609957640 -0.296650 0.200000 0.000000
1619609957741 -0.296650 0.200000 0.000000
1619609957842 -0.296650 0.200000 0.000000
1619609957943 -0.296650 0.200000 0.000000
1619609958044 -0.296650 0.200000 0.000000
1619609958145 -0.296650 0.200000 0.000000
1619609958245 -0.296650 0.200000 0.000000
1619609958346 -0.296650 0.200000 0.000000
1619609958447 -0.296650 0.200000 0.000000
1619609958548 -0.296650 0.200000 0.000000
1619609958649 -0.296650 0.200000 0.000000
1619609958749 -0.296650 0.200000 0.000000
1619609958850 -0.296650 0.200000 0.000000
1619609958951 -0.296650 0.200000 0.000000
1619609959052 -0.296650 0.200000 0.000000
1619609959153 -0.296650 0.200000 0.000000
1619609959254 -0.296650 0.200000 0.000000
1619609959354 -0.296650 0.200000 0.000000
1619609959455 -0.296650 0.200000 0.000000
1619609959556 -0.296650 0.200000 0.000000
1619609959657 -0.296650 0.200000 0.000000
1619609959758 -0.296650 0.200000 0.000000
1619609959859 -0.296650 0.200000 0.000000
1619609959960 -0.296650 0.200000 0.000000
1619609960061 -0.296650 0.200000 0.000000
1619609960161 -0.296650 0.200000 0.000000
1619609960262 -0.296650 0.200000 0.000000
1619609960363 -0.296650 0.200000 0.000000
1619609960464 -0.296650 0.200000 0.000000
1619609960565 -0.296650 0.200000 0.000000
1619609960666 -0.296650 0.200000 0.000000
1619609960766 -0.296650 0.200000 0.000000
1619609960867 -0.296650 0.200000 0.000000
1619609960968 -0.296650 0.200000 0.000000
1619609961069 -0.296650 0.200000 0.000000
1619609961170 -0.296650 0.200000 0.000000
1619609961271 -0.296650 0.200000 0.000000
1619609961371 -0.296650 0.200000 0.000000
1619609961472 -0.296650 0.200000 0.000000
1619609961573 -0.296650 0.200000 0.000000
1619609961674 -0.296650 0.200000 0.000000
1619609961775 -0.296650 0.200000 0.000000
1619609961876 -0.296650 0.200000 0.000000
1619609961976 -0.296650 0.200000 0.000000
1619609962077 -0.296650 0.200000 0.000000
1619609962178 -0.296650 0.200000 0.000000
1619609962279 -0.296650 0.200000 0.000000
1619609962380 -0.296650 0.200000 0.000000
1619609962481 -0.296650 0.200000 0.000000
1619609962582 -0.296650 0.200000 0.000000
1619609962683 -0.296650 0.200000 0.000000
1619609962784 -0.296650 0.200000 0.000000
1619609962885 -0.296650 0.200000 0.000000
1619609962988 -0.296650 0.200000 0.000000
1619609963091 -0.296650 0.200000 0.000000
1619609963192 -0.296650 0.200000 0.000000
1619609963293 -0.296650 0.200000 0.000000
1619609963394 -0.296650 0.200000 0.000000
1619609963498 -0.296650 0.200000 0.000000
1619609963599 -0.296650 0.200000 0.000000
1619609963700 -0.296650 0.200000 0.000000
1619609963800 -0.296650 0.200000 0.000000
1619609963901 -0.296650 0.200000 0.000000
1619609964002 -0.296650 0.200000 0.000000
1619609964103 -0.296650 0.200000 0.000000
1619609964204 -0.296650 0.200000 0.000000
1619609964305 -0.296650 0.200000 0.000000
1619609964405 -0.296650 0.200000 0.000000
1619609964506 -0.296650 0.200000 0.000000
1619609964607 -0.296650 0.200000 0.000000
1619609964708 -0.296650 0.200000 0.000000
1619609964809 -0.296650 0.200000 0.000000
1619609964910 -0.296650 0.200000 0.000000
1619609965010 -0.296650 0.200000 0.000000
1619609965111 -0.296650 0.200000 0.000000
1619609965212 -0.296650 0.200000 0.000000
1619609965313 -0.296650 0.200000 0.000000
1619609965414 -0.296650 0.200000 0.000000
1619609965515 -0.296650 0.200000 0.000000
1619609965616 -0.296650 0.200000 0.000000
1619609965717 -0.296650 0.200000 0.000000
1619609965818 -0.296650 0.200000 0.000000
1619609965919 -0.296650 0.200000 0.000000
1619609966020 -0.296650 0.200000 0.000000
1619609966121 -0.296650 0.200000 0.000000
1619609966221 -0.296650 0.200000 0.000000
1619609966322 -0.296650 0.200000 0.000000
1619609966423 -0.296650 0.200000 0.000000
1619609966524 -0.296650 0.200000 0.000000
1619609966625 -0.296650 0.200000 0.000000
1619609966725 -0.296650 0.200000 0.000000
1619609966826 -0.296650 0.200000 0.000000
1619609966927 -0.296650 0.200000 0.000000
1619609967028 -0.296650 0.200000 0.000000
1619609967129 -0.296650 0.200000 0.000000
1619609967230 -0.296650 0.200000 0.000000
1619609967330 -0.296650 0.200000 0.000000
1619609967431 -0.296650 0.200000 0.000000
1619609967532 -0.296650 0.200000 0.000000
1619609967633 -0.296650 0.200000 0.000000
1619609967734 -0.296650 0.200000 0.000000
1619609967835 -0.296650 0.200000 0.000000
1619609967935 -0.296650 0.200000 0.000000
1619609968036 -0.296650 0.200000 0.000000
1619609968137 -0.296650 0.200000 0.000000
1619609968238 -0.296650 0.200000 0.000000
