1619610693504,-2.77248,-0.30645,18.828,0.01421,-0.0691,-0.98187
1619610693524,6.53617,-0.58418,10.75475,-0.04863,-0.05206,-0.96909
1619610693544,-0.60812,-1.52271,17.39626,0.1218,0.0193,-1.06602
1619610693564,-3.30399,3.68228,18.37789,-0.16368,-0.08828,-1.07987
1619610693584,6.2728,-0.06224,15.93101,0.0483,-0.07337,-1.01702
1619610693604,-10.46744,0.6991,19.12967,0.01421,0.16205,-1.09479
1619610693624,2.71023,-3.21301,11.6023,-0.04757,-0.21291,-1.05644
1619610693644,0.45968,-0.50278,12.64138,0.04936,0.14181,-1.15018
1619610693664,4.31914,3.14119,13.65173,-0.00389,-0.02436,-1.11396
1619610693684,-0.43095,1.16358,12.52646,0.04191,0.02569,-1.09372
1619610693704,-0.44053,-3.19386,14.08269,0.11861,0.00652,-1.06496
1619610693724,2.16914,-3.4237,9.33259,-0.03159,-0.06058,-1.02981
1619610693744,2.30322,-2.97838,15.08347,0.01208,0.03635,-1.10118
1619610693764,-3.71101,6.89051,3.39497,-0.06461,-0.14793,-1.05644
1619610693784,0.20111,0.91458,7.62313,0.05469,0.12476,-1.16083
1619610693804,-0.8236,6.22971,7.15387,0.03019,-0.08615,-1.12461
1619610693824,-4.73573,8.61912,7.85777,0.00249,-0.0691,-1.08946
1619610693844,-3.07415,2.50912,10.81221,-0.01561,0.00119,-1.13314
1619610693864,-8.06367,7.01501,4.38138,-0.11681,-0.02756,-1.09905
1619610693884,-3.45722,7.59919,6.88572,0.07493,0.02889,-1.05431
1619610693904,-9.15542,9.13627,5.33428,-0.13705,-0.11917,-1.03513
1619610693924,-0.25857,4.23773,-2.16435,-0.0465,0.03635,-1.09479
1619610693944,-6.62236,-1.35511,2.95444,0.04404,-0.08721,-1.04685
1619610693964,-6.72291,3.055,0.4501,-0.03904,-0.13089,-1.02661
1619610693984,-7.19218,4.49152,2.82994,-0.10189,0.00972,-1.09479
1619610694004,-3.7541,1.26413,9.31823,-0.00602,-0.19481,-0.98613
1619610694024,-11.8896,9.65342,1.96803,-0.02946,0.07576,-1.08307
1619610694044,-13.33091,4.46279,6.85699,-0.07526,-0.1735,-1.07455
1619610694064,-0.8236,9.13627,1.93451,0.05682,0.05872,-1.07135
1619610694084,2.78685,6.63672,1.29765,0.04084,0.00332,-1.05644
1619610694104,-9.50498,5.88015,19.6127,0.01208,-0.01265,-0.97974
1619610694124,-1.13964,2.2697,4.44842,0.13458,0.00013,-1.06709
1619610694144,16.4721,-4.07493,15.94059,-0.00815,-0.03608,-1.07987
1619610694164,-3.15076,-1.51313,11.19049,0.03232,0.12689,-1.08094
1619610694184,6.22492,3.86903,11.45386,0.06428,-0.03928,-1.05005
1619610694204,-3.52905,-0.71826,12.31577,0.00462,0.13861,-1.09798
1619610694224,-1.68072,3.72537,9.83538,0.0238,-0.09787,-1.0607
1619610694244,5.45878,5.26724,10.53927,-0.04117,-0.01797,-1.10224
1619610694264,0.38307,-2.31758,11.18092,-0.02839,0.05659,-1.14166
1619610694284,2.30801,-3.74931,18.96207,0.13565,-0.00093,-1.11609
1619610694304,0.14844,-7.35977,15.72032,-0.04011,0.04274,-1.06709
1619610694324,0.30166,1.18752,5.68383,-0.01561,-0.04247,-1.00957
1619610694344,-0.33997,-2.87304,18.25339,-0.06781,-0.00519,-1.05324
1619610694364,2.82994,-3.9217,9.95987,0.08026,0.06191,-1.08307
1619610694384,6.20577,-9.19373,7.09162,-0.08805,-0.14048,-1.03407
1619610694404,3.60566,-9.27992,16.28536,0.05149,0.15992,-1.04472
1619610694424,6.31111,-4.19942,13.16332,0.07386,-0.11811,-1.04365
1619610694444,-2.75333,0.44532,13.1298,-0.02306,0.02356,-1.03726
1619610694464,2.04464,-1.21625,15.84003,0.05895,-0.00093,-1.13846
1619610694484,-1.61848,-5.09486,19.6127,-0.04863,0.04167,-1.03939
1619610694504,-0.06224,-3.12682,10.2807,0.08878,-0.03075,-1.00211
1619610694524,-0.51714,5.07091,9.02135,0.01527,-0.01265,-1.10331
1619610694544,-4.05098,-4.44363,13.15374,-0.02626,0.13861,-1.10331
1619610694564,1.24977,-8.916,12.90474,0.04404,-0.05845,-1.04578
1619610694584,-2.72939,-4.4149,8.48026,0.01634,-0.06697,-1.08733
1619610694604,-2.76769,-2.72939,8.05888,0.02167,0.12263,-1.06922
1619610694624,-7.32625,4.06056,11.36288,-0.02626,-0.23529,-0.99252
1619610694644,2.49954,-1.38384,10.25197,0.05469,0.16098,-1.1065
1619610694664,0.4501,-1.41257,11.1474,-0.0465,-0.08189,-1.07242
1619610694684,1.45088,-3.25611,13.07234,0.03232,0.10985,-1.05963
1619610694704,-1.37906,-0.19153,12.14339,-0.01028,0.03528,-0.97335
1619610694724,1.17794,-1.65199,-0.69431,0.0238,-0.0233,-1.01276
1619610694744,-4.06056,4.56334,12.29183,-0.02839,-0.00412,-1.07987
1619610694764,2.89698,-1.14442,9.05008,-0.03798,0.03209,-1.04791
1619610694784,-3.31836,-1.51792,0.56503,0.06641,-0.0755,-1.07881
1619610694804,-0.77572,6.52659,12.16733,0.04297,0.01611,-1.06709
1619610694824,0.52672,11.45386,5.04218,-0.07207,-0.01051,-1.09585
1619610694844,-0.23942,5.2433,0.72783,0.03871,-0.149,-1.06922
1619610694864,2.35589,4.29998,11.79383,-0.01774,-0.05952,-1.10437
1619610694884,-2.41814,9.31823,3.78762,0.14417,0.15459,-1.0053
1619610694904,0.50278,-3.18907,8.01099,-0.17433,-0.14154,-0.92967
1619610694924,-2.49475,3.43807,6.63193,-0.00389,-0.06378,-0.984
1619610694944,-1.74776,-1.3599,7.79552,-0.03052,-0.16391,-1.02661
1619610694944,-5.88015,8.81066,-0.73741,0.02486,-0.04567,-1.05431
1619610694984,-1.8148,5.58327,5.67425,0.03445,-0.03715,-1.03407
1619610695004,-11.79862,1.62326,9.11712,-0.17114,-0.01158,-0.99678
1619610695024,-5.48272,-0.30166,7.2257,0.06428,0.01291,-1.06496
1619610695044,-2.98317,1.53707,-4.06535,0.15269,-0.14048,-1.02661
1619610695064,0.87627,2.0638,12.66532,-0.08059,0.18655,-1.13527
1619610695084,-6.13394,0.21068,13.52724,0.15589,0.07683,-1.05005
1619610695104,-0.29209,0.30166,8.51378,-0.04011,-0.16072,-1.02554
1619610695124,-6.22971,-2.48996,10.99417,0.1463,0.0747,-1.1619
1619610695144,-10.00776,-1.7334,9.79707,-0.11681,-0.13195,-1.05431
1619610695164,-5.95198,5.78918,2.39899,0.272,0.00226,-1.19492
1619610695184,2.21703,0.12449,3.40934,0.09091,0.17696,-1.14485
1619610695204,-1.68072,-1.11569,16.96052,-0.16901,-0.23209,-1.05537
1619610695224,-2.36068,-0.11013,4.80755,0.04297,0.00226,-1.07881
1619610695244,-5.19062,2.30801,11.5592,-0.02733,0.00545,-1.20983
1619610695265,-2.67192,-3.73495,12.21042,-0.01028,-0.07656,-1.11077
1619610695284,3.47638,-9.38048,17.20473,0.00143,0.05233,-1.07348
1619610695304,-6.1914,4.0031,11.56399,0.05789,-0.03715,-1.03407
1619610695324,1.69509,1.43652,13.84327,-0.09657,-0.18096,-1.04472
1619610695344,8.82981,-7.04852,16.03636,0.02806,0.12263,-1.1342
1619610695365,2.15957,2.02549,18.93334,0.02167,0.03102,-1.11396
1619610695384,7.99663,-5.87537,12.04283,-0.10935,-0.0233,-0.99039
1619610695404,1.91536,-1.62805,19.6127,-0.08698,-0.06165,-1.04791
1619610695424,5.2433,-2.27928,3.1364,-0.05289,0.07683,-1.10118
1619610695444,3.80199,-1.53228,18.34437,0.03871,-0.05206,-1.04791
1619610695444,11.71722,-8.79629,17.8368,-0.05076,0.00972,-1.07135
1619610695484,3.62482,-1.22583,10.67335,0.06321,0.04167,-0.96163
1619610695504,5.00388,-1.25935,13.56075,-0.07526,-0.14793,-1.0085
1619610695524,3.61524,2.31758,10.32858,0.0206,0.08535,-1.06815
1619610695544,8.93994,1.40779,11.49216,0.00782,-0.03075,-1.04259
1619610695564,-1.46046,3.19865,15.87834,0.03445,0.02143,-1.04898
1619610695584,1.31681,-0.96725,11.88002,0.03232,0.12903,-0.99785
1619610695604,4.93205,2.82515,6.84741,0.01527,-0.01691,-0.96269
1619610695624,3.25132,-3.69664,10.08916,0.0728,-0.09787,-0.95737
1619610695644,-4.0845,2.03985,3.83072,-0.02626,0.09174,-1.05111
1619610695665,6.27759,-3.52905,5.96635,-0.08592,0.14607,-1.04152
1619610695684,1.08217,5.24809,2.37983,0.08132,-0.02756,-0.99359
1619610695704,5.48751,-1.93451,12.63659,0.05895,-0.09467,-1.033
1619610695724,-0.88106,-5.36301,8.49462,-0.08485,0.11837,-1.12568
1619610695744,-5.37258,5.33428,-1.50355,-0.03585,-0.07443,-1.04046
1619610695764,2.85867,-3.33751,9.4954,0.01101,-0.02649,-1.03407
1619610695784,-5.48751,3.97437,3.97437,0.04297,0.00865,-1.06922
1619610695804,2.90177,2.56179,1.10612,-0.10189,-0.24274,-0.98613
1619610695824,-6.74207,-1.29765,6.68461,0.1953,0.13329,-1.12355
1619610695844,-2.53785,3.6727,3.94085,0.07813,-0.19907,-1.0852
1619610695864,-1.95366,4.0845,4.95599,0.09304,0.10026,-1.08413
1619610695884,-3.57693,1.53228,14.71955,-0.17966,-0.08082,-1.01276
1619610695904,-1.40779,4.10366,1.70946,0.01527,-0.24168,-0.87641
1619610695924,-6.42603,5.87537,4.41011,0.05256,0.21638,-1.10224
1619610695944,-1.35032,5.34385,6.7708,-0.14024,-0.12769,-1.03407
1619610695964,-3.04542,4.21379,9.21288,0.07813,0.19081,-1.01063
1619610695984,3.3854,-2.81079,2.28406,0.03338,-0.02117,-1.02448
1619610696004,1.98718,-4.18985,10.87925,-0.09231,0.05978,-1.04685
1619610696024,-3.50989,0.21547,6.80432,0.11115,0.05978,-1.07029
1619610696044,-1.84832,-0.31603,6.4404,-0.03372,-0.01584,-1.03939
1619610696064,-4.48194,5.46835,6.60799,-0.00176,0.01504,-1.05857
1619610696084,1.39342,4.07014,7.21612,0.08984,-0.00093,-0.96056
1619610696104,-1.90099,-2.90177,17.23825,-0.02839,-0.08508,-1.0053
1619610696124,5.76044,3.24174,3.85466,-0.0252,0.09281,-1.06922
1619610696144,6.359,-4.8698,13.81454,0.03019,-0.05632,-1.00637
1619610696164,-3.58651,-4.50588,12.32056,-0.04757,0.01398,-1.03407
1619610696184,-4.08929,-1.0295,19.6127,-0.0433,-0.03608,-1.05431
1619610696204,-0.6177,5.87058,13.64695,0.07919,-0.10319,-1.03726
1619610696224,-0.4932,0.15322,11.40597,-0.00709,0.02356,-1.08413
1619610696244,-0.71826,-2.51391,19.6127,-0.04011,-0.02117,-1.02981
1619610696264,3.20823,-3.13161,14.2024,0.05149,0.00972,-0.97654
1619610696284,-1.5275,-2.07337,16.01242,-0.00602,-0.0755,-0.92434
1619610696304,1.80522,-0.38786,16.27578,0.01208,0.08641,-1.02874
1619610696324,1.59453,-2.25054,15.57667,0.15909,0.03209,-1.05005
1619610696344,7.58483,-2.53785,14.08748,-0.09231,0.00972,-1.03833
1619610696364,-2.78685,4.75488,17.8368,-0.03372,-0.12663,-1.0053
1619610696384,1.66157,0.07182,10.32858,0.05895,0.04274,-1.04791
1619610696404,0.24899,-2.63841,14.33169,-0.08698,-0.10852,-1.07029
1619610696424,3.98874,1.04387,13.52724,0.03445,0.0438,-1.00637
1619610696444,1.08696,0.46447,8.72925,0.03871,0.11092,-1.03513
1619610696464,1.18273,-6.13873,14.6573,-0.10935,-0.02223,-0.92754
1619610696484,-0.19153,-1.57059,18.75138,-0.08485,0.02037,-1.02661
1619610696504,-0.79487,2.94007,12.62702,0.16335,-0.04247,-1.02874
1619610696524,-0.25378,-0.58418,13.33091,0.03445,-0.03289,-1.0362
1619610696544,3.99352,-3.10288,11.82735,-0.05502,0.07576,-1.08626
1619610696564,-2.49954,6.11,2.78206,0.06108,0.14713,-1.04046
1619610696584,-1.30244,2.48996,12.60786,0.05575,-0.03395,-1.05005
1619610696604,8.60476,-1.1971,11.20007,-0.07739,-0.07443,-1.06922
1619610696624,5.86579,-0.5363,11.01811,0.04297,0.15353,-1.1097
1619610696644,-1.23061,5.78918,13.30218,0.03019,-0.15539,-1.06283
1619610696664,-6.13394,1.78128,7.87213,-0.06141,0.15566,-0.99252
1619610696684,-1.31681,3.96,3.43328,0.08132,-0.42703,-1.03407
1619610696704,2.20266,2.42772,6.17704,-0.0465,0.10879,-1.04472
1619610696724,-8.44674,-0.7422,9.05965,0.01527,0.06617,-1.20983
1619610696744,3.62003,7.47469,10.15141,-0.04757,-0.27044,-0.93926
1619610696764,-1.25456,1.33117,7.45554,0.01101,0.17483,-1.11822
1619610696784,-3.32794,3.22259,12.7994,-0.00496,-0.06058,-1.12142
1619610696804,0.04309,5.54975,7.46033,-0.08272,-0.19054,-1.01596
1619610696824,4.06056,0.47884,4.82192,-0.06781,0.00439,-1.11077
1619610696844,-1.71903,4.35744,2.05901,-0.03052,0.02676,-1.19066
1619610696864,1.30244,3.16034,2.65277,-0.07952,0.00013,-1.12142
1619610696884,0.07661,1.74297,5.24809,0.08452,-0.06591,-1.22901
1619610696904,0.2059,3.6296,4.80276,-0.16261,0.00652,-1.15444
1619610696924,1.22104,-2.63841,5.0757,0.08452,0.07576,-1.19705
1619610696944,-1.41736,0.30645,7.12514,0.13778,0.10665,-1.20983
1619610696964,-0.06703,7.17302,-1.26892,-0.12533,-0.15006,-0.99785
1619610696984,-3.48595,-0.60333,11.84651,-0.03372,0.05339,-1.14272
1619610697004,-7.74763,3.11725,8.18816,-0.08485,-0.149,-1.10757
1619610697024,-4.85544,3.47159,7.85777,-0.04757,-0.0723,-1.08733
1619610697044,-8.1307,3.56257,15.61019,-0.10722,0.00439,-1.11609
1619610697064,-7.8865,5.71256,7.72848,-0.08805,-0.11704,-0.99359
1619610697084,4.56334,3.24174,8.23605,0.00888,0.03635,-0.98506
1619610697104,-7.03895,2.06859,11.95185,-0.00176,0.01078,-0.99678
1619610697124,2.11647,-5.35822,15.10741,-0.01135,-0.01478,-1.00637
1619610697144,-1.7334,-1.55144,17.03235,-0.06781,0.02676,-1.03939
1619610697164,-6.37336,0.1628,9.84974,0.09837,-0.07017,-0.95204
1619610697184,6.68939,-4.91769,8.30787,-0.04544,0.08109,-1.03833
1619610697204,-3.47638,-0.7805,6.05254,0.0238,0.02783,-1.03833
1619610697224,-2.94007,-3.34709,14.92545,-0.04437,0.11092,-1.02235
1619610697244,-5.93283,-2.39899,7.8434,0.0941,-0.08721,-1.06283
1619610697264,-5.93283,-2.39899,7.8434,0.0941,-0.08721,-1.06283
1619610697285,0.85712,-1.45567,15.60061,0.0451,0.10452,-1.1065
1619610697304,7.37414,-6.1914,14.37478,-0.18498,-0.10532,-1.0575
1619610697324,6.5649,0.04788,10.7356,0.06108,0.08641,-1.04472
1619610697344,7.33104,-0.76614,13.06276,0.16335,0.01717,-1.04259
1619610697364,1.70946,-4.15633,15.09783,-0.01987,-0.09467,-1.03194
1619610697385,0.58897,4.74051,0.32561,0.00356,-0.01797,-0.97867
1619610697404,12.11466,-5.35822,15.6485,0.04936,0.05339,-1.10437
1619610697424,7.70932,-2.45645,4.82671,-0.06994,-0.04141,-1.07774
1619610697444,1.14921,-3.52905,13.81933,0.05682,0.03315,-1.08946
1619610697464,8.78193,3.76368,16.02199,-0.02733,0.1514,-1.06815
1619610697484,5.99508,0.68953,14.55674,-0.05502,-0.08402,-1.03087
1619610697504,-2.60489,5.18584,8.61433,-0.03904,0.08855,-1.08307
1619610697524,-1.10612,3.69664,8.59039,-0.01348,-0.01265,-1.04791
1619610697544,6.05733,2.7629,11.41076,-0.06994,0.047,-1.00957
1619610697564,2.806,-2.99754,10.57279,0.09304,0.00119,-1.05644
1619610697584,3.66791,1.33596,4.50109,-0.01028,0.03422,-1.10863
1619610697604,8.50899,-3.02627,11.11388,-0.01774,-0.09574,-1.07455
1619610697624,-0.25857,-2.17872,5.88015,0.02273,-0.0755,-1.07455
1619610697644,0.19632,-1.0295,9.46188,-0.02306,0.03635,-1.04898
1619610697664,3.30878,2.0638,13.04361,-0.05928,-0.03395,-0.99572
1619610697685,-1.25456,-0.71347,0.68474,0.00782,0.01611,-0.97015
1619610697704,5.49229,-0.69431,10.64462,0.01847,0.04061,-1.07242
1619610697724,1.73819,1.4844,6.85699,0.01741,0.00865,-1.05324
1619610697744,-7.36935,3.90733,3.3423,-0.03372,-0.04354,-1.07561
1619610697764,5.10922,0.79487,3.90733,0.0238,0.03954,-1.04365
1619610697787,-13.36922,6.11957,3.50511,-0.04544,0.04487,-1.11396
1619610697804,2.49954,3.28963,11.88002,-0.22546,-0.05313,-1.05005
1619610697824,1.2785,4.10366,8.81066,0.08558,0.21744,-1.04259
1619610697844,-2.1021,9.65821,4.07493,-0.02839,-0.08189,-1.02874
1619610697864,0.25378,6.25844,8.32224,0.05895,-0.07656,-0.82847
1619610697884,-2.79163,5.7796,0.10534,0.03765,0.05552,-0.96589
1619610697904,-2.07337,-5.31033,8.73404,-0.09976,0.00226,-0.87215
1619610697924,2.79163,-1.08696,12.77067,0.00782,0.0438,-0.89665
1619610697944,0.68474,5.01345,12.43548,-0.11361,-0.08828,-0.935
1619610697964,4.3335,7.14908,12.54082,0.08452,-0.12024,-0.92647
1619610697984,1.02471,0.98641,2.19787,0.00143,0.02143,-0.95737
1619610698004,-10.7356,0.5746,7.61834,0.00036,-0.02436,-0.95311
1619610698024,-3.04542,4.27125,4.43885,0.11434,0.03954,-0.98613
1619610698044,-3.89776,5.6982,13.22078,0.20596,-0.01158,-1.00743
1619610698064,-2.56658,0.45489,2.48996,0.03445,0.03848,-1.02235
1619610698084,1.17315,-2.49475,8.91121,0.03445,0.02676,-1.06283
1619610698104,-2.82036,-1.18273,7.59919,0.10795,0.00865,-1.12994
1619610698124,-5.37258,1.49398,11.066,-0.00176,0.00972,-1.11609
1619610698144,3.36145,-6.28238,16.31409,0.11967,-0.25553,-1.07348
1619610698164,-2.34152,-0.11971,13.27824,0.02912,0.21851,-1.15977
1619610698184,-4.94642,-3.94564,16.87912,-0.01135,-0.16924,-1.1065
1619610698204,-0.96246,-0.70389,10.6925,-0.03052,0.16631,-1.07668
1619610698224,7.73327,-5.861,17.44415,0.07386,0.05765,-1.12781
1619610698244,2.43729,-3.82114,10.05564,-0.13598,-0.05419,-1.07029
1619610698264,-0.56982,-3.84508,13.21599,0.20915,0.06511,-1.03939
1619610698284,3.41413,-5.75087,11.86566,-0.01241,-0.09361,-1.03407
1619610698304,2.90177,1.13964,9.67257,0.04936,0.05659,-1.04578
1619610698324,0.54108,-3.23217,14.4083,0.0451,0.00226,-1.04365
1619610698344,-2.7246,2.09732,12.41154,0.00569,-0.07017,-0.99252
1619610698364,2.30322,-1.33596,18.33,-0.04437,-0.05099,-1.07774
1619610698384,4.78361,-1.91057,10.71644,0.09837,0.13329,-1.10757
1619610698404,-3.46201,1.37906,13.52245,0.00143,0.00013,-1.09479
1619610698424,4.82671,-2.40856,5.68862,-0.02733,0.07363,-1.18427
1619610698444,-6.03817,13.3357,3.49553,0.00995,0.00865,-1.09479
1619610698464,3.1364,7.23527,5.85142,-0.06354,-0.11811,-1.09692
1619610698484,2.63841,5.06134,1.49398,0.24324,-0.04034,-1.18853
1619610698504,2.71981,-0.61291,12.18169,-0.25955,-0.18628,-1.10757
1619610698524,-6.72291,1.21625,4.43406,0.07919,0.20253,-1.08413
1619610698544,-2.14999,-1.63284,11.43949,-0.02839,-0.10852,-1.03513
1619610698564,9.10275,-5.78439,9.16979,-0.21162,-0.15539,-1.01809
1619610698584,-2.46602,3.90733,6.5218,0.00675,0.17696,-1.09372
1619610698604,1.10133,1.58496,10.42435,0.04297,-0.2257,-1.04791
1619610698624,8.18816,-9.39484,4.41011,-0.09976,-0.02436,-0.99039
1619610698644,4.2521,-4.65432,1.7717,-0.05076,-0.00519,-1.10224
1619610698664,5.23372,3.83551,4.08929,0.03232,-0.1245,-1.02128
1619610698684,-2.71023,2.70544,9.47146,0.08558,0.11944,-1.06922
1619610698704,1.70946,-0.8236,13.41231,-0.05609,0.06298,-1.02554
1619610698724,-7.513,6.0669,7.12993,0.05895,0.12263,-1.04898
1619610698744,-3.29442,-0.27293,2.91134,-0.09337,-0.26405,-0.90304
1619610698764,2.41335,1.56101,5.54018,0.02593,0.18335,-1.12142
1619610698784,3.41892,0.5746,2.82036,-0.04224,-0.05632,-1.03407
1619610698804,-5.82748,-0.72304,5.45399,-0.04011,-0.1213,-1.01809
1619610698824,-12.21521,-1.97282,4.65911,0.07599,0.12903,-0.98187
1619610698844,-0.72304,2.85388,4.17548,-0.04544,-0.05206,-0.9595
1619610698864,-4.06535,-1.05344,10.50575,0.09837,0.00972,-0.99252
1619610698884,-6.81389,3.98395,3.03584,-0.0742,0.05126,-1.08733
1619610698904,-1.34075,2.78206,5.70298,0.03338,-0.06271,-1.03939
1619610698924,2.99275,-2.38462,7.01022,-0.05289,-0.01478,-1.04791
1619610698944,-5.84185,-0.19632,12.32056,0.12819,-0.2257,-1.04046
1619610698964,-0.57939,6.50744,16.36676,-0.0955,0.145,-1.17575
1619610698984,-4.87938,-3.16992,14.89672,0.08878,0.11518,-1.14166
1619610699004,1.71424,-0.05267,15.40908,-0.06568,-0.00732,-1.02022
1619610699024,-2.33195,4.24731,8.77714,0.02912,0.18229,-1.08946
1619610699044,-10.18014,8.14986,8.53293,0.01847,-0.1703,-1.04365
1619610699064,-3.10767,-1.57538,11.58793,-0.05715,0.12157,-1.09159
1619610699084,1.23061,1.39821,8.08761,0.10156,0.08428,-1.19599
1619610699104,-0.23463,-0.31603,16.48168,-0.11894,-0.24487,-0.97015
1619610699124,-0.89064,-5.55454,8.49462,-0.07846,0.18442,-1.00957
1619610699144,6.93839,2.75812,11.32936,0.14098,-0.03075,-1.06176
1619610699164,3.63918,-3.76368,13.83369,0.1495,0.047,-1.00424
1619610699184,1.84353,-7.43639,14.2024,-0.21375,0.06937,-1.10863
1619610699204,6.76122,-2.49954,6.15309,-0.07952,-0.11278,-0.92434
1619610699224,1.33117,1.82438,11.7268,-0.05609,0.35167,-0.935
1619610699244,2.95923,0.46926,10.74517,-0.071,-0.31944,-0.97122
1619610699264,11.75074,-2.67192,6.65588,0.15482,0.20253,-1.01915
1619610699284,2.20266,2.99275,2.15957,0.03551,-0.03502,-1.07774
1619610699304,3.58651,-0.21547,11.26711,0.0483,0.04913,-1.01596
1619610699324,-2.08295,-10.22802,14.01565,0.03978,0.15459,-1.09905
1619610699344,-3.73016,-4.11802,9.95987,-0.09444,-0.0691,-1.03939
1619610699364,-9.22246,0.97204,3.06936,0.03445,0.0502,-1.13527
1619610699384,-2.67671,7.01979,11.95664,-0.03052,-0.04673,-1.15764
1619610699404,3.53863,3.16513,13.38358,0.11647,0.00759,-1.11929
1619610699424,0.37828,-1.8579,10.80742,0.01527,-0.00093,-1.00637
1619610699444,4.82192,2.03985,17.51598,-0.10616,0.01398,-0.99785
1619610699464,-0.67516,2.28406,9.7013,0.02806,-0.05099,-0.93074
1619610699484,3.89297,4.9129,11.89918,0.01527,0.09707,-1.0085
1619610699504,4.15154,3.63439,0.03351,0.01101,-0.06804,-0.99039
1619610699524,5.18584,6.89051,8.37491,0.00143,0.05126,-0.99572
1619610699544,1.77649,-0.45489,5.06134,-0.06141,-0.1458,-0.99039
1619610699564,8.22168,-2.85388,5.31512,0.03765,0.07257,-0.95311
1619610699584,2.39899,9.8258,4.17548,0.01208,0.02676,-1.08307
1619610699604,0.12449,2.64798,8.91121,0.00569,0.01398,-1.01383
1619610699624,-4.69263,4.02225,5.41089,0.01314,0.03315,-1.03726
1619610699644,8.12592,3.10288,6.01423,0.05682,0.00226,-1.04791
1619610699664,5.2433,0.4932,0.52672,0.06215,-0.01691,-1.10863
1619610699684,-1.51313,6.04296,6.57926,-0.07313,-0.08082,-1.1065
1619610699704,-1.46525,1.45088,11.65976,-0.02733,-0.11491,-1.04365
1619610699724,-6.71334,3.77326,7.88171,-0.022,0.03954,-1.11183
1619610699744,-6.43082,5.88973,5.05655,0.00356,-0.04886,-1.06176
1619610699764,3.60087,3.62003,8.88248,0.05149,-0.06271,-1.08307
1619610699784,4.94642,6.82826,8.66222,0.03445,0.13329,-1.21729
1619610699805,-3.43807,4.75009,16.29014,-0.02093,-0.17989,-1.09372
1619610699824,1.8148,-1.06302,9.67736,-0.08485,0.04807,-1.07455
1619610699844,-7.4699,2.95444,2.69108,0.10263,-0.00732,-1.14272
1619610699864,-3.60087,4.59686,6.03338,-0.22014,-0.11278,-1.01383
1619610699884,-10.35731,3.20344,10.68292,0.05362,0.09707,-1.12887
1619610699906,-8.35576,7.37414,8.7915,0.03765,-0.05845,-1.05857
1619610699924,0.46447,2.806,7.08204,0.00569,-0.05952,-1.03939
1619610699944,-11.04205,3.78762,11.14261,-0.00815,-0.10532,-1.05324
1619610699964,-5.38216,-0.65122,13.51766,-0.00176,-0.11278,-1.03726
1619610699984,-1.18273,0.03351,3.0933,-0.11042,0.03209,-1.1065
1619610700005,-4.24731,6.98628,11.94706,0.08558,-0.15752,-0.99039
1619610700024,-1.73819,2.96402,11.81778,-0.04117,0.10346,-1.03833
1619610700044,0.45968,2.13562,6.54095,0.03871,-0.06804,-0.98187
1619610700064,2.11168,-1.14921,11.77947,0.02912,-0.06484,-1.05111
1619610700084,8.01099,1.48919,7.29752,0.00462,0.05552,-1.02235
1619610700105,-1.30244,-1.49398,14.25028,0.03445,-0.03182,-0.96909
1619610700124,2.42772,-1.2354,10.78348,-0.00069,0.1514,-1.09798
1619610700144,9.16021,-3.37103,9.99818,-0.02093,-0.12024,-1.05644
1619610700164,4.75009,-12.22958,18.4545,0.00143,0.07044,-1.09479
1619610700184,13.52245,-7.75721,17.17121,0.00995,0.08748,-1.12674
1619610700205,1.58975,1.18273,12.7563,0.00888,0.05872,-1.03194
1619610700224,-1.18752,-1.36948,14.26465,0.05149,-0.17989,-1.02554
1619610700244,-3.85466,1.05823,14.60941,-0.08698,0.11624,-1.11716
1619610700264,12.96699,-2.04943,11.75553,0.15376,-0.02862,-1.10224
1619610700284,4.41011,-6.11957,12.53125,0.02593,-0.00625,-1.02981
1619610700305,8.82023,-3.2992,9.70609,-0.16901,-0.01478,-1.04472
1619610700324,3.48595,4.7453,7.69975,0.05362,-0.03928,-1.02661
1619610700344,7.58483,-5.9855,12.08114,0.09943,0.11198,-1.00317
1619610700364,2.7629,3.30399,14.21198,-0.11894,-0.07763,-1.05963
1619610700384,5.69341,1.4413,2.28406,0.02806,0.04487,-1.02981
1619610700406,8.66701,4.97036,6.06211,0.19317,0.04274,-1.0053
1619610700424,6.359,0.15322,10.78348,-0.07207,-0.03182,-1.00211
1619610700444,9.19373,-6.33505,13.03403,-0.03265,0.10879,-1.05431
1619610700464,1.94888,9.90241,3.5913,0.03551,-0.02223,-1.01383
1619610700484,8.37012,-0.98162,8.97346,0.08452,0.18548,-1.03087
1619610700504,-3.03584,4.48194,6.51222,-0.00069,0.00013,-1.05005
1619610700524,-0.06703,8.36534,6.24407,-0.0742,0.04593,-1.13207
1619610700544,-16.79293,6.45955,0.57939,-0.00282,0.08002,-1.09053
1619610700564,-2.29843,5.55933,14.07311,-0.01774,-0.09361,-1.12035
1619610700584,4.61602,3.95522,6.29675,0.02273,-0.00732,-1.00211
1619610700605,1.74297,2.93529,12.00931,-0.05715,0.04167,-1.00743
1619610700605,-0.68953,10.96065,1.36469,0.07386,0.00652,-0.98187
1619610700644,-0.34955,0.83797,11.10909,0.06534,-0.03395,-0.98933
1619610700664,-2.80121,2.12605,11.65976,-0.0497,-0.02543,-1.06283
1619610700684,1.71903,7.73806,-1.96803,0.11328,0.06617,-1.02235
1619610700704,0.67995,-4.21858,7.37414,-0.12746,-0.06804,-0.9595
1619610700724,-6.54095,1.91057,5.76044,0.05789,0.06724,-1.06815
1619610700744,-3.60087,6.2345,6.49307,0.10476,-0.13728,-1.00424
1619610700764,-1.10612,3.28484,-1.48919,-0.09657,0.15992,-1.0117
1619610700784,-4.51546,6.75643,11.08994,0.0483,-0.0691,-1.05218
1619610700804,6.48349,2.806,8.03972,0.08239,-0.05206,-0.99891
1619610700824,3.22259,-1.72861,16.95094,-0.04011,-0.05632,-1.09053
1619610700844,9.10275,4.36223,3.78762,0.06854,-0.16924,-1.07029
1619610700864,-7.23527,2.94007,12.39717,0.08132,0.12583,-1.07242
1619610700884,-7.36935,3.50511,7.34541,-0.08165,-0.05099,-0.97654
1619610700904,4.56813,-3.34709,9.59596,-0.0188,-0.05419,-0.88813
1619610700924,-1.0726,0.84754,11.55441,0.03445,0.01398,-1.03087
1619610700944,0.41659,-3.69185,18.02355,0.04084,-0.28003,-0.98613
1619610700964,-1.54665,1.59932,1.9393,-0.04757,0.17057,-1.04472
1619610700984,-2.58094,-1.09175,11.39161,0.00143,-0.12024,-0.94245
1619610701004,-2.94007,-1.42215,13.23514,0.05895,0.11837,-0.94139
1619610701024,-4.06535,-1.47003,11.70285,-0.01454,-0.00519,-1.1097
1619610701044,0.42137,2.67192,13.14895,-0.00389,-0.07763,-0.99891
1619610701064,1.51792,-1.32159,11.7651,0.12713,0.05233,-1.07668
1619610701084,-0.43095,-9.42357,15.9789,-0.05502,0.14607,-1.04152
1619610701104,0.25857,-3.73974,17.63568,0.14204,-0.22144,-1.04152
1619610701124,3.17471,-8.59518,14.50886,-0.0465,-0.04141,-1.07135
1619610701144,4.08929,-0.905,11.17134,0.20063,-0.2012,-1.20983
1619610701164,2.61925,-5.74129,9.63905,0.05789,0.096,-1.1619
1619610701184,-8.70531,1.57538,14.88235,-0.08485,0.05659,-1.19173
1619610701204,-2.53306,-1.6903,12.69405,0.05575,-0.04886,-1.07881
1619610701224,2.15478,-4.77882,13.72835,-0.08059,-0.09254,-1.11503
1619610701244,2.22181,-6.96712,9.61032,-0.09444,-0.00945,-1.09798
1619610701264,2.16914,-2.806,8.64785,0.05362,-0.0478,-1.12994
1619610701284,-0.75656,3.56257,13.01966,0.00675,-0.08934,-1.02767
1619610701304,0.60333,0.79008,9.71088,-0.04863,0.04807,-1.07561
1619610701324,-2.17393,3.19386,13.26387,-0.05822,-0.06484,-1.07987
1619610701344,-0.22026,-2.21224,10.68292,0.10902,0.08428,-1.18107
1619610701364,8.06367,9.94551,4.58729,-0.01241,0.00652,-1.08413
1619610701384,9.13627,-0.59376,13.72835,-0.11787,0.01185,-1.05963
1619610701404,7.23048,-2.48996,7.35019,-0.04011,-0.24807,-1.00211
1619610701424,0.08619,-0.35913,13.90073,0.00036,0.10452,-1.10757
1619610701444,-4.22816,-0.72783,2.40856,-0.06887,-0.11811,-1.00957
1619610701464,-0.19632,-1.37427,8.23605,0.08452,0.19614,-0.99465
1619610701484,-5.14753,-0.2442,10.29506,-0.05715,-0.12343,-0.93926
1619610701504,3.33751,1.20188,12.54561,0.00249,0.00652,-1.00104
1619610701524,-1.14921,3.08852,12.0572,0.04404,0.04807,-1.01063
1619610701544,5.46835,-0.66558,14.50407,-0.11148,-0.04034,-1.02661
1619610701564,4.73094,-0.9481,1.2354,0.08026,0.03635,-1.04152
1619610701584,-7.81467,7.87213,13.76187,0.0238,0.17377,-1.00637
1619610701604,2.52827,-0.34955,6.26323,-0.03478,0.02676,-0.97654
1619610701624,-3.27047,2.90656,-0.34955,0.06321,-0.14793,-0.89984
1619610701644,-0.06224,1.33596,7.40287,0.01634,0.18655,-1.01489
1619610701664,7.99184,1.68072,9.98382,-0.08378,-0.01265,-0.99998
1619610701684,-4.96557,5.39174,6.53138,0.11967,0.25899,-1.03726
1619610701704,-1.54665,8.59997,-2.40856,-0.01454,-0.33435,-1.02128
1619610701724,-5.66468,3.99831,11.20486,-0.03691,0.23449,-1.08839
1619610701744,0.29209,3.84987,13.15374,0.03125,-0.03928,-1.20983
1619610701764,-4.13239,1.64242,14.75307,-0.14664,-0.23315,-1.02448
1619610701784,-9.34696,3.58172,9.80186,0.06108,0.05872,-1.02661
1619610701804,-3.77805,3.39497,11.44907,-0.06035,-0.00625,-0.96376
1619610701824,-11.15698,-3.43807,11.50653,0.00143,-0.07443,-0.95524
1619610701844,-2.57616,1.95366,5.15711,0.17826,-0.16072,-0.92967
1619610701864,-1.81959,1.3599,12.94305,0.08026,0.09813,-1.14272
1619610701884,-9.62469,9.54807,18.78969,-0.00496,-0.1245,-1.02341
1619610701904,3.66312,-2.3511,7.11077,-0.20309,-0.23102,-0.92967
1619610701924,0.55066,-1.16837,8.56645,0.13032,0.20999,-1.09692
1619610701944,-4.85065,2.37025,5.66468,0.01527,-0.05206,-1.03726
1619610701964,-8.44195,3.20823,10.74517,-0.11148,0.03315,-0.99252
1619610701984,0.45489,1.67115,17.17121,0.04723,-0.01371,-0.99572
1619610702004,-1.15879,-4.43885,14.80574,-0.0252,0.1237,-1.07348
1619610702024,3.03584,3.81635,3.97916,0.01101,0.01824,-1.06283
1619610702044,3.71101,-2.30801,19.6127,-0.05928,0.08428,-1.08839
1619610702064,-1.80043,-4.48673,9.01656,0.06215,0.05126,-1.01596
1619610702084,1.35032,-2.48518,19.6127,-0.04224,-0.11171,-1.05324
1619610702104,4.458,0.59855,13.90073,-0.01774,0.00865,-1.02235
1619610702124,4.43406,-2.40377,11.71722,0.04084,0.00013,-1.04365
1619610702144,4.81234,-7.93917,19.6127,-0.0497,0.0193,-0.97654
1619610702164,2.5187,-4.94642,12.72757,0.01421,0.08109,-0.99146
1619610702184,3.6727,-1.94888,16.55829,-0.03265,-0.05419,-0.97441
1619610702204,4.82192,-2.29364,9.7444,0.05469,0.03848,-1.033
1619610702225,2.48518,-1.13006,12.41154,0.00036,-0.11811,-0.95524
1619610702244,8.72447,-2.35589,8.28872,-0.05076,0.03741,-1.03513
1619610702264,-2.85388,1.46525,14.91108,-0.08059,-0.00519,-0.9318
1619610702284,-2.33195,2.81079,11.69807,0.00675,-0.00625,-1.00104
1619610702304,-8.36055,3.53863,5.67425,0.09091,-0.11598,-1.0053
1619610702325,-2.71023,3.07894,14.55674,0.05682,0.06298,-1.0607
1619610702344,0.85712,0.51714,13.00051,0.08026,-0.01797,-1.05218
1619610702364,4.42448,0.4932,5.70298,-0.01454,-0.03928,-0.97867
1619610702384,5.35822,-4.84107,15.67244,-0.07739,-0.05952,-0.98506
1619610702404,4.28562,-1.78128,9.14585,0.00249,0.02569,-1.01702
1619610702425,-2.00634,1.66636,13.39795,0.0206,-0.11278,-1.01915
1619610702444,4.21858,1.33117,7.73806,-0.00922,0.09281,-1.06496
1619610702464,-0.58897,7.03895,4.1276,-0.01774,-0.00625,-0.93606
1619610702484,2.80121,-5.13316,4.34308,-0.02413,0.02783,-1.03407
1619610702504,-1.79086,-4.01747,10.85052,0.06641,0.01824,-1.1129
1619610702525,-0.33518,1.18752,3.72058,0.01421,-0.01904,-1.07668
1619610702544,-2.56658,3.84987,2.96402,0.08345,-0.01265,-1.07455
1619610702564,-1.90099,-0.77572,9.34217,-0.05609,0.10665,-1.04578
1619610702584,-6.7708,5.04218,9.02135,0.04191,0.08428,-1.09159
1619610702604,-3.27047,2.806,5.21457,0.03338,-0.11917,-1.02128
1619610702626,0.60333,5.48272,1.77649,-0.05183,0.08961,-1.01596
1619610702644,1.65199,7.78115,6.86178,0.01421,-0.15219,-1.00317
1619610702664,5.54497,-0.96246,9.44273,-0.08378,-0.06165,-0.98719
1619610702684,2.31279,-1.13485,4.56813,0.0973,-0.15859,-0.99678
1619610702704,4.7884,0.12449,3.63439,-0.12,-0.26192,-1.02981
1619610702724,-0.40701,0.77093,13.78102,-0.00282,0.21744,-1.10011
1619610702744,-3.20823,2.52827,11.2288,0.00675,-0.15859,-1.0575
1619610702764,-0.65601,3.49074,8.24084,-0.0433,-0.05313,-0.99252
1619610702784,-6.74207,5.2002,4.69742,0.01314,0.04593,-1.12035
1619610702804,-3.43807,5.64073,12.41633,-0.09018,-0.0691,-1.11503
1619610702824,-3.43807,5.64073,12.41633,-0.09018,-0.0691,-1.11503
1619610702844,-0.51714,2.94965,15.36119,0.04191,-0.02756,-1.16403
1619610702864,-2.01591,1.57059,11.98058,-0.10935,0.10026,-1.13633
1619610702884,-4.65911,5.6982,13.92467,0.11008,0.00652,-1.21836
1619610702904,4.59207,-3.0933,15.55752,-0.09657,-0.20759,-1.17894
1619610702927,3.36145,-1.40779,7.98226,-0.02733,0.08961,-1.24286
1619610702944,3.36145,-1.40779,7.98226,-0.02733,0.08961,-1.24286
1619610702964,-3.58172,4.11802,12.92868,-0.32347,-0.3269,-1.04365
1619610702984,-0.58897,-2.16914,8.15465,-0.14877,0.02783,-1.10544
1619610703004,-1.43652,6.98628,5.1188,0.1495,0.04807,-1.20238
1619610703024,-0.23463,0.63206,6.45955,-0.1445,-0.19694,-1.02554
1619610703044,-1.03429,0.58897,14.29338,-0.07846,-0.05952,-1.04152
1619610703064,1.93451,-0.81402,8.91121,-0.12533,-0.03928,-1.00317
1619610703084,4.07971,-4.63996,11.95664,0.01314,-0.05845,-0.98933
1619610703104,-4.27604,-2.33195,12.77546,-0.06781,0.08641,-1.08946
1619610703124,3.24653,-1.41736,5.59764,-0.01135,-0.11065,-0.99465
1619610703144,-3.96,-3.93606,11.37724,0.08239,0.08109,-1.00104
1619610703164,-9.02614,-2.86346,7.762,0.07386,0.12796,-1.06283
1619610703184,2.17393,-3.50032,13.06755,-0.04224,-0.11491,-1.01702
1619610703204,7.61834,-2.32716,12.41633,0.04617,-0.00306,-1.10011
1619610703224,-4.89853,-0.50757,11.68849,0.05043,0.11198,-1.07242
1619610703244,6.7708,-2.92092,19.6127,-0.02946,-0.08615,-0.99039
1619610703264,2.38462,1.08696,3.5913,0.02699,0.047,-1.10437
1619610703284,7.41723,-4.03183,9.57201,0.00249,-0.12982,-1.0362
1619610703304,2.63841,-0.31603,12.47858,-0.06887,-0.04034,-1.0575
1619610703324,11.17134,5.66946,-0.2059,0.03019,0.08641,-1.05537
1619610703344,9.82101,-2.73417,9.82101,0.01847,-0.07123,-1.00743
1619610703364,0.56024,-2.13083,12.22479,0.04936,0.04061,-1.02874
1619610703384,0.81881,2.75333,8.45153,-0.08698,0.02463,-1.08946
1619610703404,5.19062,2.18351,10.37168,0.06534,-0.03395,-1.02235
1619610703424,-5.30076,4.57292,11.01811,0.0238,0.16951,-1.0607
1619610703444,4.15154,-0.4501,9.05487,-0.08378,-0.12876,-0.99252
1619610703464,2.95444,0.77572,15.09304,0.07706,0.11624,-1.03513
1619610703484,0.56503,0.61291,-2.0638,0.08345,0.10985,-1.12887
1619610703504,-1.05344,5.95677,13.98213,-0.10296,-0.15539,-1.06176
1619610703524,3.35188,-2.3511,7.08204,0.05682,0.04487,-1.07242
1619610703544,-7.74763,1.55144,2.86825,-0.00389,-0.07869,-1.0852
1619610703564,-4.04141,7.33583,3.91212,-0.03265,-0.00625,-1.02022
1619610703584,0.92895,5.65989,2.75333,0.05575,0.06404,-1.09585
1619610703604,-6.72291,8.59518,3.39018,-0.04437,-0.04034,-1.03833
1619610703624,-5.01345,3.67749,10.02691,0.00675,-0.00519,-1.03087
1619610703644,-0.00957,3.90733,8.82023,0.02806,-0.05632,-1.02661
1619610703664,-0.7422,-0.25857,6.52659,-0.02093,0.01504,-1.04472
1619610703684,-0.66079,-0.70868,4.707,-0.05822,0.04487,-1.08626
1619610703704,1.28329,-0.83318,6.06211,0.05362,-0.02543,-1.09692
1619610703724,-1.74297,-0.87627,1.64721,0.03551,0.02037,-1.10437
1619610703744,1.91536,-3.05021,7.02458,0.04084,0.08641,-1.06815
1619610703764,3.98395,-0.50278,10.4435,-0.04011,0.00545,-1.06389
1619610703784,0.56982,2.77727,9.15063,0.06428,-0.04886,-1.12248
1619610703804,3.94085,-2.65756,11.1474,0.01954,-0.0755,-1.02767
1619610703824,-2.01591,-1.00077,12.32056,-0.15729,-0.12876,-0.97761
1619610703844,2.71502,0.47884,10.62546,0.11434,0.10559,-0.9808
1619610703864,-5.34385,1.85311,12.22,0.12287,-0.10426,-0.935
1619610703884,0.96246,-1.83874,7.99663,-0.08165,-0.0201,-0.92754
1619610703904,0.99119,0.02873,11.94227,0.0451,0.0193,-0.94458
1619610703924,1.12048,-1.90578,11.22401,-0.04437,0.02569,-0.86682
1619610703944,-0.14844,-2.8491,6.57926,-0.04544,-0.15326,-0.92008
1619610703964,0.06703,-0.06703,10.79785,-0.01774,0.02356,-0.92647
1619610703984,-0.90021,-3.19386,7.18739,0.05149,-0.06058,-0.93606
1619610704004,4.27125,-1.57059,7.92959,0.01741,-0.07763,-0.98506
1619610704024,0.05267,-4.94642,10.07001,-0.08698,0.07363,-0.99891
1619610704044,6.25844,-7.29273,7.81946,0.27946,-0.08189,-1.00957
1619610704064,-3.00232,-1.14921,15.69638,-0.0188,0.18335,-1.20131
1619610704084,-3.98874,4.39575,5.09486,0.09517,-0.16072,-1.09798
1619610704104,2.99275,-1.2354,18.58379,0.09517,0.11092,-1.13846
1619610704124,5.49229,1.79565,14.29817,-0.06781,-0.07337,-1.07561
1619610704144,4.9129,-0.97683,10.87446,0.10795,-0.03715,-1.07455
1619610704164,2.77248,-0.9481,14.66209,0.0206,-0.0233,-1.07774
1619610704184,-4.64475,-0.52672,11.98537,0.07813,-0.03928,-1.01702
1619610704204,0.89543,-2.22181,14.69082,-0.13492,-0.13941,-0.99572
1619610704224,1.2785,2.21703,11.32457,0.08878,0.09068,-1.01702
1619610704244,-4.36702,-1.47482,10.79785,-0.06248,-0.198,-0.9808
1619610704264,3.98395,-0.07182,2.67192,0.1005,0.17164,-1.07987
1619610704284,2.57616,0.25378,15.1505,0.03978,-0.04673,-1.0575
1619610704304,-1.69988,1.32638,5.56412,-0.15303,-0.03075,-0.99785
1619610704324,0.10055,0.18195,14.75307,0.1005,0.22383,-1.08839
1619610704344,1.01992,5.17626,5.92325,-0.12107,-0.20013,-1.03833
1619610704364,3.30878,-4.87938,11.31978,-0.01241,0.08535,-1.09798
1619610704384,3.18907,4.30477,4.35265,0.03338,0.0747,-1.22155
1619610704404,7.02937,-0.28251,7.7189,0.04084,-0.05739,-1.04898
1619610704424,1.1109,14.121,1.85311,-0.04011,0.02676,-1.07987
1619610704444,5.77481,7.23527,1.00556,-0.02413,-0.10319,-1.14485
1619610704464,1.53707,-1.56101,12.27746,0.04723,0.07896,-1.12887
1619610704484,-2.48518,3.20823,9.33738,-0.04117,-0.28429,-1.15231
1619610704504,2.04464,0.34476,11.98058,-0.04437,0.06085,-1.07668
1619610704524,-6.44519,9.98382,1.27371,-0.04224,0.05446,-1.10118
1619610704545,-2.20266,7.762,7.07726,-0.01241,-0.25979,-1.0053
1619610704564,-2.94486,0.9481,5.16668,0.00249,0.15672,-1.11183
1619610704584,-6.49786,9.79228,11.37245,-0.00815,-0.01265,-1.09798
1619610704604,-6.21055,1.42215,8.51857,-0.07313,-0.07443,-0.97122
1619610704624,-5.02303,-1.75255,5.30555,-0.06781,0.03954,-1.05218
1619610704644,-6.56011,6.33026,6.53617,-0.00709,-0.19587,-0.99678
1619610704664,-8.65743,10.22802,6.62236,0.01421,0.14713,-1.01063
1619610704684,-12.4259,2.97838,9.78749,0.04084,-0.08721,-1.04152
1619610704704,-2.51391,2.7629,16.8456,0.08132,0.22596,-1.10118
1619610704724,-1.34075,-4.28562,6.0669,0.02273,-0.01478,-0.99998
1619610704744,-0.91937,4.55856,8.37491,-0.08059,-0.28429,-0.99039
1619610704764,2.05422,-1.69509,4.68305,0.05362,0.21744,-1.11396
1619610704784,-2.3511,-2.35589,10.01255,-0.07633,-0.13195,-1.06602
1619610704804,-1.90099,-0.45968,12.07156,-0.0497,0.00013,-1.02661
1619610704824,-6.47871,-1.41736,10.65419,0.0973,0.03954,-1.01702
1619610704845,-1.16837,-1.7334,17.48246,-0.03265,-0.15433,-1.03407
1619610704864,4.51546,-2.99754,12.98615,-0.022,0.20146,-1.10224
1619610704884,-5.96156,2.41335,12.02846,0.05362,-0.07123,-1.12887
1619610704904,0.15322,-2.7246,17.15206,-0.00709,-0.02969,-1.05857
1619610704924,5.77002,-6.49786,2.71981,0.03338,0.06937,-1.08733
1619610704945,-1.58975,5.67904,8.90643,-0.08911,-0.3269,-1.06922
1619610704964,-4.31435,-3.94085,11.13303,0.16548,0.30692,-1.1065
1619610704984,-4.63038,-0.99119,11.43949,-0.03265,0.01611,-1.1619
1619610705004,-1.52271,0.60812,17.09938,-0.00815,-0.03075,-1.00211
1619610705024,-1.08217,0.7422,9.27513,0.11967,0.09387,-1.04152
1619610705046,1.12527,0.43574,8.09719,-0.11894,-0.14154,-1.04472
1619610705064,3.05978,-0.94331,12.36844,-0.02306,0.11837,-1.06922
1619610705084,-0.22505,-1.54186,11.83214,0.06215,-0.03395,-1.09053
1619610705104,-4.5825,4.65911,14.09705,-0.04863,-0.02436,-1.01809
1619610705124,9.77313,-14.80095,17.93735,0.00569,0.07576,-0.99998
1619610705144,-8.90164,2.42293,7.513,0.03658,-0.13409,-1.00317
1619610705164,-0.80924,-5.5737,12.54082,0.1985,0.22703,-1.14911
1619610705184,-13.78102,2.32237,19.6127,-0.1232,0.02996,-1.06602
1619610705204,4.81234,-3.2609,7.2257,-0.21055,-0.11811,-0.89132
1619610705224,0.73741,-3.41892,10.24718,-0.06035,0.37723,-1.05537
1619610705245,3.74931,4.71178,6.11479,0.03551,-0.24913,-1.10437
1619610705264,-3.07415,-4.13718,14.59984,0.0451,0.0747,-1.09479
1619610705284,5.33428,6.64151,6.08606,0.12287,-0.05739,-1.16083
1619610705304,-5.17147,2.87304,8.05888,0.00249,0.15885,-1.11396
1619610705324,0.15801,10.47702,8.65264,-0.01454,-0.0233,-1.09585
1619610705345,-0.07182,0.62249,8.10197,0.08771,0.06085,-1.04578
1619610705364,1.46525,1.81959,9.46667,-0.04863,-0.03715,-1.12781
1619610705384,5.7365,4.21379,12.74194,-0.02306,-0.07976,-1.03726
1619610705404,1.19231,-1.88184,6.46434,0.09517,0.02463,-0.96589
1619610705424,-9.87847,10.59673,6.37815,0.01954,-0.09041,-0.92647
1619610705444,-3.2992,1.0295,7.49863,-0.09231,0.04913,-0.99465
1619610705464,-5.36301,4.94642,-2.67671,0.13032,-0.00093,-1.05324
1619610705484,3.03584,3.95043,10.29027,-0.06141,-0.07656,-0.99039
1619610705504,-4.209,5.65031,0.25378,-0.02093,0.14287,-1.07348
1619610705524,3.06457,8.14986,5.17147,-0.00176,-0.18522,-0.99785
1619610705544,-0.98162,4.61123,-1.10612,-0.01135,0.06298,-1.04898
1619610705564,7.06768,-0.64164,1.57538,-0.0497,-0.11385,-1.03726
1619610705584,3.13161,0.1628,4.89853,-0.00922,0.05659,-1.06496
1619610705604,-6.81868,-4.88896,14.63336,0.03871,-0.0233,-1.08839
1619610705624,-12.44506,3.22738,3.0119,-0.03052,-0.05845,-1.08733
1619610705644,-10.96065,0.37349,5.16668,0.0483,0.01824,-1.1374
1619610705664,-7.46512,3.97916,6.39251,0.02273,0.0193,-1.17468
1619610705684,-2.49475,3.96,13.31654,-0.06354,-0.14687,-1.09905
1619610705704,-2.33195,4.47236,7.17781,0.01421,0.11944,-1.0852
1619610705724,-2.33195,0.30166,9.70609,-0.0433,-0.16391,-0.99572
1619610705744,-4.71178,2.99754,3.35667,-0.08378,0.0225,-1.07135
1619610705764,8.47068,-1.8962,4.51546,0.17933,0.0193,-1.19918
1619610705784,-9.01177,-1.68072,12.91911,-0.19138,-0.00838,-1.00424
1619610705804,-6.99106,3.16034,1.5275,0.03125,-0.01051,-1.10118
1619610705824,-4.94642,-2.2266,8.98304,0.00995,0.01185,-1.07774
1619610705844,0.89543,-3.5482,12.65096,-0.05076,-0.07869,-1.01702
1619610705864,-5.79396,3.28963,9.26556,0.04191,-0.04247,-1.08626
1619610705884,-3.04063,-2.32237,19.08178,-0.07526,-0.06484,-1.09798
1619610705904,2.75812,-4.62559,13.24951,0.00995,-0.05099,-0.99465
1619610705924,5.9041,6.81868,9.4954,-0.14557,-0.11385,-1.00743
1619610705944,2.2697,1.0295,15.47612,0.01847,-0.04567,-0.99252
1619610705964,1.06781,-3.8786,5.14274,-0.01774,-0.01691,-0.97335
1619610705984,9.65342,-3.87381,15.01164,0.01954,-0.11811,-1.00957
1619610706004,2.87783,1.78128,15.75863,0.00036,0.00013,-0.99252
1619610706024,3.52905,-0.66558,3.19386,0.0696,-0.07763,-1.04685
1619610706044,11.98058,-8.0924,15.47133,-0.05822,0.06937,-1.01063
1619610706064,1.00556,0.96725,18.20072,0.12819,0.02356,-1.04152
1619610706084,5.90889,2.80121,12.33971,0.06215,0.11411,-1.08413
1619610706104,3.88339,-4.69263,14.27901,-0.07739,0.05552,-1.03833
1619610706124,3.86424,1.18273,10.01255,0.03658,0.0438,-1.03407
1619610706144,6.73728,-1.28329,15.80173,-0.00602,0.03741,-1.07881
1619610706164,7.69496,-8.15943,11.18092,0.03125,-0.0233,-1.04578
1619610706184,0.63685,0.4932,7.87692,-0.02946,-0.08082,-1.082
1619610706204,0.07182,5.75087,7.50342,-0.00922,0.00013,-1.03513
1619610706224,-11.28626,2.13562,10.61589,0.08878,-0.00625,-0.99572
1619610706244,-3.91691,4.11323,11.85129,-0.00709,0.03848,-1.0607
1619610706264,-2.88261,1.06302,4.75009,0.01101,-0.07443,-1.02448
1619610706284,-2.91134,5.07091,2.90656,0.00249,0.06831,-1.04578
1619610706304,-0.85233,0.32082,10.45787,-0.07526,-0.02436,-1.02235
1619610706324,-3.19386,1.36948,4.06056,0.05575,-0.02756,-0.97654
1619610706344,-1.20667,-0.77572,4.47715,-0.00282,-0.07443,-1.08307
1619610706364,1.94409,3.31836,10.29027,0.04723,0.1727,-1.08839
1619610706384,4.86501,6.33984,7.27837,0.03551,-0.08934,-1.01702
1619610706404,-1.88663,5.67425,4.80276,0.00569,0.08961,-1.0607
1619610706424,-6.06211,4.81713,8.91121,-0.09763,0.00119,-1.11396
1619610706444,2.29843,8.93037,6.70376,0.02486,-0.02223,-1.08626
1619610706464,-14.62857,3.14598,13.88637,0.08239,-0.00625,-1.07561
1619610706484,-1.72861,4.63517,3.36145,0.00249,0.05765,-1.15125
1619610706504,10.16099,0.77093,1.66636,-0.01987,0.00652,-1.04578
1619610706524,1.75255,2.94486,2.28406,0.01101,-0.08934,-1.01702
1619610706544,-3.16992,8.40364,8.25999,-0.01667,-0.02969,-1.02874
1619610706564,-5.10922,3.73495,18.56942,-0.03904,0.06191,-1.02874
1619610706584,-0.64164,4.28562,7.32625,-0.04757,-0.2779,-0.86469
1619610706604,-1.39342,1.51313,6.41167,0.06321,0.21531,-1.10863
1619610706624,-6.82826,8.00142,8.56645,-0.03478,-0.17243,-1.05431
1619610706644,-8.47068,12.71321,3.47638,0.05362,0.18761,-1.04898
1619610706664,3.53863,6.87135,8.78193,-0.01135,-0.03502,-0.97761
1619610706684,-4.69263,-0.24899,9.40921,-0.01135,0.12583,-0.95311
1619610706704,-1.49877,4.13239,5.97113,-0.04437,-0.0755,-1.03513
1619610706724,-0.83797,3.35188,7.33583,0.06428,-0.05632,-1.10863
1619610706744,2.36547,-1.31202,5.05655,0.0238,-0.09893,-1.1097
1619610706764,-10.58716,-3.20344,13.02445,0.05575,-0.01371,-1.07029
1619610706784,-7.03416,1.99676,10.08916,-0.01667,-0.00199,-1.04365
1619610706804,1.70946,-7.4316,7.1826,0.01741,-0.15859,-1.10118
1619610706824,-3.75889,-3.79241,18.84236,0.0206,-0.00093,-1.03194
1619610706844,-6.19619,-3.35667,14.96854,0.01527,0.09068,-1.01702
1619610706865,-1.32638,-2.70544,15.14572,-0.08059,-0.08189,-0.92008
1619610706884,-2.56179,-1.94888,14.2024,-0.022,-0.01478,-0.89239
1619610706904,4.61123,-1.8962,19.4888,0.12713,-0.24274,-0.91582
1619610706924,2.58573,-4.57292,14.13057,-0.1509,0.14074,-1.00424
1619610706944,1.81001,1.20188,14.10184,0.05256,-0.07869,-1.01063
1619610706965,0.49799,1.00556,14.99249,0.02806,0.03741,-0.95098
1619610706984,-0.18195,2.66714,10.37646,-0.00176,0.05126,-1.00743
1619610707004,-0.46447,0.45968,19.6127,0.00782,-0.01265,-1.02661
1619610707024,2.75333,-2.41814,8.23126,0.04617,0.00013,-1.07561
1619610707044,-7.58483,-1.89141,12.99093,-0.02946,0.10772,-1.07455
1619610707065,9.2895,1.36948,14.71955,0.11434,-0.13515,-1.05005
1619610707084,-0.42137,-6.18661,11.59272,0.13032,0.00545,-1.02981
1619610707104,7.41723,-1.68551,4.63996,0.20276,-0.18522,-1.1129
1619610707124,5.32949,-2.16914,14.52801,0.22087,0.04913,-1.1587
1619610707144,-2.89219,1.26413,10.07001,-0.20949,0.02356,-1.22688
1619610707164,10.41956,-5.31512,7.00064,0.07813,0.03954,-1.09053
1619610707184,1.66636,-2.39899,12.86644,-0.022,-0.15326,-1.1065
1619610707204,0.06703,-0.21068,8.86333,-0.10616,0.00013,-1.13527
1619610707224,3.44765,-0.81402,5.57849,0.09197,-0.00732,-1.1832
1619610707244,6.5218,5.96635,9.52413,-0.08378,-0.08615,-1.14379
1619610707265,-4.0462,-4.93205,11.54962,-0.03478,0.03635,-1.14698
1619610707284,4.54419,-0.96246,12.12902,0.02699,-0.09574,-1.07455
1619610707304,-1.28808,7.33104,5.22414,-0.00922,0.17377,-1.17468
1619610707324,-7.52258,8.04451,9.41878,-0.01561,-0.0201,-1.12355
1619610707344,0.24899,5.70298,11.53526,0.02273,0.0193,-1.02661
1619610707365,-5.45878,4.6639,10.24718,-0.03904,0.07044,-1.0575
1619610707384,0.77572,-2.34152,8.36055,-0.02733,-0.13835,-1.02661
1619610707404,3.17471,-3.70143,6.31111,-0.01028,0.08748,-1.11822
1619610707424,5.02303,0.68953,4.63517,0.05256,-0.09254,-0.984
1619610707444,-2.67192,0.25378,9.75876,-0.03904,0.08109,-1.00957
1619610707464,1.66636,1.20188,10.09395,0.04617,-0.05952,-0.9808
1619610707484,-1.88184,1.54186,5.82269,-0.11042,0.03209,-0.97548
1619610707504,-0.17238,-1.57538,8.59997,0.07599,0.01291,-0.99039
1619610707524,2.11647,-0.07182,8.1307,-0.05502,-0.05632,-1.01276
1619610707544,-10.34295,13.65652,-0.00957,-0.06354,0.18229,-1.07987
1619610707565,-12.78982,0.02394,14.08748,0.09091,0.13222,-1.00957
1619610707584,-5.82748,3.7541,6.63672,0.04723,0.00865,-0.9041
1619610707604,5.45399,-3.35667,12.72278,-0.08698,0.047,-1.04259
1619610707624,-4.15633,3.76847,2.30801,0.04297,-0.09361,-1.07987
1619610707644,-4.48673,9.10754,4.57292,-0.02626,0.0715,-1.01383
1619610707665,-10.58716,6.09084,13.23035,0.12606,0.17377,-1.05324
1619610707684,0.73741,0.75177,9.82101,-0.02626,0.06511,-0.99998
1619610707704,-6.40209,3.055,11.70285,0.11541,0.16098,-1.08094
1619610707724,-0.82839,-0.82839,15.05952,-0.02093,-0.20865,-1.082
1619610707744,3.21301,2.49475,6.08127,-0.03798,0.00013,-0.98826
1619610707764,-1.56101,2.39899,16.55829,0.06534,-0.0201,-1.01915
1619610707784,-1.91057,-0.75177,15.63413,0.05469,0.01504,-0.89771
1619610707804,4.42448,-9.414,16.58224,0.04723,-0.03502,-0.97974
1619610707824,-2.81079,2.31279,8.5473,0.25496,-0.20759,-1.01063
1619610707844,-3.53384,-3.08852,8.74841,-0.04224,0.18975,-1.12994
1619610707864,-6.30153,-3.48595,19.37388,0.00143,-0.11171,-1.0575
1619610707886,-3.55299,-2.63362,6.53138,0.03232,-0.03395,-0.95843
1619610707904,1.6903,-4.12281,17.47288,0.17187,0.2249,-1.11609
1619610707924,1.32638,1.05344,19.04348,0.03978,-0.06804,-1.08626
1619610707944,6.26802,-2.71023,11.20007,-0.06568,-0.05952,-0.97548
1619610707964,7.45554,-4.98472,17.20952,0.06854,-0.03502,-1.09585
1619610707984,8.27914,-3.74931,11.11388,-0.01561,-0.07017,-1.03407
1619610708004,-3.0119,-6.08606,14.99727,0.0206,0.16098,-1.06389
1619610708024,3.05978,-0.85233,3.27047,-0.04224,-0.10319,-1.05537
1619610708044,5.80833,-3.2178,14.27423,0.0973,0.13009,-1.0117
1619610708064,5.30555,-0.28251,19.1584,-0.00496,-0.14154,-1.06176
1619610708084,4.21858,1.54665,9.00698,-0.0252,-0.02862,-0.9563
1619610708104,10.99417,-0.5746,7.01022,0.08452,-0.02649,-0.99252
1619610708124,-0.98162,0.8667,11.63103,-0.04757,0.10026,-0.95311
1619610708144,5.11401,2.5187,2.78685,-0.02946,0.00865,-0.99252
1619610708164,8.21211,-5.21457,11.8082,-0.03585,0.01611,-0.99252
1619610708184,1.90099,-2.12605,6.34942,0.00569,0.06617,-1.0117
1619610708204,5.85621,-0.99119,13.23035,0.00143,-0.06058,-1.00104
1619610708224,4.707,-2.09732,10.52491,-0.03478,0.04807,-1.02128
1619610708244,-3.23217,7.04374,8.20732,-0.00176,-0.14687,-0.9563
1619610708264,2.85388,0.94331,11.5592,-0.01135,-0.01797,-0.9808
1619610708284,1.47003,0.03351,10.07958,0.00675,0.02783,-1.02341
1619610708304,1.15879,3.31836,-2.96881,0.1005,-0.08082,-1.03726
1619610708324,5.98071,0.50757,10.33337,0.07706,0.01611,-1.06496
1619610708344,-0.41659,1.00556,5.01824,-0.05609,-0.05099,-1.03407
1619610708364,4.54898,-0.83318,12.57913,-0.09231,-0.07123,-0.95524
1619610708384,-4.52982,2.48518,7.45554,0.08132,-0.02756,-1.02767
1619610708404,-5.13795,4.56813,8.84418,-0.08272,-0.01371,-1.07455
1619610708424,0.87627,-0.26336,7.82903,0.04191,-0.02436,-1.03513
1619610708444,-2.14041,3.78283,14.6573,0.00249,0.07576,-0.99678
1619610708464,-0.60812,1.7717,7.35019,-0.01241,0.03315,-0.99785
1619610708484,-0.42616,-0.10055,5.14274,0.06321,0.06085,-1.06709
1619610708504,-12.21521,2.59531,7.6375,0.03871,-0.06271,-1.07668
1619610708524,-3.72537,-1.73819,10.28549,-0.04117,0.11944,-1.10011
1619610708544,-1.99676,-0.92895,7.40287,0.10156,-0.04993,-1.07774
1619610708564,-5.2002,0.11013,10.05085,0.03658,-0.00732,-1.05324
1619610708584,-3.40934,4.29998,13.18726,-0.03052,0.10879,-1.09372
1619610708604,-3.22738,-1.75734,5.66468,0.00782,-0.10639,-1.03407
1619610708624,-5.01824,2.18351,3.86424,0.03232,0.10026,-1.02661
1619610708644,3.2992,-3.5482,8.916,-0.08059,0.10026,-1.07242
1619610708664,-4.92726,0.26815,4.57771,0.07813,-0.32157,-0.86575
1619610708684,0.87627,-2.48518,10.09874,0.05043,0.14927,-1.00743
1619610708704,0.24899,-7.12993,13.44583,-0.08059,-0.06165,-1.06389
1619610708724,-6.75643,3.62003,13.24951,-0.08059,-0.2502,-0.94139
1619610708744,-1.93451,-2.29364,12.74673,0.08771,0.1482,-1.13314
1619610708764,-5.89452,2.90177,11.69328,-0.05928,-0.06378,-1.01063
1619610708784,0.43095,0.22984,19.6127,-0.04224,0.096,-1.15657
1619610708804,2.74854,-3.18428,14.80574,-0.08165,-0.09574,-1.13846
1619610708824,5.96156,-3.57693,15.70596,0.05895,-0.09361,-1.17468
1619610708844,-0.51235,0.11013,17.53513,-0.01135,0.11198,-1.25564
1619610708864,10.72602,-1.47003,16.74504,-0.04117,-0.06058,-1.15551
1619610708884,1.92972,2.27449,14.17846,0.07386,-0.08934,-1.15657
1619610708904,5.4061,-3.1795,11.32457,0.16761,0.14607,-1.28121
1619610708924,1.6089,1.35032,19.6127,0.04191,0.10346,-1.25351
1619610708944,1.78607,4.7453,15.34683,-0.16368,-0.2502,-1.06389
1619610708964,1.36948,0.04788,17.08023,-0.04544,0.01291,-1.03833
1619610708984,-8.63828,3.79241,14.39872,-0.12107,-0.07123,-1.15977
1619610709004,1.01035,0.92895,17.09938,-0.071,-0.0233,-1.033
1619610709024,4.00789,2.32716,12.49773,-0.04437,-0.12556,-1.06602
1619610709044,1.54186,0.40701,12.20085,-0.0742,-0.03502,-1.04685
1619610709064,4.57292,-3.90254,5.51624,-0.05502,-0.04034,-1.06283
1619610709084,0.80924,3.2609,11.21444,-0.1722,-0.01904,-1.0053
1619610709104,-9.93593,0.90021,12.73236,-0.02626,0.03315,-1.02448
1619610709124,4.3766,-0.25378,15.12177,0.11647,-0.03502,-1.04685
1619610709144,4.08929,-1.58017,2.22181,-0.06354,0.05872,-1.06922
1619610709164,13.54639,-7.8434,7.69975,0.01208,0.07044,-1.07029
1619610709184,4.90811,-0.91937,6.68939,0.07919,-0.0478,-1.0607
1619610709204,0.15801,0.13407,1.41736,0.05149,-0.06484,-1.0852
1619610709224,2.12126,-2.05422,7.04374,0.04723,0.00013,-1.13314
1619610709244,-1.16837,6.16746,16.58224,0.00036,0.07896,-1.07987
1619610709264,6.55532,-0.40701,7.24006,0.02273,-0.07123,-1.01489
1619610709285,2.98317,1.1109,8.5473,-0.06248,0.09068,-1.06709
1619610709304,-5.71256,4.09408,14.1593,-0.10296,-0.13302,-0.98826
1619610709324,5.10443,-0.51235,11.63582,-0.01667,0.08109,-1.0117
1619610709344,0.78529,6.00465,8.41322,0.04191,0.06511,-1.04898
1619610709364,1.14442,1.67594,0.32561,0.04723,-0.06484,-0.99678
1619610709386,-2.88261,4.35265,4.38138,-0.03904,0.12583,-1.08626
1619610709404,4.80276,1.08696,-2.10689,0.03445,-0.04567,-1.07242
1619610709424,4.05577,1.77649,6.04296,0.00569,0.01717,-1.08839
1619610709444,-6.48828,11.69807,11.91833,0.05149,0.06085,-1.0852
1619610709464,-11.90397,6.67982,4.96078,-0.02946,-0.07656,-1.05963
1619610709487,-4.17548,5.01345,8.27436,0.00675,0.09494,-1.09798
1619610709504,-5.77002,7.52258,5.10443,-0.04117,-0.04993,-1.06283
1619610709524,-8.44195,2.69108,12.18648,-0.00176,0.00013,-1.04365
1619610709544,-2.79163,0.84275,2.75333,0.01847,0.01504,-0.99359
1619610709564,-2.61925,2.21703,9.99818,-0.05502,-0.0723,-1.02874
1619610709585,0.97204,-1.34075,9.49061,0.03658,0.07044,-1.06389
1619610709604,-2.81079,-1.97282,11.64539,-0.0742,-0.02862,-1.07668
1619610709624,-4.84107,-2.32716,13.90073,-0.00389,0.02676,-1.04365
1619610709644,-6.24886,6.11479,9.11712,0.04191,0.01078,-1.04152
1619610709664,-5.90889,5.00867,12.36844,-0.0252,0.00759,-1.06389
1619610709685,-8.66701,2.06859,16.1417,-0.09018,0.0992,-1.06922
1619610709704,2.43729,-2.92092,19.6127,0.0206,0.04593,-1.07135
1619610709724,1.37906,-3.03584,1.24498,0.05895,-0.05419,-1.08094
1619610709744,2.54743,-4.64475,10.3621,0.01634,0.08961,-1.10331
1619610709764,1.86268,0.49799,9.99818,0.02273,-0.02756,-1.06709
1619610709764,-0.7422,-1.46525,12.44984,0.08558,-0.05526,-1.04791
1619610709804,-0.23463,-6.96712,12.7994,-0.1264,-0.00945,-1.09266
1619610709824,5.94719,-4.14675,16.24226,0.11754,-0.18841,-0.96802
1619610709844,0.85233,-0.10534,10.10353,0.03019,-0.01797,-0.91582
1619610709864,1.71424,-4.84107,14.80574,-0.022,0.04167,-1.01063
1619610709884,3.15555,-1.05823,6.45955,0.0206,-0.14687,-0.9073
1619610709904,6.67503,0.56982,14.34126,-0.03265,0.13329,-0.91476
1619610709924,-5.24809,-3.13161,19.6127,-0.00815,0.03422,-0.91263
1619610709944,-4.96078,1.06781,14.73391,-0.01774,-0.04247,-0.935
1619610709964,6.79953,-6.3159,16.09382,-0.08378,-0.08615,-0.94245
1619610709985,5.15711,-0.29209,9.96945,-0.0188,0.16098,-1.00317
1619610710004,-5.29597,-2.98796,16.17043,0.03019,-0.05632,-1.00424
1619610710024,-6.51222,5.65989,12.19127,0.08345,-0.21931,-0.98933
1619610710044,3.60087,-0.72783,10.18972,0.11541,0.05446,-0.97335
1619610710064,3.33751,0.56503,10.4435,0.10795,0.12263,-1.0852
1619610710084,1.90578,-0.7422,9.63426,0.07173,0.00865,-1.06602
1619610710104,-1.41736,-1.07739,12.9239,0.10689,-0.01265,-1.08094
1619610710124,6.68939,-3.73016,11.94227,-0.04757,-0.02862,-1.05324
1619610710144,4.63517,2.42293,0.41659,0.08026,-0.09467,-0.98506
1619610710164,5.09007,1.84353,6.47392,0.03978,0.04061,-1.06922
1619610710184,3.26569,2.67192,12.34929,0.05256,-0.03075,-1.06922
1619610710204,-4.81234,-1.98239,15.3181,0.05256,-0.13409,-1.04365
1619610710224,-0.85233,-0.42616,9.00698,-0.07739,0.09068,-1.06922
1619610710244,0.21068,5.46356,7.98226,-0.00922,-0.09574,-1.01489
1619610710264,2.00155,2.8491,7.09162,0.13352,0.12903,-1.03513
1619610710284,-3.07894,4.40054,3.23696,-0.01241,0.05978,-1.16509
1619610710304,-2.49954,3.56736,9.04529,-0.00815,-0.11491,-1.04365
1619610710324,3.46201,1.37427,10.13704,-0.01348,0.08748,-1.12887
1619610710344,0.24899,4.33829,6.04775,-0.00389,-0.10958,-1.1129
1619610710364,7.12514,0.43574,11.62624,-0.01135,0.07789,-1.12887
1619610710384,2.72939,-1.35032,12.16733,-0.01241,-0.02117,-1.19279
1619610710404,2.05422,1.10133,10.12268,0.02912,-0.07123,-1.14272
1619610710424,4.13718,-0.77093,7.83382,0.07067,0.08428,-1.16403
1619610710444,-5.09486,1.35032,6.55532,0.01527,-0.09574,-1.16935
1619610710464,-6.94797,3.97916,8.81066,-0.00069,-0.03395,-1.13953
1619610710484,-4.09408,-8.76756,14.81532,-0.01987,-0.24274,-1.15977
1619610710504,-1.2354,-3.48595,6.67503,-0.01241,0.25686,-1.0607
1619610710524,-3.49074,-2.71981,10.83615,-0.04117,-0.07976,-1.03407
1619610710544,-5.00388,5.59285,1.56101,-0.16901,-0.10532,-0.97335
1619610710564,-6.74207,2.74375,13.47935,0.174,0.19614,-1.1832
1619610710584,-15.17923,11.54484,13.85285,-0.22227,-0.12663,-0.99998
1619610710604,-4.63517,3.56736,9.40442,-0.00069,0.01611,-1.09372
1619610710624,-9.55765,-7.264,12.20085,0.10582,0.03209,-0.99359
1619610710644,-4.73573,1.12527,4.02225,-0.20096,-0.2715,-0.98826
1619610710664,-7.39329,2.87304,7.63271,0.08984,0.20146,-1.04259
1619610710684,-7.6375,2.26012,9.50976,0.04723,-0.15326,-1.05857
1619610710704,-0.10534,3.78762,13.33091,0.11647,0.11305,-1.10544
1619610710724,5.04697,2.47081,14.55674,-0.08165,0.00972,-0.95417
1619610710744,2.14041,-4.0031,8.43237,-0.11148,-0.20333,-0.94885
1619610710764,-1.14921,-1.0726,8.52335,0.15163,0.08322,-1.06283
1619610710784,3.17471,-3.34709,15.10741,-0.0465,-0.15752,-1.08839
1619610710804,-4.62559,-11.71243,14.5328,-0.12533,0.19827,-1.07668
1619610710824,-3.18428,-4.19942,14.49928,0.0696,-0.08721,-0.98933
1619610710844,-0.22505,-3.58172,17.31007,0.03125,0.05552,-1.01702
1619610710864,-1.6089,-11.65497,18.50717,-0.02413,0.06511,-1.12355
1619610710884,4.03183,-2.46602,15.11698,0.00675,-0.07656,-1.0852
1619610710904,8.10676,-8.06367,19.20149,-0.022,0.05339,-1.06815
1619610710924,4.32871,-5.02782,18.58858,0.13885,-0.0691,-1.04365
1619610710944,11.77468,-4.49152,14.30774,-0.26275,-0.29174,-1.10331
1619610710964,4.35265,-0.88106,14.7387,0.17826,0.40812,-1.14911
1619610710984,-4.78361,8.03972,14.8201,0.04297,-0.05845,-1.07668
1619610711004,2.4325,-2.95923,14.03959,-0.13385,-0.21611,-0.94352
1619610711024,-1.16837,1.41257,15.37077,0.16654,0.19401,-1.05324
1619610711044,-1.25935,4.18027,13.67568,-0.11148,-0.10958,-1.04791
1619610711064,12.41154,-5.75087,11.2288,-0.02839,-0.02756,-1.0117
1619610711084,1.03429,0.95289,7.34062,0.04191,0.05339,-1.11609
1619610711104,1.98718,4.27125,16.98446,-0.09444,0.00972,-1.10011
1619610711124,-5.54497,6.22013,2.19787,0.08026,0.05872,-1.0085
1619610711144,6.25844,-0.62249,12.40675,0.02912,-0.03821,-1.05857
1619610711164,-2.65277,4.18506,7.97748,0.16122,0.34208,-1.17681
1619610711184,6.41646,-1.45567,3.98874,-0.15516,-0.1213,-0.98933
1619610711204,-0.04309,2.77248,4.18027,-0.20629,0.06617,-0.98293
1619610711224,-1.47482,-2.44208,15.24627,0.01527,0.07789,-1.05218
1619610711244,2.68629,0.42616,3.40455,-0.11681,-0.04886,-1.03513
1619610711264,2.74854,7.06289,10.07958,0.26987,0.11092,-1.1342
1619610711284,-0.15801,3.06936,1.1109,-0.07207,-0.1245,-1.07348
1619610711304,-4.56334,0.48362,-5.00388,0.06321,0.11837,-1.07242
1619610711324,-5.50187,1.403,8.02536,0.03338,-0.17563,-1.033
1619610711344,-5.45399,1.39342,6.69418,-0.02733,0.11518,-1.02235
1619610711364,-0.32561,1.32638,-0.75177,0.0728,-0.04567,-1.08733
1619610711384,4.67827,1.18752,7.12514,-0.0987,-0.06697,-0.99785
1619610711404,-6.33984,18.38268,6.09563,0.02912,0.13861,-1.05005
1619610711424,-4.11802,0.9481,8.63349,0.00569,-0.17989,-0.90517
1619610711444,0.21068,0.19632,10.39083,0.01208,0.19933,-1.01489
1619610711464,-2.45166,9.01656,9.00698,-0.04117,-0.03289,-1.07348
1619610711484,0.91937,-1.154,13.26387,-0.01987,0.00439,-1.033
1619610711504,-1.70467,0.85233,10.91277,-0.03478,-0.04247,-1.0575
1619610711524,0.65122,1.2354,7.66623,-0.02626,-0.0968,-0.99998
1619610711544,5.13795,-1.38863,8.95431,0.01527,0.09494,-1.07242
1619610711564,-6.12915,5.95677,4.43885,-0.03585,-0.25233,-1.07135
1619610711584,-3.22259,3.70143,16.60139,0.04297,0.08428,-1.14272
1619610711604,3.86903,-9.86411,13.58948,0.05682,-0.01478,-1.1097
1619610711624,4.01268,-4.32871,13.88158,-0.01135,-0.13195,-1.06496
1619610711644,-6.64151,-1.18752,7.67581,0.0451,0.14287,-1.24712
1619610711664,2.59531,4.209,7.91523,-0.00389,-0.08402,-1.1097
1619610711684,5.97113,1.52271,19.27332,-0.00282,-0.05419,-1.00743
1619610711705,-1.32159,-2.32237,11.50174,-0.04011,0.11198,-1.05537
1619610711724,1.95845,1.2354,10.7739,-0.09657,-0.17883,-1.04152
1619610711744,-1.20667,-0.88585,14.06354,-0.03265,0.1482,-1.09479
1619610711764,4.27125,3.63918,12.28225,0.08878,0.01611,-1.13101
1619610711784,-2.20745,-8.06845,17.60695,-0.09124,-0.15859,-0.97761
1619610711806,-2.20745,-8.06845,17.60695,-0.09124,-0.15859,-0.97761
1619610711824,4.52982,1.34554,7.87213,-0.10935,-0.09361,-1.01063
1619610711844,4.00789,-3.62003,8.78672,0.04191,0.06617,-1.02767
1619610711864,3.4668,-0.22026,16.13691,0.0206,-0.15965,-1.0117
1619610711884,1.92014,2.08295,13.1298,-0.10083,-0.05419,-1.01596
1619610711904,1.07739,-5.4061,15.09304,-0.02839,-0.00199,-1.033
1619610711925,5.00867,-0.76135,13.43147,0.00888,-0.17457,-0.94991
1619610711944,5.99029,-0.05746,15.27979,0.00249,0.20146,-1.06176
1619610711964,5.16189,-2.50433,19.6127,-0.14877,-0.22676,-0.91156
1619610711984,6.43561,2.88261,7.762,0.13245,-0.01797,-0.97015
1619610712006,-2.04943,-1.67594,12.92868,0.03125,0.10026,-1.05537
1619610712024,3.64876,4.3766,16.79771,0.04297,-0.01691,-0.99252
1619610712044,1.75734,6.29196,3.60087,0.05256,0.1759,-1.11503
1619610712064,-7.64229,7.92001,18.14804,0.03019,0.00865,-1.01596
1619610712084,3.7541,-0.79008,3.7972,-0.00922,0.01398,-1.04046
1619610712105,2.09732,-0.56982,7.513,0.01954,0.01504,-1.05324
1619610712124,8.80108,-0.71347,10.49139,-0.05502,-0.0478,-1.06496
1619610712144,2.79163,-1.57538,6.03338,0.04297,0.08535,-1.10544
1619610712164,-3.06936,0.83797,6.59841,0.03978,-0.18735,-1.0117
1619610712184,-11.96143,3.95043,8.55208,0.04723,0.18761,-1.11716
1619610712204,-15.81609,4.93205,9.07402,-0.01028,-0.14048,-1.03087
1619610712224,2.1021,3.18428,13.2543,0.0483,0.08428,-1.01809
1619610712244,-6.57926,-7.72848,6.33984,-0.02413,0.03635,-1.07348
1619610712264,-10.37646,4.65432,6.21055,-0.08485,0.18229,-1.10757
1619610712284,-0.40701,0.22984,3.52905,0.0941,0.19827,-1.07348
1619610712304,-2.10689,-2.15957,4.33829,-0.071,-0.13835,-0.98719
1619610712324,-3.32794,4.31914,4.40533,0.02273,0.09813,-1.08413
1619610712344,-4.78361,5.33907,10.05564,0.06321,0.02996,-1.11077
1619610712364,-0.97204,-2.03507,12.44984,-0.05289,-0.02969,-1.08307
1619610712384,-1.01514,4.05577,9.39484,0.00569,0.06724,-1.07668
1619610712405,-4.21379,4.98472,3.17471,0.00462,-0.03608,-1.04259
1619610712425,-2.37504,0.96725,9.9886,-0.04117,-0.03715,-1.14272
1619610712444,-5.74608,4.90811,13.01009,0.06854,0.0225,-1.12568
1619610712464,0.68953,-1.35511,12.94305,0.02486,-0.03928,-1.04791
1619610712484,-3.82114,6.74207,8.82502,0.0451,-0.01797,-1.02874
1619610712504,-1.37906,0.00957,10.06043,-0.0955,-0.1245,-0.96163
1619610712524,-1.8579,7.91523,3.06936,0.1218,0.18975,-1.033
1619610712544,-6.53138,1.30723,18.03312,-0.02093,-0.17776,-0.97122
1619610712564,-1.99197,2.4756,7.25921,-0.04011,0.06937,-1.00317
1619610712584,4.55377,-4.03662,15.99326,0.08878,0.05233,-1.10437
1619610712604,2.66714,-2.85388,7.87692,0.00356,-0.03182,-1.00637
1619610712624,-2.95923,-0.45489,10.78827,-0.0188,0.08215,-1.07987
1619610712644,2.07337,-0.15322,15.14093,-0.05928,0.01824,-1.02235
1619610712664,-0.90979,1.6089,9.68694,-0.00176,0.03954,-1.033
1619610712684,8.73404,-3.64397,7.89128,0.06108,-0.14687,-1.02661
1619610712704,-2.98796,-4.12281,13.72356,-0.0497,0.00226,-1.12568
1619610712724,-2.22181,3.24174,6.95276,0.10476,-0.0691,-1.09585
1619610712744,-7.50821,1.3599,9.78749,0.00356,-0.03715,-1.06602
1619610712764,5.77481,-3.56257,10.75475,-0.00069,-0.06484,-1.12887
1619610712784,2.42772,2.806,9.44273,0.03019,-0.08402,-1.05005
1619610712804,-3.65355,0.68474,9.9886,-0.02413,-0.04354,-1.02022
1619610712824,4.41011,-0.61291,14.8201,-0.02839,-0.0691,-0.94991
1619610712844,2.20745,-6.27759,12.95263,-0.03372,0.06298,-0.98719
1619610712864,-3.1364,-1.03429,15.05952,0.06108,-0.27896,-0.87215
1619610712884,2.0207,-2.21224,9.60074,-0.07526,0.13222,-0.99572
1619610712904,4.37181,-2.70544,14.25028,-0.00602,-0.01904,-1.02448
1619610712924,4.0462,-2.97359,10.28549,0.05682,-0.12237,-0.9595
1619610712944,3.60566,-2.03028,16.29014,-0.06461,0.24301,-1.15338
1619610712964,3.60566,-2.03028,16.29014,-0.06461,0.24301,-1.15338
1619610712984,3.60566,-2.03028,16.29014,-0.06461,0.24301,-1.15338
1619610713004,-5.95198,8.48505,6.50265,0.0451,-0.01797,-1.12994
1619610713024,10.74038,1.6903,13.61822,0.04723,-0.07976,-1.02128
1619610713044,10.74038,1.6903,13.61822,0.04723,-0.07976,-1.02128
1619610713064,4.0031,4.75488,0.67995,0.05682,-0.15006,-1.14911
1619610713084,4.55856,-0.00957,7.1395,0.03871,-0.04567,-1.04259
1619610713104,-2.1883,-1.64721,8.27436,-0.01348,0.03102,-1.23007
1619610713124,2.32716,-1.21625,10.46266,0.06747,-0.04993,-1.09053
1619610713144,1.12527,-0.22505,6.40688,-0.05715,0.10985,-1.15444
1619610713164,6.25844,-3.61045,4.66869,-0.02839,-0.19161,-1.13953
1619610713184,11.08994,-5.13316,3.6296,-0.07846,0.06085,-1.1065
1619610713204,3.11725,-1.3599,7.3885,0.00249,0.01185,-1.13953
1619610713224,-2.67671,2.5187,9.07881,0.00249,-0.03821,-1.09692
1619610713244,-4.13239,-4.68305,7.58961,-0.12107,0.0502,-1.10863
1619610713264,-4.32871,6.18661,4.79319,0.01954,-0.07443,-1.0852
1619610713284,-2.96881,6.01902,2.48039,-0.02946,-0.06165,-1.082
1619610713304,-6.09563,-3.52905,7.0581,-0.06781,0.13648,-1.1065
1619610713324,0.76135,7.41244,2.06859,0.11328,-0.10319,-1.07135
1619610713344,-11.28626,4.75488,8.45153,-0.08378,-0.01691,-0.97122
1619610713364,-6.94797,-0.25378,8.15465,-0.00176,-0.00945,-1.08094
1619610713384,-5.61679,5.14274,14.82968,-0.03372,-0.12663,-1.02341
1619610713404,-5.95677,2.74375,-0.09576,-0.01667,0.0747,-0.95311
1619610713424,-3.65834,-0.39743,12.35408,0.06215,-0.08189,-0.984
1619610713444,-5.1188,2.79642,9.0836,-0.05289,0.06937,-0.99465
1619610713464,-3.84029,2.16435,13.85763,0.00995,0.01824,-1.02235
1619610713484,-3.23696,0.63206,10.1131,-0.04863,-0.13835,-0.96269
1619610713504,-0.8236,-3.63439,11.066,0.03019,0.21212,-1.11077
1619610713524,4.41969,-4.209,16.16086,0.03765,-0.06058,-1.10331
1619610713544,-10.76911,1.00556,12.96699,0.06641,0.26538,-1.05644
1619610713564,-5.55933,2.09732,8.19295,0.04404,-0.09254,-0.93393
1619610713584,-0.94331,-0.55545,10.37168,0.01421,-0.04886,-0.93393
1619610713604,-1.61369,-1.25935,12.33492,0.00249,0.03315,-1.05537
1619610713624,0.00478,-3.40934,15.61977,-0.09976,0.20785,-1.07242
1619610713644,-2.09732,-0.71347,8.20732,0.10369,-0.09041,-1.02341
1619610713664,-1.01992,-0.19632,17.9613,0.02912,-0.05206,-0.97761
1619610713684,-4.84586,-0.91937,14.27901,-0.14131,0.01398,-1.09692
1619610713704,-1.42215,-1.00556,14.79137,-0.00069,-0.10958,-1.00957
1619610713724,-3.81635,2.74854,15.10741,0.05469,0.0502,-1.0053
1619610713744,-3.70143,-1.56101,18.78969,-0.09763,-0.07017,-0.98187
1619610713764,1.71424,-5.31033,9.96945,-0.04224,-0.0478,-0.93819
1619610713784,-0.17238,-4.0031,15.50963,0.31461,-0.01051,-1.01383
1619610713804,3.17471,-1.20667,10.31422,-0.11681,-0.15433,-1.05857
1619610713804,-4.50109,6.16267,9.16979,0.19743,0.27284,-1.14485
1619610713844,6.00944,0.59376,10.9798,-0.25849,-0.2502,-1.04152
1619610713864,2.58094,0.77093,4.80755,0.00888,-0.20972,-0.91689
1619610713884,2.13562,-4.65911,13.81454,0.08345,0.28562,-1.1587
1619610713904,10.32858,-4.02704,12.57913,-0.06887,-0.20439,-1.01383
1619610713924,4.19942,-4.11323,19.32599,-0.0252,0.10239,-1.0575
1619610713944,3.38061,-1.1109,8.63349,0.07386,0.02037,-1.07135
1619610713964,4.5394,-2.94486,11.14261,-0.02413,0.03848,-0.98719
1619610713984,2.94007,4.68305,10.6111,0.1463,0.10239,-1.05324
1619610714004,4.23294,-2.04464,3.94564,0.01421,-0.10639,-0.97335
1619610714024,-1.4844,6.55053,16.23747,-0.08805,0.10879,-1.02448
1619610714044,7.57525,-0.45489,6.04296,0.04936,-0.09574,-1.033
1619610714064,2.77727,-0.00957,6.72291,-0.03265,-0.07123,-0.93287
1619610714084,-0.38786,-0.37828,8.42758,-0.03159,0.15779,-1.08413
1619610714104,1.36469,4.68305,8.90643,-0.03265,-0.09467,-1.01915
1619610714124,-0.7805,2.1883,7.39329,-0.01241,-0.02117,-1.02022
1619610714144,0.50757,3.48595,0.79966,-0.00069,0.19933,-1.11503
1619610714164,-6.22971,8.39885,9.57201,-0.06035,-0.25979,-1.00957
1619610714184,4.38617,5.31033,9.75876,0.09304,0.13755,-1.01596
1619610714204,0.87148,0.30166,10.06522,-0.022,-0.05952,-1.03087
1619610714225,-0.39264,-2.2697,10.51533,-0.06035,-0.01158,-0.94778
1619610714244,3.86424,-1.92972,9.70609,0.0206,-0.01478,-0.98613
1619610714264,-5.47793,6.18661,6.49786,0.09517,-0.10426,-0.96056
1619610714284,0.2873,2.19787,10.09874,0.05789,0.01504,-1.08839
1619610714304,0.2873,2.19787,10.09874,0.05789,0.01504,-1.08839
1619610714325,-5.63595,0.22984,7.2257,-0.01987,-0.02862,-1.04685
1619610714344,3.40455,-1.41736,7.44117,-0.0188,0.00545,-1.03194
1619610714364,-2.86346,-0.55545,3.47159,-0.03159,-0.14048,-0.99146
1619610714384,-4.0462,2.23618,9.58159,0.01741,0.08961,-0.97548
1619610714404,-3.16513,3.39976,2.82994,0.02593,0.15459,-1.03087
1619610714426,-8.19774,6.87135,9.23683,0.07173,0.01078,-1.033
1619610714444,-3.0933,1.78607,9.37569,0.10795,0.13116,-1.04685
1619610714464,-3.04063,-0.79487,19.6127,0.08452,0.10239,-1.12142
1619610714484,-3.1795,1.54186,11.96143,0.09197,-0.16498,-1.06176
1619610714504,-1.95845,-0.29688,16.56787,-0.03372,0.05978,-1.13527
1619610714524,-3.95043,3.99352,5.29118,0.03125,0.05552,-1.10437
1619610714544,1.20188,-1.33596,3.47159,-0.00815,-0.05313,-0.99785
1619610714564,-7.57525,4.89853,5.41568,-0.06141,0.08855,-1.03087
1619610714584,-0.47884,-0.44532,3.13161,0.07919,-0.01904,-1.04685
1619610714604,0.76135,-0.38307,15.16008,-0.07526,-0.09893,-0.97122
1619610714624,0.9481,-9.96466,19.6127,0.04936,0.06298,-1.00424
1619610714644,-1.31681,1.42694,16.54393,-0.09763,-0.34394,-0.95311
1619610714664,10.6494,-6.69897,18.79927,0.0483,0.36019,-1.01276
1619610714684,1.76692,-5.86579,16.86954,-0.06354,-0.25766,-0.93713
1619610714704,-1.81959,4.14196,19.53668,-0.06568,0.047,-0.97228
1619610714725,-3.88339,4.35265,8.53293,0.02273,0.00759,-1.05644
1619610714744,7.48427,-3.90254,12.9622,-0.01135,-0.13089,-0.97974
1619610714764,0.00478,-5.64552,14.47055,-0.03798,0.15672,-1.11077
1619610714784,1.05823,0.26336,12.79461,0.01634,-0.1245,-1.05857
1619610714804,5.15711,-6.80911,15.09783,-0.15516,-0.05099,-1.10118
1619610714824,2.35589,-1.10133,7.12993,-0.01774,0.06831,-1.19173
1619610714844,-4.06535,-0.68474,10.80263,0.11754,-0.05739,-1.1129
1619610714864,1.00077,-3.90254,12.09071,0.01954,-0.01904,-1.16509
1619610714884,1.13006,-8.07324,13.87679,0.19317,0.23449,-1.30997
1619610714904,-2.40377,5.97113,10.88882,0.03338,-0.198,-1.14911
1619610714924,0.55545,-2.27449,9.13148,-0.1477,-0.15752,-1.06922
1619610714944,-2.48996,4.15633,8.80587,0.08026,0.06831,-1.22368
1619610714964,-3.27526,3.86424,13.42668,-0.20309,-0.05845,-1.09372
1619610714984,5.49708,-3.96,12.65096,-0.14024,-0.14793,-1.07455
1619610715004,8.47547,3.40934,6.68461,0.00995,0.03954,-1.18853
1619610715024,-7.29752,-1.53228,12.76588,-0.10616,-0.01371,-0.99891
1619610715044,7.42681,-1.9393,6.00944,-0.06887,-0.00199,-0.96376
1619610715064,-0.41659,3.32794,5.19541,-0.04544,-0.0201,-1.04046
1619610715084,-1.33117,4.87938,8.05888,-0.09337,-0.13089,-1.00211
1619610715104,-2.56658,2.60967,10.98459,-0.08165,-0.0201,-1.10757
1619610715124,-1.36948,15.1936,10.95107,0.08878,0.01078,-1.11396
1619610715144,0.44532,5.52581,6.3973,-0.01454,0.03635,-1.03407
1619610715164,6.94318,5.34385,2.65277,0.0238,0.13329,-1.082
1619610715184,-2.71981,-0.0814,6.70376,0.03338,-0.17457,-1.02448
1619610715204,0.22984,-1.2785,8.95431,-0.01667,0.01078,-1.05111
1619610715224,-1.58975,2.36068,-1.40779,0.08771,0.04167,-1.04259
1619610715244,-3.62482,1.5658,13.55597,-0.12,0.00545,-1.00317
1619610715264,0.49799,2.74854,5.29118,0.02806,0.06085,-1.05857
1619610715284,2.02549,4.78361,7.54652,0.11008,-0.01051,-0.98933
1619610715304,-6.14352,1.93451,16.94615,-0.1264,-0.06058,-1.04365
1619610715324,1.55144,0.5746,0.32082,-0.07313,0.10133,-1.07668
1619610715344,0.43574,-1.06781,14.50886,0.13671,0.00226,-1.05005
1619610715364,1.09654,1.72861,9.95509,-0.12533,-0.00838,-1.04365
1619610715384,0.38307,3.24174,-2.71023,0.02699,0.03954,-1.05218
1619610715404,-2.26491,0.09576,10.44829,0.06854,-0.09467,-1.05644
1619610715424,3.29442,-3.03105,12.49773,-0.0252,0.21531,-1.07561
1619610715444,-5.83706,6.26802,9.40921,0.03338,-0.11811,-0.98187
1619610715464,-4.65432,4.06535,8.49462,0.01527,-0.00625,-1.03087
1619610715484,0.1628,-3.47638,8.7915,0.01314,-0.01371,-1.07348
1619610715504,-0.60812,2.69587,14.75307,0.03658,0.02143,-1.07135
1619610715524,-5.04218,1.17794,2.65756,0.04617,0.01611,-1.03087
1619610715544,4.32871,-4.9943,9.43315,-0.05822,-0.01904,-1.02341
1619610715564,0.05267,-0.52672,13.25908,-0.01135,0.08215,-1.09798
1619610715584,-3.26569,-5.0374,4.5825,0.05575,-0.05632,-0.984
1619610715604,-3.05978,0.0814,10.45308,-0.10829,0.10026,-1.06922
1619610715624,-3.1364,0.83318,10.78348,0.04404,0.05339,-1.00957
1619610715644,-5.72214,2.91613,12.82334,0.05469,-0.10958,-1.00637
1619610715664,9.5385,-5.09486,10.57758,-0.03265,0.04487,-1.09692
1619610715684,-0.46447,-1.13485,16.40028,-0.01241,0.03422,-1.11077
1619610715704,0.49799,5.12837,13.4602,-0.0497,-0.00838,-1.05111
1619610715724,5.82269,-7.52258,8.45153,0.08558,0.03315,-1.05431
1619610715744,10.53448,2.36068,16.85517,0.05895,-0.03289,-1.0607
1619610715764,0.62728,4.64953,5.42526,-0.01774,-0.00838,-1.01383
1619610715784,9.60553,0.15322,12.72757,0.03871,-0.0755,-1.05963
1619610715804,5.88015,-2.07337,12.83292,-0.01348,0.03848,-1.01915
1619610715824,7.73327,-1.04387,12.51688,0.00356,-0.20013,-0.94885
1619610715844,5.31512,-1.71424,10.74996,0.03765,0.09174,-0.92541
1619610715864,0.72304,1.02471,11.63103,0.03232,-0.08402,-1.0053
1619610715884,10.62546,-2.20266,10.67335,-0.02946,0.047,-0.93074
1619610715904,1.49877,2.12126,11.42991,0.01208,0.00652,-0.9073
1619610715924,5.05176,0.68474,5.08528,-0.03372,0.06404,-0.82741
1619610715944,0.39264,1.69509,13.47456,0.03871,-0.07976,-0.8796
1619610715964,-2.14041,4.91769,5.89931,-0.04437,-0.08828,-0.92434
1619610715984,-3.12682,2.74854,8.07803,-0.00602,0.15353,-0.97761
1619610716004,1.50834,4.63996,13.55597,0.03765,-0.11385,-0.90943
1619610716024,15.03079,-3.58172,5.29118,-0.022,-0.07443,-0.92115
1619610716044,-4.18506,8.11634,4.00789,0.1708,0.03422,-1.01596
1619610716064,-2.73417,5.26245,9.79228,0.13032,0.08855,-1.05324
1619610716084,3.26569,2.52827,4.22337,0.07067,-0.04354,-1.01276
1619610716104,4.1276,-0.22505,8.85854,0.12926,0.02037,-1.03939
1619610716124,-1.1971,1.38863,17.21909,-0.15303,-0.04034,-1.02661
1619610716144,0.54108,-3.31836,0.50278,0.06002,-0.00093,-1.06389
1619610716164,-3.85466,6.95276,8.16901,0.14311,-0.09893,-1.07668
1619610716184,0.81881,0.46447,6.65588,-0.03478,0.13009,-1.10757
1619610716204,-8.7101,7.72369,-1.58496,-0.00496,-0.18415,-1.06922
1619610716224,-2.806,5.85142,8.56166,0.06747,0.16844,-1.0852
1619610716244,1.403,3.44765,10.78827,-0.06887,-0.16604,-1.09053
1619610716264,-5.04218,8.38928,0.86191,0.10795,0.09281,-1.06709
1619610716284,-1.82917,5.68862,7.45554,0.03765,0.00545,-1.16296
1619610716304,4.39575,5.74129,4.59686,-0.00815,-0.05632,-1.09905
1619610716324,5.9424,-3.50511,11.66455,0.01954,0.04913,-1.14805
1619610716344,0.67037,-1.54186,9.50498,0.00569,-0.15859,-1.16403
1619610716364,4.45321,-0.42137,12.50731,0.03019,0.05872,-1.1374
1619610716384,-2.54743,2.94965,12.23437,-0.06248,-0.00732,-1.14911
1619610716404,0.13407,0.64164,18.10016,0.02486,0.00652,-1.02661
1619610716424,0.32561,-2.61925,17.12333,0.06854,0.08641,-1.08733
1619610716445,-1.88663,0.96725,8.85854,-0.0188,-0.0968,-1.10118
1619610716465,-2.64319,-2.46602,8.49941,0.00569,-0.04567,-1.12674
1619610716484,-1.65199,-2.11168,12.27267,-0.06994,-0.16285,-1.13207
1619610716504,9.96466,-3.44765,3.82593,-0.02626,0.20785,-1.02448
1619610716524,0.05267,-4.63996,16.51041,0.06215,-0.06484,-1.04578
1619610716544,-2.32237,-3.07415,16.0603,-0.16155,-0.19267,-1.07668
1619610716564,-6.36857,-4.2521,16.18959,0.11967,0.11305,-1.15231
1619610716584,-2.73896,-1.41257,15.27979,-0.17433,-0.12024,-1.06496
1619610716604,-1.20188,-1.34075,10.02691,0.0238,0.03741,-1.07774
1619610716624,-7.33583,-0.7805,15.33725,0.0941,-0.04993,-0.99785
1619610716645,6.66545,-0.95289,10.09874,-0.19777,-0.18309,-0.97974
1619610716664,-7.99663,-1.58496,14.27423,0.13352,0.18229,-1.11929
1619610716684,-0.60812,-4.93205,18.37789,0.06641,-0.24168,-0.99678
1619610716704,-2.806,-4.33829,10.85531,0.08878,0.19081,-1.07561
1619610716724,-2.50912,-1.12048,6.59363,-0.07207,0.03102,-0.95843
1619610716747,-1.96803,1.63763,14.48013,-0.08378,-0.17989,-0.94991
1619610716764,0.46926,2.9305,10.4435,-0.00922,0.05659,-1.11929
1619610716784,6.33026,-4.86022,15.7299,-0.02839,-0.10213,-1.09585
1619610716804,2.25054,3.1364,13.53202,-0.05289,0.11944,-1.03407
1619610716824,2.37025,0.10055,4.11323,0.00569,-0.05419,-1.01809
1619610716845,0.79008,0.29209,7.34541,0.06747,0.03848,-1.07135
1619610716864,-1.07739,-0.86191,13.55597,0.01101,0.05659,-1.082
1619610716884,0.85712,0.22026,0.2442,0.01208,-0.08189,-1.07455
1619610716904,4.59686,-1.0295,1.403,-0.05183,-0.04567,-1.0575
1619610716924,-3.86903,3.04063,13.39795,0.25283,0.01504,-1.10118
1619610716946,-0.29688,-4.54898,16.37155,-0.26701,-0.31944,-1.15231
1619610716964,1.42215,-6.43082,9.5385,0.04936,0.35167,-1.16722
1619610716984,-5.3247,3.39976,0.76135,0.11115,-0.11171,-1.10118
1619610717004,5.2433,0.95768,15.66286,-0.13918,-0.08934,-0.93287
1619610717024,-3.44765,2.85388,0.85233,0.09197,0.19614,-1.12248
1619610717044,-3.34709,1.97761,11.64539,-0.10722,-0.22037,-0.99146
1619610717064,-0.55545,0.52193,0.97683,-0.00069,0.10559,-1.08839
1619610717084,4.91769,4.90811,3.58651,0.00143,0.07683,-1.16403
1619610717104,-4.72615,1.35032,8.03972,-0.06781,-0.10958,-1.05005
1619610717124,-7.01501,3.40934,6.56968,0.1495,0.10665,-1.07561
1619610717145,1.57059,-4.2521,9.13148,0.05362,-0.07443,-1.11183
1619610717164,-7.97748,7.44117,4.2904,0.17826,0.3474,-1.17894
1619610717184,-6.53138,7.96311,3.95043,-0.10616,-0.2257,-0.95524
1619610717204,-2.40377,5.612,5.67904,-0.24677,0.20572,-1.02128
1619610717224,-4.24252,-2.38941,10.63504,0.02167,-0.07656,-0.9808
1619610717244,-4.75967,-4.40533,10.30943,0.01101,0.02996,-0.97122
1619610717264,-5.82269,1.09175,10.80742,0.13991,0.03528,-1.08094
1619610717284,-2.91613,-1.91057,10.70208,-0.00709,-0.02117,-1.02448
1619610717304,-8.63349,1.18752,12.99093,0.04617,0.13009,-1.04898
1619610717324,-2.22181,0.29209,11.25753,0.02486,-0.1,-1.01596
1619610717344,6.62715,-5.62637,7.99184,-0.03585,0.12476,-1.05963
1619610717364,1.02471,-3.46201,9.67257,0.02167,-0.04673,-1.0362
1619610717384,4.21379,-4.83149,13.09628,-0.09657,0.03209,-1.0607
1619610717404,0.35913,3.89776,3.78283,0.00675,0.01504,-1.04685
1619610717424,6.85699,-0.68474,9.22246,-0.00389,-0.149,-0.98613
1619610717444,9.38048,-3.22738,14.74828,-0.05396,0.08855,-1.033
1619610717464,-3.76368,0.93852,10.16578,-0.0497,-0.01158,-1.0607
1619610717484,-0.57939,-0.89543,13.06755,0.05256,0.02569,-1.03194
1619610717504,-0.9481,0.4932,16.19438,-0.10935,-0.05952,-1.01063
1619610717524,1.59932,2.71981,17.20952,0.03765,-0.10426,-0.99572
1619610717544,-6.1914,1.95366,12.83292,0.00995,0.07044,-1.07029
1619610717564,-6.62236,6.08606,9.75876,-0.01987,-0.16498,-1.09479
1619610717584,-1.35032,4.87938,16.06988,-0.00176,-0.04567,-1.10118
1619610717604,15.40908,-9.56723,11.73158,0.0238,0.00652,-1.0607
1619610717624,6.49786,-0.46447,9.0405,-0.00389,-0.01691,-1.05963
1619610717644,1.63284,-7.22091,17.43457,0.03658,0.08641,-1.13527
1619610717664,1.76213,-4.2904,17.42499,0.00249,0.05765,-1.1374
1619610717684,0.55545,-4.44363,5.95677,-0.05928,0.01185,-1.01915
1619610717704,-0.25857,0.74699,4.62559,-0.01774,-0.00945,-1.02448
1619610717724,-2.44687,-1.52271,11.5592,-0.02733,-0.06484,-1.10118
1619610717744,9.29907,-4.84586,14.14494,0.03338,0.00972,-1.11077
1619610717764,-2.11168,1.78607,15.44738,-0.07739,-0.01584,-1.17362
1619610717784,5.7796,-4.26167,11.78904,-0.09018,-0.07869,-1.05324
1619610717804,-0.31603,4.90332,5.55454,0.05043,-0.04886,-1.07987
1619610717824,8.41322,5.99986,9.94072,0.04084,-0.18841,-0.97974
1619610717844,2.83473,-2.98796,19.6127,-0.1445,0.08109,-1.09479
1619610717864,-2.87304,-1.99197,5.66468,0.06321,-0.07763,-0.99252
1619610717884,2.48518,-4.15633,6.75643,-0.07207,-0.08828,-1.02128
1619610717904,4.96557,-5.51624,19.6127,-0.08911,0.01078,-0.96056
1619610717924,5.06613,1.99197,11.00853,0.00995,0.00652,-0.95417
1619610717944,7.15387,-1.33596,16.65885,-0.04757,-0.00306,-0.94565
1619610717964,-3.94564,8.48983,2.26012,-0.05076,-0.00732,-0.94458
1619610717984,-10.96544,8.4228,12.62702,-0.0433,0.04274,-0.96802
1619610718004,-5.6551,8.7532,0.61291,0.08878,-0.00093,-0.99359
1619610718024,4.38617,-1.55623,5.09964,0.08239,0.04274,-1.04152
1619610718044,-4.27604,9.67257,4.83628,-0.03904,0.05339,-1.09372
1619610718064,3.28963,1.25935,10.58237,0.03765,0.06298,-1.0117
1619610718084,0.07182,3.32315,1.51792,0.05895,-0.08082,-1.04898
1619610718104,5.77481,-1.47961,5.94719,0.01741,0.10133,-1.08626
1619610718124,0.81402,-6.2728,8.73404,-0.05928,-0.17457,-0.96482
1619610718144,-0.58418,-0.92895,4.49631,0.03978,0.13542,-1.10011
1619610718164,0.16759,2.88261,6.359,0.03765,-0.10958,-1.01702
1619610718184,-8.23126,6.03338,6.96712,-0.02839,0.10133,-1.04365
1619610718204,-4.30477,-0.14365,16.3907,0.07706,-0.07869,-0.99998
1619610718224,-2.10689,0.45968,12.87601,-0.03904,0.10239,-1.06709
1619610718244,-3.40455,3.10767,0.3687,-0.01028,-0.00732,-1.07242
1619610718264,-5.1188,-4.55377,12.72757,-0.01667,0.11837,-1.06815
1619610718284,-9.61032,-3.47159,12.85686,0.06002,0.12689,-1.07455
1619610718304,-3.77805,-3.7541,11.23838,-0.01454,-0.03502,-1.06496
1619610718324,1.22104,-1.51792,7.63271,0.03445,-0.08721,-1.10863
1619610718344,1.58496,-3.29442,10.66856,0.18998,0.16205,-1.10437
1619610718364,-4.38617,-1.41736,9.10275,-0.14344,-0.10213,-1.00957
1619610718384,-2.47081,-0.4501,11.51611,0.04404,0.06617,-0.99891
1619610718404,3.33751,-0.86191,19.6127,-0.05928,0.00545,-1.06496
1619610718424,-2.54264,2.63362,13.36443,-0.00602,-0.04567,-1.0575
1619610718444,3.42849,-0.37349,13.57512,0.09943,-0.01051,-1.09053
1619610718464,-3.00711,2.38462,13.77144,0.02593,0.00226,-1.01063
1619610718484,0.05267,1.92014,18.02355,-0.00496,-0.02436,-1.01702
1619610718504,-8.31266,-7.762,5.25766,0.01847,-0.03928,-0.96163
1619610718524,2.04464,0.77093,11.19528,0.05469,0.15459,-1.0362
1619610718544,5.02303,-1.38384,11.81778,-0.05502,-0.05739,-1.0085
1619610718564,1.54665,2.37983,14.09705,-0.01667,0.0193,-1.0053
1619610718584,3.055,8.18338,10.7739,-0.00389,0.07789,-1.09692
1619610718604,10.0317,-1.23061,9.10754,0.09197,0.05126,-0.98826
1619610718604,3.7541,-2.24097,14.50407,-0.04117,-0.02436,-1.09159
1619610718644,3.7541,-2.24097,14.50407,-0.04117,-0.02436,-1.09159
1619610718664,1.83395,2.4325,7.09641,0.04191,-0.06697,-1.1374
1619610718685,6.14831,-4.2904,13.48893,0.03658,-0.05632,-1.06709
1619610718704,0.40222,-4.1276,11.16655,0.07067,-0.11704,-1.02022
1619610718724,1.54665,-0.0814,12.57434,0.06428,-0.13302,-1.03513
1619610718744,3.02627,-2.99275,17.98045,0.04191,-0.00199,-1.05644
1619610718764,5.87058,1.54665,6.65588,0.02593,-0.08828,-1.01596
1619610718784,4.61602,7.16345,6.90487,-0.0497,-0.09574,-0.97122
1619610718804,14.78659,10.97502,4.86501,0.02167,0.03102,-0.99146
1619610718824,9.0405,-0.99119,6.78037,0.00782,-0.01265,-0.96056
1619610718844,2.45645,-2.79642,8.48026,-0.01987,0.01504,-1.02981
1619610718844,2.52827,4.32392,8.18816,0.0451,-0.24913,-0.93287
1619610718884,-0.25378,3.10288,5.13795,-0.03585,0.1972,-1.06709
1619610718884,7.65186,-5.50666,14.2024,-0.06248,-0.198,-0.91369
1619610718924,4.02704,1.26413,2.85388,0.08558,-0.12024,-0.97228
1619610718944,5.48751,0.78529,5.82269,-0.00602,0.19401,-1.14059
1619610718964,-0.58418,3.055,10.76433,0.03658,-0.11917,-1.04046
1619610718984,4.76925,2.44208,8.74841,0.05149,0.04061,-1.01063
1619610719004,-5.2002,4.78361,-0.87148,0.03338,0.05872,-1.08626
1619610719024,0.51714,-4.18506,6.69418,0.16441,-0.12343,-1.02341
1619610719044,0.59376,0.47405,13.87679,0.1495,0.01185,-1.13527
1619610719064,1.62805,7.80509,10.14662,0.0238,-0.18096,-1.20983
1619610719084,11.11388,-6.13873,8.78193,0.06534,0.03315,-1.05644
1619610719104,-6.83784,3.37582,4.72615,-0.08272,0.0438,-1.20025
1619610719124,-6.3159,3.05021,6.22971,0.11861,-0.03928,-1.07455
1619610719144,2.8874,1.07739,5.54975,-0.04117,0.11305,-1.14698
1619610719164,1.84832,4.64475,3.68228,-0.07633,-0.09787,-1.11822
1619610719184,5.49708,2.53306,7.21133,-0.0465,0.06191,-1.09692
1619610719204,1.90578,0.68953,13.90552,-0.022,-0.01904,-1.12887
1619610719224,1.51313,3.45243,3.19865,0.06321,-0.06804,-1.09159
1619610719244,-6.50744,-4.11323,11.64539,-0.09976,-0.03502,-1.10437
1619610719264,-9.3709,1.8579,7.96311,0.03019,-0.0201,-1.11503
1619610719284,-6.41167,0.79487,3.15076,0.05043,-0.04673,-1.09053
1619610719308,4.07493,-1.87705,8.68616,-0.0188,0.0715,-1.06602
1619610719324,-2.76769,3.43807,13.25908,-0.10189,-0.11704,-1.04152
1619610719344,-5.42047,2.4325,3.7158,-0.10509,-0.09361,-0.99359
1619610719364,0.7805,-3.14119,12.84249,0.00675,-0.02436,-1.06176
1619610719384,-0.97204,0.94331,10.08916,-0.04117,-0.08082,-0.984
1619610719404,8.96867,-11.55441,14.97812,-0.0497,0.13222,-0.98187
1619610719424,-0.90021,0.22026,1.40779,0.08345,-0.14154,-0.97122
1619610719444,5.09964,-3.18907,18.48323,-0.05715,0.13009,-1.08413
1619610719464,1.57538,-6.0669,13.10107,0.0696,0.05659,-1.04152
1619610719484,7.53694,-5.88015,12.53604,-0.19883,-0.05099,-1.00424
1619610719504,3.91212,-3.07415,15.66286,0.08239,0.07576,-1.08307
1619610719524,0.85233,0.70868,11.21444,0.13032,-0.0478,-1.06922
1619610719544,5.29597,-2.90177,7.69975,0.01741,0.2249,-0.97441
1619610719564,5.9855,-6.30632,11.8896,0.04084,-0.05952,-0.94139
1619610719584,-0.04309,-7.38371,9.9886,-0.01987,-0.09041,-0.92008
1619610719604,2.15957,-2.79163,18.29649,0.03125,0.00652,-1.03087
1619610719624,5.60243,-1.87705,14.92066,-0.07633,0.2217,-1.0607
1619610719645,-1.42215,3.86903,9.66778,0.05895,-0.15326,-1.06176
1619610719664,7.94874,-0.65601,12.67969,0.03978,-0.12556,-0.99785
1619610719684,5.37258,-3.74931,15.24627,-0.02839,0.08748,-1.06602
1619610719704,1.62805,-0.70389,5.39174,-0.07633,-0.23635,-0.95204
1619610719724,3.66791,-4.48194,19.6127,-0.05396,0.33995,-1.08946
1619610719744,7.07247,-4.03662,6.86178,-0.01028,-0.21398,-0.95311
1619610719764,-0.62728,3.28963,7.09641,-0.05396,-0.03502,-0.94778
1619610719784,-7.80509,4.55856,8.31745,0.25176,0.05339,-1.12461
1619610719804,10.21845,1.93451,4.89853,0.02699,-0.46325,-1.0607
1619610719824,0.99598,-4.69742,17.01798,0.14311,0.43689,-1.18959
1619610719844,-1.50834,2.03985,15.55273,-0.22653,-0.32903,-1.12248
1619610719864,2.77248,1.17315,8.0924,0.11861,-0.13728,-0.89558
1619610719884,-4.79319,1.80522,11.24317,-0.01028,0.29521,-1.19279
1619610719904,4.44363,-3.00711,4.18506,-0.06674,-0.25339,-0.96589
1619610719924,1.7334,-0.66079,-2.05422,0.08452,0.07896,-1.0085
1619610719944,-1.72382,-1.16358,9.38527,0.06747,0.10239,-1.05111
1619610719964,-0.26336,-3.27047,8.85854,-0.08165,-0.02969,-0.9563
1619610719984,-0.31603,1.56101,7.14908,0.04084,0.1482,-1.09585
1619610720004,-1.7717,6.48349,7.32625,0.05043,0.03422,-0.99146
1619610720024,2.02549,-2.15957,4.87459,-0.04224,-0.00945,-1.02022
1619610720044,6.66066,0.86191,4.80276,0.03232,0.05872,-1.09053
1619610720064,0.40701,1.403,4.11323,0.06215,-0.18628,-0.97867
1619610720084,-5.55454,6.05254,6.83305,-0.12746,0.0992,-1.0607
1619610720104,-6.65109,3.12682,6.86178,0.05469,0.00545,-1.05005
1619610720124,6.41646,-1.88184,4.94642,-0.0987,-0.08615,-1.00424
1619610720144,-1.83395,-0.74699,11.98537,0.05469,0.096,-1.11183
1619610720164,-5.79396,2.76769,12.42111,-0.11361,-0.20333,-1.02022
1619610720164,-3.12682,2.89219,8.97346,-0.02093,0.00332,-1.05537
1619610720204,-0.58418,1.74776,11.34372,-0.00709,-0.08295,-0.96269
1619610720224,0.18674,-2.61925,12.469,-0.022,-0.03821,-0.93819
1619610720244,-4.85544,-0.23463,7.63271,0.00143,0.06831,-0.99998
1619610720264,4.0031,-8.11155,13.35006,0.10795,-0.247,-0.92754
1619610720285,-3.03105,-2.05901,10.20887,-0.01241,0.15566,-1.03087
1619610720304,-3.98874,1.58017,10.90319,0.14098,-0.05313,-1.05963
1619610720324,-3.0933,2.37504,5.42047,-0.04437,-0.03928,-0.98506
1619610720344,-7.60398,2.69587,12.17691,-0.02839,0.00439,-1.06815
1619610720364,-7.09162,-0.95768,19.6127,-0.01348,-0.16285,-0.96376
1619610720384,3.44765,-3.36145,10.06043,-0.01028,0.08109,-1.03087
1619610720404,3.91212,1.8579,4.40054,0.00462,-0.02649,-1.05857
1619610720424,1.43652,-3.91212,17.18079,0.0451,0.06191,-1.03087
1619610720444,-1.55144,-4.35744,9.165,0.06641,0.00119,-1.05963
1619610720464,1.95845,0.97204,12.61265,0.00995,-0.03182,-1.04152
1619610720484,-0.71826,-0.08619,14.47055,0.09091,0.07683,-1.04898
1619610720504,7.14908,-2.71981,15.61498,0.06747,-0.05206,-1.07987
