1619609432786,0.646,0,0,0,0,-1.397
1619609432806,0.646,0,0,0,0,-1.412
1619609432827,0.65,0,0,0,0,-1.424
1619609432846,0.653,0,0,0,0,-1.38
1619609432866,0.639,0,0,0,0,-1.387
1619609432886,0.639,0,0,0,0,-1.387
1619609432906,0.653,0,0,0,0,-1.412
1619609432927,0.646,0,0,0,0,-1.401
1619609432946,0.65,0,0,0,0,-1.378
1619609432966,0.646,0,0,0,0,-1.392
1619609432986,0.653,0,0,0,0,-1.421
1619609433006,0.65,0,0,0,0,-1.42
1619609433026,0.653,0,0,0,0,-1.411
1619609433046,0.65,0,0,0,0,-1.387
1619609433066,0.646,0,0,0,0,-1.355
1619609433086,0.65,0,0,0,0,-1.361
1619609433106,0.66,0,0,0,0,-1.361
1619609433126,0.622,0,0,0,0,-1.255
1619609433146,0.622,0,0,0,0,-1.255
1619609433166,0.643,0,0,0,0,-1.322
1619609433186,0.646,0,0,0,0,-1.408
1619609433206,0.65,0,0,0,0,-1.323
1619609433226,0.65,0,0,0,0,-1.337
1619609433246,0.656,0,0,0,0,-1.369
1619609433266,0.633,0,0,0,0,-1.389
1619609433286,0.653,0,0,0,0,-1.423
1619609433306,0.646,0,0,0,0,-1.327
1619609433326,0.646,0,0,0,0,-1.346
1619609433346,0.65,0,0,0,0,-1.458
1619609433366,0.663,0,0,0,0,-1.452
1619609433386,0.633,0,0,0,0,-1.42
1619609433406,0.633,0,0,0,0,-1.42
1619609433426,0.65,0,0,0,0,-1.403
1619609433446,0.65,0,0,0,0,-1.392
1619609433466,0.646,0,0,0,0,-1.366
1619609433486,0.65,0,0,0,0,-1.369
1619609433506,0.653,0,0,0,0,-1.422
1619609433526,0.667,0,0,0,0,-1.407
1619609433546,0.629,0,0,0,0,-1.345
1619609433566,0.646,0,0,0,0,-1.351
1619609433586,0.656,0,0,0,0,-1.348
1619609433606,0.643,0,0,0,0,-1.378
1619609433626,0.65,0,0,0,0,-1.353
1619609433646,0.646,0,0,0,0,-1.389
1619609433666,0.667,0,0,0,0,-1.397
1619609433686,0.626,0,0,0,0,-1.402
1619609433706,0.626,0,0,0,0,-1.402
1619609433726,0.643,0,0,0,0,-1.424
1619609433746,0.646,0,0,0,0,-1.41
1619609433766,0.653,0,0,0,0,-1.422
1619609433786,0.643,0,0,0,0,-1.429
1619609433806,0.646,0,0,0,0,-1.438
1619609433826,0.667,0,0,0,0,-1.421
1619609433846,0.619,0,0,0,0,-1.403
1619609433866,0.65,0,0,0,0,-1.43
1619609433886,0.636,0,0,0,0,-1.414
1619609433906,0.646,0,0,0,0,-1.405
1619609433926,0.639,0,0,0,0,-1.383
1619609433946,0.653,0,0,0,0,-1.386
1619609433966,0.653,0,0,0,0,-1.386
1619609433986,0.633,0,0,0,0,-1.411
1619609434006,0.633,0,0,0,0,-1.4
1619609434026,0.653,0,0,0,0,-1.389
1619609434046,0.646,0,0,0,0,-1.415
1619609434066,0.643,0,0,0,0,-1.441
1619609434086,0.65,0,0,0,0,-1.427
1619609434106,0.639,0,0,0,0,-1.4
1619609434126,0.646,0,0,0,0,-1.405
1619609434146,0.643,0,0,0,0,-1.424
1619609434166,0.639,0,0,0,0,-1.421
1619609434186,0.643,0,0,0,0,-1.409
1619609434206,0.65,0,0,0,0,-1.36
1619609434226,0.65,0,0,0,0,-1.36
1619609434246,0.629,0,0,0,0,-1.377
1619609434266,0.629,0,0,0,0,-1.377
1619609434286,0.639,0,0,0,0,-1.389
1619609434306,0.643,0,0,0,0,-1.378
1619609434326,0.643,0,0,0,0,-1.373
1619609434347,0.646,0,0,0,0,-1.375
1619609434366,0.619,0,0,0,0,-1.38
1619609434386,0.633,0,0,0,0,-1.35
1619609434406,0.636,0,0,0,0,-1.331
1619609434426,0.639,0,0,0,0,-1.348
1619609434457,0.633,0,0,0,0,-1.395
1619609434466,0.646,0,0,0,0,-1.387
1619609434486,0.646,0,0,0,0,-1.387
1619609434506,0.622,0,0,0,0,-1.366
1619609434526,0.636,0,0,0,0,-1.386
1619609434546,0.639,0,0,0,0,-1.386
1619609434566,0.636,0,0,0,0,-1.38
1619609434586,0.639,0,0,0,0,-1.379
1619609434606,0.633,0,0,0,0,-1.413
1619609434626,0.656,0,0,0,0,-1.387
1619609434646,0.612,0,0,0,0,-1.382
1619609434666,0.636,0,0,0,0,-1.386
1619609434686,0.639,0,0,0,0,-1.377
1619609434706,0.633,0,0,0,0,-1.341
1619609434726,0.636,0,0,0,0,-1.356
1619609434747,0.633,0,0,0,0,-1.364
1619609434766,0.65,0,0,0,0,-1.339
1619609434786,0.65,0,0,0,0,-1.339
1619609434806,0.612,0,0,0,0,-1.347
1619609434826,0.629,0,0,0,0,-1.375
1619609434846,0.629,0,0,0,0,-1.375
1619609434866,0.626,0,0,0,0,-1.354
1619609434886,0.629,0,0,0,0,-1.361
1619609434906,0.629,0,0,0,0,-1.389
1619609434926,0.653,0,0,0,0,-1.373
1619609434948,0.605,0,0,0,0,-1.356
1619609434966,0.629,0,0,0,0,-1.377
1619609434986,0.626,0,0,0,0,-1.369
1619609435006,0.629,0,0,0,0,-1.374
1619609435026,0.629,0,0,0,0,-1.38
1619609435049,0.639,0,0,0,0,-1.324
1619609435066,0.619,0,0,0,0,-1.319
1619609435086,0.619,0,0,0,0,-1.319
1619609435106,0.629,0,0,0,0,-1.35
1619609435126,0.636,0,0,0,0,-1.341
1619609435147,0.626,0,0,0,0,-1.337
1619609435166,0.636,0,0,0,0,-1.351
1619609435186,0.629,0,0,0,0,-1.364
1619609435206,0.626,0,0,0,0,-1.397
1619609435226,0.636,0,0,0,0,-1.396
1619609435247,0.629,0,0,0,0,-1.379
1619609435266,0.629,0,0,0,0,-1.392
1619609435286,0.626,0,0,0,0,-1.398
1619609435306,0.643,0,0,0,0,-1.379
1619609435326,0.643,0,0,0,0,-1.379
1619609435346,0.622,0,0,0,0,-1.383
1619609435366,0.629,0,0,0,0,-1.365
1619609435386,0.629,0,0,0,0,-1.356
1619609435406,0.629,0,0,0,0,-1.356
1619609435426,0.629,0,0,0,0,-1.379
1619609435446,0.643,0,0,0,0,-1.365
1619609435466,0.612,0,0,0,0,-1.325
1619609435486,0.629,0,0,0,0,-1.36
1619609435506,0.636,0,0,0,0,-1.368
1619609435526,0.629,0,0,0,0,-1.348
1619609435546,0.622,0,0,0,0,-1.323
1619609435566,0.646,0,0,0,0,-1.369
1619609435586,0.646,0,0,0,0,-1.369
1619609435606,0.612,0,0,0,0,-1.367
1619609435626,0.629,0,0,0,0,-1.37
1619609435646,0.629,0,0,0,0,-1.356
1619609435666,0.629,0,0,0,0,-1.337
1619609435686,0.636,0,0,0,0,-1.372
1619609435706,0.636,0,0,0,0,-1.425
1619609435726,0.646,0,0,0,0,-1.343
1619609435746,0.609,0,0,0,0,-1.328
1619609435766,0.629,0,0,0,0,-1.393
1619609435786,0.629,0,0,0,0,-1.383
1619609435806,0.626,0,0,0,0,-1.37
1619609435826,0.626,0,0,0,0,-1.357
1619609435846,0.636,0,0,0,0,-1.34
1619609435866,0.646,0,0,0,0,-1.331
1619609435886,0.646,0,0,0,0,-1.331
1619609435906,0.616,0,0,0,0,-1.345
1619609435926,0.629,0,0,0,0,-1.336
1619609435946,0.636,0,0,0,0,-1.338
1619609435966,0.629,0,0,0,0,-1.328
1619609435986,0.636,0,0,0,0,-1.358
1619609436006,0.633,0,0,0,0,-1.36
1619609436026,0.629,0,0,0,0,-1.345
1619609436046,0.653,0,0,0,0,-1.351
1619609436066,0.616,0,0,0,0,-1.366
1619609436086,0.639,0,0,0,0,-1.357
1619609436106,0.636,0,0,0,0,-1.359
1619609436126,0.639,0,0,0,0,-1.349
1619609436146,0.636,0,0,0,0,-1.347
1619609436166,0.633,0,0,0,0,-1.386
1619609436186,0.65,0,0,0,0,-1.379
1619609436206,0.65,0,0,0,0,-1.379
1619609436226,0.619,0,0,0,0,-1.378
1619609436246,0.629,0,0,0,0,-1.382
1619609436266,0.639,0,0,0,0,-1.393
1619609436286,0.639,0,0,0,0,-1.371
1619609436306,0.629,0,0,0,0,-1.378
1619609436326,0.639,0,0,0,0,-1.357
1619609436346,0.629,0,0,0,0,-1.359
1619609436366,0.629,0,0,0,0,-1.39
1619609436386,0.633,0,0,0,0,-1.387
1619609436406,0.629,0,0,0,0,-1.315
1619609436426,0.633,0,0,0,0,-1.323
1619609436446,0.629,0,0,0,0,-1.379
1619609436466,0.643,0,0,0,0,-1.382
1619609436486,0.643,0,0,0,0,-1.382
1619609436506,0.619,0,0,0,0,-1.375
1619609436526,0.633,0,0,0,0,-1.383
1619609436546,0.629,0,0,0,0,-1.367
1619609436566,0.636,0,0,0,0,-1.381
1619609436586,0.629,0,0,0,0,-1.367
1619609436606,0.643,0,0,0,0,-1.361
1619609436626,0.622,0,0,0,0,-1.381
1619609436646,0.643,0,0,0,0,-1.393
1619609436666,0.639,0,0,0,0,-1.357
1619609436686,0.639,0,0,0,0,-1.348
1619609436706,0.643,0,0,0,0,-1.368
1619609436726,0.643,0,0,0,0,-1.406
1619609436746,0.663,0,0,0,0,-1.396
1619609436767,0.663,0,0,0,0,-1.396
1619609436786,0.609,0,0,0,0,-1.407
1619609436806,0.633,0,0,0,0,-1.406
1619609436826,0.643,0,0,0,0,-1.398
1619609436846,0.639,0,0,0,0,-1.401
1619609436866,0.629,0,0,0,0,-1.421
1619609436886,0.656,0,0,0,0,-1.386
1619609436906,0.616,0,0,0,0,-1.37
1619609436926,0.633,0,0,0,0,-1.392
1619609436946,0.629,0,0,0,0,-1.376
1619609436966,0.639,0,0,0,0,-1.343
1619609436986,0.629,0,0,0,0,-1.33
1619609437006,0.629,0,0,0,0,-1.347
1619609437026,0.656,0,0,0,0,-1.356
1619609437046,0.656,0,0,0,0,-1.356
1619609437068,0.602,0,0,0,0,-1.338
1619609437086,0.626,0,0,0,0,-1.34
1619609437106,0.629,0,0,0,0,-1.39
1619609437126,0.636,0,0,0,0,-1.409
1619609437146,0.633,0,0,0,0,-1.403
1619609437169,0.636,0,0,0,0,-1.346
1619609437186,0.636,0,0,0,0,-1.346
1619609437206,0.633,0,0,0,0,-1.369
1619609437226,0.636,0,0,0,0,-1.383
1619609437246,0.646,0,0,0,0,-1.353
1619609437269,0.633,0,0,0,0,-1.365
1619609437286,0.636,0,0,0,0,-1.376
1619609437306,0.636,0,0,0,0,-1.376
1619609437326,0.629,0,0,0,0,-1.385
1619609437346,0.629,0,0,0,0,-1.385
1619609437369,0.639,0,0,0,0,-1.381
1619609437386,0.626,0,0,0,0,-1.367
1619609437406,0.636,0,0,0,0,-1.369
1619609437426,0.639,0,0,0,0,-1.355
1619609437446,0.619,0,0,0,0,-1.365
1619609437470,0.629,0,0,0,0,-1.364
1619609437486,0.629,0,0,0,0,-1.346
1619609437506,0.636,0,0,0,0,-1.337
1619609437526,0.629,0,0,0,0,-1.344
1619609437546,0.626,0,0,0,0,-1.338
1619609437566,0.646,0,0,0,0,-1.345
1619609437586,0.646,0,0,0,0,-1.345
1619609437606,0.619,0,0,0,0,-1.352
1619609437626,0.636,0,0,0,0,-1.366
1619609437646,0.629,0,0,0,0,-1.343
1619609437666,0.629,0,0,0,0,-1.339
1619609437686,0.639,0,0,0,0,-1.346
1619609437706,0.643,0,0,0,0,-1.251
1619609437726,0.612,0,0,0,0,-1.282
1619609437746,0.622,0,0,0,0,-1.333
1619609437766,0.636,0,0,0,0,-1.34
1619609437786,0.639,0,0,0,0,-1.326
1619609437806,0.633,0,0,0,0,-1.333
1619609437826,0.636,0,0,0,0,-1.359
1619609437846,0.636,0,0,0,0,-1.377
1619609437866,0.636,0,0,0,0,-1.377
1619609437886,0.622,0,0,0,0,-1.256
1619609437906,0.636,0,0,0,0,-1.301
1619609437926,0.626,0,0,0,0,-1.392
1619609437946,0.633,0,0,0,0,-1.381
1619609437966,0.643,0,0,0,0,-1.334
1619609437986,0.656,0,0,0,0,-1.355
1619609438006,0.622,0,0,0,0,-1.364
1619609438026,0.626,0,0,0,0,-1.387
1619609438046,0.636,0,0,0,0,-1.396
1619609438066,0.643,0,0,0,0,-1.373
1619609438086,0.643,0,0,0,0,-1.362
1619609438106,0.643,0,0,0,0,-1.374
1619609438126,0.66,0,0,0,0,-1.33
1619609438146,0.66,0,0,0,0,-1.33
1619609438166,0.619,0,0,0,0,-1.344
1619609438186,0.639,0,0,0,0,-1.378
1619609438206,0.643,0,0,0,0,-1.361
1619609438226,0.639,0,0,0,0,-1.345
1619609438246,0.646,0,0,0,0,-1.354
1619609438266,0.643,0,0,0,0,-1.363
1619609438286,0.639,0,0,0,0,-1.34
1619609438306,0.646,0,0,0,0,-1.376
1619609438326,0.633,0,0,0,0,-1.378
1619609438346,0.643,0,0,0,0,-1.378
1619609438366,0.636,0,0,0,0,-1.415
1619609438386,0.643,0,0,0,0,-1.453
1619609438406,0.643,0,0,0,0,-1.453
1619609438426,0.626,0,0,0,0,-1.395
1619609438446,0.636,0,0,0,0,-1.393
1619609438466,0.643,0,0,0,0,-1.4
1619609438486,0.633,0,0,0,0,-1.414
1619609438506,0.633,0,0,0,0,-1.376
1619609438526,0.646,0,0,0,0,-1.377
1619609438546,0.629,0,0,0,0,-1.385
1619609438566,0.633,0,0,0,0,-1.371
1619609438586,0.643,0,0,0,0,-1.37
1619609438606,0.633,0,0,0,0,-1.363
1619609438626,0.643,0,0,0,0,-1.392
1619609438646,0.643,0,0,0,0,-1.425
1619609438666,0.65,0,0,0,0,-1.367
1619609438686,0.65,0,0,0,0,-1.367
1619609438706,0.616,0,0,0,0,-1.337
1619609438726,0.636,0,0,0,0,-1.355
1619609438746,0.643,0,0,0,0,-1.396
1619609438766,0.639,0,0,0,0,-1.413
1619609438786,0.633,0,0,0,0,-1.374
1619609438806,0.636,0,0,0,0,-1.353
1619609438826,0.65,0,0,0,0,-1.412
1619609438846,0.616,0,0,0,0,-1.459
1619609438866,0.633,0,0,0,0,-1.433
1619609438886,0.636,0,0,0,0,-1.395
1619609438906,0.629,0,0,0,0,-1.364
1619609438926,0.639,0,0,0,0,-1.38
1619609438946,0.636,0,0,0,0,-1.378
1619609438966,0.66,0,0,0,0,-1.357
1619609438987,0.66,0,0,0,0,-1.357
1619609439006,0.609,0,0,0,0,-1.339
1619609439026,0.643,0,0,0,0,-1.327
1619609439046,0.639,0,0,0,0,-1.363
1619609439066,0.629,0,0,0,0,-1.37
1619609439087,0.639,0,0,0,0,-1.333
1619609439106,0.633,0,0,0,0,-1.314
1619609439126,0.656,0,0,0,0,-1.379
1619609439146,0.616,0,0,0,0,-1.377
1619609439166,0.633,0,0,0,0,-1.355
1619609439186,0.629,0,0,0,0,-1.377
1619609439206,0.636,0,0,0,0,-1.404
1619609439226,0.639,0,0,0,0,-1.377
1619609439246,0.639,0,0,0,0,-1.377
1619609439266,0.646,0,0,0,0,-1.379
1619609439286,0.622,0,0,0,0,-1.374
1619609439306,0.633,0,0,0,0,-1.368
1619609439326,0.636,0,0,0,0,-1.338
1619609439346,0.636,0,0,0,0,-1.354
1619609439366,0.629,0,0,0,0,-1.353
1619609439387,0.643,0,0,0,0,-1.339
1619609439406,0.629,0,0,0,0,-1.344
1619609439426,0.629,0,0,0,0,-1.328
1619609439446,0.636,0,0,0,0,-1.339
1619609439466,0.633,0,0,0,0,-1.366
1619609439487,0.626,0,0,0,0,-1.363
1619609439506,0.636,0,0,0,0,-1.396
1619609439526,0.636,0,0,0,0,-1.396
1619609439546,0.626,0,0,0,0,-1.414
1619609439566,0.629,0,0,0,0,-1.387
1619609439588,0.633,0,0,0,0,-1.376
1619609439606,0.633,0,0,0,0,-1.369
1619609439626,0.639,0,0,0,0,-1.393
1619609439646,0.643,0,0,0,0,-1.348
1619609439666,0.622,0,0,0,0,-1.316
1619609439686,0.636,0,0,0,0,-1.349
1619609439706,0.633,0,0,0,0,-1.364
1619609439726,0.629,0,0,0,0,-1.363
1619609439746,0.636,0,0,0,0,-1.369
1619609439766,0.636,0,0,0,0,-1.369
1619609439787,0.646,0,0,0,0,-1.363
1619609439806,0.622,0,0,0,0,-1.39
1619609439826,0.639,0,0,0,0,-1.403
1619609439846,0.633,0,0,0,0,-1.362
1619609439866,0.639,0,0,0,0,-1.353
1619609439886,0.65,0,0,0,0,-1.364
1619609439906,0.629,0,0,0,0,-1.364
1619609439926,0.619,0,0,0,0,-1.392
1619609439946,0.633,0,0,0,0,-1.4
1619609439966,0.633,0,0,0,0,-1.369
1619609439986,0.639,0,0,0,0,-1.372
1619609440006,0.639,0,0,0,0,-1.372
1619609440026,0.653,0,0,0,0,-1.374
1619609440046,0.629,0,0,0,0,-1.353
1619609440066,0.622,0,0,0,0,-1.35
1619609440086,0.622,0,0,0,0,-1.374
1619609440106,0.639,0,0,0,0,-1.404
1619609440126,0.633,0,0,0,0,-1.378
1619609440146,0.633,0,0,0,0,-1.329
1619609440166,0.646,0,0,0,0,-1.348
1619609440186,0.619,0,0,0,0,-1.372
1619609440206,0.639,0,0,0,0,-1.365
1619609440226,0.633,0,0,0,0,-1.351
1619609440246,0.636,0,0,0,0,-1.36
1619609440266,0.636,0,0,0,0,-1.36
1619609440286,0.636,0,0,0,0,-1.383
1619609440306,0.667,0,0,0,0,-1.431
1619609440326,0.605,0,0,0,0,-1.358
1619609440346,0.629,0,0,0,0,-1.368
1619609440366,0.633,0,0,0,0,-1.396
1619609440386,0.636,0,0,0,0,-1.401
1619609440406,0.636,0,0,0,0,-1.361
1619609440426,0.633,0,0,0,0,-1.352
1619609440446,0.626,0,0,0,0,-1.351
1619609440466,0.639,0,0,0,0,-1.36
1619609440486,0.629,0,0,0,0,-1.335
1619609440506,0.629,0,0,0,0,-1.33
1619609440526,0.629,0,0,0,0,-1.33
1619609440546,0.643,0,0,0,0,-1.341
1619609440566,0.629,0,0,0,0,-1.354
1619609440586,0.646,0,0,0,0,-1.346
1619609440606,0.629,0,0,0,0,-1.338
1619609440626,0.619,0,0,0,0,-1.337
1619609440646,0.629,0,0,0,0,-1.357
1619609440666,0.636,0,0,0,0,-1.354
1619609440686,0.629,0,0,0,0,-1.357
1619609440706,0.643,0,0,0,0,-1.344
1619609440726,0.629,0,0,0,0,-1.342
1619609440746,0.619,0,0,0,0,-1.357
1619609440766,0.629,0,0,0,0,-1.369
1619609440786,0.626,0,0,0,0,-1.352
1619609440806,0.626,0,0,0,0,-1.352
1619609440826,0.636,0,0,0,0,-1.332
1619609440846,0.643,0,0,0,0,-1.34
1619609440866,0.633,0,0,0,0,-1.365
1619609440886,0.609,0,0,0,0,-1.362
1619609440906,0.629,0,0,0,0,-1.366
1619609440926,0.629,0,0,0,0,-1.366
1619609440946,0.633,0,0,0,0,-1.355
1619609440966,0.636,0,0,0,0,-1.36
1619609440986,0.646,0,0,0,0,-1.344
1619609441006,0.629,0,0,0,0,-1.302
1619609441026,0.616,0,0,0,0,-1.315
1619609441046,0.633,0,0,0,0,-1.37
1619609441066,0.626,0,0,0,0,-1.387
1619609441086,0.626,0,0,0,0,-1.387
1619609441106,0.633,0,0,0,0,-1.354
1619609441126,0.626,0,0,0,0,-1.359
1619609441146,0.636,0,0,0,0,-1.356
1619609441166,0.629,0,0,0,0,-1.358
1619609441186,0.626,0,0,0,0,-1.356
1619609441216,0.629,0,0,0,0,-1.338
1619609441226,0.629,0,0,0,0,-1.362
1619609441246,0.636,0,0,0,0,-1.381
1619609441266,0.656,0,0,0,0,-1.356
1619609441286,0.612,0,0,0,0,-1.333
1619609441307,0.629,0,0,0,0,-1.335
1619609441326,0.636,0,0,0,0,-1.373
1619609441346,0.636,0,0,0,0,-1.373
1619609441366,0.636,0,0,0,0,-1.366
1619609441386,0.636,0,0,0,0,-1.358
1619609441406,0.633,0,0,0,0,-1.387
1619609441426,0.629,0,0,0,0,-1.397
1619609441446,0.629,0,0,0,0,-1.391
1619609441466,0.622,0,0,0,0,-1.394
1619609441486,0.626,0,0,0,0,-1.381
1619609441506,0.629,0,0,0,0,-1.37
1619609441526,0.636,0,0,0,0,-1.352
1619609441546,0.626,0,0,0,0,-1.323
1619609441566,0.629,0,0,0,0,-1.306
1619609441586,0.626,0,0,0,0,-1.323
1619609441607,0.626,0,0,0,0,-1.323
1619609441626,0.629,0,0,0,0,-1.345
1619609441646,0.629,0,0,0,0,-1.344
1619609441666,0.629,0,0,0,0,-1.319
1619609441686,0.633,0,0,0,0,-1.356
1619609441708,0.622,0,0,0,0,-1.387
1619609441726,0.629,0,0,0,0,-1.39
1619609441746,0.629,0,0,0,0,-1.381
1619609441766,0.629,0,0,0,0,-1.348
1619609441786,0.629,0,0,0,0,-1.338
1619609441808,0.646,0,0,0,0,-1.362
1619609441826,0.626,0,0,0,0,-1.369
1619609441846,0.636,0,0,0,0,-1.329
1619609441866,0.633,0,0,0,0,-1.329
1619609441886,0.633,0,0,0,0,-1.329
1619609441906,0.629,0,0,0,0,-1.377
1619609441926,0.636,0,0,0,0,-1.36
1619609441946,0.629,0,0,0,0,-1.335
1619609441966,0.66,0,0,0,0,-1.38
1619609441986,0.609,0,0,0,0,-1.382
1619609442007,0.636,0,0,0,0,-1.378
1619609442026,0.633,0,0,0,0,-1.334
1619609442046,0.636,0,0,0,0,-1.337
1619609442066,0.629,0,0,0,0,-1.356
1619609442086,0.656,0,0,0,0,-1.367
1619609442107,0.626,0,0,0,0,-1.348
1619609442126,0.639,0,0,0,0,-1.313
1619609442146,0.639,0,0,0,0,-1.305
1619609442166,0.639,0,0,0,0,-1.305
1619609442186,0.643,0,0,0,0,-1.349
1619609442206,0.643,0,0,0,0,-1.386
1619609442226,0.643,0,0,0,0,-1.363
1619609442246,0.653,0,0,0,0,-1.327
1619609442266,0.616,0,0,0,0,-1.313
1619609442286,0.639,0,0,0,0,-1.367
1619609442306,0.636,0,0,0,0,-1.354
1619609442326,0.629,0,0,0,0,-1.295
1619609442346,0.633,0,0,0,0,-1.308
1619609442366,0.65,0,0,0,0,-1.386
1619609442386,0.609,0,0,0,0,-1.369
1619609442406,0.636,0,0,0,0,-1.345
1619609442426,0.636,0,0,0,0,-1.345
1619609442447,0.629,0,0,0,0,-1.358
1619609442466,0.636,0,0,0,0,-1.363
1619609442486,0.633,0,0,0,0,-1.364
1619609442506,0.636,0,0,0,0,-1.328
1619609442526,0.636,0,0,0,0,-1.344
1619609442546,0.629,0,0,0,0,-1.378
1619609442566,0.639,0,0,0,0,-1.345
1619609442586,0.639,0,0,0,0,-1.357
1619609442606,0.636,0,0,0,0,-1.364
1619609442626,0.639,0,0,0,0,-1.371
1619609442646,0.633,0,0,0,0,-1.401
1619609442666,0.643,0,0,0,0,-1.406
1619609442686,0.643,0,0,0,0,-1.406
1619609442706,0.639,0,0,0,0,-1.383
1619609442726,0.643,0,0,0,0,-1.385
1619609442746,0.643,0,0,0,0,-1.336
1619609442766,0.639,0,0,0,0,-1.341
1619609442786,0.65,0,0,0,0,-1.38
1619609442806,0.626,0,0,0,0,-1.36
1619609442826,0.636,0,0,0,0,-1.338
1619609442846,0.639,0,0,0,0,-1.343
1619609442866,0.643,0,0,0,0,-1.344
1619609442886,0.643,0,0,0,0,-1.333
1619609442906,0.653,0,0,0,0,-1.344
1619609442926,0.619,0,0,0,0,-1.36
1619609442946,0.646,0,0,0,0,-1.35
1619609442966,0.646,0,0,0,0,-1.35
1619609442986,0.633,0,0,0,0,-1.373
1619609443006,0.633,0,0,0,0,-1.393
1619609443026,0.633,0,0,0,0,-1.393
1619609443046,0.629,0,0,0,0,-1.383
1619609443066,0.66,0,0,0,0,-1.393
1619609443086,0.605,0,0,0,0,-1.382
1619609443106,0.629,0,0,0,0,-1.359
1619609443126,0.639,0,0,0,0,-1.365
1619609443146,0.633,0,0,0,0,-1.359
1619609443166,0.643,0,0,0,0,-1.361
1619609443186,0.65,0,0,0,0,-1.347
1619609443206,0.619,0,0,0,0,-1.361
1619609443226,0.639,0,0,0,0,-1.367
1619609443246,0.639,0,0,0,0,-1.367
1619609443266,0.646,0,0,0,0,-1.383
1619609443286,0.633,0,0,0,0,-1.341
1619609443306,0.629,0,0,0,0,-1.348
1619609443326,0.636,0,0,0,0,-1.389
1619609443346,0.66,0,0,0,0,-1.356
1619609443366,0.612,0,0,0,0,-1.336
1619609443386,0.626,0,0,0,0,-1.374
1619609443406,0.629,0,0,0,0,-1.378
1619609443426,0.629,0,0,0,0,-1.344
1619609443446,0.633,0,0,0,0,-1.381
1619609443466,0.639,0,0,0,0,-1.365
1619609443486,0.636,0,0,0,0,-1.326
1619609443506,0.633,0,0,0,0,-1.34
1619609443526,0.633,0,0,0,0,-1.34
1619609443546,0.636,0,0,0,0,-1.345
1619609443566,0.639,0,0,0,0,-1.343
1619609443586,0.633,0,0,0,0,-1.338
1619609443606,0.643,0,0,0,0,-1.352
1619609443636,0.636,0,0,0,0,-1.329
1619609443646,0.643,0,0,0,0,-1.295
1619609443666,0.639,0,0,0,0,-1.313
1619609443686,0.633,0,0,0,0,-1.314
1619609443706,0.639,0,0,0,0,-1.338
1619609443727,0.643,0,0,0,0,-1.386
1619609443746,0.639,0,0,0,0,-1.381
1619609443766,0.636,0,0,0,0,-1.365
1619609443786,0.636,0,0,0,0,-1.365
1619609443806,0.639,0,0,0,0,-1.347
1619609443826,0.639,0,0,0,0,-1.363
1619609443846,0.633,0,0,0,0,-1.391
1619609443866,0.65,0,0,0,0,-1.39
1619609443886,0.646,0,0,0,0,-1.371
1619609443906,0.626,0,0,0,0,-1.385
1619609443926,0.646,0,0,0,0,-1.391
1619609443946,0.639,0,0,0,0,-1.363
1619609443966,0.646,0,0,0,0,-1.339
1619609443986,0.643,0,0,0,0,-1.338
1619609444006,0.653,0,0,0,0,-1.353
1619609444027,0.629,0,0,0,0,-1.351
1619609444046,0.633,0,0,0,0,-1.347
1619609444066,0.633,0,0,0,0,-1.347
1619609444086,0.646,0,0,0,0,-1.366
1619609444106,0.643,0,0,0,0,-1.379
1619609444128,0.636,0,0,0,0,-1.394
1619609444146,0.636,0,0,0,0,-1.446
1619609444166,0.636,0,0,0,0,-1.432
1619609444186,0.633,0,0,0,0,-1.37
1619609444206,0.636,0,0,0,0,-1.398
1619609444228,0.639,0,0,0,0,-1.411
1619609444246,0.633,0,0,0,0,-1.386
1619609444266,0.636,0,0,0,0,-1.372
1619609444286,0.656,0,0,0,0,-1.394
1619609444306,0.616,0,0,0,0,-1.369
1619609444326,0.616,0,0,0,0,-1.369
1619609444346,0.629,0,0,0,0,-1.373
1619609444366,0.626,0,0,0,0,-1.374
1619609444386,0.629,0,0,0,0,-1.387
1619609444406,0.639,0,0,0,0,-1.389
1619609444427,0.633,0,0,0,0,-1.38
1619609444446,0.653,0,0,0,0,-1.372
1619609444466,0.612,0,0,0,0,-1.36
1619609444486,0.639,0,0,0,0,-1.361
1619609444506,0.643,0,0,0,0,-1.361
1619609444526,0.636,0,0,0,0,-1.348
1619609444547,0.639,0,0,0,0,-1.304
1619609444566,0.663,0,0,0,0,-1.373
1619609444586,0.663,0,0,0,0,-1.373
1619609444606,0.619,0,0,0,0,-1.383
1619609444626,0.639,0,0,0,0,-1.365
1619609444646,0.643,0,0,0,0,-1.338
1619609444666,0.636,0,0,0,0,-1.332
1619609444686,0.653,0,0,0,0,-1.367
1619609444706,0.639,0,0,0,0,-1.354
1619609444726,0.639,0,0,0,0,-1.35
1619609444746,0.643,0,0,0,0,-1.354
1619609444766,0.643,0,0,0,0,-1.347
1619609444786,0.643,0,0,0,0,-1.33
1619609444806,0.639,0,0,0,0,-1.351
1619609444826,0.65,0,0,0,0,-1.367
1619609444846,0.65,0,0,0,0,-1.367
1619609444866,0.626,0,0,0,0,-1.361
1619609444886,0.633,0,0,0,0,-1.372
1619609444906,0.633,0,0,0,0,-1.392
1619609444926,0.636,0,0,0,0,-1.384
1619609444946,0.633,0,0,0,0,-1.395
1619609444966,0.633,0,0,0,0,-1.355
1619609444986,0.65,0,0,0,0,-1.333
1619609445006,0.619,0,0,0,0,-1.342
1619609445026,0.636,0,0,0,0,-1.326
1619609445046,0.643,0,0,0,0,-1.331
1619609445066,0.639,0,0,0,0,-1.346
1619609445086,0.639,0,0,0,0,-1.343
1619609445106,0.643,0,0,0,0,-1.351
1619609445126,0.65,0,0,0,0,-1.308
1619609445146,0.65,0,0,0,0,-1.308
1619609445166,0.626,0,0,0,0,-1.326
1619609445186,0.639,0,0,0,0,-1.371
1619609445206,0.65,0,0,0,0,-1.332
1619609445226,0.639,0,0,0,0,-1.312
1619609445246,0.643,0,0,0,0,-1.325
1619609445266,0.639,0,0,0,0,-1.36
1619609445286,0.656,0,0,0,0,-1.356
1619609445306,0.619,0,0,0,0,-1.331
1619609445326,0.643,0,0,0,0,-1.295
1619609445346,0.639,0,0,0,0,-1.298
1619609445366,0.643,0,0,0,0,-1.308
1619609445386,0.636,0,0,0,0,-1.328
1619609445406,0.643,0,0,0,0,-1.329
1619609445426,0.656,0,0,0,0,-1.362
1619609445446,0.656,0,0,0,0,-1.362
1619609445466,0.619,0,0,0,0,-1.39
1619609445486,0.633,0,0,0,0,-1.371
1619609445506,0.646,0,0,0,0,-1.341
1619609445526,0.639,0,0,0,0,-1.332
1619609445546,0.646,0,0,0,0,-1.343
1619609445566,0.65,0,0,0,0,-1.342
1619609445586,0.629,0,0,0,0,-1.343
1619609445606,0.646,0,0,0,0,-1.371
1619609445626,0.643,0,0,0,0,-1.355
1619609445646,0.646,0,0,0,0,-1.349
1619609445666,0.639,0,0,0,0,-1.384
1619609445686,0.636,0,0,0,0,-1.369
1619609445706,0.636,0,0,0,0,-1.369
1619609445726,0.639,0,0,0,0,-1.426
1619609445746,0.646,0,0,0,0,-1.436
1619609445766,0.643,0,0,0,0,-1.365
1619609445786,0.646,0,0,0,0,-1.343
1619609445806,0.636,0,0,0,0,-1.375
1619609445826,0.653,0,0,0,0,-1.391
1619609445846,0.643,0,0,0,0,-1.409
1619609445866,0.646,0,0,0,0,-1.369
1619609445886,0.653,0,0,0,0,-1.338
1619609445906,0.653,0,0,0,0,-1.35
1619609445926,0.656,0,0,0,0,-1.381
1619609445956,0.653,0,0,0,0,-1.384
1619609445966,0.633,0,0,0,0,-1.408
1619609445986,0.633,0,0,0,0,-1.408
1619609446006,0.65,0,0,0,0,-1.405
1619609446026,0.643,0,0,0,0,-1.39
1619609446046,0.643,0,0,0,0,-1.393
1619609446066,0.636,0,0,0,0,-1.383
1619609446086,0.65,0,0,0,0,-1.367
1619609446106,0.626,0,0,0,0,-1.395
1619609446126,0.639,0,0,0,0,-1.359
1619609446148,0.646,0,0,0,0,-1.345
1619609446166,0.639,0,0,0,0,-1.342
1619609446186,0.646,0,0,0,0,-1.373
1619609446206,0.643,0,0,0,0,-1.362
1619609446226,0.656,0,0,0,0,-1.344
1619609446246,0.656,0,0,0,0,-1.344
1619609446266,0.616,0,0,0,0,-1.353
1619609446286,0.633,0,0,0,0,-1.339
1619609446306,0.643,0,0,0,0,-1.347
1619609446326,0.633,0,0,0,0,-1.379
1619609446347,0.636,0,0,0,0,-1.377
1619609446366,0.643,0,0,0,0,-1.366
1619609446386,0.66,0,0,0,0,-1.398
1619609446406,0.612,0,0,0,0,-1.397
1619609446426,0.646,0,0,0,0,-1.375
1619609446447,0.636,0,0,0,0,-1.364
1619609446466,0.643,0,0,0,0,-1.376
1619609446486,0.65,0,0,0,0,-1.377
1619609446506,0.636,0,0,0,0,-1.378
1619609446526,0.667,0,0,0,0,-1.378
1619609446551,0.667,0,0,0,0,-1.378
1619609446566,0.616,0,0,0,0,-1.373
1619609446586,0.646,0,0,0,0,-1.371
1619609446606,0.653,0,0,0,0,-1.382
1619609446626,0.646,0,0,0,0,-1.362
1619609446646,0.646,0,0,0,0,-1.347
1619609446666,0.653,0,0,0,0,-1.37
1619609446686,0.636,0,0,0,0,-1.384
1619609446706,0.643,0,0,0,0,-1.373
1619609446726,0.643,0,0,0,0,-1.347
1619609446747,0.65,0,0,0,0,-1.327
1619609446766,0.633,0,0,0,0,-1.368
1619609446786,0.646,0,0,0,0,-1.369
1619609446806,0.646,0,0,0,0,-1.369
1619609446826,0.639,0,0,0,0,-1.33
1619609446846,0.639,0,0,0,0,-1.315
1619609446866,0.636,0,0,0,0,-1.288
1619609446886,0.643,0,0,0,0,-1.252
1619609446906,0.643,0,0,0,0,-1.253
1619609446926,0.643,0,0,0,0,-1.281
1619609446946,0.619,0,0,0,0,-1.281
1619609446966,0.643,0,0,0,0,-1.349
1619609446986,0.626,0,0,0,0,-1.367
1619609447006,0.643,0,0,0,0,-1.347
1619609447026,0.643,0,0,0,0,-1.364
1619609447046,0.65,0,0,0,0,-1.355
1619609447066,0.65,0,0,0,0,-1.355
1619609447086,0.629,0,0,0,0,-1.403
1619609447106,0.633,0,0,0,0,-1.41
1619609447126,0.636,0,0,0,0,-1.292
1619609447146,0.636,0,0,0,0,-1.275
1619609447166,0.639,0,0,0,0,-1.354
1619609447186,0.653,0,0,0,0,-1.341
1619609447206,0.622,0,0,0,0,-1.315
1619609447226,0.639,0,0,0,0,-1.34
1619609447246,0.643,0,0,0,0,-1.362
1619609447266,0.633,0,0,0,0,-1.393
1619609447286,0.646,0,0,0,0,-1.388
1619609447306,0.633,0,0,0,0,-1.369
1619609447326,0.656,0,0,0,0,-1.356
1619609447346,0.656,0,0,0,0,-1.356
1619609447366,0.629,0,0,0,0,-1.36
1619609447386,0.643,0,0,0,0,-1.337
1619609447406,0.633,0,0,0,0,-1.317
1619609447426,0.639,0,0,0,0,-1.323
1619609447446,0.65,0,0,0,0,-1.331
1619609447466,0.639,0,0,0,0,-1.327
1619609447486,0.663,0,0,0,0,-1.322
1619609447506,0.612,0,0,0,0,-1.338
1619609447526,0.646,0,0,0,0,-1.377
1619609447546,0.646,0,0,0,0,-1.384
1619609447566,0.629,0,0,0,0,-1.347
1619609447586,0.643,0,0,0,0,-1.336
1619609447606,0.633,0,0,0,0,-1.345
1619609447626,0.653,0,0,0,0,-1.409
1619609447646,0.653,0,0,0,0,-1.409
1619609447666,0.605,0,0,0,0,-1.416
1619609447686,0.633,0,0,0,0,-1.36
1619609447706,0.639,0,0,0,0,-1.34
1619609447726,0.636,0,0,0,0,-1.343
1619609447746,0.633,0,0,0,0,-1.335
1619609447766,0.643,0,0,0,0,-1.335
1619609447786,0.622,0,0,0,0,-1.334
1619609447806,0.639,0,0,0,0,-1.366
1619609447826,0.633,0,0,0,0,-1.391
1619609447846,0.646,0,0,0,0,-1.381
1619609447866,0.633,0,0,0,0,-1.364
1619609447886,0.646,0,0,0,0,-1.373
1619609447906,0.646,0,0,0,0,-1.373
1619609447926,0.633,0,0,0,0,-1.392
1619609447946,0.636,0,0,0,0,-1.381
1619609447966,0.643,0,0,0,0,-1.338
1619609447986,0.639,0,0,0,0,-1.349
1619609448006,0.643,0,0,0,0,-1.328
1619609448026,0.646,0,0,0,0,-1.323
1619609448046,0.633,0,0,0,0,-1.356
1619609448066,0.639,0,0,0,0,-1.353
1619609448086,0.633,0,0,0,0,-1.364
1619609448106,0.646,0,0,0,0,-1.412
1619609448126,0.639,0,0,0,0,-1.407
1619609448146,0.66,0,0,0,0,-1.38
1619609448166,0.66,0,0,0,0,-1.38
1619609448186,0.622,0,0,0,0,-1.388
1619609448206,0.639,0,0,0,0,-1.391
1619609448226,0.653,0,0,0,0,-1.378
1619609448246,0.643,0,0,0,0,-1.353
1619609448266,0.646,0,0,0,0,-1.324
1619609448286,0.653,0,0,0,0,-1.318
1619609448306,0.653,0,0,0,0,-1.311
1619609448326,0.626,0,0,0,0,-1.322
1619609448346,0.633,0,0,0,0,-1.328
1619609448366,0.65,0,0,0,0,-1.35
1619609448386,0.646,0,0,0,0,-1.398
1619609448406,0.643,0,0,0,0,-1.377
1619609448426,0.646,0,0,0,0,-1.371
1619609448446,0.663,0,0,0,0,-1.382
1619609448467,0.663,0,0,0,0,-1.382
1619609448486,0.622,0,0,0,0,-1.37
1619609448506,0.653,0,0,0,0,-1.373
1619609448526,0.646,0,0,0,0,-1.341
1619609448546,0.646,0,0,0,0,-1.347
1619609448568,0.65,0,0,0,0,-1.365
1619609448586,0.673,0,0,0,0,-1.37
1619609448606,0.622,0,0,0,0,-1.364
1619609448626,0.65,0,0,0,0,-1.383
1619609448646,0.65,0,0,0,0,-1.385
1619609448666,0.646,0,0,0,0,-1.359
1619609448686,0.636,0,0,0,0,-1.326
1619609448706,0.67,0,0,0,0,-1.372
1619609448726,0.67,0,0,0,0,-1.372
1619609448746,0.612,0,0,0,0,-1.384
1619609448767,0.636,0,0,0,0,-1.37
1619609448786,0.639,0,0,0,0,-1.402
1619609448806,0.643,0,0,0,0,-1.387
1619609448826,0.643,0,0,0,0,-1.322
1619609448846,0.639,0,0,0,0,-1.385
1619609448868,0.636,0,0,0,0,-1.407
1619609448886,0.636,0,0,0,0,-1.427
1619609448906,0.643,0,0,0,0,-1.425
1619609448926,0.636,0,0,0,0,-1.423
1619609448946,0.643,0,0,0,0,-1.39
1619609448966,0.646,0,0,0,0,-1.387
1619609448986,0.646,0,0,0,0,-1.387
1619609449006,0.639,0,0,0,0,-1.365
1619609449026,0.639,0,0,0,0,-1.363
1619609449046,0.646,0,0,0,0,-1.405
1619609449066,0.646,0,0,0,0,-1.389
1619609449086,0.65,0,0,0,0,-1.38
1619609449106,0.65,0,0,0,0,-1.355
1619609449126,0.643,0,0,0,0,-1.375
1619609449146,0.646,0,0,0,0,-1.385
1619609449167,0.636,0,0,0,0,-1.368
1619609449186,0.646,0,0,0,0,-1.376
1619609449206,0.646,0,0,0,0,-1.383
1619609449226,0.656,0,0,0,0,-1.37
1619609449246,0.656,0,0,0,0,-1.37
1619609449266,0.639,0,0,0,0,-1.369
1619609449286,0.636,0,0,0,0,-1.334
1619609449306,0.646,0,0,0,0,-1.346
1619609449326,0.646,0,0,0,0,-1.361
1619609449346,0.639,0,0,0,0,-1.344
1619609449366,0.65,0,0,0,0,-1.391
1619609449386,0.653,0,0,0,0,-1.388
1619609449406,0.622,0,0,0,0,-1.347
1619609449426,0.636,0,0,0,0,-1.378
1619609449446,0.633,0,0,0,0,-1.411
1619609449466,0.639,0,0,0,0,-1.379
1619609449486,0.636,0,0,0,0,-1.345
1619609449506,0.633,0,0,0,0,-1.326
1619609449526,0.656,0,0,0,0,-1.353
1619609449546,0.656,0,0,0,0,-1.353
1619609449566,0.612,0,0,0,0,-1.363
1619609449586,0.636,0,0,0,0,-1.325
1619609449606,0.643,0,0,0,0,-1.308
1619609449626,0.639,0,0,0,0,-1.299
1619609449646,0.643,0,0,0,0,-1.331
1619609449666,0.639,0,0,0,0,-1.347
1619609449686,0.66,0,0,0,0,-1.378
1619609449706,0.616,0,0,0,0,-1.381
1619609449726,0.633,0,0,0,0,-1.379
1619609449746,0.639,0,0,0,0,-1.354
1619609449766,0.643,0,0,0,0,-1.321
1619609449786,0.639,0,0,0,0,-1.322
1619609449806,0.643,0,0,0,0,-1.318
1619609449826,0.643,0,0,0,0,-1.318
1619609449846,0.639,0,0,0,0,-1.321
1619609449866,0.633,0,0,0,0,-1.296
1619609449886,0.633,0,0,0,0,-1.295
1619609449906,0.643,0,0,0,0,-1.316
1619609449926,0.636,0,0,0,0,-1.316
1619609449946,0.636,0,0,0,0,-1.295
1619609449966,0.633,0,0,0,0,-1.33
1619609449986,0.629,0,0,0,0,-1.337
1619609450006,0.636,0,0,0,0,-1.346
1619609450026,0.633,0,0,0,0,-1.321
1619609450046,0.633,0,0,0,0,-1.307
1619609450066,0.643,0,0,0,0,-1.316
1619609450086,0.643,0,0,0,0,-1.316
1619609450106,0.626,0,0,0,0,-1.331
1619609450126,0.643,0,0,0,0,-1.338
1619609450146,0.639,0,0,0,0,-1.329
1619609450166,0.639,0,0,0,0,-1.332
1619609450186,0.629,0,0,0,0,-1.33
1619609450206,0.65,0,0,0,0,-1.354
1619609450226,0.622,0,0,0,0,-1.348
1619609450246,0.629,0,0,0,0,-1.314
1619609450266,0.633,0,0,0,0,-1.323
1619609450286,0.629,0,0,0,0,-1.375
1619609450306,0.633,0,0,0,0,-1.384
1619609450326,0.639,0,0,0,0,-1.366
1619609450346,0.639,0,0,0,0,-1.366
1619609450366,0.619,0,0,0,0,-1.392
1619609450386,0.633,0,0,0,0,-1.367
1619609450406,0.636,0,0,0,0,-1.351
1619609450426,0.636,0,0,0,0,-1.349
1619609450446,0.639,0,0,0,0,-1.326
1619609450466,0.643,0,0,0,0,-1.352
1619609450486,0.656,0,0,0,0,-1.393
1619609450506,0.619,0,0,0,0,-1.368
1619609450526,0.643,0,0,0,0,-1.345
1619609450546,0.646,0,0,0,0,-1.353
1619609450566,0.643,0,0,0,0,-1.349
1619609450586,0.643,0,0,0,0,-1.365
1619609450606,0.636,0,0,0,0,-1.359
1619609450626,0.66,0,0,0,0,-1.352
1619609450646,0.66,0,0,0,0,-1.352
1619609450666,0.619,0,0,0,0,-1.352
1619609450686,0.639,0,0,0,0,-1.361
1619609450706,0.643,0,0,0,0,-1.351
1619609450726,0.633,0,0,0,0,-1.355
1619609450746,0.639,0,0,0,0,-1.359
1619609450766,0.643,0,0,0,0,-1.361
1619609450787,0.66,0,0,0,0,-1.36
1619609450806,0.609,0,0,0,0,-1.37
1619609450826,0.629,0,0,0,0,-1.342
1619609450846,0.643,0,0,0,0,-1.329
1619609450866,0.633,0,0,0,0,-1.331
1619609450886,0.629,0,0,0,0,-1.347
1619609450906,0.639,0,0,0,0,-1.319
1619609450926,0.639,0,0,0,0,-1.319
1619609450946,0.629,0,0,0,0,-1.304
1619609450966,0.629,0,0,0,0,-1.373
1619609450988,0.643,0,0,0,0,-1.373
1619609451006,0.629,0,0,0,0,-1.338
1619609451026,0.633,0,0,0,0,-1.343
1619609451046,0.639,0,0,0,0,-1.371
1619609451066,0.633,0,0,0,0,-1.378
1619609451086,0.636,0,0,0,0,-1.372
1619609451107,0.639,0,0,0,0,-1.332
1619609451126,0.639,0,0,0,0,-1.337
1619609451146,0.636,0,0,0,0,-1.366
1619609451166,0.636,0,0,0,0,-1.366
1619609451187,0.65,0,0,0,0,-1.374
1619609451206,0.629,0,0,0,0,-1.326
1619609451226,0.643,0,0,0,0,-1.328
1619609451246,0.643,0,0,0,0,-1.376
1619609451266,0.643,0,0,0,0,-1.387
1619609451288,0.646,0,0,0,0,-1.385
1619609451308,0.65,0,0,0,0,-1.364
1619609451326,0.629,0,0,0,0,-1.389
1619609451346,0.633,0,0,0,0,-1.412
1619609451366,0.646,0,0,0,0,-1.368
1619609451386,0.643,0,0,0,0,-1.299
1619609451406,0.639,0,0,0,0,-1.283
1619609451426,0.639,0,0,0,0,-1.283
1619609451446,0.66,0,0,0,0,-1.341
1619609451466,0.626,0,0,0,0,-1.343
1619609451486,0.646,0,0,0,0,-1.327
1619609451506,0.643,0,0,0,0,-1.264
1619609451526,0.66,0,0,0,0,-1.244
1619609451546,0.646,0,0,0,0,-1.319
1619609451566,0.633,0,0,0,0,-1.328
1619609451587,0.619,0,0,0,0,-1.336
1619609451606,0.643,0,0,0,0,-1.372
1619609451626,0.636,0,0,0,0,-1.394
1619609451646,0.646,0,0,0,0,-1.416
1619609451666,0.646,0,0,0,0,-1.416
1619609451686,0.65,0,0,0,0,-1.385
1619609451706,0.663,0,0,0,0,-1.348
1619609451726,0.639,0,0,0,0,-1.412
1619609451746,0.622,0,0,0,0,-1.418
1619609451766,0.633,0,0,0,0,-1.304
1619609451786,0.646,0,0,0,0,-1.288
1619609451806,0.643,0,0,0,0,-1.321
1619609451826,0.643,0,0,0,0,-1.327
1619609451846,0.667,0,0,0,0,-1.357
1619609451866,0.619,0,0,0,0,-1.373
1619609451886,0.646,0,0,0,0,-1.374
1619609451906,0.643,0,0,0,0,-1.396
1619609451926,0.646,0,0,0,0,-1.388
1619609451946,0.646,0,0,0,0,-1.388
1619609451966,0.639,0,0,0,0,-1.37
1619609451986,0.643,0,0,0,0,-1.362
1619609452006,0.65,0,0,0,0,-1.369
1619609452026,0.639,0,0,0,0,-1.346
1619609452046,0.653,0,0,0,0,-1.33
1619609452066,0.646,0,0,0,0,-1.325
1619609452086,0.646,0,0,0,0,-1.284
1619609452106,0.653,0,0,0,0,-1.314
1619609452126,0.633,0,0,0,0,-1.338
1619609452146,0.639,0,0,0,0,-1.334
1619609452166,0.646,0,0,0,0,-1.36
1619609452186,0.643,0,0,0,0,-1.377
1619609452206,0.643,0,0,0,0,-1.377
1619609452226,0.65,0,0,0,0,-1.335
1619609452246,0.646,0,0,0,0,-1.337
1619609452266,0.626,0,0,0,0,-1.369
1619609452286,0.633,0,0,0,0,-1.394
1619609452306,0.646,0,0,0,0,-1.398
1619609452326,0.636,0,0,0,0,-1.41
1619609452346,0.636,0,0,0,0,-1.388
1619609452366,0.639,0,0,0,0,-1.374
1619609452386,0.646,0,0,0,0,-1.401
1619609452406,0.622,0,0,0,0,-1.406
1619609452426,0.639,0,0,0,0,-1.358
1619609452446,0.636,0,0,0,0,-1.345
1619609452466,0.646,0,0,0,0,-1.37
1619609452486,0.646,0,0,0,0,-1.37
1619609452506,0.643,0,0,0,0,-1.343
1619609452526,0.633,0,0,0,0,-1.32
1619609452546,0.653,0,0,0,0,-1.329
1619609452566,0.619,0,0,0,0,-1.334
1619609452586,0.639,0,0,0,0,-1.369
1619609452606,0.636,0,0,0,0,-1.367
1619609452626,0.629,0,0,0,0,-1.315
1619609452646,0.636,0,0,0,0,-1.299
1619609452666,0.639,0,0,0,0,-1.369
1619609452686,0.646,0,0,0,0,-1.383
1619609452706,0.616,0,0,0,0,-1.326
1619609452726,0.639,0,0,0,0,-1.311
1619609452746,0.633,0,0,0,0,-1.325
1619609452766,0.629,0,0,0,0,-1.339
1619609452786,0.629,0,0,0,0,-1.339
1619609452806,0.643,0,0,0,0,-1.322
1619609452826,0.639,0,0,0,0,-1.298
1619609452846,0.66,0,0,0,0,-1.274
1619609452866,0.612,0,0,0,0,-1.289
1619609452886,0.636,0,0,0,0,-1.31
1619609452906,0.636,0,0,0,0,-1.28
1619609452926,0.636,0,0,0,0,-1.274
1619609452946,0.639,0,0,0,0,-1.289
1619609452966,0.646,0,0,0,0,-1.336
1619609452986,0.622,0,0,0,0,-1.324
1619609453006,0.633,0,0,0,0,-1.329
1619609453026,0.636,0,0,0,0,-1.331
1619609453046,0.636,0,0,0,0,-1.331
1619609453066,0.639,0,0,0,0,-1.364
1619609453086,0.633,0,0,0,0,-1.377
1619609453107,0.643,0,0,0,0,-1.354
1619609453126,0.629,0,0,0,0,-1.377
1619609453146,0.636,0,0,0,0,-1.403
1619609453166,0.643,0,0,0,0,-1.401
1619609453186,0.633,0,0,0,0,-1.37
1619609453207,0.643,0,0,0,0,-1.355
1619609453226,0.646,0,0,0,0,-1.36
1619609453246,0.639,0,0,0,0,-1.348
1619609453266,0.646,0,0,0,0,-1.338
1619609453286,0.646,0,0,0,0,-1.33
1619609453306,0.646,0,0,0,0,-1.33
1619609453326,0.633,0,0,0,0,-1.329
1619609453346,0.646,0,0,0,0,-1.327
1619609453366,0.65,0,0,0,0,-1.323
1619609453386,0.626,0,0,0,0,-1.333
1619609453406,0.636,0,0,0,0,-1.37
1619609453426,0.643,0,0,0,0,-1.407
1619609453446,0.636,0,0,0,0,-1.442
1619609453466,0.636,0,0,0,0,-1.435
1619609453486,0.65,0,0,0,0,-1.4
1619609453507,0.622,0,0,0,0,-1.421
1619609453526,0.639,0,0,0,0,-1.424
1619609453546,0.643,0,0,0,0,-1.422
1619609453566,0.643,0,0,0,0,-1.422
1619609453586,0.636,0,0,0,0,-1.388
1619609453608,0.636,0,0,0,0,-1.378
1619609453626,0.643,0,0,0,0,-1.368
1619609453646,0.656,0,0,0,0,-1.335
1619609453666,0.612,0,0,0,0,-1.329
1619609453686,0.629,0,0,0,0,-1.372
1619609453708,0.636,0,0,0,0,-1.373
1619609453726,0.629,0,0,0,0,-1.352
1619609453746,0.639,0,0,0,0,-1.381
1619609453766,0.633,0,0,0,0,-1.365
1619609453786,0.656,0,0,0,0,-1.353
1619609453806,0.609,0,0,0,0,-1.364
1619609453826,0.639,0,0,0,0,-1.346
1619609453846,0.633,0,0,0,0,-1.325
1619609453866,0.633,0,0,0,0,-1.325
1619609453886,0.633,0,0,0,0,-1.338
1619609453907,0.639,0,0,0,0,-1.349
1619609453926,0.633,0,0,0,0,-1.341
1619609453946,0.656,0,0,0,0,-1.308
1619609453966,0.605,0,0,0,0,-1.333
1619609453986,0.629,0,0,0,0,-1.333
1619609454006,0.629,0,0,0,0,-1.34
1619609454026,0.636,0,0,0,0,-1.377
1619609454046,0.629,0,0,0,0,-1.342
1619609454066,0.639,0,0,0,0,-1.276
1619609454086,0.619,0,0,0,0,-1.299
1619609454106,0.629,0,0,0,0,-1.338
1619609454126,0.629,0,0,0,0,-1.338
1619609454146,0.629,0,0,0,0,-1.329
1619609454166,0.629,0,0,0,0,-1.317
1619609454186,0.629,0,0,0,0,-1.324
1619609454206,0.639,0,0,0,0,-1.355
1619609454226,0.629,0,0,0,0,-1.39
1619609454246,0.629,0,0,0,0,-1.363
1619609454266,0.629,0,0,0,0,-1.32
1619609454286,0.643,0,0,0,0,-1.354
1619609454306,0.633,0,0,0,0,-1.396
1619609454326,0.646,0,0,0,0,-1.375
1619609454346,0.626,0,0,0,0,-1.362
1619609454366,0.639,0,0,0,0,-1.346
1619609454386,0.639,0,0,0,0,-1.346
1619609454406,0.643,0,0,0,0,-1.335
1619609454426,0.636,0,0,0,0,-1.322
1619609454446,0.636,0,0,0,0,-1.288
1619609454466,0.65,0,0,0,0,-1.308
1619609454486,0.619,0,0,0,0,-1.304
1619609454506,0.636,0,0,0,0,-1.311
1619609454526,0.629,0,0,0,0,-1.291
1619609454546,0.636,0,0,0,0,-1.302
1619609454566,0.633,0,0,0,0,-1.347
1619609454586,0.646,0,0,0,0,-1.335
1619609454606,0.622,0,0,0,0,-1.3
1619609454626,0.629,0,0,0,0,-1.291
1619609454646,0.629,0,0,0,0,-1.291
1619609454666,0.639,0,0,0,0,-1.335
1619609454686,0.633,0,0,0,0,-1.338
1619609454706,0.636,0,0,0,0,-1.316
1619609454726,0.639,0,0,0,0,-1.307
1619609454746,0.65,0,0,0,0,-1.324
1619609454766,0.619,0,0,0,0,-1.316
1619609454786,0.643,0,0,0,0,-1.323
1619609454806,0.643,0,0,0,0,-1.329
1619609454826,0.639,0,0,0,0,-1.309
1619609454846,0.636,0,0,0,0,-1.332
1619609454866,0.643,0,0,0,0,-1.363
1619609454886,0.663,0,0,0,0,-1.35
1619609454907,0.616,0,0,0,0,-1.303
1619609454926,0.616,0,0,0,0,-1.303
1619609454946,0.633,0,0,0,0,-1.315
1619609454966,0.636,0,0,0,0,-1.35
1619609454986,0.643,0,0,0,0,-1.356
1619609455006,0.636,0,0,0,0,-1.373
1619609455026,0.66,0,0,0,0,-1.375
1619609455046,0.616,0,0,0,0,-1.375
1619609455066,0.636,0,0,0,0,-1.371
1619609455086,0.643,0,0,0,0,-1.337
1619609455106,0.643,0,0,0,0,-1.323
1619609455126,0.643,0,0,0,0,-1.352
1619609455146,0.646,0,0,0,0,-1.372
1619609455166,0.65,0,0,0,0,-1.326
1619609455186,0.65,0,0,0,0,-1.326
1619609455206,0.643,0,0,0,0,-1.31
1619609455226,0.643,0,0,0,0,-1.297
1619609455246,0.646,0,0,0,0,-1.33
1619609455266,0.639,0,0,0,0,-1.352
1619609455286,0.646,0,0,0,0,-1.352
1619609455306,0.636,0,0,0,0,-1.362
1619609455327,0.636,0,0,0,0,-1.389
1619609455346,0.643,0,0,0,0,-1.408
1619609455366,0.643,0,0,0,0,-1.412
1619609455386,0.633,0,0,0,0,-1.406
1619609455406,0.65,0,0,0,0,-1.373
1619609455437,0.633,0,0,0,0,-1.351
1619609455446,0.643,0,0,0,0,-1.348
1619609455466,0.643,0,0,0,0,-1.348
1619609455486,0.643,0,0,0,0,-1.328
1619609455506,0.643,0,0,0,0,-1.306
1619609455526,0.646,0,0,0,0,-1.327
1619609455546,0.653,0,0,0,0,-1.373
1619609455566,0.626,0,0,0,0,-1.34
1619609455586,0.639,0,0,0,0,-1.33
1619609455606,0.636,0,0,0,0,-1.372
1619609455626,0.65,0,0,0,0,-1.387
1619609455646,0.639,0,0,0,0,-1.389
1619609455666,0.643,0,0,0,0,-1.386
1619609455687,0.656,0,0,0,0,-1.388
1619609455706,0.622,0,0,0,0,-1.395
1619609455727,0.622,0,0,0,0,-1.395
1619609455746,0.65,0,0,0,0,-1.408
1619609455766,0.643,0,0,0,0,-1.372
1619609455786,0.646,0,0,0,0,-1.34
1619609455806,0.643,0,0,0,0,-1.341
1619609455828,0.643,0,0,0,0,-1.399
1619609455846,0.667,0,0,0,0,-1.371
1619609455866,0.616,0,0,0,0,-1.34
1619609455886,0.646,0,0,0,0,-1.382
1619609455906,0.643,0,0,0,0,-1.392
1619609455926,0.65,0,0,0,0,-1.401
1619609455946,0.643,0,0,0,0,-1.376
1619609455966,0.646,0,0,0,0,-1.322
1619609455986,0.656,0,0,0,0,-1.324
1619609456006,0.622,0,0,0,0,-1.364
1619609456026,0.65,0,0,0,0,-1.35
1619609456046,0.65,0,0,0,0,-1.35
1619609456066,0.646,0,0,0,0,-1.329
1619609456086,0.643,0,0,0,0,-1.33
1619609456106,0.646,0,0,0,0,-1.359
1619609456126,0.643,0,0,0,0,-1.359
1619609456146,0.646,0,0,0,0,-1.369
1619609456166,0.673,0,0,0,0,-1.248
1619609456186,0.612,0,0,0,0,-1.238
1619609456206,0.643,0,0,0,0,-1.327
1619609456226,0.646,0,0,0,0,-1.319
1619609456246,0.639,0,0,0,0,-1.323
1619609456266,0.643,0,0,0,0,-1.341
1619609456286,0.646,0,0,0,0,-1.404
1619609456306,0.646,0,0,0,0,-1.404
1619609456326,0.646,0,0,0,0,-1.376
1619609456346,0.646,0,0,0,0,-1.327
1619609456366,0.65,0,0,0,0,-1.32
1619609456386,0.65,0,0,0,0,-1.369
1619609456406,0.639,0,0,0,0,-1.379
1619609456426,0.646,0,0,0,0,-1.336
1619609456446,0.636,0,0,0,0,-1.33
1619609456466,0.646,0,0,0,0,-1.351
1619609456486,0.653,0,0,0,0,-1.34
1619609456506,0.646,0,0,0,0,-1.38
1619609456526,0.646,0,0,0,0,-1.393
1619609456546,0.66,0,0,0,0,-1.395
1619609456566,0.66,0,0,0,0,-1.395
1619609456586,0.643,0,0,0,0,-1.394
1619609456606,0.646,0,0,0,0,-1.387
1619609456626,0.653,0,0,0,0,-1.359
1619609456646,0.646,0,0,0,0,-1.316
1619609456666,0.653,0,0,0,0,-1.325
1619609456686,0.663,0,0,0,0,-1.386
1619609456706,0.629,0,0,0,0,-1.352
1619609456726,0.646,0,0,0,0,-1.335
1619609456746,0.646,0,0,0,0,-1.34
1619609456766,0.663,0,0,0,0,-1.308
1619609456786,0.633,0,0,0,0,-1.313
1619609456806,0.646,0,0,0,0,-1.36
1619609456826,0.663,0,0,0,0,-1.392
1619609456846,0.663,0,0,0,0,-1.392
1619609456866,0.629,0,0,0,0,-1.366
1619609456886,0.646,0,0,0,0,-1.38
1619609456906,0.65,0,0,0,0,-1.383
1619609456926,0.646,0,0,0,0,-1.378
1619609456946,0.65,0,0,0,0,-1.365
1619609456966,0.636,0,0,0,0,-1.4
1619609456986,0.66,0,0,0,0,-1.379
1619609457006,0.622,0,0,0,0,-1.354
1619609457026,0.646,0,0,0,0,-1.349
1619609457046,0.646,0,0,0,0,-1.373
1619609457066,0.646,0,0,0,0,-1.38
1619609457086,0.646,0,0,0,0,-1.394
1619609457106,0.646,0,0,0,0,-1.376
1619609457126,0.67,0,0,0,0,-1.368
1619609457146,0.67,0,0,0,0,-1.368
1619609457166,0.619,0,0,0,0,-1.381
1619609457186,0.636,0,0,0,0,-1.387
1619609457206,0.646,0,0,0,0,-1.364
1619609457226,0.639,0,0,0,0,-1.367
1619609457246,0.636,0,0,0,0,-1.392
1619609457266,0.643,0,0,0,0,-1.437
1619609457286,0.633,0,0,0,0,-1.407
1619609457306,0.643,0,0,0,0,-1.373
1619609457326,0.646,0,0,0,0,-1.335
1619609457346,0.646,0,0,0,0,-1.331
1619609457366,0.639,0,0,0,0,-1.323
1619609457386,0.65,0,0,0,0,-1.3
1619609457406,0.65,0,0,0,0,-1.3
1619609457426,0.633,0,0,0,0,-1.353
1619609457446,0.633,0,0,0,0,-1.408
1619609457466,0.646,0,0,0,0,-1.389
1619609457486,0.646,0,0,0,0,-1.339
1619609457506,0.636,0,0,0,0,-1.309
1619609457526,0.65,0,0,0,0,-1.313
1619609457546,0.626,0,0,0,0,-1.331
1619609457566,0.636,0,0,0,0,-1.293
1619609457586,0.643,0,0,0,0,-1.294
1619609457606,0.636,0,0,0,0,-1.287
1619609457626,0.643,0,0,0,0,-1.321
1619609457646,0.653,0,0,0,0,-1.315
1619609457666,0.653,0,0,0,0,-1.315
1619609457686,0.629,0,0,0,0,-1.305
1619609457706,0.626,0,0,0,0,-1.352
1619609457726,0.646,0,0,0,0,-1.399
1619609457746,0.633,0,0,0,0,-1.382
1619609457766,0.636,0,0,0,0,-1.354
1619609457786,0.643,0,0,0,0,-1.334
1619609457806,0.653,0,0,0,0,-1.351
1619609457826,0.616,0,0,0,0,-1.336
1619609457848,0.643,0,0,0,0,-1.327
1619609457866,0.639,0,0,0,0,-1.341
1619609457886,0.643,0,0,0,0,-1.359
1619609457906,0.646,0,0,0,0,-1.343
1619609457926,0.633,0,0,0,0,-1.326
1619609457947,0.66,0,0,0,0,-1.326
1619609457966,0.622,0,0,0,0,-1.354
1619609457986,0.622,0,0,0,0,-1.354
1619609458006,0.626,0,0,0,0,-1.373
1619609458026,0.646,0,0,0,0,-1.394
1619609458047,0.633,0,0,0,0,-1.383
1619609458066,0.629,0,0,0,0,-1.376
1619609458086,0.643,0,0,0,0,-1.357
1619609458107,0.646,0,0,0,0,-1.388
1619609458126,0.646,0,0,0,0,-1.388
1619609458152,0.629,0,0,0,0,-1.337
1619609458167,0.633,0,0,0,0,-1.359
1619609458188,0.646,0,0,0,0,-1.385
1619609458206,0.633,0,0,0,0,-1.404
1619609458226,0.636,0,0,0,0,-1.382
1619609458265,0.66,0,0,0,0,-1.387
1619609458267,0.66,0,0,0,0,-1.387
1619609458286,0.612,0,0,0,0,-1.393
1619609458310,0.629,0,0,0,0,-1.368
1619609458326,0.629,0,0,0,0,-1.34
1619609458350,0.633,0,0,0,0,-1.343
1619609458366,0.629,0,0,0,0,-1.355
1619609458387,0.636,0,0,0,0,-1.375
1619609458407,0.639,0,0,0,0,-1.374
1619609458426,0.643,0,0,0,0,-1.336
1619609458447,0.639,0,0,0,0,-1.358
1619609458466,0.643,0,0,0,0,-1.358
1619609458487,0.643,0,0,0,0,-1.332
1619609458506,0.646,0,0,0,0,-1.335
1619609458526,0.646,0,0,0,0,-1.335
1619609458546,0.629,0,0,0,0,-1.355
1619609458566,0.643,0,0,0,0,-1.344
1619609458586,0.639,0,0,0,0,-1.348
1619609458606,0.639,0,0,0,0,-1.332
1619609458626,0.629,0,0,0,0,-1.314
1619609458646,0.646,0,0,0,0,-1.337
1619609458677,0.619,0,0,0,0,-1.363
1619609458686,0.643,0,0,0,0,-1.374
1619609458706,0.636,0,0,0,0,-1.324
1619609458726,0.633,0,0,0,0,-1.272
1619609458746,0.633,0,0,0,0,-1.313
1619609458767,0.633,0,0,0,0,-1.313
1619609458786,0.646,0,0,0,0,-1.409
1619609458806,0.646,0,0,0,0,-1.409
1619609458826,0.619,0,0,0,0,-1.356
1619609458846,0.629,0,0,0,0,-1.321
1619609458867,0.639,0,0,0,0,-1.354
1619609458886,0.643,0,0,0,0,-1.382
1619609458907,0.626,0,0,0,0,-1.311
1619609458926,0.643,0,0,0,0,-1.269
1619609458946,0.646,0,0,0,0,-1.33
1619609458966,0.622,0,0,0,0,-1.376
1619609458986,0.639,0,0,0,0,-1.344
1619609459006,0.629,0,0,0,0,-1.345
1619609459026,0.636,0,0,0,0,-1.336
1619609459046,0.639,0,0,0,0,-1.343
1619609459076,0.633,0,0,0,0,-1.345
1619609459086,0.656,0,0,0,0,-1.305
1619609459106,0.656,0,0,0,0,-1.305
1619609459126,0.609,0,0,0,0,-1.296
1619609459146,0.629,0,0,0,0,-1.35
1619609459177,0.636,0,0,0,0,-1.352
1619609459186,0.639,0,0,0,0,-1.286
1619609459206,0.639,0,0,0,0,-1.286
1619609459226,0.643,0,0,0,0,-1.301
1619609459246,0.663,0,0,0,0,-1.327
1619609459266,0.612,0,0,0,0,-1.314
1619609459286,0.643,0,0,0,0,-1.299
1619609459306,0.636,0,0,0,0,-1.301
1619609459326,0.639,0,0,0,0,-1.33
1619609459346,0.633,0,0,0,0,-1.35
1619609459367,0.65,0,0,0,0,-1.311
1619609459386,0.65,0,0,0,0,-1.311
1619609459406,0.622,0,0,0,0,-1.298
1619609459426,0.633,0,0,0,0,-1.313
1619609459446,0.636,0,0,0,0,-1.322
1619609459467,0.633,0,0,0,0,-1.335
1619609459486,0.633,0,0,0,0,-1.337
1619609459506,0.639,0,0,0,0,-1.335
1619609459526,0.629,0,0,0,0,-1.327
1619609459546,0.639,0,0,0,0,-1.315
1619609459567,0.626,0,0,0,0,-1.336
1619609459586,0.629,0,0,0,0,-1.346
1619609459606,0.636,0,0,0,0,-1.373
1619609459626,0.639,0,0,0,0,-1.374
1619609459646,0.639,0,0,0,0,-1.374
1619609459667,0.626,0,0,0,0,-1.363
1619609459686,0.636,0,0,0,0,-1.393
1619609459706,0.639,0,0,0,0,-1.375
1619609459726,0.643,0,0,0,0,-1.342
1619609459746,0.646,0,0,0,0,-1.304
1619609459767,0.65,0,0,0,0,-1.322
1619609459786,0.629,0,0,0,0,-1.33
1619609459806,0.653,0,0,0,0,-1.331
1619609459826,0.643,0,0,0,0,-1.359
1619609459846,0.639,0,0,0,0,-1.361
1619609459867,0.639,0,0,0,0,-1.372
1619609459886,0.653,0,0,0,0,-1.396
1619609459906,0.653,0,0,0,0,-1.396
1619609459926,0.626,0,0,0,0,-1.372
1619609459946,0.636,0,0,0,0,-1.396
1619609459966,0.633,0,0,0,0,-1.403
1619609459986,0.636,0,0,0,0,-1.382
1619609460006,0.643,0,0,0,0,-1.38
1619609460026,0.639,0,0,0,0,-1.372
1619609460046,0.66,0,0,0,0,-1.345
1619609460067,0.619,0,0,0,0,-1.364
1619609460086,0.643,0,0,0,0,-1.354
1619609460106,0.639,0,0,0,0,-1.34
1619609460126,0.646,0,0,0,0,-1.324
1619609460146,0.639,0,0,0,0,-1.345
1619609460166,0.639,0,0,0,0,-1.362
1619609460186,0.66,0,0,0,0,-1.334
1619609460206,0.66,0,0,0,0,-1.334
1619609460226,0.612,0,0,0,0,-1.33
1619609460246,0.629,0,0,0,0,-1.358
1619609460266,0.636,0,0,0,0,-1.375
1619609460286,0.643,0,0,0,0,-1.379
1619609460306,0.643,0,0,0,0,-1.364
1619609460326,0.66,0,0,0,0,-1.393
1619609460346,0.612,0,0,0,0,-1.397
1619609460366,0.646,0,0,0,0,-1.38
1619609460386,0.639,0,0,0,0,-1.354
1619609460406,0.65,0,0,0,0,-1.347
1619609460426,0.643,0,0,0,0,-1.351
1619609460446,0.646,0,0,0,0,-1.373
1619609460466,0.646,0,0,0,0,-1.373
1619609460486,0.646,0,0,0,0,-1.347
1619609460506,0.643,0,0,0,0,-1.339
1619609460526,0.646,0,0,0,0,-1.363
1619609460546,0.646,0,0,0,0,-1.382
1619609460566,0.643,0,0,0,0,-1.394
1619609460586,0.65,0,0,0,0,-1.37
1619609460606,0.643,0,0,0,0,-1.348
1619609460626,0.643,0,0,0,0,-1.344
1619609460646,0.643,0,0,0,0,-1.361
1619609460666,0.646,0,0,0,0,-1.372
1619609460686,0.643,0,0,0,0,-1.365
1619609460706,0.656,0,0,0,0,-1.346
1619609460726,0.656,0,0,0,0,-1.346
1619609460746,0.643,0,0,0,0,-1.345
1619609460766,0.643,0,0,0,0,-1.339
1619609460786,0.65,0,0,0,0,-1.323
1619609460806,0.653,0,0,0,0,-1.261
1619609460826,0.646,0,0,0,0,-1.258
1619609460846,0.663,0,0,0,0,-1.342
1619609460866,0.636,0,0,0,0,-1.321
1619609460886,0.643,0,0,0,0,-1.35
1619609460906,0.643,0,0,0,0,-1.375
1619609460926,0.646,0,0,0,0,-1.394
1619609460946,0.646,0,0,0,0,-1.411
1619609460966,0.646,0,0,0,0,-1.421
1619609460986,0.656,0,0,0,0,-1.371
1619609461006,0.656,0,0,0,0,-1.371
1619609461026,0.619,0,0,0,0,-1.373
1619609461046,0.636,0,0,0,0,-1.404
1619609461066,0.633,0,0,0,0,-1.338
1619609461086,0.643,0,0,0,0,-1.303
1619609461106,0.643,0,0,0,0,-1.329
1619609461126,0.639,0,0,0,0,-1.323
1619609461146,0.663,0,0,0,0,-1.382
1619609461166,0.619,0,0,0,0,-1.405
1619609461186,0.643,0,0,0,0,-1.374
1619609461206,0.65,0,0,0,0,-1.365
1619609461226,0.646,0,0,0,0,-1.367
1619609461246,0.643,0,0,0,0,-1.378
1619609461266,0.639,0,0,0,0,-1.388
1619609461286,0.663,0,0,0,0,-1.346
1619609461306,0.663,0,0,0,0,-1.346
1619609461326,0.622,0,0,0,0,-1.374
1619609461346,0.639,0,0,0,0,-1.384
1619609461366,0.639,0,0,0,0,-1.347
1619609461386,0.646,0,0,0,0,-1.316
1619609461406,0.646,0,0,0,0,-1.318
1619609461426,0.67,0,0,0,0,-1.311
1619609461446,0.609,0,0,0,0,-1.33
1619609461466,0.646,0,0,0,0,-1.364
1619609461486,0.639,0,0,0,0,-1.375
1619609461506,0.646,0,0,0,0,-1.341
1619609461526,0.646,0,0,0,0,-1.373
1619609461546,0.643,0,0,0,0,-1.359
1619609461566,0.643,0,0,0,0,-1.359
1619609461586,0.646,0,0,0,0,-1.334
1619609461606,0.646,0,0,0,0,-1.337
1619609461626,0.643,0,0,0,0,-1.349
1619609461646,0.65,0,0,0,0,-1.386
1619609461666,0.636,0,0,0,0,-1.382
1619609461687,0.653,0,0,0,0,-1.38
1619609461706,0.636,0,0,0,0,-1.391
1619609461726,0.643,0,0,0,0,-1.413
1619609461746,0.639,0,0,0,0,-1.435
1619609461766,0.646,0,0,0,0,-1.401
1619609461787,0.639,0,0,0,0,-1.383
1619609461806,0.653,0,0,0,0,-1.393
1619609461826,0.653,0,0,0,0,-1.393
1619609461846,0.626,0,0,0,0,-1.37
1619609461866,0.639,0,0,0,0,-1.353
1619609461887,0.646,0,0,0,0,-1.342
1619609461906,0.639,0,0,0,0,-1.369
1619609461926,0.633,0,0,0,0,-1.39
1619609461946,0.656,0,0,0,0,-1.345
1619609461966,0.622,0,0,0,0,-1.312
1619609461987,0.639,0,0,0,0,-1.31
1619609462006,0.646,0,0,0,0,-1.353
1619609462026,0.636,0,0,0,0,-1.353
1619609462046,0.643,0,0,0,0,-1.321
1619609462066,0.643,0,0,0,0,-1.321
1619609462087,0.633,0,0,0,0,-1.351
1619609462106,0.66,0,0,0,0,-1.393
1619609462126,0.622,0,0,0,0,-1.381
1619609462146,0.639,0,0,0,0,-1.325
1619609462166,0.643,0,0,0,0,-1.281
1619609462187,0.65,0,0,0,0,-1.272
1619609462206,0.639,0,0,0,0,-1.315
1619609462226,0.643,0,0,0,0,-1.309
1619609462246,0.663,0,0,0,0,-1.304
1619609462266,0.619,0,0,0,0,-1.337
1619609462286,0.646,0,0,0,0,-1.366
1619609462306,0.643,0,0,0,0,-1.356
1619609462326,0.646,0,0,0,0,-1.34
1619609462346,0.639,0,0,0,0,-1.344
1619609462366,0.639,0,0,0,0,-1.344
1619609462387,0.646,0,0,0,0,-1.375
1619609462406,0.667,0,0,0,0,-1.38
1619609462426,0.612,0,0,0,0,-1.35
1619609462446,0.643,0,0,0,0,-1.335
1619609462466,0.646,0,0,0,0,-1.351
1619609462486,0.639,0,0,0,0,-1.355
1619609462506,0.646,0,0,0,0,-1.357
1619609462526,0.643,0,0,0,0,-1.357
1619609462546,0.636,0,0,0,0,-1.365
1619609462566,0.646,0,0,0,0,-1.344
1619609462586,0.646,0,0,0,0,-1.329
1619609462606,0.639,0,0,0,0,-1.349
1619609462626,0.639,0,0,0,0,-1.349
1619609462646,0.646,0,0,0,0,-1.351
1619609462666,0.643,0,0,0,0,-1.358
1619609462686,0.643,0,0,0,0,-1.368
1619609462706,0.646,0,0,0,0,-1.357
1619609462726,0.643,0,0,0,0,-1.367
1619609462746,0.646,0,0,0,0,-1.425
1619609462766,0.643,0,0,0,0,-1.432
1619609462786,0.646,0,0,0,0,-1.38
