DT_steerAngle,Timestamp,Action,Bump,Traffic congestion
4.800000000000001,1569296915410.0,8,0,0
3.9000000000000004,1569296915870.0,8,0,0
2.6,1569296916335.0,8,0,0
1.3,1569296916799.0,8,0,0
2.7,1569296917260.0,8,0,0
4.9,1569296917725.0,8,0,0
4.2,1569296918185.0,8,0,0
3.4000000000000004,1569296918645.0,8,0,0
4.0,1569296919099.0,8,0,0
4.0,1569296919575.0,8,0,0
3.9000000000000004,1569296920035.0,8,0,0
3.9000000000000004,1569296920495.0,8,0,0
3.9000000000000004,1569296920955.0,8,0,0
4.0,1569296921420.0,8,0,0
4.6000000000000005,1569296921880.0,8,0,0
4.4,1569296922340.0,8,0,0
3.9000000000000004,1569296922805.0,8,0,0
2.8000000000000003,1569296923260.0,8,0,0
2.6,1569296923724.0,8,0,0
3.1,1569296924185.0,8,0,0
3.4000000000000004,1569296924650.0,8,0,0
3.6,1569296925105.0,8,0,0
3.5,1569296925570.0,8,0,0
2.6,1569296926030.0,8,0,0
2.2,1569296926485.0,8,0,0
2.1,1569296926950.0,8,0,0
2.1,1569296927410.0,8,0,0
2.1,1569296927870.0,8,0,0
2.2,1569296928335.0,8,0,0
2.3000000000000003,1569296928796.0,8,0,0
2.3000000000000003,1569296929255.0,8,0,0
2.8000000000000003,1569296929720.0,8,0,0
2.8000000000000003,1569296930174.0,8,0,0
1.2000000000000002,1569296930635.0,8,0,0
0.7000000000000001,1569296931095.0,1,0,0
0.7000000000000001,1569296931560.0,1,0,0
0.7000000000000001,1569296932014.0,1,0,0
0.2,1569296932475.0,1,0,0
-0.4,1569296932935.0,1,0,0
-0.4,1569296933406.0,1,0,0
-0.2,1569296933864.0,1,0,0
0.0,1569296934330.0,1,0,0
0.9,1569296934789.0,1,0,0
1.0,1569296935245.0,1,0,0
1.0,1569296935705.0,1,0,0
0.9,1569296936175.0,1,0,0
0.9,1569296936639.0,1,0,0
1.2000000000000002,1569296937099.0,1,0,0
1.2000000000000002,1569296937559.0,1,0,0
1.3,1569296938020.0,1,0,0
1.1,1569296938474.0,1,0,0
2.0,1569296938942.0,1,0,0
1.9000000000000001,1569296939390.0,1,0,0
1.3,1569296939854.0,1,0,0
0.4,1569296940324.0,1,0,0
0.30000000000000004,1569296940784.0,1,0,0
2.5,1569296941244.0,1,0,0
2.1,1569296941704.0,1,0,0
1.8,1569296942164.0,1,0,0
1.7000000000000002,1569296942624.0,1,0,0
1.6,1569296943084.0,1,0,0
1.6,1569296943544.0,1,0,0
2.4000000000000004,1569296944004.0,8,0,0
2.4000000000000004,1569296944464.0,8,0,0
2.6,1569296944919.0,8,0,0
2.2,1569296945374.0,8,0,0
2.1,1569296945838.0,8,0,0
2.9000000000000004,1569296946299.0,8,0,0
2.5,1569296946758.0,8,0,0
2.7,1569296947213.0,8,0,0
2.9000000000000004,1569296947674.0,8,0,0
3.3000000000000003,1569296948128.0,8,0,0
3.7,1569296948595.0,8,0,0
4.4,1569296949054.0,8,0,0
4.4,1569296949514.0,8,0,0
3.3000000000000003,1569296949979.0,8,0,0
1.6,1569296950434.0,8,0,0
1.4000000000000001,1569296950894.0,8,0,0
1.5,1569296951354.0,8,0,0
2.2,1569296951819.0,8,0,0
2.6,1569296952279.0,8,0,0
2.8000000000000003,1569296952739.0,8,0,0
3.0,1569296953199.0,8,0,0
3.3000000000000003,1569296953690.0,8,0,0
4.0,1569296954129.0,8,0,0
4.0,1569296954595.0,8,0,0
3.8000000000000003,1569296955054.0,8,0,0
2.0,1569296955514.0,8,0,0
0.9,1569296955974.0,8,0,0
0.2,1569296956449.0,8,0,0
0.30000000000000004,1569296956913.0,8,0,0
0.5,1569296957374.0,8,0,0
0.9,1569296957839.0,8,0,0
0.9,1569296958298.0,8,0,0
0.7000000000000001,1569296958764.0,1,0,0
-0.7000000000000001,1569296959218.0,1,0,0
-0.7000000000000001,1569296959684.0,1,0,0
0.7000000000000001,1569296960143.0,1,0,0
0.8,1569296960607.0,1,0,0
0.8,1569296961063.0,1,0,0
0.8,1569296961529.0,1,0,0
0.8,1569296961988.0,1,0,0
0.8,1569296962454.0,1,0,0
0.6000000000000001,1569296962914.0,1,0,0
0.4,1569296963374.0,1,0,0
0.1,1569296963838.0,1,0,0
-0.4,1569296964298.0,1,0,0
-0.6000000000000001,1569296964763.0,1,0,0
-0.30000000000000004,1569296965218.0,1,0,0
0.5,1569296965678.0,1,0,0
0.8,1569296966138.0,1,0,0
0.4,1569296966598.0,1,0,0
0.2,1569296967057.0,1,0,0
-0.30000000000000004,1569296967518.0,1,0,0
-0.6000000000000001,1569296967978.0,1,0,0
-0.6000000000000001,1569296968438.0,1,0,0
-0.5,1569296968898.0,1,0,0
0.30000000000000004,1569296969353.0,1,0,0
0.6000000000000001,1569296969813.0,1,0,0
0.2,1569296970268.0,1,0,0
-0.30000000000000004,1569296970728.0,1,0,0
-0.9,1569296971188.0,1,0,0
-0.8,1569296971652.0,1,0,0
0.0,1569296972111.0,1,0,0
0.5,1569296972578.0,1,0,0
1.8,1569296973033.0,1,0,0
1.0,1569296973502.0,1,0,0
0.6000000000000001,1569296973963.0,1,0,0
0.30000000000000004,1569296974423.0,1,0,0
0.4,1569296974883.0,1,0,0
0.30000000000000004,1569296975338.0,1,0,0
-0.6000000000000001,1569296975802.0,1,0,0
-0.9,1569296976278.0,1,0,0
-1.0,1569296976743.0,1,0,0
-0.9,1569296977203.0,1,0,0
-0.1,1569296977667.0,1,0,0
1.9000000000000001,1569296978123.0,1,0,0
1.8,1569296978588.0,1,0,0
1.8,1569296979081.0,1,0,0
1.6,1569296979513.0,1,0,0
0.9,1569296979973.0,1,0,0
0.0,1569296980438.0,1,0,0
-0.6000000000000001,1569296980898.0,1,0,0
-1.2000000000000002,1569296981358.0,1,0,0
-1.6,1569296981813.0,1,0,0
-1.8,1569296982268.0,1,0,0
-1.4000000000000001,1569296982733.0,1,0,0
0.5,1569296983188.0,1,0,0
0.2,1569296983647.0,1,0,0
-0.30000000000000004,1569296984108.0,1,0,0
-0.6000000000000001,1569296984568.0,1,0,0
-0.7000000000000001,1569296985028.0,1,0,0
-0.5,1569296985487.0,1,0,0
0.5,1569296985953.0,1,0,0
0.9,1569296986407.0,1,0,0
0.9,1569296986868.0,1,0,0
0.5,1569296987327.0,1,0,0
-0.4,1569296987794.0,1,0,0
-0.6000000000000001,1569296988258.0,1,0,0
-0.8,1569296988717.0,1,0,0
-0.6000000000000001,1569296989177.0,1,0,0
-0.4,1569296989644.0,1,0,0
-0.30000000000000004,1569296990092.0,1,0,0
-0.30000000000000004,1569296990552.0,1,0,0
-0.4,1569296991012.0,1,0,0
-0.4,1569296991478.0,1,0,0
-0.5,1569296991943.0,1,0,0
-0.8,1569296992402.0,1,0,0
-1.6,1569296992863.0,1,0,0
-4.4,1569296993322.0,1,0,0
-4.7,1569296993787.0,1,0,0
-9.8,1569296994242.0,1,0,0
-13.200000000000001,1569296994707.0,5,0,0
-13.100000000000001,1569296995167.0,5,0,0
-10.700000000000001,1569296995632.0,5,0,0
-7.9,1569296996102.0,5,0,0
-2.6,1569296996562.0,5,0,0
-3.1,1569296997022.0,5,0,0
-3.5,1569296997487.0,5,0,0
-4.1000000000000005,1569296997947.0,5,0,0
-3.2,1569296998402.0,5,0,0
9.1,1569296998857.0,5,0,0
8.200000000000001,1569296999316.0,5,0,0
7.1000000000000005,1569296999782.0,5,0,0
7.0,1569297000241.0,1,0,0
7.0,1569297000706.0,1,0,0
2.5,1569297001162.0,1,0,0
0.6000000000000001,1569297001627.0,1,0,0
-1.8,1569297002090.0,1,0,0
-3.6,1569297002552.0,1,0,0
-4.800000000000001,1569297003012.0,1,0,0
-4.1000000000000005,1569297003467.0,1,0,0
-2.7,1569297003933.0,1,0,0
-3.0,1569297004387.0,1,0,0
-2.8000000000000003,1569297004847.0,1,0,0
-2.7,1569297005314.0,1,0,0
-1.7000000000000002,1569297005767.0,1,0,0
-1.6,1569297006227.0,1,0,0
-1.8,1569297006687.0,1,0,0
-3.7,1569297007152.0,1,0,0
-3.5,1569297007612.0,3,1,0
-3.6,1569297008072.0,3,1,0
-5.0,1569297008537.0,3,1,0
-7.6000000000000005,1569297008996.0,3,1,0
-9.0,1569297009447.0,3,1,0
-10.5,1569297009912.0,3,1,0
-10.0,1569297010372.0,3,1,0
-11.0,1569297010827.0,3,1,0
-5.7,1569297011282.0,3,1,0
-5.1000000000000005,1569297011747.0,3,1,0
-7.300000000000001,1569297012211.0,3,1,0
-7.7,1569297012671.0,3,1,0
-14.100000000000001,1569297013131.0,3,1,0
-18.6,1569297013593.0,3,1,0
-18.3,1569297014057.0,3,1,0
-15.9,1569297014517.0,3,1,0
-8.6,1569297014977.0,3,1,0
-5.1000000000000005,1569297015438.0,3,1,0
-4.3,1569297015902.0,3,1,0
-2.3000000000000003,1569297016367.0,3,1,0
-2.2,1569297016826.0,1,0,0
-2.6,1569297017287.0,1,0,0
-2.7,1569297017746.0,1,0,0
-2.6,1569297018201.0,1,0,0
-1.7000000000000002,1569297018661.0,1,0,0
-1.4000000000000001,1569297019116.0,1,0,0
-0.8,1569297019576.0,1,0,0
-5.1000000000000005,1569297020036.0,1,0,0
-5.9,1569297020502.0,1,0,0
-6.6000000000000005,1569297020961.0,1,1,0
-7.4,1569297021416.0,1,1,0
-6.800000000000001,1569297021881.0,1,1,0
-7.4,1569297022347.0,1,1,0
-1.9000000000000001,1569297022801.0,1,1,0
-0.7000000000000001,1569297023256.0,1,1,0
-0.7000000000000001,1569297023711.0,1,1,0
-1.4000000000000001,1569297024171.0,1,1,0
-2.3000000000000003,1569297024632.0,1,1,0
-1.6,1569297025091.0,1,1,0
-1.0,1569297025550.0,1,0,0
0.2,1569297026010.0,1,0,0
2.9000000000000004,1569297026475.0,1,0,0
1.2000000000000002,1569297026935.0,1,0,0
-1.4000000000000001,1569297027401.0,1,0,0
-2.6,1569297027856.0,1,0,0
-2.2,1569297028316.0,1,0,0
-2.4000000000000004,1569297028776.0,1,0,0
-3.8000000000000003,1569297029236.0,1,0,0
-3.2,1569297029701.0,1,0,0
-1.9000000000000001,1569297030156.0,1,0,0
0.8,1569297030615.0,1,0,0
0.7000000000000001,1569297031081.0,1,0,0
-0.1,1569297031541.0,1,0,0
-0.30000000000000004,1569297031996.0,1,0,0
2.4000000000000004,1569297032456.0,1,0,0
3.9000000000000004,1569297032937.0,1,0,0
6.300000000000001,1569297033382.0,1,0,0
6.0,1569297033840.0,1,0,0
7.2,1569297034311.0,2,0,0
8.1,1569297034776.0,2,0,0
9.9,1569297035235.0,2,0,0
10.200000000000001,1569297035701.0,2,0,0
10.100000000000001,1569297036156.0,2,0,0
7.7,1569297036611.0,2,0,0
4.5,1569297037085.0,2,0,0
2.1,1569297037551.0,2,0,0
3.4000000000000004,1569297038006.0,2,0,0
1.5,1569297038460.0,2,0,0
0.8,1569297038916.0,2,0,0
0.30000000000000004,1569297039376.0,1,0,0
3.0,1569297039836.0,1,0,0
1.6,1569297040295.0,1,0,0
1.1,1569297040755.0,1,0,0
-0.2,1569297041215.0,1,0,0
-1.2000000000000002,1569297041675.0,1,0,0
-1.5,1569297042131.0,1,0,0
-0.1,1569297042595.0,1,0,0
1.9000000000000001,1569297043055.0,1,0,0
3.3000000000000003,1569297043515.0,1,0,0
1.5,1569297043976.0,1,0,0
-2.1,1569297044430.0,1,0,0
-3.2,1569297044895.0,1,0,0
-3.2,1569297045355.0,1,0,0
-3.2,1569297045815.0,1,0,0
-0.7000000000000001,1569297046275.0,1,0,0
-0.7000000000000001,1569297046735.0,1,0,0
-0.7000000000000001,1569297047191.0,1,0,0
0.0,1569297047655.0,1,0,0
-7.300000000000001,1569297048120.0,1,0,0
-7.300000000000001,1569297048584.0,1,0,0
-6.0,1569297049040.0,5,0,0
-2.7,1569297049500.0,5,0,0
-1.6,1569297049960.0,5,0,0
-0.30000000000000004,1569297050420.0,5,0,0
1.9000000000000001,1569297050880.0,5,0,0
2.9000000000000004,1569297051340.0,5,0,0
2.0,1569297051804.0,5,0,0
1.8,1569297052265.0,5,0,0
1.7000000000000002,1569297052724.0,5,0,0
1.2000000000000002,1569297053191.0,5,0,0
-0.7000000000000001,1569297053650.0,5,0,0
-4.800000000000001,1569297054117.0,5,0,0
-5.800000000000001,1569297054575.0,5,0,0
-5.7,1569297055035.0,3,0,0
-5.6000000000000005,1569297055495.0,3,0,0
-5.7,1569297055959.0,3,0,0
-5.6000000000000005,1569297056415.0,3,0,0
-5.7,1569297056882.0,3,0,0
-5.4,1569297057345.0,3,0,0
-4.9,1569297057809.0,3,0,0
-4.800000000000001,1569297058270.0,3,0,0
-4.800000000000001,1569297058730.0,3,0,0
-5.4,1569297059180.0,3,0,0
-5.4,1569297059644.0,3,0,0
-2.9000000000000004,1569297060105.0,3,0,0
-0.4,1569297060565.0,3,0,0
-1.8,1569297061026.0,3,0,0
-4.800000000000001,1569297061490.0,3,0,0
-4.9,1569297061950.0,3,0,0
-4.4,1569297062410.0,3,0,0
-1.8,1569297062865.0,3,0,0
-2.2,1569297063325.0,3,0,0
-2.4000000000000004,1569297063785.0,3,0,0
-4.2,1569297064245.0,3,0,0
-1.8,1569297064733.0,3,0,0
0.0,1569297065159.0,3,0,0
0.1,1569297065620.0,3,0,0
-0.4,1569297066090.0,3,0,0
-2.5,1569297066555.0,3,0,0
-3.3000000000000003,1569297067025.0,3,0,0
-3.4000000000000004,1569297067480.0,3,0,0
-3.1,1569297067944.0,3,0,0
-2.7,1569297068400.0,1,0,0
-2.4000000000000004,1569297068865.0,1,0,0
-1.9000000000000001,1569297069319.0,1,0,0
-1.7000000000000002,1569297069780.0,1,0,0
-1.5,1569297070239.0,1,0,0
-1.3,1569297070699.0,1,0,0
-1.2000000000000002,1569297071154.0,1,0,0
-0.30000000000000004,1569297071619.0,1,0,0
0.8,1569297072079.0,1,0,0
1.5,1569297072540.0,1,0,0
1.8,1569297072999.0,1,0,0
1.7000000000000002,1569297073454.0,1,0,0
-0.30000000000000004,1569297073920.0,1,0,0
-0.7000000000000001,1569297074374.0,1,0,0
-1.1,1569297074839.0,1,0,0
-1.2000000000000002,1569297075304.0,1,0,0
-1.2000000000000002,1569297075764.0,1,0,0
-1.1,1569297076224.0,1,0,0
-1.0,1569297076684.0,1,0,0
-1.1,1569297077159.0,1,0,0
-1.1,1569297077619.0,1,0,0
-1.1,1569297078079.0,1,0,0
-1.2000000000000002,1569297078539.0,1,0,0
-1.1,1569297078999.0,1,0,0
0.0,1569297079458.0,0,0,0
5.5,1569297079919.0,0,0,0
5.9,1569297080378.0,0,0,0
8.0,1569297080839.0,0,0,0
7.9,1569297081309.0,0,0,0
34.2,1569297081768.0,0,0,0
101.7,1569297082228.0,0,0,0
261.7,1569297082692.0,0,0,0
360.8,1569297083149.0,-1,0,1
436.70000000000005,1569297083614.0,-1,0,1
397.5,1569297084074.0,-1,0,1
251.9,1569297084534.0,-1,0,1
220.20000000000002,1569297084998.0,-1,0,1
283.7,1569297085459.0,-1,0,1
191.70000000000002,1569297085924.0,-1,0,1
60.2,1569297086384.0,-1,0,1
-130.0,1569297086907.0,-1,0,1
-217.5,1569297087314.0,-1,0,1
-241.8,1569297087774.0,-1,0,1
-230.4,1569297088234.0,-1,0,1
-160.3,1569297088693.0,-1,0,1
-40.0,1569297089154.0,-1,0,1
-4.4,1569297089614.0,-1,0,1
-2.6,1569297090073.0,-1,0,1
7.5,1569297090529.0,-1,0,1
22.900000000000002,1569297090994.0,-1,0,1
23.3,1569297091454.0,-1,0,1
6.9,1569297091919.0,-1,0,1
10.3,1569297092378.0,-1,0,1
10.100000000000001,1569297092839.0,-1,0,1
5.1000000000000005,1569297093299.0,-1,0,1
2.1,1569297093759.0,-1,0,1
3.4000000000000004,1569297094219.0,1,0,0
2.9000000000000004,1569297094673.0,1,0,0
1.1,1569297095143.0,1,0,0
1.9000000000000001,1569297095599.0,1,0,0
1.9000000000000001,1569297096059.0,1,0,0
1.9000000000000001,1569297096519.0,1,0,0
1.7000000000000002,1569297096983.0,1,0,0
-2.0,1569297097491.0,1,0,0
-2.7,1569297097914.0,1,0,0
-1.4000000000000001,1569297098369.0,1,0,0
0.30000000000000004,1569297098829.0,1,0,0
0.1,1569297099289.0,1,0,0
0.0,1569297099748.0,1,0,0
-0.30000000000000004,1569297100208.0,1,0,0
0.8,1569297100680.0,1,0,0
1.5,1569297101138.0,1,0,0
2.1,1569297101598.0,1,0,0
3.4000000000000004,1569297102058.0,1,0,0
3.1,1569297102523.0,1,0,0
2.6,1569297102989.0,1,0,0
-0.30000000000000004,1569297103453.0,1,0,0
-2.3000000000000003,1569297103913.0,1,0,0
-2.4000000000000004,1569297104373.0,1,0,0
-1.8,1569297104838.0,1,0,0
-0.9,1569297105303.0,1,0,0
-1.0,1569297105758.0,1,0,0
-1.0,1569297106217.0,1,0,0
-0.1,1569297106679.0,1,0,0
0.4,1569297107138.0,1,0,0
1.4000000000000001,1569297107597.0,1,0,0
1.5,1569297108058.0,1,0,0
1.3,1569297108523.0,1,0,0
0.6000000000000001,1569297108983.0,1,0,0
0.2,1569297109448.0,1,0,0
0.1,1569297109913.0,1,0,0
-0.4,1569297110373.0,1,0,0
-1.9000000000000001,1569297110833.0,1,0,0
-4.3,1569297111293.0,1,0,0
-7.2,1569297111753.0,1,0,0
-9.600000000000001,1569297112213.0,3,0,0
-9.8,1569297112668.0,3,0,0
-12.4,1569297113128.0,3,0,0
-13.9,1569297113589.0,3,0,0
-16.400000000000002,1569297114053.0,3,0,0
-25.0,1569297114512.0,3,0,0
-28.700000000000003,1569297114978.0,3,0,0
-28.5,1569297115438.0,3,0,0
-28.5,1569297115893.0,3,0,0
-28.6,1569297116352.0,3,0,0
-28.1,1569297116813.0,3,0,0
-22.400000000000002,1569297117288.0,3,0,0
-15.5,1569297117747.0,3,0,0
-11.600000000000001,1569297118213.0,3,0,0
-11.5,1569297118672.0,3,0,0
-18.900000000000002,1569297119138.0,3,0,0
-20.700000000000003,1569297119603.0,3,0,0
-20.700000000000003,1569297120063.0,3,0,0
-22.700000000000003,1569297120523.0,3,0,0
-22.1,1569297120988.0,3,0,0
-18.2,1569297121448.0,3,0,0
-14.0,1569297121908.0,3,0,0
-9.200000000000001,1569297122362.0,3,0,0
-7.9,1569297122833.0,3,0,0
-5.5,1569297123293.0,3,0,0
-2.1,1569297123747.0,3,0,0
-0.5,1569297124208.0,3,0,0
-0.2,1569297124672.0,1,0,0
1.9000000000000001,1569297125132.0,1,0,0
1.5,1569297125597.0,1,0,0
1.7000000000000002,1569297126063.0,1,0,0
2.4000000000000004,1569297126522.0,1,0,0
2.5,1569297126982.0,1,0,0
2.0,1569297127447.0,1,0,0
0.4,1569297127912.0,1,0,0
-0.6000000000000001,1569297128376.0,1,0,0
-0.9,1569297128842.0,1,0,0
-1.1,1569297129307.0,1,0,0
-0.7000000000000001,1569297129772.0,1,0,0
-0.5,1569297130232.0,1,0,0
-0.6000000000000001,1569297130692.0,1,0,0
-0.8,1569297131157.0,1,0,0
-1.5,1569297131612.0,1,0,0
-1.5,1569297132071.0,1,0,0
-1.7000000000000002,1569297132532.0,1,0,0
-3.5,1569297132987.0,1,0,0
-7.4,1569297133446.0,1,0,0
-12.100000000000001,1569297133911.0,1,0,0
-16.3,1569297134372.0,3,0,0
-23.6,1569297134827.0,3,0,0
-27.0,1569297135297.0,3,0,0
-29.900000000000002,1569297135757.0,3,0,0
-33.6,1569297136217.0,3,0,0
-37.1,1569297136682.0,3,0,0
-33.6,1569297137142.0,3,0,0
-28.1,1569297137612.0,3,0,0
-33.5,1569297138072.0,3,0,0
-37.0,1569297138532.0,3,0,0
-34.0,1569297138997.0,3,0,0
-31.400000000000002,1569297139452.0,3,0,0
-29.700000000000003,1569297139912.0,3,0,0
-32.7,1569297140377.0,3,0,0
-34.9,1569297140837.0,3,0,0
-31.1,1569297141302.0,3,0,0
-7.6000000000000005,1569297141767.0,3,0,0
-2.1,1569297142232.0,3,0,0
-1.0,1569297142692.0,3,0,0
-0.1,1569297143157.0,3,0,0
-0.2,1569297143612.0,3,0,0
2.3000000000000003,1569297144077.0,3,0,0
4.3,1569297144533.0,4,0,0
4.2,1569297144997.0,4,0,0
2.6,1569297145452.0,4,0,0
1.5,1569297145917.0,4,0,0
-5.2,1569297146376.0,4,0,0
-10.8,1569297146837.0,4,0,0
-11.5,1569297147297.0,4,0,0
-6.300000000000001,1569297147757.0,4,0,0
-6.300000000000001,1569297148216.0,4,0,0
-5.9,1569297148672.0,4,0,0
-6.300000000000001,1569297149141.0,4,0,0
-7.1000000000000005,1569297149596.0,4,0,0
2.1,1569297150057.0,4,0,0
-0.2,1569297150543.0,1,0,0
-0.9,1569297150977.0,1,0,0
-1.1,1569297151436.0,1,0,0
0.0,1569297151896.0,1,0,0
1.6,1569297152356.0,1,0,0
3.4000000000000004,1569297152816.0,1,0,0
7.9,1569297153271.0,1,0,0
8.6,1569297153736.0,4,0,0
4.800000000000001,1569297154200.0,4,0,0
1.4000000000000001,1569297154660.0,4,0,0
0.2,1569297155121.0,4,0,0
-2.4000000000000004,1569297155591.0,4,0,0
-4.6000000000000005,1569297156051.0,4,0,0
-3.5,1569297156507.0,4,0,0
-2.5,1569297156977.0,4,0,0
-2.7,1569297157436.0,4,0,0
-2.1,1569297157896.0,4,0,0
-0.9,1569297158371.0,4,0,0
-1.8,1569297158825.0,4,0,0
-1.8,1569297159286.0,4,0,0
-2.2,1569297159746.0,4,0,0
-1.0,1569297160215.0,1,0,0
0.9,1569297160675.0,1,0,0
0.4,1569297161162.0,1,0,0
-1.2000000000000002,1569297161600.0,1,0,0
-0.9,1569297162064.0,1,0,0
0.6000000000000001,1569297162526.0,1,0,0
0.7000000000000001,1569297162991.0,1,0,0
0.2,1569297163451.0,1,0,0
0.1,1569297163906.0,1,0,0
-1.5,1569297164366.0,1,0,0
0.2,1569297164826.0,1,0,0
1.5,1569297165286.0,1,0,0
1.9000000000000001,1569297165751.0,1,0,0
1.9000000000000001,1569297166211.0,1,0,0
1.4000000000000001,1569297166671.0,1,0,0
1.0,1569297167131.0,1,0,0
2.5,1569297167591.0,1,0,0
5.6000000000000005,1569297168051.0,2,0,0
4.800000000000001,1569297168510.0,2,0,0
4.6000000000000005,1569297168976.0,2,0,0
4.3,1569297169436.0,2,0,0
4.4,1569297169896.0,2,0,0
8.3,1569297170356.0,2,0,0
9.5,1569297170816.0,2,0,0
11.3,1569297171280.0,2,0,0
10.600000000000001,1569297171740.0,2,0,0
10.3,1569297172206.0,2,0,0
14.600000000000001,1569297172661.0,2,0,0
14.600000000000001,1569297173136.0,2,0,0
19.0,1569297173591.0,2,0,0
18.400000000000002,1569297174051.0,4,0,0
15.100000000000001,1569297174506.0,4,0,0
5.5,1569297174966.0,4,0,0
0.4,1569297175426.0,4,0,0
-0.4,1569297175890.0,4,0,0
-0.5,1569297176356.0,4,0,0
0.1,1569297176811.0,4,0,0
2.3000000000000003,1569297177275.0,4,0,0
3.0,1569297177735.0,4,0,0
7.9,1569297178215.0,4,0,0
9.200000000000001,1569297178665.0,8,0,0
8.9,1569297179149.0,8,0,0
8.9,1569297179595.0,8,0,0
8.0,1569297180055.0,8,0,0
7.9,1569297180519.0,8,0,0
7.9,1569297180980.0,8,0,0
7.800000000000001,1569297181440.0,8,0,0
7.6000000000000005,1569297181905.0,8,0,0
7.9,1569297182370.0,8,0,0
10.5,1569297182830.0,8,0,0
7.5,1569297183295.0,8,0,0
6.800000000000001,1569297183755.0,8,0,0
6.9,1569297184215.0,8,0,0
7.0,1569297184675.0,8,0,0
7.4,1569297185135.0,8,0,0
8.1,1569297185589.0,8,0,0
8.6,1569297186055.0,8,0,0
11.9,1569297186515.0,8,0,0
11.9,1569297186974.0,8,0,0
11.0,1569297187436.0,8,0,0
6.4,1569297187895.0,8,0,0
6.1000000000000005,1569297188355.0,8,0,0
7.5,1569297188820.0,8,0,0
8.4,1569297189280.0,8,0,0
7.6000000000000005,1569297189740.0,8,0,0
7.5,1569297190201.0,8,0,0
3.9000000000000004,1569297190659.0,8,0,0
3.2,1569297191120.0,8,0,0
3.9000000000000004,1569297191580.0,8,0,0
4.5,1569297192039.0,8,0,0
4.4,1569297192500.0,8,0,0
4.7,1569297192960.0,8,0,0
4.7,1569297193420.0,8,0,0
4.4,1569297193890.0,8,0,0
1.3,1569297194350.0,8,0,0
-1.0,1569297194810.0,8,0,0
-1.1,1569297195270.0,8,0,0
-0.8,1569297195735.0,1,0,0
1.2000000000000002,1569297196195.0,1,0,0
1.1,1569297196659.0,1,0,0
0.9,1569297197115.0,1,0,0
2.5,1569297197574.0,1,0,0
2.9000000000000004,1569297198045.0,1,0,0
2.7,1569297198504.0,1,0,0
2.3000000000000003,1569297198965.0,1,0,0
-2.3000000000000003,1569297199425.0,1,0,0
-1.1,1569297199885.0,1,0,0
-0.9,1569297200344.0,1,0,0
-1.0,1569297200810.0,1,0,0
-1.4000000000000001,1569297201269.0,1,0,0
-1.0,1569297201730.0,1,0,0
-1.1,1569297202195.0,1,0,0
-0.6000000000000001,1569297202660.0,1,0,0
0.5,1569297203119.0,1,0,0
0.6000000000000001,1569297203574.0,1,0,0
2.6,1569297204034.0,1,0,0
1.6,1569297204494.0,1,0,0
0.8,1569297204960.0,1,0,0
-0.2,1569297205425.0,1,0,0
-0.5,1569297205884.0,1,0,0
-0.9,1569297206344.0,1,0,0
-1.0,1569297206805.0,1,0,0
-0.9,1569297207269.0,1,0,0
0.0,1569297207729.0,1,0,0
0.9,1569297208194.0,1,0,0
0.2,1569297208660.0,1,0,0
-0.4,1569297209133.0,1,0,0
-0.7000000000000001,1569297209593.0,1,0,0
-1.0,1569297210059.0,1,0,0
-0.9,1569297210509.0,1,0,0
-0.9,1569297210969.0,1,0,0
-0.7000000000000001,1569297211429.0,1,0,0
0.6000000000000001,1569297211923.0,1,0,0
0.2,1569297212344.0,1,0,0
-1.2000000000000002,1569297212804.0,1,0,0
1.4000000000000001,1569297213268.0,1,0,0
1.8,1569297213729.0,1,0,0
0.2,1569297214189.0,1,0,0
-1.8,1569297214644.0,1,0,0
-1.0,1569297215109.0,1,0,0
0.4,1569297215569.0,1,0,0
-1.1,1569297216034.0,1,0,0
0.4,1569297216494.0,1,0,0
0.7000000000000001,1569297216954.0,1,0,0
-0.8,1569297217414.0,1,0,0
-1.6,1569297217874.0,1,0,0
-3.0,1569297218344.0,9,0,0
-9.1,1569297218809.0,9,0,0
-10.0,1569297219273.0,9,0,0
-10.3,1569297219729.0,9,0,0
-9.3,1569297220189.0,9,0,0
-6.9,1569297220644.0,9,0,0
-5.0,1569297221109.0,9,0,0
-6.1000000000000005,1569297221569.0,9,0,0
-9.600000000000001,1569297222028.0,9,0,0
-9.9,1569297222494.0,9,0,0
-9.9,1569297222954.0,9,0,0
-10.600000000000001,1569297223414.0,9,0,0
-10.8,1569297223879.0,9,0,0
-9.0,1569297224343.0,9,0,0
-6.4,1569297224804.0,9,0,0
-6.6000000000000005,1569297225264.0,9,0,0
-8.9,1569297225723.0,9,0,0
-9.5,1569297226185.0,9,0,0
-10.0,1569297226644.0,9,0,0
-10.100000000000001,1569297227109.0,9,0,0
-9.600000000000001,1569297227568.0,9,0,0
-9.5,1569297228034.0,9,0,0
-9.600000000000001,1569297228488.0,9,0,0
-9.600000000000001,1569297228948.0,9,0,0
-8.6,1569297229414.0,9,0,0
-7.6000000000000005,1569297229873.0,9,0,0
-7.7,1569297230328.0,9,0,0
-8.9,1569297230788.0,9,0,0
-10.700000000000001,1569297231248.0,9,0,0
-10.9,1569297231708.0,9,0,0
-11.8,1569297232168.0,9,0,0
-12.0,1569297232633.0,9,0,0
-12.200000000000001,1569297233113.0,9,0,0
-11.3,1569297233553.0,9,0,0
-9.3,1569297234013.0,9,0,0
-8.200000000000001,1569297234473.0,9,0,0
-8.1,1569297234928.0,9,0,0
-8.0,1569297235384.0,9,0,0
-8.1,1569297235843.0,9,0,0
-7.7,1569297236308.0,9,0,0
-6.4,1569297236763.0,9,0,0
-3.8000000000000003,1569297237228.0,9,0,0
-3.9000000000000004,1569297237687.0,9,0,0
-3.9000000000000004,1569297238153.0,9,0,0
-3.4000000000000004,1569297238608.0,9,0,0
-3.0,1569297239077.0,9,0,0
-3.4000000000000004,1569297239537.0,9,0,0
-3.5,1569297239997.0,9,0,0
-3.0,1569297240458.0,9,0,0
-1.3,1569297240917.0,9,0,0
0.6000000000000001,1569297241384.0,9,0,0
0.1,1569297241842.0,1,0,0
1.4000000000000001,1569297242308.0,1,0,0
-0.30000000000000004,1569297242767.0,1,0,0
-0.5,1569297243243.0,1,0,0
-1.4000000000000001,1569297243703.0,1,0,0
-1.6,1569297244168.0,1,0,0
-1.6,1569297244640.0,1,0,0
0.8,1569297245083.0,1,0,0
3.8000000000000003,1569297245548.0,1,0,0
7.300000000000001,1569297246008.0,4,0,0
7.800000000000001,1569297246468.0,4,0,0
7.7,1569297246922.0,4,0,0
5.5,1569297247387.0,4,0,0
2.6,1569297247847.0,4,0,0
-1.5,1569297248313.0,4,0,0
-3.8000000000000003,1569297248773.0,4,0,0
-4.4,1569297249242.0,4,0,0
-4.7,1569297249697.0,4,0,0
-2.9000000000000004,1569297250157.0,4,0,0
-2.7,1569297250617.0,4,0,0
-2.8000000000000003,1569297251078.0,4,0,0
-2.2,1569297251538.0,4,0,0
-1.6,1569297252039.0,4,0,0
-1.6,1569297252458.0,4,0,0
-1.6,1569297252918.0,4,0,0
-1.8,1569297253383.0,1,0,0
-1.7000000000000002,1569297253843.0,1,0,0
-1.7000000000000002,1569297254307.0,1,0,0
-0.2,1569297254768.0,1,0,0
1.4000000000000001,1569297255227.0,1,0,0
0.8,1569297255687.0,1,0,0
0.6000000000000001,1569297256147.0,1,0,0
-0.4,1569297256612.0,1,0,0
-0.4,1569297257077.0,1,0,0
-0.5,1569297257532.0,1,0,0
0.0,1569297257997.0,1,0,0
0.2,1569297258462.0,1,0,0
0.2,1569297258922.0,1,0,0
0.2,1569297259392.0,1,0,0
-0.5,1569297259847.0,1,0,0
-0.6000000000000001,1569297260312.0,1,0,0
-0.6000000000000001,1569297260771.0,1,0,0
-0.4,1569297261232.0,1,0,0
-0.2,1569297261692.0,1,0,0
-0.2,1569297262142.0,1,0,0
-0.1,1569297262602.0,1,0,0
2.2,1569297263057.0,1,0,0
1.4000000000000001,1569297263526.0,1,0,0
1.1,1569297263986.0,1,0,0
1.0,1569297264446.0,1,0,0
-0.4,1569297264906.0,1,0,0
-1.2000000000000002,1569297265371.0,1,0,0
-2.3000000000000003,1569297265831.0,1,0,0
-0.1,1569297266292.0,1,0,0
0.1,1569297266772.0,1,0,0
0.0,1569297267212.0,1,0,0
0.0,1569297267676.0,1,0,0
-0.1,1569297268132.0,1,0,0
-0.2,1569297268592.0,1,0,0
0.5,1569297269052.0,1,0,0
2.7,1569297269517.0,1,0,0
2.7,1569297269972.0,1,0,0
3.5,1569297270432.0,1,0,0
4.6000000000000005,1569297270892.0,1,0,0
5.1000000000000005,1569297271357.0,8,0,0
6.0,1569297271822.0,8,0,0
7.0,1569297272282.0,8,0,0
8.200000000000001,1569297272747.0,8,0,0
8.0,1569297273207.0,8,0,0
7.6000000000000005,1569297273677.0,8,0,0
8.6,1569297274132.0,8,0,0
9.9,1569297274592.0,8,0,0
9.9,1569297275052.0,8,0,0
8.3,1569297275512.0,8,0,0
6.300000000000001,1569297275976.0,8,0,0
6.300000000000001,1569297276442.0,8,0,0
8.5,1569297276897.0,8,0,0
8.700000000000001,1569297277384.0,8,0,0
9.9,1569297277816.0,8,0,0
9.600000000000001,1569297278283.0,8,0,0
6.4,1569297278737.0,8,0,0
9.200000000000001,1569297279202.0,8,0,0
8.200000000000001,1569297279656.0,8,0,0
7.800000000000001,1569297280122.0,8,0,0
7.9,1569297280582.0,8,0,0
7.9,1569297281042.0,8,0,0
7.5,1569297281501.0,8,0,0
7.4,1569297281956.0,8,0,0
8.0,1569297282421.0,8,0,0
8.200000000000001,1569297282871.0,8,0,0
11.600000000000001,1569297283341.0,8,0,0
11.9,1569297283797.0,8,0,0
10.600000000000001,1569297284261.0,8,0,0
10.200000000000001,1569297284726.0,8,0,0
8.700000000000001,1569297285182.0,8,0,0
6.4,1569297285641.0,8,0,0
6.7,1569297286101.0,8,0,0
6.9,1569297286561.0,8,0,0
8.5,1569297287031.0,8,0,0
8.5,1569297287492.0,8,0,0
8.700000000000001,1569297287951.0,8,0,0
8.3,1569297288411.0,8,0,0
7.800000000000001,1569297288876.0,8,0,0
7.6000000000000005,1569297289346.0,8,0,0
8.1,1569297289806.0,8,0,0
8.0,1569297290271.0,8,0,0
8.0,1569297290731.0,8,0,0
8.700000000000001,1569297291198.0,8,0,0
8.5,1569297291660.0,8,0,0
8.9,1569297292127.0,8,0,0
8.700000000000001,1569297292585.0,8,0,0
8.3,1569297293049.0,8,0,0
9.4,1569297293501.0,8,0,0
10.200000000000001,1569297293956.0,8,0,0
9.3,1569297294421.0,8,0,0
8.0,1569297294886.0,8,0,0
7.9,1569297295346.0,8,0,0
8.8,1569297295806.0,8,0,0
7.6000000000000005,1569297296266.0,8,0,0
6.4,1569297296721.0,8,0,0
6.2,1569297297186.0,8,0,0
8.5,1569297297646.0,8,0,0
8.9,1569297298106.0,8,0,0
9.1,1569297298561.0,8,0,0
9.200000000000001,1569297299036.0,8,0,0
9.200000000000001,1569297299503.0,8,0,0
9.200000000000001,1569297299951.0,8,0,0
9.200000000000001,1569297300416.0,8,0,0
3.4000000000000004,1569297300886.0,8,0,0
2.9000000000000004,1569297301346.0,8,0,0
3.6,1569297301811.0,8,0,0
3.2,1569297302271.0,8,0,0
3.0,1569297302725.0,8,0,0
1.8,1569297303191.0,8,0,0
0.7000000000000001,1569297303651.0,1,0,0
-0.6000000000000001,1569297304105.0,1,0,0
-1.0,1569297304566.0,1,0,0
-1.0,1569297305026.0,1,0,0
-0.7000000000000001,1569297305495.0,1,0,0
-0.1,1569297305956.0,1,0,0
0.0,1569297306416.0,1,0,0
0.30000000000000004,1569297306871.0,1,0,0
0.30000000000000004,1569297307336.0,1,0,0
0.30000000000000004,1569297307795.0,1,0,0
0.30000000000000004,1569297308251.0,1,0,0
0.30000000000000004,1569297308710.0,1,0,0
0.2,1569297309171.0,1,0,0
0.2,1569297309630.0,1,0,0
0.2,1569297310085.0,1,0,0
0.4,1569297310541.0,1,0,0
0.30000000000000004,1569297311000.0,1,0,0
0.0,1569297311464.0,1,0,0
-0.4,1569297311924.0,1,0,0
-0.8,1569297312380.0,1,0,0
-1.3,1569297312835.0,1,0,0
-1.3,1569297313295.0,1,0,0
-1.4000000000000001,1569297313755.0,1,0,0
-1.4000000000000001,1569297314215.0,1,0,0
1.5,1569297314665.0,1,0,0
0.8,1569297315130.0,1,0,0
0.8,1569297315590.0,1,0,0
0.6000000000000001,1569297316049.0,1,0,0
0.6000000000000001,1569297316510.0,1,0,0
0.2,1569297316981.0,1,0,0
-0.5,1569297317468.0,1,0,0
-0.5,1569297317905.0,1,0,0
0.1,1569297318364.0,1,0,0
0.0,1569297318819.0,1,0,0
-0.30000000000000004,1569297319294.0,1,0,0
-0.8,1569297319749.0,1,0,0
-0.9,1569297320215.0,1,0,0
-0.9,1569297320674.0,1,0,0
-0.8,1569297321134.0,1,0,0
0.7000000000000001,1569297321599.0,1,0,0
1.9000000000000001,1569297322060.0,1,0,0
1.8,1569297322520.0,1,0,0
0.2,1569297322981.0,1,0,0
-1.1,1569297323455.0,1,0,0
-1.3,1569297323910.0,1,0,0
-1.3,1569297324370.0,1,0,0
-0.2,1569297324840.0,1,0,0
-0.5,1569297325300.0,1,0,0
-0.8,1569297325760.0,1,0,0
-0.8,1569297326214.0,1,0,0
-0.30000000000000004,1569297326680.0,1,0,0
-0.1,1569297327144.0,1,0,0
0.30000000000000004,1569297327605.0,1,0,0
0.2,1569297328070.0,1,0,0
0.1,1569297328530.0,1,0,0
0.1,1569297328989.0,1,0,0
0.0,1569297329450.0,1,0,0
-0.2,1569297329904.0,1,0,0
-0.2,1569297330360.0,1,0,0
-0.2,1569297330820.0,1,0,0
-0.30000000000000004,1569297331280.0,1,0,0
-0.30000000000000004,1569297331740.0,1,0,0
-0.30000000000000004,1569297332204.0,1,0,0
-0.5,1569297332673.0,1,0,0
-0.1,1569297333130.0,1,0,0
0.30000000000000004,1569297333590.0,1,0,0
0.30000000000000004,1569297334049.0,1,0,0
0.30000000000000004,1569297334504.0,1,0,0
0.30000000000000004,1569297334959.0,1,0,0
0.6000000000000001,1569297335424.0,1,0,0
0.7000000000000001,1569297335884.0,1,0,0
0.7000000000000001,1569297336354.0,1,0,0
0.6000000000000001,1569297336814.0,1,0,0
0.6000000000000001,1569297337275.0,1,0,0
0.6000000000000001,1569297337739.0,1,0,0
0.6000000000000001,1569297338209.0,1,0,0
1.2000000000000002,1569297338677.0,1,0,0
2.2,1569297339134.0,1,0,0
4.4,1569297339604.0,1,0,0
6.5,1569297340069.0,2,0,0
8.200000000000001,1569297340529.0,2,0,0
9.600000000000001,1569297340989.0,2,0,0
8.3,1569297341454.0,2,0,0
8.200000000000001,1569297341909.0,2,0,0
9.3,1569297342370.0,2,0,0
9.4,1569297342829.0,2,0,0
9.600000000000001,1569297343289.0,2,0,0
9.5,1569297343754.0,2,0,0
9.600000000000001,1569297344214.0,2,0,0
9.5,1569297344679.0,2,0,0
9.4,1569297345138.0,2,0,0
7.9,1569297345599.0,2,0,0
6.7,1569297346059.0,2,0,0
7.9,1569297346524.0,2,0,0
9.4,1569297346985.0,2,0,0
9.4,1569297347444.0,2,0,0
9.3,1569297347940.0,2,0,0
9.200000000000001,1569297348369.0,2,0,0
9.0,1569297348829.0,2,0,0
8.4,1569297349296.0,2,0,0
4.9,1569297349754.0,2,0,0
2.4000000000000004,1569297350209.0,2,0,0
0.8,1569297350664.0,2,0,0
1.5,1569297351124.0,2,0,0
2.5,1569297351584.0,2,0,0
1.8,1569297352039.0,2,0,0
1.4000000000000001,1569297352499.0,2,0,0
1.2000000000000002,1569297352964.0,2,0,0
1.2000000000000002,1569297353419.0,2,0,0
0.8,1569297353879.0,1,0,0
0.2,1569297354333.0,1,0,0
-1.1,1569297354794.0,1,0,0
-0.9,1569297355254.0,1,0,0
0.1,1569297355714.0,1,0,0
0.2,1569297356173.0,1,0,0
0.4,1569297356629.0,1,0,0
0.2,1569297357095.0,1,0,0
0.30000000000000004,1569297357553.0,1,0,0
0.1,1569297358013.0,1,0,0
-0.1,1569297358474.0,1,0,0
-0.4,1569297358934.0,1,0,0
-0.5,1569297359398.0,1,0,0
-0.6000000000000001,1569297359858.0,1,0,0
-0.7000000000000001,1569297360333.0,1,0,0
-0.7000000000000001,1569297360793.0,1,0,0
-0.7000000000000001,1569297361248.0,1,0,0
-0.8,1569297361709.0,1,0,0
-0.8,1569297362168.0,1,0,0
-0.6000000000000001,1569297362675.0,1,0,0
-0.2,1569297363093.0,1,0,0
-0.1,1569297363558.0,1,0,0
0.0,1569297364018.0,1,0,0
1.5,1569297364488.0,1,0,0
1.5,1569297364942.0,1,0,0
1.6,1569297365403.0,1,0,0
1.5,1569297365873.0,1,0,0
1.4000000000000001,1569297366323.0,1,0,0
1.2000000000000002,1569297366783.0,1,0,0
-1.0,1569297367243.0,1,0,0
-1.5,1569297367709.0,1,0,0
-2.0,1569297368168.0,1,0,0
-1.6,1569297368628.0,1,0,0
-0.2,1569297369088.0,1,0,0
0.0,1569297369553.0,1,0,0
1.0,1569297370008.0,1,0,0
0.6000000000000001,1569297370463.0,1,0,0
0.0,1569297370923.0,1,0,0
-0.1,1569297371379.0,1,0,0
-0.2,1569297371843.0,1,0,0
-0.30000000000000004,1569297372297.0,1,0,0
-0.2,1569297372763.0,1,0,0
0.1,1569297373223.0,1,0,0
0.1,1569297373696.0,1,0,0
0.0,1569297374148.0,1,0,0
-0.2,1569297374608.0,1,0,0
-0.2,1569297375068.0,1,0,0
-0.1,1569297375528.0,1,0,0
0.1,1569297375988.0,1,0,0
0.2,1569297376448.0,1,0,0
0.1,1569297376908.0,1,0,0
-0.1,1569297377373.0,1,0,0
0.0,1569297377833.0,1,0,0
0.5,1569297378298.0,1,0,0
0.5,1569297378753.0,1,0,0
0.30000000000000004,1569297379218.0,1,0,0
0.2,1569297379691.0,1,0,0
0.0,1569297380148.0,1,0,0
0.1,1569297380612.0,1,0,0
0.1,1569297381067.0,1,0,0
0.0,1569297381533.0,1,0,0
-0.5,1569297381993.0,1,0,0
-0.5,1569297382453.0,1,0,0
-0.4,1569297382917.0,1,0,0
-0.2,1569297383373.0,1,0,0
0.7000000000000001,1569297383832.0,1,0,0
0.7000000000000001,1569297384298.0,1,0,0
-0.2,1569297384758.0,1,0,0
-0.9,1569297385223.0,1,0,0
-1.0,1569297385692.0,1,0,0
-1.1,1569297386147.0,1,0,0
-1.2000000000000002,1569297386607.0,1,0,0
-1.6,1569297387067.0,1,0,0
-2.6,1569297387533.0,3,0,0
-4.7,1569297387992.0,3,0,0
-5.0,1569297388452.0,3,0,0
-3.0,1569297388912.0,3,0,0
-2.3000000000000003,1569297389379.0,3,0,0
-3.2,1569297389837.0,3,0,0
-4.0,1569297390297.0,3,0,0
-2.0,1569297390757.0,3,0,0
-1.3,1569297391212.0,3,0,0
-1.3,1569297391676.0,3,0,0
-1.5,1569297392136.0,3,0,0
-1.7000000000000002,1569297392602.0,3,0,0
-1.7000000000000002,1569297393062.0,3,0,0
-1.7000000000000002,1569297393522.0,3,0,0
-1.5,1569297393982.0,3,0,0
-1.5,1569297394437.0,3,0,0
-1.5,1569297394897.0,3,0,0
-1.6,1569297395357.0,3,0,0
-1.7000000000000002,1569297395812.0,3,0,0
-1.0,1569297396277.0,3,0,0
-0.9,1569297396737.0,1,0,0
-0.9,1569297397197.0,1,0,0
0.0,1569297397662.0,1,0,0
0.7000000000000001,1569297398127.0,1,0,0
0.7000000000000001,1569297398587.0,1,0,0
0.5,1569297399047.0,1,0,0
0.2,1569297399512.0,1,0,0
0.0,1569297399974.0,1,0,0
0.0,1569297400447.0,1,0,0
-0.1,1569297400907.0,1,0,0
-0.1,1569297401367.0,1,0,0
0.1,1569297401832.0,1,0,0
-0.2,1569297402292.0,1,0,0
0.0,1569297402752.0,1,0,0
0.0,1569297403207.0,1,0,0
0.0,1569297403672.0,1,0,0
0.2,1569297404137.0,1,0,0
0.4,1569297404602.0,1,0,0
0.4,1569297405090.0,1,0,0
-0.7000000000000001,1569297405527.0,1,0,0
-1.6,1569297405997.0,1,0,0
-0.6000000000000001,1569297406452.0,1,0,0
-0.2,1569297406912.0,1,0,0
-0.2,1569297407372.0,1,0,0
-0.2,1569297407832.0,1,0,0
-0.2,1569297408296.0,1,0,0
0.2,1569297408757.0,1,0,0
0.9,1569297409221.0,1,0,0
0.8,1569297409690.0,1,0,0
0.7000000000000001,1569297410146.0,1,0,0
0.30000000000000004,1569297410606.0,1,0,0
-0.2,1569297411072.0,1,0,0
-0.30000000000000004,1569297411532.0,1,0,0
-0.4,1569297411993.0,1,0,0
-0.4,1569297412451.0,1,0,0
0.2,1569297412917.0,1,0,0
0.5,1569297413378.0,1,0,0
0.4,1569297413837.0,1,0,0
0.30000000000000004,1569297414296.0,1,0,0
0.4,1569297414752.0,1,0,0
0.4,1569297415211.0,1,0,0
0.30000000000000004,1569297415662.0,1,0,0
0.2,1569297416121.0,1,0,0
-0.6000000000000001,1569297416581.0,1,0,0
-1.3,1569297417046.0,1,0,0
-1.0,1569297417506.0,1,0,0
0.2,1569297417966.0,1,0,0
0.2,1569297418426.0,1,0,0
-0.1,1569297418882.0,1,0,0
-0.1,1569297419345.0,1,0,0
-0.1,1569297419811.0,1,0,0
0.0,1569297420286.0,1,0,0
0.2,1569297420746.0,1,0,0
0.0,1569297421206.0,1,0,0
-2.0,1569297421666.0,1,0,0
-4.1000000000000005,1569297422130.0,1,0,0
-7.0,1569297422591.0,5,0,0
-7.300000000000001,1569297423051.0,5,0,0
-7.0,1569297423510.0,5,0,0
-4.0,1569297423976.0,5,0,0
0.0,1569297424431.0,5,0,0
7.6000000000000005,1569297424891.0,5,0,0
8.1,1569297425345.0,5,0,0
6.6000000000000005,1569297425811.0,5,0,0
2.6,1569297426271.0,5,0,0
2.2,1569297426730.0,5,0,0
1.4000000000000001,1569297427191.0,5,0,0
1.3,1569297427661.0,5,0,0
1.5,1569297428126.0,5,0,0
1.5,1569297428581.0,5,0,0
1.1,1569297429046.0,1,0,0
1.2000000000000002,1569297429506.0,1,0,0
1.2000000000000002,1569297429966.0,1,0,0
0.9,1569297430420.0,1,0,0
0.0,1569297430881.0,1,0,0
0.0,1569297431346.0,1,0,0
0.0,1569297431806.0,1,0,0
0.0,1569297432261.0,1,0,0
-0.1,1569297432724.0,1,0,0
-0.2,1569297433186.0,1,0,0
-0.2,1569297433642.0,1,0,0
0.30000000000000004,1569297434102.0,1,0,0
0.30000000000000004,1569297434566.0,1,0,0
0.30000000000000004,1569297435026.0,1,0,0
0.5,1569297435492.0,1,0,0
0.5,1569297435951.0,1,0,0
0.6000000000000001,1569297436410.0,1,0,0
0.1,1569297436865.0,1,0,0
-0.2,1569297437326.0,1,0,0
-0.1,1569297437797.0,1,0,0
0.2,1569297438245.0,1,0,0
0.2,1569297438702.0,1,0,0
0.2,1569297439171.0,1,0,0
-0.1,1569297439631.0,1,0,0
-1.0,1569297440087.0,1,0,0
-0.4,1569297440561.0,1,0,0
-0.1,1569297441022.0,1,0,0
-0.1,1569297441481.0,1,0,0
-0.1,1569297441943.0,1,0,0
0.30000000000000004,1569297442396.0,1,0,0
-0.6000000000000001,1569297442856.0,1,0,0
-1.3,1569297443310.0,1,0,0
-1.0,1569297443776.0,1,0,0
0.9,1569297444236.0,1,0,0
0.8,1569297444705.0,1,0,0
1.0,1569297445174.0,1,0,0
1.2000000000000002,1569297445625.0,1,0,0
1.9000000000000001,1569297446086.0,1,0,0
1.8,1569297446550.0,1,0,0
1.7000000000000002,1569297447010.0,1,0,0
1.5,1569297447470.0,1,0,0
-0.6000000000000001,1569297447930.0,1,0,0
-0.6000000000000001,1569297448390.0,1,0,0
-0.4,1569297448845.0,1,0,0
0.2,1569297449305.0,1,0,0
0.2,1569297449764.0,1,0,0
1.8,1569297450226.0,1,0,0
9.3,1569297450685.0,1,0,0
10.700000000000001,1569297451145.0,1,0,0
8.3,1569297451600.0,4,0,0
4.6000000000000005,1569297452059.0,4,0,0
0.0,1569297452525.0,4,0,0
-2.8000000000000003,1569297452980.0,4,0,0
-4.800000000000001,1569297453445.0,4,0,0
-5.7,1569297453900.0,4,0,0
-6.5,1569297454360.0,4,0,0
-6.1000000000000005,1569297454825.0,4,0,0
-2.9000000000000004,1569297455290.0,4,0,0
-2.6,1569297455764.0,4,0,0
-1.8,1569297456220.0,4,0,0
-1.2000000000000002,1569297456675.0,4,0,0
0.4,1569297457135.0,1,0,0
0.5,1569297457595.0,1,0,0
0.30000000000000004,1569297458060.0,1,0,0
0.30000000000000004,1569297458525.0,1,0,0
0.30000000000000004,1569297458985.0,1,0,0
0.2,1569297459450.0,1,0,0
0.2,1569297459910.0,1,0,0
0.2,1569297460376.0,1,0,0
-0.9,1569297460830.0,1,0,0
-0.9,1569297461300.0,1,0,0
-0.9,1569297461764.0,1,0,0
-1.0,1569297462229.0,1,0,0
2.9000000000000004,1569297462686.0,1,0,0
1.5,1569297463150.0,1,0,0
-0.2,1569297463614.0,1,0,0
-0.6000000000000001,1569297464075.0,1,0,0
-1.4000000000000001,1569297464535.0,1,0,0
-0.4,1569297464994.0,1,0,0
0.7000000000000001,1569297465460.0,1,0,0
-0.30000000000000004,1569297465920.0,1,0,0
-0.30000000000000004,1569297466379.0,1,0,0
-0.30000000000000004,1569297466835.0,1,0,0
-0.30000000000000004,1569297467299.0,1,0,0
-0.4,1569297467759.0,1,0,0
-0.4,1569297468224.0,1,0,0
-0.30000000000000004,1569297468684.0,1,0,0
0.8,1569297469149.0,1,0,0
2.7,1569297469610.0,1,0,0
1.6,1569297470064.0,1,0,0
0.5,1569297470546.0,1,0,0
-4.5,1569297470979.0,1,0,0
-6.300000000000001,1569297471440.0,1,0,0
-6.5,1569297471899.0,1,0,0
-6.5,1569297472353.0,5,0,0
-5.4,1569297472814.0,5,0,0
1.7000000000000002,1569297473274.0,5,0,0
6.1000000000000005,1569297473733.0,5,0,0
8.5,1569297474194.0,5,0,0
9.8,1569297474654.0,5,0,0
9.200000000000001,1569297475114.0,5,0,0
6.7,1569297475579.0,5,0,0
9.8,1569297476049.0,5,0,0
9.4,1569297476510.0,5,0,0
7.6000000000000005,1569297476969.0,5,0,0
6.300000000000001,1569297477433.0,5,0,0
7.6000000000000005,1569297477894.0,2,0,0
7.2,1569297478353.0,2,0,0
5.300000000000001,1569297478814.0,2,0,0
6.300000000000001,1569297479269.0,2,0,0
6.6000000000000005,1569297479739.0,2,0,0
6.2,1569297480199.0,2,0,0
5.0,1569297480659.0,2,0,0
4.0,1569297481134.0,2,0,0
4.2,1569297481594.0,2,0,0
5.0,1569297482049.0,2,0,0
5.4,1569297482513.0,2,0,0
5.7,1569297482975.0,2,0,0
6.0,1569297483429.0,2,0,0
6.2,1569297483889.0,2,0,0
6.2,1569297484349.0,2,0,0
6.1000000000000005,1569297484809.0,2,0,0
5.300000000000001,1569297485279.0,2,0,0
6.4,1569297485734.0,2,0,0
6.2,1569297486194.0,2,0,0
4.6000000000000005,1569297486649.0,2,0,0
4.6000000000000005,1569297487109.0,2,0,0
4.800000000000001,1569297487569.0,2,0,0
6.5,1569297488029.0,2,0,0
6.300000000000001,1569297488517.0,2,0,0
5.2,1569297488949.0,2,0,0
3.6,1569297489409.0,2,0,0
2.9000000000000004,1569297489873.0,2,0,0
2.3000000000000003,1569297490338.0,2,0,0
1.5,1569297490793.0,2,0,0
1.6,1569297491259.0,2,0,0
1.5,1569297491719.0,2,0,0
1.1,1569297492179.0,2,0,0
-1.8,1569297492639.0,2,0,0
-0.30000000000000004,1569297493104.0,1,0,0
0.8,1569297493564.0,1,0,0
0.6000000000000001,1569297494029.0,1,0,0
-0.9,1569297494489.0,1,0,0
-0.7000000000000001,1569297494953.0,1,0,0
0.7000000000000001,1569297495418.0,1,0,0
0.8,1569297495878.0,1,0,0
0.8,1569297496348.0,1,0,0
0.7000000000000001,1569297496809.0,1,0,0
0.4,1569297497268.0,1,0,0
0.1,1569297497723.0,1,0,0
-0.4,1569297498188.0,1,0,0
-0.5,1569297498643.0,1,0,0
0.6000000000000001,1569297499102.0,1,0,0
0.7000000000000001,1569297499560.0,1,0,0
1.0,1569297500023.0,1,0,0
0.7000000000000001,1569297500483.0,1,0,0
0.30000000000000004,1569297500943.0,1,0,0
0.0,1569297501413.0,1,0,0
-0.1,1569297501873.0,1,0,0
0.2,1569297502338.0,1,0,0
0.1,1569297502798.0,1,0,0
0.0,1569297503252.0,1,0,0
-0.1,1569297503719.0,1,0,0
-0.2,1569297504183.0,1,0,0
0.2,1569297504643.0,1,0,0
0.2,1569297505102.0,1,0,0
0.1,1569297505563.0,1,0,0
0.0,1569297506023.0,1,0,0
-0.2,1569297506507.0,1,0,0
-0.2,1569297506948.0,1,0,0
-0.2,1569297507413.0,1,0,0
-0.1,1569297507873.0,1,0,0
0.6000000000000001,1569297508337.0,1,0,0
0.2,1569297508799.0,1,0,0
0.0,1569297509257.0,1,0,0
-0.1,1569297509718.0,1,0,0
-0.1,1569297510188.0,1,0,0
0.0,1569297510643.0,1,0,0
0.1,1569297511113.0,1,0,0
0.1,1569297511568.0,1,0,0
0.4,1569297512028.0,1,0,0
0.5,1569297512493.0,1,0,0
0.2,1569297512957.0,1,0,0
0.2,1569297513423.0,1,0,0
0.0,1569297513888.0,1,0,0
-0.30000000000000004,1569297514348.0,1,0,0
-0.1,1569297514802.0,1,0,0
0.0,1569297515258.0,1,0,0
0.6000000000000001,1569297515713.0,1,0,0
0.6000000000000001,1569297516178.0,1,0,0
0.2,1569297516638.0,1,0,0
0.4,1569297517131.0,1,0,0
0.30000000000000004,1569297517558.0,1,0,0
0.5,1569297518017.0,1,0,0
0.1,1569297518472.0,1,0,0
0.1,1569297518938.0,1,0,0
0.0,1569297519402.0,1,0,0
0.1,1569297519863.0,1,0,0
0.2,1569297520327.0,1,0,0
0.2,1569297520782.0,1,0,0
0.2,1569297521253.0,1,0,0
0.0,1569297521718.0,1,0,0
-0.2,1569297522182.0,1,0,0
-0.2,1569297522637.0,1,0,0
-0.2,1569297523097.0,1,0,0
-0.1,1569297523557.0,1,0,0
-0.1,1569297524017.0,1,0,0
-0.2,1569297524477.0,1,0,0
-0.2,1569297524937.0,1,0,0
-0.30000000000000004,1569297525407.0,1,0,0
-0.2,1569297525867.0,1,0,0
-0.2,1569297526332.0,1,0,0
-0.2,1569297526787.0,1,0,0
-0.2,1569297527247.0,1,0,0
-0.2,1569297527743.0,1,0,0
-0.2,1569297528167.0,1,0,0
-0.5,1569297528627.0,1,0,0
0.4,1569297529087.0,1,0,0
0.9,1569297529552.0,1,0,0
1.6,1569297530011.0,1,0,0
1.5,1569297530472.0,1,0,0
1.2000000000000002,1569297530932.0,1,0,0
0.5,1569297531397.0,1,0,0
0.1,1569297531856.0,1,0,0
-0.30000000000000004,1569297532317.0,1,0,0
-1.2000000000000002,1569297532777.0,1,0,0
-0.9,1569297533237.0,1,0,0
0.5,1569297533697.0,1,0,0
0.2,1569297534162.0,1,0,0
-0.30000000000000004,1569297534617.0,1,0,0
-0.1,1569297535080.0,1,0,0
0.0,1569297535537.0,1,0,0
1.2000000000000002,1569297535997.0,1,0,0
0.6000000000000001,1569297536457.0,1,0,0
-1.5,1569297536912.0,1,0,0
-1.5,1569297537373.0,1,0,0
-0.8,1569297537832.0,1,0,0
0.8,1569297538287.0,1,0,0
0.6000000000000001,1569297538752.0,1,0,0
0.6000000000000001,1569297539212.0,1,0,0
0.7000000000000001,1569297539672.0,1,0,0
0.7000000000000001,1569297540132.0,1,0,0
1.8,1569297540592.0,1,0,0
1.6,1569297541047.0,1,0,0
0.9,1569297541522.0,1,0,0
-0.7000000000000001,1569297541982.0,1,0,0
-0.7000000000000001,1569297542436.0,1,0,0
-0.6000000000000001,1569297542897.0,1,0,0
-0.1,1569297543357.0,1,0,0
-0.1,1569297543817.0,1,0,0
0.2,1569297544277.0,1,0,0
0.30000000000000004,1569297544737.0,1,0,0
0.7000000000000001,1569297545202.0,1,0,0
0.8,1569297545662.0,1,0,0
0.8,1569297546122.0,1,0,0
0.1,1569297546586.0,1,0,0
-0.7000000000000001,1569297547041.0,1,0,0
-1.2000000000000002,1569297547506.0,1,0,0
-0.9,1569297547967.0,1,0,0
-0.30000000000000004,1569297548421.0,1,0,0
0.2,1569297548881.0,1,0,0
0.8,1569297549341.0,1,0,0
1.0,1569297549801.0,1,0,0
1.8,1569297550262.0,1,0,0
1.8,1569297550721.0,1,0,0
1.8,1569297551185.0,1,0,0
1.1,1569297551641.0,1,0,0
0.30000000000000004,1569297552107.0,1,0,0
-0.4,1569297552572.0,1,0,0
-0.9,1569297553039.0,1,0,0
-1.3,1569297553491.0,1,0,0
-1.1,1569297553952.0,1,0,0
0.2,1569297554406.0,1,0,0
0.4,1569297554865.0,1,0,0
0.30000000000000004,1569297555326.0,1,0,0
-1.2000000000000002,1569297555781.0,1,0,0
-1.7000000000000002,1569297556241.0,1,0,0
-1.7000000000000002,1569297556706.0,1,0,0
-1.4000000000000001,1569297557166.0,1,0,0
-2.4000000000000004,1569297557626.0,1,0,0
-4.5,1569297558085.0,1,0,0
-5.1000000000000005,1569297558546.0,3,0,0
-3.5,1569297559001.0,3,0,0
-2.2,1569297559461.0,3,0,0
-1.7000000000000002,1569297559921.0,3,0,0
-1.3,1569297560381.0,3,0,0
-1.2000000000000002,1569297560841.0,3,0,0
-1.7000000000000002,1569297561301.0,3,0,0
-3.1,1569297561766.0,3,0,0
-3.9000000000000004,1569297562236.0,3,0,0
-2.5,1569297562696.0,3,0,0
-2.1,1569297563156.0,3,0,0
-2.1,1569297563662.0,3,0,0
-2.0,1569297564076.0,3,0,0
-1.3,1569297564541.0,3,0,0
0.0,1569297565001.0,3,0,0
0.0,1569297565461.0,1,0,0
0.0,1569297565917.0,1,0,0
0.1,1569297566381.0,1,0,0
0.0,1569297566869.0,1,0,0
0.2,1569297567306.0,1,0,0
1.9000000000000001,1569297567771.0,1,0,0
2.1,1569297568236.0,1,0,0
1.9000000000000001,1569297568696.0,1,0,0
1.4000000000000001,1569297569150.0,1,0,0
1.0,1569297569610.0,1,0,0
0.30000000000000004,1569297570070.0,1,0,0
-0.5,1569297570530.0,1,0,0
-1.3,1569297570985.0,1,0,0
-1.6,1569297571446.0,1,0,0
-1.6,1569297571911.0,1,0,0
-0.30000000000000004,1569297572366.0,1,0,0
0.1,1569297572825.0,1,0,0
0.1,1569297573285.0,1,0,0
0.0,1569297573751.0,1,0,0
0.2,1569297574261.0,1,0,0
0.2,1569297574665.0,1,0,0
0.1,1569297575130.0,1,0,0
0.1,1569297575585.0,1,0,0
-0.1,1569297576045.0,1,0,0
-0.4,1569297576500.0,1,0,0
-0.7000000000000001,1569297576959.0,1,0,0
-0.7000000000000001,1569297577420.0,1,0,0
-0.7000000000000001,1569297577880.0,1,0,0
-0.7000000000000001,1569297578340.0,1,0,0
-0.30000000000000004,1569297578795.0,1,0,0
-0.30000000000000004,1569297579260.0,1,0,0
-0.2,1569297579730.0,1,0,0
-0.2,1569297580180.0,1,0,0
-0.2,1569297580639.0,1,0,0
-0.2,1569297581100.0,1,0,0
-0.30000000000000004,1569297581560.0,1,0,0
-2.0,1569297582025.0,3,0,0
-3.1,1569297582490.0,3,0,0
-3.2,1569297582944.0,3,0,0
-3.1,1569297583404.0,3,0,0
-2.9000000000000004,1569297583875.0,3,0,0
-2.9000000000000004,1569297584334.0,3,0,0
-5.7,1569297584795.0,3,0,0
-6.6000000000000005,1569297585250.0,3,0,0
-6.9,1569297585727.0,3,0,0
-7.300000000000001,1569297586180.0,3,0,0
-7.9,1569297586645.0,3,0,0
-4.4,1569297587100.0,3,0,0
-1.3,1569297587560.0,3,0,0
-1.2000000000000002,1569297588020.0,3,0,0
-1.6,1569297588481.0,3,0,0
-3.3000000000000003,1569297588945.0,3,0,0
-3.8000000000000003,1569297589405.0,1,0,0
-5.0,1569297589870.0,1,0,0
-5.300000000000001,1569297590330.0,1,0,0
-5.4,1569297590785.0,1,0,0
-3.6,1569297591245.0,1,0,0
-1.9000000000000001,1569297591700.0,5,0,1
-1.6,1569297592160.0,5,0,1
-0.7000000000000001,1569297592620.0,5,0,1
-0.30000000000000004,1569297593079.0,5,0,1
2.4000000000000004,1569297593545.0,5,0,1
1.4000000000000001,1569297594005.0,5,0,1
-0.2,1569297594462.0,5,0,1
-3.6,1569297594920.0,5,0,1
-8.3,1569297595380.0,5,0,1
-10.8,1569297595840.0,5,0,1
-5.0,1569297596305.0,5,0,1
-4.2,1569297596768.0,5,0,1
-4.800000000000001,1569297597219.0,5,0,1
-4.0,1569297597680.0,5,0,1
-2.0,1569297598139.0,1,1,1
-2.2,1569297598599.0,1,1,1
-2.6,1569297599064.0,1,1,1
-4.1000000000000005,1569297599525.0,1,1,1
-3.0,1569297599989.0,1,1,1
-0.2,1569297600449.0,1,1,1
2.2,1569297600904.0,1,1,1
1.2000000000000002,1569297601370.0,1,1,1
3.8000000000000003,1569297601829.0,1,1,1
3.7,1569297602299.0,1,1,1
2.7,1569297602760.0,1,1,1
2.7,1569297603213.0,1,1,1
6.300000000000001,1569297603674.0,1,1,1
7.7,1569297604134.0,1,1,1
6.300000000000001,1569297604595.0,1,1,1
11.100000000000001,1569297605054.0,1,1,1
13.200000000000001,1569297605519.0,1,1,1
10.9,1569297605979.0,1,1,1
9.4,1569297606454.0,1,1,1
7.5,1569297606914.0,1,1,1
10.3,1569297607374.0,1,1,1
4.4,1569297607833.0,1,1,1
1.8,1569297608303.0,1,1,1
1.4000000000000001,1569297608764.0,1,1,1
4.6000000000000005,1569297609219.0,1,1,1
5.7,1569297609678.0,1,1,1
4.6000000000000005,1569297610143.0,1,1,1
0.7000000000000001,1569297610604.0,1,1,1
0.4,1569297611059.0,1,1,1
-1.4000000000000001,1569297611523.0,1,1,1
1.2000000000000002,1569297611984.0,1,1,1
1.1,1569297612444.0,1,1,1
-0.5,1569297612904.0,1,1,1
-1.3,1569297613426.0,1,1,1
-0.7000000000000001,1569297613819.0,1,1,1
3.9000000000000004,1569297614284.0,1,1,1
2.6,1569297614739.0,1,1,1
2.1,1569297615203.0,1,1,1
4.7,1569297615669.0,1,1,1
5.9,1569297616129.0,1,1,1
4.1000000000000005,1569297616595.0,1,1,0
3.3000000000000003,1569297617049.0,1,1,0
2.4000000000000004,1569297617514.0,1,1,0
2.1,1569297617969.0,1,1,0
2.0,1569297618429.0,1,1,0
2.2,1569297618889.0,1,1,0
2.2,1569297619349.0,1,1,0
2.2,1569297619808.0,1,1,0
2.3000000000000003,1569297620269.0,1,1,0
4.3,1569297620729.0,1,1,0
5.2,1569297621194.0,1,1,0
3.3000000000000003,1569297621654.0,2,0,0
3.1,1569297622123.0,2,0,0
3.1,1569297622583.0,2,0,0
3.3000000000000003,1569297623038.0,2,0,0
5.9,1569297623499.0,2,0,0
6.4,1569297623954.0,2,0,0
6.300000000000001,1569297624419.0,2,0,0
2.9000000000000004,1569297624879.0,2,0,0
1.1,1569297625338.0,2,0,0
2.7,1569297625804.0,2,0,0
3.1,1569297626268.0,2,0,0
1.7000000000000002,1569297626729.0,2,0,0
4.3,1569297627196.0,5,0,0
0.5,1569297627653.0,5,0,0
-4.1000000000000005,1569297628113.0,5,0,0
-14.5,1569297628569.0,5,0,0
-16.6,1569297629028.0,5,0,0
-17.3,1569297629493.0,5,0,0
-17.2,1569297629953.0,5,0,0
-9.700000000000001,1569297630412.0,5,0,0
1.2000000000000002,1569297630873.0,5,0,0
1.4000000000000001,1569297631333.0,5,0,0
-0.4,1569297631793.0,5,0,0
-1.4000000000000001,1569297632253.0,5,0,0
-1.6,1569297632713.0,5,0,0
-1.0,1569297633178.0,5,0,0
1.5,1569297633638.0,5,0,0
3.1,1569297634098.0,5,0,0
2.7,1569297634557.0,5,0,0
2.0,1569297635017.0,1,0,0
1.0,1569297635482.0,1,0,0
0.8,1569297635942.0,1,0,0
0.6000000000000001,1569297636402.0,1,0,0
-0.4,1569297636863.0,1,0,0
-1.5,1569297637322.0,1,0,0
-1.9000000000000001,1569297637783.0,1,0,0
-3.7,1569297638248.0,1,0,0
-4.4,1569297638708.0,1,0,0
-1.1,1569297639169.0,1,0,0
0.5,1569297639628.0,1,0,0
0.5,1569297640084.0,1,0,0
1.2000000000000002,1569297640548.0,1,0,0
1.4000000000000001,1569297641003.0,1,0,0
0.2,1569297641462.0,1,0,0
0.8,1569297641923.0,1,0,0
1.6,1569297642393.0,1,0,0
1.5,1569297642858.0,1,0,0
0.8,1569297643313.0,1,0,0
0.1,1569297643773.0,1,0,0
-1.0,1569297644233.0,1,0,0
-1.3,1569297644698.0,1,0,0
-0.9,1569297645163.0,1,0,0
0.4,1569297645628.0,1,0,0
1.0,1569297646088.0,1,0,0
2.2,1569297646553.0,1,0,0
2.7,1569297647013.0,1,0,0
2.1,1569297647473.0,1,0,0
1.4000000000000001,1569297647933.0,1,0,0
-0.2,1569297648393.0,1,0,0
-1.5,1569297648854.0,1,0,0
-1.5,1569297649318.0,1,0,0
-1.3,1569297649777.0,1,0,0
-0.30000000000000004,1569297650243.0,1,0,0
1.3,1569297650702.0,1,0,0
1.7000000000000002,1569297651162.0,1,0,0
1.5,1569297651622.0,1,0,0
0.0,1569297652084.0,1,0,0
-0.7000000000000001,1569297652547.0,1,0,0
-1.1,1569297653008.0,1,0,0
-1.5,1569297653474.0,1,0,0
-1.8,1569297653932.0,1,0,0
-1.6,1569297654392.0,1,0,0
-1.2000000000000002,1569297654853.0,1,0,0
-0.1,1569297655317.0,1,0,0
1.4000000000000001,1569297655777.0,1,0,0
0.8,1569297656237.0,1,0,0
0.9,1569297656702.0,1,0,0
-0.9,1569297657156.0,1,0,0
-0.9,1569297657622.0,1,0,0
-0.9,1569297658077.0,1,0,0
-1.6,1569297658537.0,1,0,0
-2.1,1569297658997.0,1,0,0
-5.0,1569297659453.0,1,0,0
-12.8,1569297659907.0,1,0,0
-13.100000000000001,1569297660368.0,9,0,0
-13.100000000000001,1569297660831.0,9,0,0
-11.5,1569297661291.0,9,0,0
-11.5,1569297661757.0,9,0,0
-11.5,1569297662216.0,9,0,0
-13.0,1569297662687.0,9,0,0
-15.100000000000001,1569297663147.0,9,0,0
-15.4,1569297663602.0,9,0,0
-16.2,1569297664067.0,9,0,0
-18.400000000000002,1569297664521.0,9,0,0
-20.3,1569297664982.0,9,0,0
-21.3,1569297665442.0,9,0,0
-23.0,1569297665902.0,9,0,0
-27.3,1569297666368.0,9,0,0
-26.3,1569297666827.0,9,0,0
-19.1,1569297667292.0,9,0,0
-22.5,1569297667757.0,9,0,0
-23.400000000000002,1569297668217.0,9,0,0
-21.700000000000003,1569297668678.0,9,0,0
-10.5,1569297669132.0,9,0,0
-13.4,1569297669592.0,9,0,0
-16.8,1569297670052.0,9,0,0
-16.900000000000002,1569297670512.0,9,0,0
-16.8,1569297670972.0,9,0,0
-16.6,1569297671432.0,9,0,0
-13.8,1569297671891.0,9,0,0
-6.800000000000001,1569297672352.0,9,0,0
-8.9,1569297672817.0,9,0,0
-13.5,1569297673277.0,9,0,0
-14.8,1569297673741.0,9,0,0
-14.700000000000001,1569297674196.0,9,0,0
-16.0,1569297674661.0,9,0,0
-18.400000000000002,1569297675116.0,9,0,0
-11.0,1569297675577.0,9,0,0
-10.9,1569297676042.0,9,0,0
-14.0,1569297676502.0,9,0,0
-14.100000000000001,1569297676967.0,9,0,0
-12.8,1569297677422.0,9,0,0
-12.700000000000001,1569297677887.0,9,0,0
-12.600000000000001,1569297678342.0,9,0,0
-11.5,1569297678801.0,9,0,0
-11.8,1569297679257.0,9,0,0
-15.200000000000001,1569297679743.0,9,0,0
-15.5,1569297680191.0,9,0,0
-15.8,1569297680651.0,9,0,0
-14.700000000000001,1569297681107.0,9,0,0
-9.8,1569297681571.0,9,0,0
-10.100000000000001,1569297682031.0,9,0,0
-8.9,1569297682496.0,9,0,0
-4.7,1569297682958.0,9,0,0
-4.7,1569297683432.0,9,0,0
-4.7,1569297683891.0,9,0,0
-4.800000000000001,1569297684350.0,9,0,0
-6.300000000000001,1569297684811.0,9,0,0
-7.9,1569297685271.0,9,0,0
-5.6000000000000005,1569297685740.0,9,0,0
-3.6,1569297686191.0,9,0,0
-3.6,1569297686646.0,9,0,0
-3.5,1569297687106.0,9,0,0
-1.1,1569297687566.0,9,0,0
-0.2,1569297688027.0,9,0,0
0.5,1569297688490.0,9,0,0
0.2,1569297688950.0,9,0,0
0.0,1569297689415.0,1,0,0
-0.30000000000000004,1569297689875.0,1,0,0
-0.9,1569297690335.0,1,0,0
-0.9,1569297690796.0,1,0,0
-0.9,1569297691255.0,1,0,0
-0.5,1569297691711.0,1,0,0
0.5,1569297692176.0,1,0,0
0.8,1569297692640.0,1,0,0
0.7000000000000001,1569297693101.0,1,0,0
0.7000000000000001,1569297693561.0,1,0,0
0.7000000000000001,1569297694028.0,1,0,0
0.6000000000000001,1569297694486.0,1,0,0
0.2,1569297694953.0,1,0,0
-0.1,1569297695401.0,1,0,0
-0.30000000000000004,1569297695861.0,1,0,0
-0.4,1569297696316.0,1,0,0
0.5,1569297696781.0,1,0,0
1.5,1569297697251.0,1,0,0
1.3,1569297697711.0,8,0,0
2.3000000000000003,1569297698176.0,8,0,0
2.8000000000000003,1569297698631.0,8,0,0
3.1,1569297699091.0,8,0,0
2.3000000000000003,1569297699551.0,8,0,0
1.9000000000000001,1569297700011.0,8,0,0
1.8,1569297700471.0,8,0,0
1.2000000000000002,1569297700936.0,8,0,0
4.1000000000000005,1569297701396.0,8,0,0
4.4,1569297701860.0,8,0,0
4.2,1569297702320.0,8,0,0
3.0,1569297702776.0,8,0,0
2.2,1569297703251.0,8,0,0
2.0,1569297703706.0,8,0,0
1.9000000000000001,1569297704167.0,8,0,0
3.6,1569297704626.0,8,0,0
4.6000000000000005,1569297705091.0,8,0,0
4.4,1569297705545.0,8,0,0
4.2,1569297706011.0,8,0,0
3.9000000000000004,1569297706476.0,8,0,0
3.4000000000000004,1569297706936.0,8,0,0
3.0,1569297707400.0,8,0,0
2.9000000000000004,1569297707860.0,8,0,0
4.0,1569297708325.0,8,0,0
5.300000000000001,1569297708786.0,8,0,0
5.9,1569297709250.0,8,0,0
5.7,1569297709710.0,8,0,0
4.1000000000000005,1569297710166.0,8,0,0
4.0,1569297710629.0,8,0,0
4.2,1569297711084.0,8,0,0
4.3,1569297711546.0,8,0,0
4.800000000000001,1569297712000.0,8,0,0
3.9000000000000004,1569297712460.0,8,0,0
3.4000000000000004,1569297712920.0,8,0,0
3.3000000000000003,1569297713385.0,8,0,0
3.1,1569297713845.0,8,0,0
3.1,1569297714304.0,8,0,0
3.2,1569297714766.0,8,0,0
3.2,1569297715224.0,8,0,0
3.6,1569297715689.0,8,0,0
4.800000000000001,1569297716145.0,8,0,0
5.2,1569297716605.0,8,0,0
4.800000000000001,1569297717069.0,8,0,0
4.800000000000001,1569297717522.0,8,0,0
4.800000000000001,1569297717980.0,8,0,0
4.800000000000001,1569297718435.0,8,0,0
5.0,1569297718895.0,8,0,0
5.300000000000001,1569297719354.0,8,0,0
4.4,1569297719815.0,8,0,0
3.2,1569297720275.0,8,0,0
2.7,1569297720743.0,8,0,0
3.4000000000000004,1569297721205.0,8,0,0
4.6000000000000005,1569297721660.0,8,0,0
3.1,1569297722125.0,8,0,0
2.8000000000000003,1569297722585.0,8,0,0
2.7,1569297723055.0,8,0,0
3.5,1569297723515.0,8,0,0
4.800000000000001,1569297723975.0,8,0,0
5.2,1569297724440.0,8,0,0
5.2,1569297724899.0,8,0,0
5.2,1569297725359.0,8,0,0
5.7,1569297725820.0,8,0,0
5.6000000000000005,1569297726274.0,8,0,0
5.5,1569297726735.0,8,0,0
5.1000000000000005,1569297727205.0,8,0,0
4.4,1569297727665.0,8,0,0
3.3000000000000003,1569297728125.0,8,0,0
2.6,1569297728642.0,8,0,0
3.0,1569297729050.0,8,0,0
4.4,1569297729510.0,8,0,0
4.7,1569297729970.0,8,0,0
5.5,1569297730435.0,8,0,0
5.5,1569297730899.0,8,0,0
5.300000000000001,1569297731359.0,8,0,0
4.9,1569297731819.0,8,0,0
5.0,1569297732279.0,8,0,0
5.7,1569297732745.0,8,0,0
6.1000000000000005,1569297733199.0,8,0,0
4.4,1569297733664.0,8,0,0
3.6,1569297734124.0,8,0,0
3.0,1569297734589.0,8,0,0
2.7,1569297735049.0,8,0,0
2.7,1569297735504.0,8,0,0
4.1000000000000005,1569297735964.0,8,0,0
4.4,1569297736418.0,8,0,0
4.0,1569297736885.0,8,0,0
3.4000000000000004,1569297737343.0,8,0,0
1.9000000000000001,1569297737804.0,8,0,0
1.4000000000000001,1569297738259.0,8,0,0
1.1,1569297738729.0,8,0,0
-0.1,1569297739244.0,8,0,0
-1.1,1569297739649.0,8,0,0
-1.8,1569297740109.0,8,0,0
-1.8,1569297740568.0,8,0,0
-0.1,1569297741033.0,1,0,0
-0.1,1569297741494.0,1,0,0
-0.1,1569297741954.0,1,0,0
0.0,1569297742426.0,1,0,0
2.3000000000000003,1569297742869.0,1,0,0
2.9000000000000004,1569297743345.0,1,0,0
2.6,1569297743809.0,1,0,0
-0.1,1569297744269.0,1,0,0
-4.6000000000000005,1569297744729.0,1,0,0
0.2,1569297745189.0,1,0,0
1.4000000000000001,1569297745649.0,1,0,0
1.2000000000000002,1569297746109.0,1,0,0
2.6,1569297746569.0,1,0,0
3.1,1569297747024.0,8,0,0
3.6,1569297747494.0,8,0,0
3.8000000000000003,1569297747954.0,8,0,0
3.4000000000000004,1569297748414.0,8,0,0
3.2,1569297748879.0,8,0,0
3.1,1569297749339.0,8,0,0
3.3000000000000003,1569297749799.0,8,0,0
4.5,1569297750264.0,8,0,0
4.9,1569297750719.0,8,0,0
4.7,1569297751179.0,8,0,0
3.9000000000000004,1569297751639.0,8,0,0
3.1,1569297752099.0,8,0,0
2.9000000000000004,1569297752565.0,8,0,0
3.3000000000000003,1569297753023.0,8,0,0
4.1000000000000005,1569297753483.0,8,0,0
4.2,1569297753948.0,8,0,0
3.8000000000000003,1569297754408.0,8,0,0
3.4000000000000004,1569297754868.0,8,0,0
3.3000000000000003,1569297755324.0,8,0,0
3.3000000000000003,1569297755784.0,8,0,0
3.3000000000000003,1569297756243.0,8,0,0
3.3000000000000003,1569297756698.0,8,0,0
3.2,1569297757164.0,8,0,0
3.0,1569297757618.0,8,0,0
3.0,1569297758078.0,8,0,0
3.3000000000000003,1569297758533.0,8,0,0
4.2,1569297758998.0,8,0,0
4.7,1569297759453.0,8,0,0
4.800000000000001,1569297759913.0,8,0,0
4.800000000000001,1569297760378.0,8,0,0
5.0,1569297760833.0,8,0,0
4.4,1569297761298.0,8,0,0
3.7,1569297761764.0,8,0,0
3.2,1569297762218.0,8,0,0
2.9000000000000004,1569297762678.0,8,0,0
2.7,1569297763138.0,8,0,0
2.9000000000000004,1569297763613.0,8,0,0
3.1,1569297764073.0,8,0,0
4.0,1569297764530.0,8,0,0
3.7,1569297764993.0,8,0,0
3.2,1569297765452.0,8,0,0
4.6000000000000005,1569297765913.0,8,0,0
4.6000000000000005,1569297766373.0,8,0,0
4.6000000000000005,1569297766828.0,8,0,0
3.8000000000000003,1569297767293.0,8,0,0
4.2,1569297767760.0,8,0,0
4.3,1569297768213.0,8,0,0
4.3,1569297768668.0,8,0,0
4.2,1569297769128.0,8,0,0
3.1,1569297769592.0,8,0,0
2.7,1569297770048.0,8,0,0
2.7,1569297770508.0,8,0,0
2.7,1569297770968.0,8,0,0
2.7,1569297771433.0,8,0,0
2.7,1569297771893.0,8,0,0
2.9000000000000004,1569297772352.0,8,0,0
3.1,1569297772818.0,8,0,0
3.8000000000000003,1569297773281.0,8,0,0
4.4,1569297773738.0,8,0,0
4.6000000000000005,1569297774198.0,8,0,0
5.300000000000001,1569297774653.0,8,0,0
5.4,1569297775113.0,8,0,0
5.0,1569297775573.0,8,0,0
4.6000000000000005,1569297776033.0,8,0,0
4.5,1569297776493.0,8,0,0
4.9,1569297776953.0,8,0,0
0.30000000000000004,1569297777413.0,8,0,0
-7.2,1569297777878.0,8,0,0
-6.2,1569297778343.0,8,0,0
-3.7,1569297778797.0,5,0,0
0.0,1569297779258.0,5,0,0
3.9000000000000004,1569297779718.0,5,0,0
5.9,1569297780178.0,5,0,0
8.9,1569297780643.0,5,0,0
10.100000000000001,1569297781102.0,5,0,0
9.200000000000001,1569297781567.0,5,0,0
7.4,1569297782028.0,5,0,0
7.0,1569297782487.0,5,0,0
5.300000000000001,1569297782952.0,5,0,0
7.1000000000000005,1569297783413.0,5,0,0
7.0,1569297783867.0,5,0,0
1.8,1569297784342.0,5,0,0
1.2000000000000002,1569297784807.0,5,0,0
1.2000000000000002,1569297785267.0,5,0,0
1.3,1569297785733.0,2,0,0
3.0,1569297786192.0,2,0,0
4.7,1569297786647.0,2,0,0
2.7,1569297787107.0,2,0,0
1.8,1569297787571.0,2,0,0
1.7000000000000002,1569297788032.0,2,0,0
1.7000000000000002,1569297788497.0,2,0,0
1.7000000000000002,1569297788952.0,2,0,0
1.7000000000000002,1569297789417.0,2,0,0
1.7000000000000002,1569297789882.0,2,0,0
1.7000000000000002,1569297790342.0,2,0,0
0.5,1569297790802.0,2,0,0
-2.2,1569297791262.0,2,0,0
-2.8000000000000003,1569297791727.0,1,0,1
-2.8000000000000003,1569297792187.0,1,0,1
-0.2,1569297792642.0,1,0,1
1.7000000000000002,1569297793107.0,1,0,1
2.1,1569297793566.0,1,0,1
2.6,1569297794038.0,1,0,1
2.7,1569297794497.0,1,0,1
2.6,1569297794957.0,1,0,1
3.2,1569297795416.0,1,0,1
3.2,1569297795872.0,1,0,1
3.0,1569297796337.0,1,0,1
2.2,1569297796802.0,1,0,1
1.9000000000000001,1569297797292.0,1,0,1
1.5,1569297797722.0,1,0,1
0.30000000000000004,1569297798187.0,1,0,1
-0.4,1569297798642.0,1,0,1
-2.6,1569297799102.0,1,0,1
-3.3000000000000003,1569297799563.0,1,0,1
-3.4000000000000004,1569297800022.0,1,0,1
-3.4000000000000004,1569297800487.0,1,0,1
-2.6,1569297800947.0,1,0,1
-1.2000000000000002,1569297801407.0,1,0,1
-1.0,1569297801867.0,1,0,1
-0.6000000000000001,1569297802327.0,1,0,1
-0.7000000000000001,1569297802787.0,1,0,1
-1.3,1569297803252.0,1,0,1
-1.7000000000000002,1569297803706.0,1,0,1
-1.8,1569297804182.0,1,0,1
-2.3000000000000003,1569297804647.0,1,0,1
0.9,1569297805106.0,1,0,1
0.9,1569297805566.0,1,0,1
0.0,1569297806026.0,1,0,1
-0.30000000000000004,1569297806491.0,1,0,1
-0.30000000000000004,1569297806952.0,1,0,1
-0.2,1569297807412.0,1,0,1
1.5,1569297807867.0,1,0,1
1.8,1569297808332.0,1,0,1
2.9000000000000004,1569297808796.0,1,0,1
3.3000000000000003,1569297809252.0,1,0,1
3.5,1569297809713.0,1,0,1
4.6000000000000005,1569297810171.0,1,0,1
4.6000000000000005,1569297810637.0,1,0,1
4.7,1569297811096.0,1,0,1
5.2,1569297811557.0,-1,0,1
5.1000000000000005,1569297812012.0,-1,0,1
3.8000000000000003,1569297812476.0,-1,0,1
3.2,1569297812936.0,-1,0,1
7.6000000000000005,1569297813396.0,-1,0,1
16.7,1569297813856.0,-1,0,1
20.200000000000003,1569297814320.0,-1,0,1
20.400000000000002,1569297814781.0,-1,0,1
49.0,1569297815241.0,-1,0,1
4.7,1569297815701.0,-1,0,1
-71.3,1569297816167.0,-1,0,1
-93.60000000000001,1569297816621.0,-1,0,1
-57.5,1569297817085.0,-1,0,1
-9.3,1569297817546.0,-1,0,1
-6.2,1569297818006.0,-1,0,1
-3.5,1569297818511.0,-1,0,1
-4.0,1569297818935.0,-1,0,1
-4.0,1569297819403.0,-1,0,1
-3.9000000000000004,1569297819861.0,-1,0,1
-3.8000000000000003,1569297820320.0,-1,0,1
-3.4000000000000004,1569297820782.0,-1,0,1
-2.1,1569297821245.0,-1,0,1
-1.6,1569297821706.0,-1,0,1
0.8,1569297822166.0,9,0,0
1.1,1569297822626.0,9,0,0
1.1,1569297823086.0,9,0,0
1.0,1569297823551.0,9,0,0
0.5,1569297824017.0,9,0,0
-6.300000000000001,1569297824475.0,9,0,0
-10.8,1569297824936.0,9,0,0
-8.4,1569297825401.0,9,0,0
-8.4,1569297825866.0,9,0,0
-6.4,1569297826321.0,9,0,0
-6.0,1569297826786.0,9,0,0
-4.5,1569297827241.0,9,0,0
-3.2,1569297827708.0,9,0,0
-3.2,1569297828171.0,9,0,0
-3.2,1569297828631.0,9,0,0
-3.3000000000000003,1569297829096.0,9,0,0
-3.6,1569297829555.0,9,0,0
-6.7,1569297830016.0,9,0,0
-7.5,1569297830481.0,9,0,0
-7.300000000000001,1569297830941.0,9,0,0
-5.4,1569297831405.0,9,0,0
-5.2,1569297831866.0,9,0,0
-5.1000000000000005,1569297832326.0,9,0,0
-5.2,1569297832786.0,9,0,0
-5.5,1569297833251.0,9,0,0
-6.800000000000001,1569297833711.0,9,0,0
-7.300000000000001,1569297834175.0,9,0,0
-7.4,1569297834636.0,9,0,0
-6.5,1569297835096.0,9,0,0
-5.300000000000001,1569297835555.0,9,0,0
-5.300000000000001,1569297836016.0,9,0,0
-3.2,1569297836508.0,9,0,0
-0.7000000000000001,1569297836941.0,9,0,0
-0.2,1569297837406.0,9,0,0
-2.6,1569297837865.0,9,0,0
-3.6,1569297838321.0,9,0,0
-3.7,1569297838785.0,9,0,0
-3.1,1569297839245.0,9,0,0
-2.8000000000000003,1569297839705.0,9,0,0
-1.8,1569297840170.0,9,0,0
-0.9,1569297840625.0,9,0,0
-0.9,1569297841085.0,9,0,0
-0.9,1569297841545.0,9,0,0
-1.1,1569297842005.0,9,0,0
-1.1,1569297842471.0,1,0,0
-1.0,1569297842931.0,1,0,0
-0.5,1569297843390.0,1,0,0
-0.5,1569297843857.0,1,0,0
-0.30000000000000004,1569297844325.0,1,0,0
0.0,1569297844790.0,1,0,0
0.9,1569297845250.0,1,0,0
0.8,1569297845704.0,1,0,0
0.8,1569297846170.0,1,0,0
0.6000000000000001,1569297846629.0,1,0,0
0.8,1569297847089.0,1,0,0
0.8,1569297847555.0,1,0,0
0.5,1569297848080.0,1,0,0
-0.4,1569297848484.0,1,0,0
-0.30000000000000004,1569297848945.0,1,0,0
-0.30000000000000004,1569297849410.0,1,0,0
0.2,1569297849870.0,1,0,0
0.30000000000000004,1569297850325.0,1,0,0
-0.1,1569297850785.0,1,0,0
2.0,1569297851245.0,1,0,0
2.2,1569297851710.0,1,0,0
1.8,1569297852170.0,1,0,0
1.8,1569297852625.0,1,0,0
-0.1,1569297853090.0,1,0,0
-0.5,1569297853545.0,1,0,0
-0.7000000000000001,1569297854005.0,1,0,0
-0.4,1569297854465.0,1,0,0
0.30000000000000004,1569297854925.0,1,0,0
-0.2,1569297855390.0,1,0,0
-0.30000000000000004,1569297855845.0,1,0,0
-0.30000000000000004,1569297856310.0,1,0,0
-0.2,1569297856777.0,1,0,0
-0.1,1569297857229.0,1,0,0
-0.2,1569297857695.0,1,0,0
-0.4,1569297858154.0,1,0,0
-0.8,1569297858615.0,1,0,0
-0.9,1569297859070.0,1,0,0
-0.9,1569297859530.0,1,0,0
-0.9,1569297859990.0,1,0,0
-0.8,1569297860455.0,1,0,0
2.5,1569297860915.0,1,0,0
2.3000000000000003,1569297861375.0,1,0,0
1.8,1569297861839.0,1,0,0
1.7000000000000002,1569297862304.0,1,0,0
1.4000000000000001,1569297862815.0,1,0,0
1.2000000000000002,1569297863224.0,1,0,0
0.30000000000000004,1569297863685.0,1,0,0
-0.1,1569297864154.0,1,0,0
-0.1,1569297864619.0,1,0,0
-0.1,1569297865080.0,1,0,0
-0.30000000000000004,1569297865539.0,1,0,0
-0.5,1569297866001.0,1,0,0
-1.0,1569297866454.0,1,0,0
-1.0,1569297866914.0,1,0,0
-5.300000000000001,1569297867375.0,1,0,0
-9.0,1569297867834.0,1,0,0
-10.200000000000001,1569297868299.0,5,0,0
-10.200000000000001,1569297868763.0,5,0,0
-9.9,1569297869219.0,5,0,0
-2.8000000000000003,1569297869679.0,5,0,0
-0.1,1569297870144.0,5,0,0
3.4000000000000004,1569297870599.0,5,0,0
5.6000000000000005,1569297871063.0,5,0,0
6.1000000000000005,1569297871524.0,5,0,0
7.800000000000001,1569297871988.0,5,0,0
8.8,1569297872444.0,5,0,0
8.700000000000001,1569297872906.0,5,0,0
1.2000000000000002,1569297873364.0,5,0,0
-3.1,1569297873824.0,5,0,0
-3.2,1569297874284.0,5,0,0
-2.5,1569297874744.0,5,0,0
-2.1,1569297875204.0,5,0,0
-1.8,1569297875664.0,1,0,0
-1.7000000000000002,1569297876134.0,1,0,0
-1.6,1569297876594.0,1,0,0
-1.6,1569297877054.0,1,0,0
-1.6,1569297877524.0,1,0,0
0.4,1569297877989.0,1,0,0
0.6000000000000001,1569297878449.0,1,0,0
0.7000000000000001,1569297878904.0,1,0,0
0.6000000000000001,1569297879368.0,1,0,0
1.4000000000000001,1569297879830.0,1,0,0
1.4000000000000001,1569297880289.0,1,0,0
1.3,1569297880785.0,1,0,0
1.3,1569297881214.0,1,0,0
1.3,1569297881673.0,1,0,0
1.1,1569297882129.0,1,0,0
1.5,1569297882589.0,1,0,0
1.4000000000000001,1569297883059.0,1,0,0
1.1,1569297883524.0,1,0,0
0.9,1569297883983.0,1,0,0
0.8,1569297884443.0,1,0,0
1.0,1569297884904.0,1,0,0
0.9,1569297885369.0,1,0,0
0.9,1569297885829.0,1,0,0
0.9,1569297886289.0,1,0,0
0.7000000000000001,1569297886744.0,1,0,0
0.7000000000000001,1569297887203.0,1,0,0
0.6000000000000001,1569297887663.0,1,0,0
0.5,1569297888124.0,1,0,0
-0.7000000000000001,1569297888589.0,1,0,0
-0.8,1569297889059.0,1,0,0
-0.7000000000000001,1569297889523.0,1,0,0
-0.4,1569297889983.0,1,0,0
0.8,1569297890448.0,1,0,0
0.9,1569297890909.0,1,0,0
0.8,1569297891373.0,1,0,0
-0.5,1569297891828.0,1,0,0
-1.0,1569297892283.0,1,0,0
-1.2000000000000002,1569297892738.0,1,0,0
-1.6,1569297893198.0,1,0,0
-1.7000000000000002,1569297893658.0,1,0,0
-1.8,1569297894118.0,1,0,0
-1.8,1569297894580.0,1,0,0
-1.7000000000000002,1569297895034.0,1,0,0
-1.5,1569297895499.0,1,0,0
-1.4000000000000001,1569297895959.0,1,0,0
-1.4000000000000001,1569297896418.0,1,0,0
-1.4000000000000001,1569297896878.0,1,0,0
1.7000000000000002,1569297897338.0,1,0,0
1.6,1569297897799.0,1,0,0
1.5,1569297898263.0,1,0,0
1.4000000000000001,1569297898718.0,1,0,0
1.3,1569297899182.0,1,0,0
1.3,1569297899643.0,1,0,0
1.9000000000000001,1569297900102.0,1,0,0
0.30000000000000004,1569297900562.0,1,0,0
0.0,1569297901023.0,1,0,0
-0.7000000000000001,1569297901483.0,1,0,0
-2.1,1569297901943.0,1,0,0
0.1,1569297902403.0,1,0,0
0.4,1569297902867.0,1,0,0
0.4,1569297903328.0,1,0,0
0.5,1569297903793.0,1,0,0
1.0,1569297904252.0,1,0,0
1.0,1569297904713.0,1,0,0
0.2,1569297905183.0,1,0,0
-0.30000000000000004,1569297905638.0,1,0,0
-0.30000000000000004,1569297906098.0,1,0,0
1.4000000000000001,1569297906563.0,1,0,0
1.1,1569297907023.0,1,0,0
-0.1,1569297907482.0,1,0,0
-0.5,1569297907948.0,1,0,0
-0.8,1569297908408.0,1,0,0
-0.9,1569297908868.0,1,0,0
0.4,1569297909337.0,1,0,0
0.2,1569297909793.0,1,0,0
-0.9,1569297910258.0,1,0,0
-0.2,1569297910718.0,1,0,0
1.0,1569297911177.0,1,0,0
0.9,1569297911638.0,1,0,0
-0.1,1569297912097.0,1,0,0
-0.1,1569297912552.0,1,0,0
0.1,1569297913008.0,1,0,0
0.2,1569297913468.0,1,0,0
0.2,1569297913937.0,1,0,0
0.7000000000000001,1569297914398.0,1,0,0
0.7000000000000001,1569297914863.0,1,0,0
1.0,1569297915317.0,1,0,0
1.0,1569297915781.0,1,0,0
0.9,1569297916245.0,1,0,0
1.3,1569297916697.0,1,0,0
2.8000000000000003,1569297917158.0,1,0,0
3.4000000000000004,1569297917622.0,1,0,0
4.4,1569297918079.0,2,0,0
6.4,1569297918542.0,2,0,0
6.4,1569297918998.0,2,0,0
6.1000000000000005,1569297919457.0,2,0,0
5.6000000000000005,1569297919917.0,2,0,0
4.1000000000000005,1569297920382.0,2,0,0
2.7,1569297920842.0,2,0,0
2.5,1569297921307.0,2,0,0
2.6,1569297921776.0,2,0,0
3.8000000000000003,1569297922231.0,2,0,0
3.7,1569297922687.0,2,0,0
3.4000000000000004,1569297923147.0,2,0,0
3.4000000000000004,1569297923607.0,2,0,0
4.5,1569297924067.0,2,0,0
5.300000000000001,1569297924527.0,2,0,0
6.7,1569297924987.0,2,0,0
6.5,1569297925456.0,2,0,0
5.7,1569297925911.0,2,0,0
4.800000000000001,1569297926372.0,2,0,0
4.6000000000000005,1569297926832.0,2,0,0
4.6000000000000005,1569297927292.0,2,0,0
7.0,1569297927752.0,2,0,0
7.0,1569297928212.0,2,0,0
6.0,1569297928672.0,2,0,0
1.9000000000000001,1569297929136.0,2,0,0
-6.2,1569297929597.0,2,0,0
-11.600000000000001,1569297930057.0,2,0,0
-12.200000000000001,1569297930517.0,5,0,0
-11.100000000000001,1569297930982.0,5,0,0
1.7000000000000002,1569297931442.0,5,0,0
14.4,1569297931902.0,5,0,0
20.0,1569297932362.0,5,0,0
20.5,1569297932822.0,5,0,0
15.3,1569297933282.0,5,0,0
10.9,1569297933736.0,5,0,0
2.8000000000000003,1569297934197.0,5,0,0
1.2000000000000002,1569297934657.0,5,0,0
1.2000000000000002,1569297935122.0,5,0,0
1.0,1569297935582.0,5,0,0
0.7000000000000001,1569297936042.0,5,0,0
0.4,1569297936502.0,1,0,0
0.2,1569297936961.0,1,0,0
-0.30000000000000004,1569297937427.0,1,0,0
-3.9000000000000004,1569297937881.0,1,0,0
-14.600000000000001,1569297938346.0,1,0,0
-21.5,1569297938802.0,3,0,0
-21.200000000000003,1569297939261.0,3,0,0
-18.2,1569297939726.0,3,0,0
-11.5,1569297940187.0,3,0,0
-5.0,1569297940646.0,3,0,0
-6.300000000000001,1569297941107.0,3,0,0
-5.300000000000001,1569297941572.0,3,0,0
-0.5,1569297942027.0,3,0,0
1.3,1569297942491.0,3,0,0
1.2000000000000002,1569297942951.0,1,0,0
1.0,1569297943407.0,1,0,0
0.8,1569297943866.0,1,0,0
0.6000000000000001,1569297944331.0,1,0,0
0.4,1569297944787.0,1,0,0
0.30000000000000004,1569297945294.0,1,0,0
0.6000000000000001,1569297945726.0,1,0,0
-0.30000000000000004,1569297946191.0,1,0,0
-1.2000000000000002,1569297946650.0,1,0,0
-1.2000000000000002,1569297947111.0,1,0,0
2.4000000000000004,1569297947576.0,1,0,0
3.1,1569297948037.0,1,0,0
2.7,1569297948495.0,1,0,0
2.7,1569297948957.0,1,0,0
2.7,1569297949427.0,2,0,0
6.1000000000000005,1569297949881.0,2,0,0
6.2,1569297950346.0,2,0,0
8.3,1569297950806.0,2,0,0
11.4,1569297951270.0,2,0,0
11.4,1569297951731.0,2,0,0
10.8,1569297952195.0,2,0,0
10.0,1569297952656.0,2,0,0
9.700000000000001,1569297953118.0,2,0,0
7.2,1569297953586.0,2,0,0
5.9,1569297954051.0,2,0,0
-0.9,1569297954507.0,2,0,0
-5.4,1569297954966.0,2,0,0
-7.300000000000001,1569297955425.0,2,0,0
-7.5,1569297955891.0,5,0,0
-6.0,1569297956351.0,5,0,0
1.6,1569297956815.0,5,0,0
3.2,1569297957281.0,5,0,0
4.4,1569297957745.0,5,0,0
5.5,1569297958211.0,5,0,0
6.7,1569297958666.0,5,0,0
7.5,1569297959126.0,5,0,0
8.5,1569297959586.0,5,0,0
4.4,1569297960084.0,5,0,0
-0.8,1569297960507.0,5,0,0
-3.7,1569297960966.0,5,0,0
-15.100000000000001,1569297961426.0,5,0,0
-49.5,1569297961886.0,5,0,0
-92.5,1569297962347.0,3,0,0
-117.60000000000001,1569297962806.0,3,0,0
-135.1,1569297963270.0,3,0,0
-145.1,1569297963726.0,3,0,0
-147.5,1569297964186.0,3,0,0
-147.20000000000002,1569297964641.0,3,0,0
-143.0,1569297965111.0,3,0,0
-142.20000000000002,1569297965571.0,3,0,0
-140.8,1569297966031.0,3,0,0
-144.1,1569297966501.0,3,0,0
-146.3,1569297966968.0,3,0,0
-144.6,1569297967433.0,3,0,0
-141.20000000000002,1569297967891.0,3,0,0
-140.6,1569297968350.0,3,0,0
-140.0,1569297968810.0,3,0,0
-135.0,1569297969281.0,3,0,0
-115.5,1569297969740.0,3,0,0
-100.4,1569297970200.0,3,0,0
-75.7,1569297970660.0,3,0,0
-44.6,1569297971120.0,3,0,0
-22.8,1569297971580.0,3,0,0
-3.6,1569297972040.0,3,0,0
-1.0,1569297972499.0,3,0,0
-2.0,1569297972956.0,3,0,0
-3.9000000000000004,1569297973420.0,3,0,0
-9.3,1569297973880.0,3,0,0
-11.0,1569297974350.0,1,0,0
-1.1,1569297974857.0,1,0,0
3.5,1569297975275.0,1,0,0
3.7,1569297975740.0,1,0,0
4.800000000000001,1569297976200.0,1,0,0
4.2,1569297976660.0,1,0,0
-0.1,1569297977114.0,1,0,0
-0.30000000000000004,1569297977574.0,1,0,0
-0.6000000000000001,1569297978040.0,1,0,0
0.6000000000000001,1569297978500.0,1,0,0
1.8,1569297978964.0,1,0,0
1.9000000000000001,1569297979429.0,1,0,0
2.2,1569297979885.0,1,0,0
2.1,1569297980346.0,1,0,0
1.8,1569297980804.0,1,0,0
0.1,1569297981265.0,1,0,0
-0.1,1569297981725.0,1,0,0
-0.2,1569297982187.0,1,0,0
-0.30000000000000004,1569297982650.0,1,0,0
-0.4,1569297983110.0,1,0,0
-0.5,1569297983570.0,1,0,0
-0.8,1569297984035.0,1,0,0
-0.8,1569297984494.0,1,0,0
-0.8,1569297984956.0,1,0,0
-0.7000000000000001,1569297985468.0,1,0,0
-0.6000000000000001,1569297985900.0,1,0,0
-0.7000000000000001,1569297986370.0,1,0,0
-0.7000000000000001,1569297986830.0,1,0,0
-0.6000000000000001,1569297987290.0,1,0,0
-0.5,1569297987751.0,1,0,0
2.6,1569297988215.0,1,0,0
2.9000000000000004,1569297988674.0,1,0,0
3.0,1569297989135.0,1,0,0
3.0,1569297989600.0,1,0,0
3.0,1569297990060.0,1,0,0
3.0,1569297990519.0,1,0,0
2.4000000000000004,1569297990980.0,1,0,0
1.2000000000000002,1569297991445.0,1,0,0
-0.30000000000000004,1569297991905.0,1,0,0
3.3000000000000003,1569297992365.0,1,0,0
3.2,1569297992825.0,1,0,0
3.2,1569297993285.0,1,0,0
3.2,1569297993750.0,1,0,0
3.2,1569297994209.0,1,0,0
3.2,1569297994670.0,1,0,0
3.2,1569297995129.0,1,0,0
3.2,1569297995589.0,1,0,0
3.1,1569297996059.0,1,0,0
3.1,1569297996524.0,1,0,0
3.1,1569297996984.0,1,0,0
3.1,1569297997444.0,1,0,0
3.0,1569297997904.0,1,0,0
3.0,1569297998359.0,1,0,0
3.0,1569297998819.0,0,0,0
3.0,1569297999278.0,0,0,0
3.0,1569297999738.0,0,0,0
