DT_lateralAcc,Timestamp,Action,Bump,Traffic congestion
0.0,1569296915084.0,8,0,0
0.01,1569296915563.0,8,0,0
0.0,1569296916022.0,8,0,0
-0.01,1569296916483.0,8,0,0
0.0,1569296916942.0,8,0,0
0.0,1569296917413.0,8,0,0
0.02,1569296917872.0,8,0,0
0.0,1569296918332.0,8,0,0
0.01,1569296918793.0,8,0,0
0.01,1569296919263.0,8,0,0
0.01,1569296919723.0,8,0,0
0.0,1569296920182.0,8,0,0
0.0,1569296920642.0,8,0,0
0.01,1569296921103.0,8,0,0
0.02,1569296921573.0,8,0,0
0.01,1569296922060.0,8,0,0
0.01,1569296922492.0,8,0,0
0.01,1569296922952.0,8,0,0
-0.01,1569296923413.0,8,0,0
-0.01,1569296923872.0,8,0,0
0.01,1569296924332.0,8,0,0
0.0,1569296924793.0,8,0,0
0.01,1569296925262.0,8,0,0
0.01,1569296925723.0,8,0,0
0.01,1569296926173.0,8,0,0
0.0,1569296926633.0,8,0,0
0.01,1569296927106.0,8,0,0
0.0,1569296927563.0,8,0,0
0.0,1569296928023.0,8,0,0
0.01,1569296928482.0,8,0,0
0.02,1569296928942.0,8,0,0
0.01,1569296929413.0,8,0,0
0.02,1569296929872.0,8,0,0
0.02,1569296930323.0,8,0,0
0.0,1569296930782.0,8,0,0
0.0,1569296931243.0,1,0,0
0.0,1569296931703.0,1,0,0
0.0,1569296932163.0,1,0,0
0.0,1569296932632.0,1,0,0
0.0,1569296933082.0,1,0,0
0.0,1569296933553.0,1,0,0
0.0,1569296934022.0,1,0,0
0.01,1569296934483.0,1,0,0
0.02,1569296934943.0,1,0,0
0.02,1569296935402.0,1,0,0
0.01,1569296935852.0,1,0,0
0.01,1569296936323.0,1,0,0
0.01,1569296936793.0,1,0,0
0.0,1569296937243.0,1,0,0
0.02,1569296937715.0,1,0,0
0.03,1569296938172.0,1,0,0
0.02,1569296938624.0,1,0,0
0.0,1569296939082.0,1,0,0
0.0,1569296939543.0,1,0,0
-0.01,1569296940009.0,1,0,0
-0.01,1569296940473.0,1,0,0
-0.01,1569296940933.0,1,0,0
0.0,1569296941393.0,1,0,0
0.0,1569296941853.0,1,0,0
-0.01,1569296942313.0,1,0,0
-0.01,1569296942773.0,1,0,0
-0.01,1569296943232.0,1,0,0
0.0,1569296943692.0,1,0,0
0.0,1569296944153.0,8,0,0
0.0,1569296944612.0,8,0,0
0.0,1569296945072.0,8,0,0
-0.02,1569296945523.0,8,0,0
-0.01,1569296945993.0,8,0,0
0.0,1569296946452.0,8,0,0
-0.01,1569296946902.0,8,0,0
-0.01,1569296947362.0,8,0,0
0.0,1569296947822.0,8,0,0
0.0,1569296948283.0,8,0,0
0.0,1569296948743.0,8,0,0
0.0,1569296949203.0,8,0,0
0.0,1569296949663.0,8,0,0
0.0,1569296950122.0,8,0,0
-0.01,1569296950583.0,8,0,0
-0.01,1569296951042.0,8,0,0
-0.01,1569296951556.0,8,0,0
0.0,1569296951962.0,8,0,0
-0.01,1569296952433.0,8,0,0
0.0,1569296952892.0,8,0,0
0.0,1569296953353.0,8,0,0
0.0,1569296953812.0,8,0,0
0.0,1569296954284.0,8,0,0
0.0,1569296954744.0,8,0,0
0.0,1569296955203.0,8,0,0
-0.02,1569296955663.0,8,0,0
-0.01,1569296956142.0,8,0,0
-0.01,1569296956605.0,8,0,0
-0.01,1569296957062.0,8,0,0
0.0,1569296957535.0,8,0,0
0.0,1569296957993.0,8,0,0
0.0,1569296958453.0,8,0,0
0.0,1569296958912.0,1,0,0
-0.01,1569296959373.0,1,0,0
0.0,1569296959833.0,1,0,0
0.0,1569296960293.0,1,0,0
0.01,1569296960753.0,1,0,0
0.01,1569296961213.0,1,0,0
0.0,1569296961683.0,1,0,0
0.01,1569296962142.0,1,0,0
0.01,1569296962608.0,1,0,0
0.0,1569296963062.0,1,0,0
0.0,1569296963523.0,1,0,0
0.0,1569296963982.0,1,0,0
-0.01,1569296964455.0,1,0,0
0.0,1569296964912.0,1,0,0
0.0,1569296965373.0,1,0,0
0.0,1569296965833.0,1,0,0
0.0,1569296966292.0,1,0,0
0.0,1569296966753.0,1,0,0
0.0,1569296967213.0,1,0,0
-0.01,1569296967672.0,1,0,0
-0.01,1569296968123.0,1,0,0
0.0,1569296968583.0,1,0,0
0.0,1569296969042.0,1,0,0
0.0,1569296969516.0,1,0,0
0.01,1569296969962.0,1,0,0
0.0,1569296970412.0,1,0,0
0.0,1569296970883.0,1,0,0
0.0,1569296971333.0,1,0,0
-0.01,1569296971803.0,1,0,0
0.0,1569296972263.0,1,0,0
0.0,1569296972727.0,1,0,0
0.0,1569296973183.0,1,0,0
0.0,1569296973653.0,1,0,0
0.0,1569296974113.0,1,0,0
0.01,1569296974573.0,1,0,0
0.0,1569296975032.0,1,0,0
0.0,1569296975493.0,1,0,0
0.0,1569296975952.0,1,0,0
-0.01,1569296976433.0,1,0,0
-0.01,1569296976893.0,1,0,0
-0.01,1569296977353.0,1,0,0
0.0,1569296977823.0,1,0,0
0.01,1569296978273.0,1,0,0
0.01,1569296978743.0,1,0,0
0.01,1569296979193.0,1,0,0
0.0,1569296979663.0,1,0,0
0.0,1569296980129.0,1,0,0
0.0,1569296980583.0,1,0,0
0.0,1569296981043.0,1,0,0
-0.01,1569296981512.0,1,0,0
-0.01,1569296981962.0,1,0,0
-0.02,1569296982423.0,1,0,0
-0.01,1569296982883.0,1,0,0
0.0,1569296983343.0,1,0,0
0.01,1569296983803.0,1,0,0
0.0,1569296984253.0,1,0,0
-0.01,1569296984723.0,1,0,0
0.0,1569296985173.0,1,0,0
-0.01,1569296985643.0,1,0,0
0.0,1569296986103.0,1,0,0
0.01,1569296986553.0,1,0,0
0.0,1569296987013.0,1,0,0
0.0,1569296987535.0,1,0,0
-0.01,1569296987943.0,1,0,0
0.0,1569296988403.0,1,0,0
-0.01,1569296988863.0,1,0,0
0.0,1569296989322.0,1,0,0
0.0,1569296989783.0,1,0,0
0.0,1569296990243.0,1,0,0
0.0,1569296990703.0,1,0,0
-0.01,1569296991163.0,1,0,0
0.0,1569296991633.0,1,0,0
-0.01,1569296992093.0,1,0,0
-0.01,1569296992553.0,1,0,0
-0.02,1569296993013.0,1,0,0
-0.05,1569296993473.0,1,0,0
-0.03,1569296993934.0,1,0,0
-0.11,1569296994393.0,5,0,0
-0.09,1569296994852.0,5,0,0
-0.08,1569296995323.0,5,0,0
-0.04,1569296995782.0,5,0,0
-0.02,1569296996253.0,5,0,0
0.0,1569296996713.0,5,0,0
-0.01,1569296997174.0,5,0,0
-0.02,1569296997633.0,5,0,0
-0.02,1569296998093.0,5,0,0
0.01,1569296998554.0,5,0,0
0.04,1569296999002.0,5,0,0
0.03,1569296999474.0,5,0,0
0.03,1569296999933.0,5,0,0
0.02,1569297000393.0,1,0,0
0.03,1569297000855.0,1,0,0
0.0,1569297001314.0,1,0,0
0.0,1569297001773.0,1,0,0
-0.02,1569297002251.0,1,0,0
-0.03,1569297002704.0,1,0,0
-0.03,1569297003163.0,1,0,0
-0.01,1569297003627.0,1,0,0
-0.02,1569297004084.0,1,0,0
-0.02,1569297004543.0,1,0,0
-0.01,1569297005003.0,1,0,0
-0.02,1569297005463.0,1,0,0
-0.01,1569297005924.0,1,0,0
-0.01,1569297006383.0,1,0,0
-0.02,1569297006833.0,1,0,0
-0.02,1569297007306.0,3,1,0
-0.03,1569297007763.0,3,1,0
-0.02,1569297008223.0,3,1,0
-0.04,1569297008684.0,3,1,0
-0.05,1569297009143.0,3,1,0
-0.03,1569297009603.0,3,1,0
-0.07,1569297010063.0,3,1,0
-0.05,1569297010523.0,3,1,0
0.03,1569297010973.0,3,1,0
-0.02,1569297011434.0,3,1,0
-0.1,1569297011893.0,3,1,0
-0.07,1569297012363.0,3,1,0
-0.09,1569297012846.0,3,1,0
-0.11,1569297013284.0,3,1,0
-0.14,1569297013743.0,3,1,0
-0.09,1569297014203.0,3,1,0
-0.05,1569297014663.0,3,1,0
-0.03,1569297015124.0,3,1,0
-0.04,1569297015595.0,3,1,0
-0.03,1569297016052.0,3,1,0
-0.02,1569297016513.0,3,1,0
-0.02,1569297016973.0,1,0,0
-0.04,1569297017433.0,1,0,0
-0.03,1569297017893.0,1,0,0
-0.04,1569297018353.0,1,0,0
-0.03,1569297018813.0,1,0,0
-0.02,1569297019263.0,1,0,0
-0.02,1569297019723.0,1,0,0
-0.04,1569297020193.0,1,0,0
-0.05,1569297020654.0,1,0,0
-0.05,1569297021115.0,1,1,0
-0.06,1569297021573.0,1,1,0
-0.01,1569297022033.0,1,1,0
-0.05,1569297022493.0,1,1,0
-0.04,1569297022953.0,1,1,0
0.0,1569297023403.0,1,1,0
0.0,1569297023863.0,1,1,0
0.0,1569297024323.0,1,1,0
0.05,1569297024785.0,1,1,0
-0.02,1569297025243.0,1,1,0
0.03,1569297025703.0,1,0,0
0.04,1569297026164.0,1,0,0
0.01,1569297026626.0,1,0,0
0.01,1569297027083.0,1,0,0
0.0,1569297027553.0,1,0,0
-0.01,1569297028003.0,1,0,0
0.0,1569297028463.0,1,0,0
-0.01,1569297028923.0,1,0,0
-0.02,1569297029383.0,1,0,0
0.0,1569297029843.0,1,0,0
-0.01,1569297030304.0,1,0,0
0.0,1569297030809.0,1,0,0
0.0,1569297031233.0,1,0,0
0.0,1569297031693.0,1,0,0
0.0,1569297032143.0,1,0,0
0.0,1569297032613.0,1,0,0
0.01,1569297033073.0,1,0,0
0.03,1569297033533.0,1,0,0
0.02,1569297033995.0,2,0,0
0.02,1569297034463.0,2,0,0
0.03,1569297034924.0,2,0,0
0.03,1569297035383.0,2,0,0
0.04,1569297035854.0,2,0,0
0.04,1569297036304.0,2,0,0
0.02,1569297036763.0,2,0,0
0.0,1569297037243.0,2,0,0
0.02,1569297037704.0,2,0,0
0.01,1569297038153.0,2,0,0
0.0,1569297038603.0,2,0,0
0.0,1569297039063.0,1,0,0
0.01,1569297039523.0,1,0,0
0.0,1569297039984.0,1,0,0
0.01,1569297040444.0,1,0,0
0.0,1569297040904.0,1,0,0
0.0,1569297041363.0,1,0,0
-0.01,1569297041825.0,1,0,0
0.0,1569297042283.0,1,0,0
0.0,1569297042744.0,1,0,0
0.0,1569297043203.0,1,0,0
0.0,1569297043664.0,1,0,0
0.0,1569297044123.0,1,0,0
-0.01,1569297044583.0,1,0,0
-0.02,1569297045043.0,1,0,0
-0.02,1569297045503.0,1,0,0
0.0,1569297045963.0,1,0,0
0.0,1569297046424.0,1,0,0
0.0,1569297046883.0,1,0,0
0.0,1569297047343.0,1,0,0
0.0,1569297047813.0,1,0,0
-0.05,1569297048273.0,1,0,0
-0.04,1569297048733.0,1,0,0
-0.02,1569297049194.0,5,0,0
-0.01,1569297049654.0,5,0,0
-0.01,1569297050113.0,5,0,0
0.0,1569297050574.0,5,0,0
0.07,1569297051033.0,5,0,0
0.02,1569297051494.0,5,0,0
0.01,1569297052003.0,5,0,0
0.01,1569297052414.0,5,0,0
0.0,1569297052873.0,5,0,0
0.0,1569297053334.0,5,0,0
-0.02,1569297053804.0,5,0,0
-0.05,1569297054263.0,5,0,0
-0.04,1569297054724.0,5,0,0
-0.02,1569297055199.0,3,0,0
-0.03,1569297055654.0,3,0,0
-0.02,1569297056103.0,3,0,0
-0.03,1569297056564.0,3,0,0
-0.01,1569297057027.0,3,0,0
-0.04,1569297057494.0,3,0,0
-0.03,1569297057964.0,3,0,0
-0.03,1569297058423.0,3,0,0
-0.03,1569297058874.0,3,0,0
-0.03,1569297059334.0,3,0,0
-0.03,1569297059794.0,3,0,0
-0.01,1569297060253.0,3,0,0
0.0,1569297060713.0,3,0,0
-0.02,1569297061183.0,3,0,0
-0.03,1569297061644.0,3,0,0
-0.02,1569297062104.0,3,0,0
-0.02,1569297062554.0,3,0,0
-0.01,1569297063014.0,3,0,0
0.0,1569297063475.0,3,0,0
0.0,1569297063933.0,3,0,0
0.0,1569297064394.0,3,0,0
0.0,1569297064854.0,3,0,0
-0.01,1569297065313.0,3,0,0
0.0,1569297065785.0,3,0,0
0.0,1569297066243.0,3,0,0
-0.01,1569297066704.0,3,0,0
-0.01,1569297067174.0,3,0,0
-0.01,1569297067645.0,3,0,0
0.0,1569297068094.0,3,0,0
-0.02,1569297068554.0,1,0,0
-0.02,1569297069014.0,1,0,0
-0.01,1569297069474.0,1,0,0
-0.01,1569297069934.0,1,0,0
0.0,1569297070393.0,1,0,0
0.0,1569297070854.0,1,0,0
0.0,1569297071304.0,1,0,0
0.0,1569297071774.0,1,0,0
-0.02,1569297072233.0,1,0,0
0.01,1569297072693.0,1,0,0
0.0,1569297073183.0,1,0,0
0.0,1569297073604.0,1,0,0
0.0,1569297074073.0,1,0,0
-0.01,1569297074533.0,1,0,0
0.0,1569297074994.0,1,0,0
0.0,1569297075454.0,1,0,0
-0.01,1569297075914.0,1,0,0
0.0,1569297076373.0,1,0,0
0.0,1569297076834.0,1,0,0
0.0,1569297077303.0,1,0,0
0.0,1569297077763.0,1,0,0
-0.01,1569297078235.0,1,0,0
-0.01,1569297078683.0,1,0,0
0.0,1569297079143.0,0,0,0
0.0,1569297079604.0,0,0,0
0.0,1569297080073.0,0,0,0
0.0,1569297080534.0,0,0,0
0.0,1569297080994.0,0,0,0
0.0,1569297081454.0,0,0,0
0.0,1569297081913.0,0,0,0
0.01,1569297082374.0,0,0,0
0.01,1569297082834.0,0,0,0
0.08,1569297083303.0,-1,0,1
0.01,1569297083763.0,-1,0,1
-0.02,1569297084223.0,-1,0,1
-0.04,1569297084694.0,-1,0,1
0.03,1569297085143.0,-1,0,1
0.04,1569297085614.0,-1,0,1
-0.05,1569297086074.0,-1,0,1
-0.05,1569297086534.0,-1,0,1
-0.07,1569297087004.0,-1,0,1
-0.08,1569297087464.0,-1,0,1
-0.09,1569297087924.0,-1,0,1
-0.12,1569297088384.0,-1,0,1
0.01,1569297088844.0,-1,0,1
0.03,1569297089305.0,-1,0,1
-0.01,1569297089763.0,-1,0,1
0.03,1569297090224.0,-1,0,1
0.05,1569297090684.0,-1,0,1
0.07,1569297091149.0,-1,0,1
0.0,1569297091604.0,-1,0,1
0.0,1569297092073.0,-1,0,1
0.04,1569297092524.0,-1,0,1
0.02,1569297092994.0,-1,0,1
0.0,1569297093454.0,-1,0,1
0.0,1569297093914.0,-1,0,1
0.0,1569297094363.0,1,0,0
-0.01,1569297094833.0,1,0,0
0.02,1569297095294.0,1,0,0
0.0,1569297095753.0,1,0,0
0.0,1569297096204.0,1,0,0
0.01,1569297096664.0,1,0,0
0.0,1569297097143.0,1,0,0
-0.03,1569297097604.0,1,0,0
-0.01,1569297098064.0,1,0,0
0.01,1569297098547.0,1,0,0
0.01,1569297098984.0,1,0,0
0.0,1569297099434.0,1,0,0
0.0,1569297099894.0,1,0,0
-0.01,1569297100353.0,1,0,0
-0.01,1569297100824.0,1,0,0
0.0,1569297101293.0,1,0,0
0.01,1569297101753.0,1,0,0
0.01,1569297102214.0,1,0,0
0.01,1569297102673.0,1,0,0
0.0,1569297103143.0,1,0,0
-0.01,1569297103604.0,1,0,0
-0.02,1569297104064.0,1,0,0
-0.01,1569297104524.0,1,0,0
-0.01,1569297104994.0,1,0,0
-0.01,1569297105454.0,1,0,0
0.0,1569297105913.0,1,0,0
-0.01,1569297106363.0,1,0,0
-0.02,1569297106837.0,1,0,0
0.02,1569297107283.0,1,0,0
0.0,1569297107754.0,1,0,0
0.0,1569297108214.0,1,0,0
0.0,1569297108674.0,1,0,0
-0.01,1569297109134.0,1,0,0
0.0,1569297109604.0,1,0,0
0.01,1569297110064.0,1,0,0
0.0,1569297110524.0,1,0,0
0.0,1569297110984.0,1,0,0
-0.02,1569297111444.0,1,0,0
-0.03,1569297111904.0,1,0,0
-0.02,1569297112363.0,3,0,0
-0.03,1569297112824.0,3,0,0
-0.04,1569297113284.0,3,0,0
-0.05,1569297113744.0,3,0,0
-0.05,1569297114203.0,3,0,0
-0.08,1569297114664.0,3,0,0
-0.08,1569297115123.0,3,0,0
-0.06,1569297115584.0,3,0,0
-0.07,1569297116044.0,3,0,0
-0.07,1569297116506.0,3,0,0
-0.08,1569297116964.0,3,0,0
-0.06,1569297117434.0,3,0,0
-0.03,1569297117904.0,3,0,0
-0.04,1569297118364.0,3,0,0
-0.04,1569297118833.0,3,0,0
-0.07,1569297119294.0,3,0,0
-0.06,1569297119755.0,3,0,0
-0.07,1569297120214.0,3,0,0
-0.07,1569297120674.0,3,0,0
-0.07,1569297121144.0,3,0,0
-0.05,1569297121594.0,3,0,0
-0.05,1569297122054.0,3,0,0
-0.02,1569297122514.0,3,0,0
-0.02,1569297122984.0,3,0,0
-0.02,1569297123444.0,3,0,0
-0.01,1569297123904.0,3,0,0
-0.01,1569297124354.0,3,0,0
0.0,1569297124824.0,1,0,0
0.0,1569297125284.0,1,0,0
0.0,1569297125753.0,1,0,0
0.0,1569297126214.0,1,0,0
0.0,1569297126674.0,1,0,0
0.01,1569297127134.0,1,0,0
0.01,1569297127603.0,1,0,0
0.0,1569297128063.0,1,0,0
0.0,1569297128525.0,1,0,0
0.0,1569297128993.0,1,0,0
0.0,1569297129464.0,1,0,0
0.0,1569297129924.0,1,0,0
0.0,1569297130384.0,1,0,0
0.0,1569297130844.0,1,0,0
0.0,1569297131305.0,1,0,0
0.0,1569297131763.0,1,0,0
0.0,1569297132224.0,1,0,0
0.0,1569297132675.0,1,0,0
-0.01,1569297133144.0,1,0,0
-0.05,1569297133604.0,1,0,0
-0.05,1569297134064.0,1,0,0
-0.07,1569297134524.0,3,0,0
-0.13,1569297134984.0,3,0,0
-0.11,1569297135444.0,3,0,0
-0.12,1569297135904.0,3,0,0
-0.12,1569297136374.0,3,0,0
-0.13,1569297136864.0,3,0,0
-0.09,1569297137304.0,3,0,0
-0.08,1569297137764.0,3,0,0
-0.13,1569297138224.0,3,0,0
-0.13,1569297138684.0,3,0,0
-0.1,1569297139144.0,3,0,0
-0.1,1569297139604.0,3,0,0
-0.1,1569297140064.0,3,0,0
-0.12,1569297140524.0,3,0,0
-0.13,1569297140994.0,3,0,0
-0.05,1569297141453.0,3,0,0
0.0,1569297141914.0,3,0,0
0.0,1569297142384.0,3,0,0
0.01,1569297142845.0,3,0,0
0.0,1569297143305.0,3,0,0
0.0,1569297143765.0,3,0,0
0.01,1569297144231.0,3,0,0
0.01,1569297144684.0,4,0,0
0.03,1569297145144.0,4,0,0
0.0,1569297145605.0,4,0,0
0.0,1569297146064.0,4,0,0
-0.05,1569297146524.0,4,0,0
-0.06,1569297146984.0,4,0,0
-0.04,1569297147444.0,4,0,0
-0.03,1569297147904.0,4,0,0
-0.02,1569297148364.0,4,0,0
-0.03,1569297148825.0,4,0,0
-0.04,1569297149284.0,4,0,0
-0.05,1569297149745.0,4,0,0
0.01,1569297150204.0,1,0,0
-0.01,1569297150664.0,1,0,0
-0.01,1569297151123.0,1,0,0
0.0,1569297151607.0,1,0,0
0.0,1569297152044.0,1,0,0
0.01,1569297152504.0,1,0,0
0.04,1569297152964.0,1,0,0
0.07,1569297153425.0,1,0,0
0.07,1569297153884.0,4,0,0
0.01,1569297154354.0,4,0,0
0.02,1569297154805.0,4,0,0
0.0,1569297155274.0,4,0,0
-0.04,1569297155733.0,4,0,0
-0.05,1569297156204.0,4,0,0
-0.02,1569297156664.0,4,0,0
-0.02,1569297157124.0,4,0,0
-0.02,1569297157584.0,4,0,0
0.0,1569297158064.0,4,0,0
0.0,1569297158514.0,4,0,0
0.02,1569297159028.0,4,0,0
0.0,1569297159434.0,4,0,0
-0.01,1569297159895.0,1,0,0
-0.01,1569297160365.0,1,0,0
0.0,1569297160825.0,1,0,0
0.05,1569297161294.0,1,0,0
0.0,1569297161754.0,1,0,0
0.0,1569297162227.0,1,0,0
0.02,1569297162675.0,1,0,0
0.0,1569297163145.0,1,0,0
0.05,1569297163605.0,1,0,0
-0.01,1569297164055.0,1,0,0
0.0,1569297164515.0,1,0,0
0.01,1569297164975.0,1,0,0
0.02,1569297165434.0,1,0,0
0.01,1569297165895.0,1,0,0
0.01,1569297166364.0,1,0,0
0.0,1569297166825.0,1,0,0
0.0,1569297167284.0,1,0,0
0.01,1569297167745.0,2,0,0
0.02,1569297168205.0,2,0,0
0.02,1569297168665.0,2,0,0
0.0,1569297169124.0,2,0,0
0.0,1569297169584.0,2,0,0
0.0,1569297170044.0,2,0,0
0.03,1569297170504.0,2,0,0
0.04,1569297170965.0,2,0,0
0.04,1569297171425.0,2,0,0
0.04,1569297171894.0,2,0,0
0.05,1569297172355.0,2,0,0
0.06,1569297172824.0,2,0,0
0.08,1569297173284.0,2,0,0
0.08,1569297173745.0,4,0,0
0.07,1569297174205.0,4,0,0
0.06,1569297174662.0,4,0,0
0.0,1569297175115.0,4,0,0
-0.03,1569297175585.0,4,0,0
-0.04,1569297176044.0,4,0,0
-0.03,1569297176504.0,4,0,0
-0.02,1569297176965.0,4,0,0
0.0,1569297177425.0,4,0,0
0.0,1569297177885.0,4,0,0
0.01,1569297178364.0,4,0,0
0.06,1569297178825.0,8,0,0
0.02,1569297179284.0,8,0,0
0.01,1569297179744.0,8,0,0
0.01,1569297180218.0,8,0,0
0.02,1569297180674.0,8,0,0
0.02,1569297181135.0,8,0,0
0.02,1569297181595.0,8,0,0
0.01,1569297182055.0,8,0,0
0.02,1569297182524.0,8,0,0
0.04,1569297182985.0,8,0,0
0.0,1569297183445.0,8,0,0
0.0,1569297183905.0,8,0,0
0.02,1569297184364.0,8,0,0
0.02,1569297184825.0,8,0,0
0.02,1569297185284.0,8,0,0
0.01,1569297185745.0,8,0,0
0.01,1569297186205.0,8,0,0
0.03,1569297186665.0,8,0,0
0.02,1569297187125.0,8,0,0
0.0,1569297187585.0,8,0,0
0.0,1569297188045.0,8,0,0
-0.01,1569297188505.0,8,0,0
0.02,1569297188965.0,8,0,0
0.01,1569297189435.0,8,0,0
0.01,1569297189895.0,8,0,0
0.01,1569297190355.0,8,0,0
-0.02,1569297190806.0,8,0,0
-0.01,1569297191274.0,8,0,0
0.0,1569297191734.0,8,0,0
0.0,1569297192195.0,8,0,0
0.0,1569297192660.0,8,0,0
0.02,1569297193105.0,8,0,0
0.0,1569297193565.0,8,0,0
0.02,1569297194034.0,8,0,0
-0.01,1569297194506.0,8,0,0
0.01,1569297194954.0,8,0,0
0.0,1569297195425.0,8,0,0
0.01,1569297195885.0,1,0,0
0.0,1569297196345.0,1,0,0
0.0,1569297196806.0,1,0,0
0.01,1569297197264.0,1,0,0
0.02,1569297197725.0,1,0,0
0.01,1569297198194.0,1,0,0
0.01,1569297198663.0,1,0,0
0.0,1569297199115.0,1,0,0
0.0,1569297199574.0,1,0,0
0.0,1569297200035.0,1,0,0
-0.01,1569297200495.0,1,0,0
0.0,1569297200955.0,1,0,0
0.0,1569297201415.0,1,0,0
0.0,1569297201875.0,1,0,0
-0.01,1569297202344.0,1,0,0
0.0,1569297202805.0,1,0,0
0.0,1569297203265.0,1,0,0
0.0,1569297203725.0,1,0,0
0.02,1569297204185.0,1,0,0
0.01,1569297204645.0,1,0,0
0.0,1569297205105.0,1,0,0
0.0,1569297205576.0,1,0,0
0.0,1569297206035.0,1,0,0
0.0,1569297206495.0,1,0,0
0.0,1569297206954.0,1,0,0
0.0,1569297207425.0,1,0,0
0.0,1569297207885.0,1,0,0
0.01,1569297208344.0,1,0,0
0.0,1569297208814.0,1,0,0
0.0,1569297209285.0,1,0,0
0.0,1569297209744.0,1,0,0
0.0,1569297210205.0,1,0,0
0.0,1569297210658.0,1,0,0
0.0,1569297211115.0,1,0,0
0.0,1569297211574.0,1,0,0
0.02,1569297212034.0,1,0,0
0.0,1569297212495.0,1,0,0
0.0,1569297212963.0,1,0,0
0.01,1569297213415.0,1,0,0
0.02,1569297213875.0,1,0,0
0.0,1569297214334.0,1,0,0
-0.01,1569297214795.0,1,0,0
0.0,1569297215255.0,1,0,0
0.01,1569297215714.0,1,0,0
0.0,1569297216184.0,1,0,0
0.01,1569297216645.0,1,0,0
0.0,1569297217105.0,1,0,0
-0.01,1569297217564.0,1,0,0
0.0,1569297218025.0,1,0,0
-0.03,1569297218495.0,9,0,0
-0.07,1569297218954.0,9,0,0
-0.08,1569297219414.0,9,0,0
-0.07,1569297219875.0,9,0,0
-0.06,1569297220334.0,9,0,0
0.0,1569297220795.0,9,0,0
-0.02,1569297221255.0,9,0,0
-0.04,1569297221714.0,9,0,0
-0.07,1569297222185.0,9,0,0
-0.06,1569297222645.0,9,0,0
-0.07,1569297223105.0,9,0,0
-0.08,1569297223565.0,9,0,0
-0.07,1569297224025.0,9,0,0
-0.05,1569297224495.0,9,0,0
-0.03,1569297224955.0,9,0,0
-0.05,1569297225415.0,9,0,0
-0.06,1569297225875.0,9,0,0
-0.06,1569297226335.0,9,0,0
-0.07,1569297226794.0,9,0,0
-0.06,1569297227255.0,9,0,0
-0.04,1569297227715.0,9,0,0
-0.06,1569297228185.0,9,0,0
-0.05,1569297228635.0,9,0,0
-0.04,1569297229095.0,9,0,0
-0.04,1569297229565.0,9,0,0
-0.04,1569297230025.0,9,0,0
-0.05,1569297230475.0,9,0,0
-0.06,1569297230945.0,9,0,0
-0.08,1569297231395.0,9,0,0
-0.07,1569297231858.0,9,0,0
-0.08,1569297232325.0,9,0,0
-0.07,1569297232785.0,9,0,0
-0.09,1569297233245.0,9,0,0
-0.06,1569297233705.0,9,0,0
-0.08,1569297234165.0,9,0,0
-0.05,1569297234625.0,9,0,0
-0.04,1569297235075.0,9,0,0
-0.06,1569297235535.0,9,0,0
-0.05,1569297235995.0,9,0,0
-0.04,1569297236455.0,9,0,0
-0.02,1569297236915.0,9,0,0
-0.02,1569297237375.0,9,0,0
-0.01,1569297237835.0,9,0,0
-0.01,1569297238305.0,9,0,0
-0.02,1569297238755.0,9,0,0
-0.02,1569297239235.0,9,0,0
-0.01,1569297239685.0,9,0,0
-0.01,1569297240155.0,9,0,0
-0.01,1569297240605.0,9,0,0
0.0,1569297241065.0,9,0,0
0.0,1569297241535.0,9,0,0
0.0,1569297241995.0,1,0,0
0.01,1569297242455.0,1,0,0
-0.01,1569297242915.0,1,0,0
0.0,1569297243396.0,1,0,0
0.0,1569297243855.0,1,0,0
-0.01,1569297244314.0,1,0,0
-0.01,1569297244775.0,1,0,0
0.01,1569297245235.0,1,0,0
0.03,1569297245698.0,4,0,0
0.05,1569297246155.0,4,0,0
0.06,1569297246615.0,4,0,0
0.06,1569297247075.0,4,0,0
0.03,1569297247535.0,4,0,0
0.01,1569297247995.0,4,0,0
-0.02,1569297248465.0,4,0,0
-0.03,1569297248925.0,4,0,0
-0.03,1569297249385.0,4,0,0
-0.06,1569297249845.0,4,0,0
-0.02,1569297250305.0,4,0,0
-0.03,1569297250765.0,4,0,0
-0.03,1569297251225.0,4,0,0
-0.03,1569297251685.0,4,0,0
-0.01,1569297252145.0,4,0,0
0.0,1569297252605.0,4,0,0
-0.01,1569297253091.0,4,0,0
-0.02,1569297253535.0,1,0,0
-0.02,1569297253995.0,1,0,0
-0.01,1569297254455.0,1,0,0
0.0,1569297254915.0,1,0,0
0.03,1569297255375.0,1,0,0
0.01,1569297255835.0,1,0,0
0.0,1569297256295.0,1,0,0
0.0,1569297256766.0,1,0,0
0.0,1569297257225.0,1,0,0
0.0,1569297257685.0,1,0,0
0.01,1569297258145.0,1,0,0
0.0,1569297258615.0,1,0,0
0.0,1569297259085.0,1,0,0
0.01,1569297259545.0,1,0,0
0.0,1569297260006.0,1,0,0
-0.01,1569297260466.0,1,0,0
-0.01,1569297260927.0,1,0,0
0.0,1569297261385.0,1,0,0
0.0,1569297261835.0,1,0,0
0.0,1569297262294.0,1,0,0
0.0,1569297262745.0,1,0,0
0.01,1569297263214.0,1,0,0
0.0,1569297263678.0,1,0,0
0.0,1569297264135.0,1,0,0
0.0,1569297264595.0,1,0,0
0.0,1569297265055.0,1,0,0
-0.01,1569297265524.0,1,0,0
-0.01,1569297265975.0,1,0,0
0.0,1569297266445.0,1,0,0
0.0,1569297266895.0,1,0,0
0.0,1569297267365.0,1,0,0
0.01,1569297267827.0,1,0,0
0.01,1569297268285.0,1,0,0
0.0,1569297268745.0,1,0,0
0.0,1569297269205.0,1,0,0
0.03,1569297269674.0,1,0,0
0.03,1569297270125.0,1,0,0
0.02,1569297270585.0,1,0,0
0.01,1569297271046.0,8,0,0
0.01,1569297271505.0,8,0,0
0.02,1569297271964.0,8,0,0
0.08,1569297272435.0,8,0,0
0.03,1569297272895.0,8,0,0
0.05,1569297273355.0,8,0,0
0.01,1569297273815.0,8,0,0
0.05,1569297274285.0,8,0,0
0.04,1569297274745.0,8,0,0
0.05,1569297275205.0,8,0,0
0.05,1569297275676.0,8,0,0
0.02,1569297276125.0,8,0,0
0.03,1569297276585.0,8,0,0
0.04,1569297277044.0,8,0,0
0.03,1569297277505.0,8,0,0
0.05,1569297277965.0,8,0,0
0.04,1569297278435.0,8,0,0
0.01,1569297278885.0,8,0,0
0.04,1569297279345.0,8,0,0
0.03,1569297279806.0,8,0,0
0.01,1569297280275.0,8,0,0
0.02,1569297280725.0,8,0,0
0.02,1569297281195.0,8,0,0
0.02,1569297281646.0,8,0,0
0.01,1569297282106.0,8,0,0
0.02,1569297282565.0,8,0,0
0.02,1569297283025.0,8,0,0
0.06,1569297283485.0,8,0,0
0.09,1569297283945.0,8,0,0
0.03,1569297284415.0,8,0,0
0.03,1569297284865.0,8,0,0
0.0,1569297285335.0,8,0,0
0.0,1569297285795.0,8,0,0
0.01,1569297286255.0,8,0,0
0.0,1569297286715.0,8,0,0
0.03,1569297287185.0,8,0,0
0.03,1569297287645.0,8,0,0
0.02,1569297288105.0,8,0,0
0.03,1569297288565.0,8,0,0
0.02,1569297289036.0,8,0,0
0.02,1569297289495.0,8,0,0
0.03,1569297290004.0,8,0,0
0.03,1569297290426.0,8,0,0
0.02,1569297290875.0,8,0,0
0.04,1569297291346.0,8,0,0
0.0,1569297291814.0,8,0,0
0.04,1569297292275.0,8,0,0
0.03,1569297292735.0,8,0,0
0.03,1569297293195.0,8,0,0
0.03,1569297293645.0,8,0,0
0.06,1569297294115.0,8,0,0
0.03,1569297294575.0,8,0,0
0.02,1569297295035.0,8,0,0
0.03,1569297295496.0,8,0,0
0.04,1569297295955.0,8,0,0
0.01,1569297296414.0,8,0,0
0.02,1569297296875.0,8,0,0
0.03,1569297297336.0,8,0,0
0.04,1569297297795.0,8,0,0
0.04,1569297298256.0,8,0,0
0.05,1569297298715.0,8,0,0
0.06,1569297299185.0,8,0,0
0.05,1569297299646.0,8,0,0
0.06,1569297300108.0,8,0,0
0.05,1569297300565.0,8,0,0
-0.01,1569297301036.0,8,0,0
0.0,1569297301495.0,8,0,0
0.02,1569297301955.0,8,0,0
0.01,1569297302416.0,8,0,0
0.02,1569297302875.0,8,0,0
0.01,1569297303345.0,8,0,0
0.0,1569297303795.0,1,0,0
-0.01,1569297304255.0,1,0,0
-0.02,1569297304715.0,1,0,0
-0.01,1569297305185.0,1,0,0
0.0,1569297305645.0,1,0,0
0.0,1569297306106.0,1,0,0
0.0,1569297306565.0,1,0,0
0.0,1569297307015.0,1,0,0
0.0,1569297307485.0,1,0,0
0.0,1569297307945.0,1,0,0
0.01,1569297308396.0,1,0,0
0.0,1569297308865.0,1,0,0
0.0,1569297309325.0,1,0,0
0.0,1569297309775.0,1,0,0
0.0,1569297310236.0,1,0,0
0.0,1569297310686.0,1,0,0
0.0,1569297311155.0,1,0,0
0.0,1569297311615.0,1,0,0
0.0,1569297312075.0,1,0,0
-0.01,1569297312525.0,1,0,0
-0.01,1569297312986.0,1,0,0
-0.01,1569297313445.0,1,0,0
-0.01,1569297313905.0,1,0,0
-0.01,1569297314366.0,1,0,0
0.01,1569297314825.0,1,0,0
0.0,1569297315286.0,1,0,0
0.0,1569297315736.0,1,0,0
-0.01,1569297316206.0,1,0,0
0.0,1569297316655.0,1,0,0
0.0,1569297317136.0,1,0,0
0.0,1569297317596.0,1,0,0
-0.01,1569297318055.0,1,0,0
0.0,1569297318515.0,1,0,0
0.0,1569297318965.0,1,0,0
0.0,1569297319446.0,1,0,0
-0.02,1569297319905.0,1,0,0
0.0,1569297320366.0,1,0,0
0.0,1569297320825.0,1,0,0
-0.01,1569297321286.0,1,0,0
0.0,1569297321755.0,1,0,0
0.0,1569297322216.0,1,0,0
0.0,1569297322677.0,1,0,0
0.0,1569297323136.0,1,0,0
0.0,1569297323606.0,1,0,0
-0.01,1569297324066.0,1,0,0
-0.01,1569297324515.0,1,0,0
0.0,1569297324986.0,1,0,0
-0.01,1569297325446.0,1,0,0
-0.01,1569297325907.0,1,0,0
0.0,1569297326366.0,1,0,0
0.01,1569297326826.0,1,0,0
0.0,1569297327296.0,1,0,0
0.0,1569297327755.0,1,0,0
0.0,1569297328216.0,1,0,0
0.0,1569297328678.0,1,0,0
0.0,1569297329135.0,1,0,0
0.0,1569297329596.0,1,0,0
-0.01,1569297330055.0,1,0,0
0.0,1569297330515.0,1,0,0
0.0,1569297330965.0,1,0,0
-0.01,1569297331435.0,1,0,0
0.0,1569297331895.0,1,0,0
-0.01,1569297332356.0,1,0,0
0.0,1569297332828.0,1,0,0
0.0,1569297333276.0,1,0,0
-0.01,1569297333735.0,1,0,0
-0.01,1569297334195.0,1,0,0
0.01,1569297334655.0,1,0,0
0.0,1569297335106.0,1,0,0
0.0,1569297335576.0,1,0,0
0.0,1569297336045.0,1,0,0
0.0,1569297336506.0,1,0,0
0.01,1569297336968.0,1,0,0
0.0,1569297337435.0,1,0,0
0.0,1569297337895.0,1,0,0
0.0,1569297338355.0,1,0,0
0.0,1569297338825.0,1,0,0
0.01,1569297339295.0,1,0,0
0.04,1569297339755.0,2,0,0
0.01,1569297340225.0,2,0,0
0.04,1569297340675.0,2,0,0
0.06,1569297341135.0,2,0,0
0.05,1569297341629.0,2,0,0
0.05,1569297342055.0,2,0,0
0.06,1569297342515.0,2,0,0
0.07,1569297342975.0,2,0,0
0.06,1569297343446.0,2,0,0
0.06,1569297343905.0,2,0,0
0.05,1569297344366.0,2,0,0
0.05,1569297344825.0,2,0,0
0.05,1569297345286.0,2,0,0
0.04,1569297345755.0,2,0,0
0.04,1569297346216.0,2,0,0
0.05,1569297346693.0,2,0,0
0.07,1569297347136.0,2,0,0
0.06,1569297347596.0,2,0,0
0.06,1569297348056.0,2,0,0
0.05,1569297348515.0,2,0,0
0.06,1569297349000.0,2,0,0
0.05,1569297349446.0,2,0,0
0.01,1569297349905.0,2,0,0
0.0,1569297350356.0,2,0,0
0.0,1569297350815.0,2,0,0
0.02,1569297351276.0,2,0,0
0.01,1569297351736.0,2,0,0
0.02,1569297352186.0,2,0,0
0.0,1569297352656.0,2,0,0
0.01,1569297353116.0,2,0,0
0.0,1569297353566.0,2,0,0
0.0,1569297354025.0,1,0,0
-0.01,1569297354485.0,1,0,0
-0.01,1569297354946.0,1,0,0
-0.01,1569297355406.0,1,0,0
0.0,1569297355866.0,1,0,0
0.0,1569297356328.0,1,0,0
0.0,1569297356786.0,1,0,0
0.0,1569297357246.0,1,0,0
0.0,1569297357707.0,1,0,0
0.0,1569297358166.0,1,0,0
0.0,1569297358626.0,1,0,0
0.0,1569297359086.0,1,0,0
0.0,1569297359545.0,1,0,0
0.0,1569297360006.0,1,0,0
0.0,1569297360485.0,1,0,0
0.0,1569297360945.0,1,0,0
0.0,1569297361396.0,1,0,0
-0.01,1569297361856.0,1,0,0
-0.01,1569297362325.0,1,0,0
0.0,1569297362786.0,1,0,0
0.01,1569297363248.0,1,0,0
0.01,1569297363753.0,1,0,0
0.0,1569297364176.0,1,0,0
0.02,1569297364635.0,1,0,0
0.01,1569297365096.0,1,0,0
0.02,1569297365556.0,1,0,0
0.01,1569297366015.0,1,0,0
0.01,1569297366476.0,1,0,0
0.0,1569297366945.0,1,0,0
-0.02,1569297367395.0,1,0,0
-0.01,1569297367856.0,1,0,0
-0.02,1569297368316.0,1,0,0
-0.01,1569297368776.0,1,0,0
0.01,1569297369236.0,1,0,0
0.0,1569297369696.0,1,0,0
0.01,1569297370156.0,1,0,0
0.0,1569297370616.0,1,0,0
0.0,1569297371076.0,1,0,0
0.0,1569297371526.0,1,0,0
0.0,1569297371996.0,1,0,0
0.0,1569297372457.0,1,0,0
0.0,1569297372916.0,1,0,0
0.0,1569297373376.0,1,0,0
0.0,1569297373836.0,1,0,0
0.0,1569297374296.0,1,0,0
-0.01,1569297374756.0,1,0,0
0.0,1569297375216.0,1,0,0
0.0,1569297375681.0,1,0,0
0.01,1569297376136.0,1,0,0
0.01,1569297376596.0,1,0,0
0.0,1569297377056.0,1,0,0
0.0,1569297377548.0,1,0,0
0.0,1569297377987.0,1,0,0
0.01,1569297378445.0,1,0,0
0.01,1569297378906.0,1,0,0
0.0,1569297379366.0,1,0,0
0.01,1569297379826.0,1,0,0
0.0,1569297380298.0,1,0,0
0.0,1569297380756.0,1,0,0
0.0,1569297381215.0,1,0,0
0.0,1569297381694.0,1,0,0
-0.01,1569297382146.0,1,0,0
0.0,1569297382606.0,1,0,0
0.0,1569297383066.0,1,0,0
0.0,1569297383526.0,1,0,0
0.01,1569297383986.0,1,0,0
0.01,1569297384446.0,1,0,0
-0.01,1569297384916.0,1,0,0
-0.01,1569297385376.0,1,0,0
-0.01,1569297385836.0,1,0,0
-0.01,1569297386296.0,1,0,0
-0.01,1569297386757.0,1,0,0
-0.03,1569297387217.0,1,0,0
-0.04,1569297387691.0,3,0,0
-0.06,1569297388136.0,3,0,0
-0.06,1569297388606.0,3,0,0
-0.02,1569297389066.0,3,0,0
-0.02,1569297389527.0,3,0,0
-0.05,1569297389986.0,3,0,0
-0.06,1569297390446.0,3,0,0
-0.03,1569297390907.0,3,0,0
-0.01,1569297391365.0,3,0,0
-0.01,1569297391826.0,3,0,0
-0.01,1569297392286.0,3,0,0
-0.02,1569297392746.0,3,0,0
-0.01,1569297393206.0,3,0,0
-0.01,1569297393677.0,3,0,0
0.0,1569297394136.0,3,0,0
-0.01,1569297394585.0,3,0,0
-0.01,1569297395046.0,3,0,0
-0.02,1569297395506.0,3,0,0
-0.01,1569297395966.0,3,0,0
-0.01,1569297396426.0,3,0,0
-0.01,1569297396886.0,1,0,0
-0.01,1569297397346.0,1,0,0
0.0,1569297397818.0,1,0,0
0.0,1569297398276.0,1,0,0
0.0,1569297398735.0,1,0,0
-0.01,1569297399196.0,1,0,0
-0.02,1569297399656.0,1,0,0
-0.02,1569297400135.0,1,0,0
-0.01,1569297400595.0,1,0,0
0.0,1569297401056.0,1,0,0
0.0,1569297401516.0,1,0,0
0.0,1569297401976.0,1,0,0
0.0,1569297402435.0,1,0,0
0.0,1569297402906.0,1,0,0
-0.01,1569297403357.0,1,0,0
-0.01,1569297403826.0,1,0,0
0.0,1569297404296.0,1,0,0
0.0,1569297404756.0,1,0,0
0.0,1569297405215.0,1,0,0
-0.01,1569297405675.0,1,0,0
-0.01,1569297406146.0,1,0,0
0.0,1569297406606.0,1,0,0
0.0,1569297407066.0,1,0,0
0.0,1569297407516.0,1,0,0
-0.01,1569297407976.0,1,0,0
0.0,1569297408447.0,1,0,0
0.0,1569297408906.0,1,0,0
0.0,1569297409377.0,1,0,0
0.0,1569297409837.0,1,0,0
0.0,1569297410300.0,1,0,0
0.0,1569297410756.0,1,0,0
-0.01,1569297411216.0,1,0,0
0.0,1569297411677.0,1,0,0
0.0,1569297412146.0,1,0,0
0.0,1569297412607.0,1,0,0
0.0,1569297413066.0,1,0,0
0.0,1569297413526.0,1,0,0
0.0,1569297413988.0,1,0,0
-0.01,1569297414446.0,1,0,0
0.0,1569297414907.0,1,0,0
0.0,1569297415356.0,1,0,0
0.0,1569297415816.0,1,0,0
0.0,1569297416266.0,1,0,0
0.0,1569297416737.0,1,0,0
-0.01,1569297417196.0,1,0,0
0.0,1569297417690.0,1,0,0
0.01,1569297418116.0,1,0,0
0.0,1569297418577.0,1,0,0
0.01,1569297419037.0,1,0,0
0.0,1569297419507.0,1,0,0
0.0,1569297419967.0,1,0,0
0.0,1569297420436.0,1,0,0
0.0,1569297420896.0,1,0,0
0.0,1569297421356.0,1,0,0
0.0,1569297421816.0,1,0,0
-0.02,1569297422276.0,1,0,0
-0.05,1569297422737.0,5,0,0
-0.06,1569297423196.0,5,0,0
-0.05,1569297423666.0,5,0,0
0.0,1569297424126.0,5,0,0
0.02,1569297424576.0,5,0,0
0.07,1569297425037.0,5,0,0
0.06,1569297425497.0,5,0,0
0.03,1569297425966.0,5,0,0
0.01,1569297426417.0,5,0,0
0.01,1569297426877.0,5,0,0
0.01,1569297427357.0,5,0,0
0.0,1569297427817.0,5,0,0
0.01,1569297428295.0,5,0,0
0.01,1569297428737.0,5,0,0
0.01,1569297429196.0,1,0,0
0.0,1569297429656.0,1,0,0
0.01,1569297430116.0,1,0,0
0.01,1569297430577.0,1,0,0
0.0,1569297431037.0,1,0,0
0.01,1569297431497.0,1,0,0
0.0,1569297431957.0,1,0,0
0.01,1569297432417.0,1,0,0
0.01,1569297432867.0,1,0,0
0.0,1569297433337.0,1,0,0
0.0,1569297433787.0,1,0,0
0.0,1569297434256.0,1,0,0
0.0,1569297434716.0,1,0,0
0.01,1569297435176.0,1,0,0
0.0,1569297435636.0,1,0,0
0.0,1569297436097.0,1,0,0
0.01,1569297436557.0,1,0,0
0.0,1569297437021.0,1,0,0
0.0,1569297437477.0,1,0,0
0.0,1569297437937.0,1,0,0
0.0,1569297438397.0,1,0,0
0.0,1569297438867.0,1,0,0
0.0,1569297439327.0,1,0,0
0.0,1569297439777.0,1,0,0
0.0,1569297440246.0,1,0,0
0.0,1569297440707.0,1,0,0
0.0,1569297441167.0,1,0,0
0.0,1569297441627.0,1,0,0
0.01,1569297442087.0,1,0,0
0.01,1569297442547.0,1,0,0
-0.01,1569297443007.0,1,0,0
0.0,1569297443457.0,1,0,0
0.0,1569297443927.0,1,0,0
0.03,1569297444396.0,1,0,0
0.0,1569297444857.0,1,0,0
0.0,1569297445317.0,1,0,0
0.0,1569297445777.0,1,0,0
0.01,1569297446236.0,1,0,0
0.0,1569297446696.0,1,0,0
0.01,1569297447156.0,1,0,0
0.0,1569297447616.0,1,0,0
0.0,1569297448077.0,1,0,0
0.0,1569297448536.0,1,0,0
0.0,1569297448998.0,1,0,0
0.0,1569297449456.0,1,0,0
0.01,1569297449917.0,1,0,0
0.01,1569297450376.0,1,0,0
0.08,1569297450837.0,1,0,0
0.05,1569297451296.0,4,0,0
0.04,1569297451756.0,4,0,0
0.01,1569297452217.0,4,0,0
-0.02,1569297452677.0,4,0,0
-0.03,1569297453138.0,4,0,0
-0.02,1569297453597.0,4,0,0
-0.02,1569297454057.0,4,0,0
-0.03,1569297454518.0,4,0,0
-0.02,1569297454977.0,4,0,0
0.0,1569297455437.0,4,0,0
-0.01,1569297455907.0,4,0,0
-0.01,1569297456366.0,4,0,0
0.0,1569297456826.0,4,0,0
0.01,1569297457287.0,1,0,0
0.02,1569297457746.0,1,0,0
-0.01,1569297458216.0,1,0,0
0.01,1569297458677.0,1,0,0
0.0,1569297459137.0,1,0,0
0.0,1569297459597.0,1,0,0
0.0,1569297460066.0,1,0,0
0.01,1569297460527.0,1,0,0
0.0,1569297460987.0,1,0,0
0.0,1569297461457.0,1,0,0
0.0,1569297461916.0,1,0,0
0.0,1569297462376.0,1,0,0
0.01,1569297462836.0,1,0,0
0.01,1569297463296.0,1,0,0
0.0,1569297463766.0,1,0,0
0.0,1569297464246.0,1,0,0
-0.01,1569297464687.0,1,0,0
0.01,1569297465147.0,1,0,0
0.0,1569297465607.0,1,0,0
0.0,1569297466067.0,1,0,0
0.0,1569297466527.0,1,0,0
0.0,1569297466988.0,1,0,0
-0.01,1569297467446.0,1,0,0
0.0,1569297467907.0,1,0,0
-0.01,1569297468377.0,1,0,0
0.0,1569297468837.0,1,0,0
0.04,1569297469299.0,1,0,0
0.0,1569297469757.0,1,0,0
0.0,1569297470216.0,1,0,0
0.0,1569297470667.0,1,0,0
-0.05,1569297471127.0,1,0,0
-0.04,1569297471604.0,1,0,0
-0.04,1569297472047.0,5,0,0
-0.06,1569297472507.0,5,0,0
-0.04,1569297472977.0,5,0,0
0.03,1569297473427.0,5,0,0
0.04,1569297473886.0,5,0,0
0.05,1569297474347.0,5,0,0
0.05,1569297474807.0,5,0,0
0.04,1569297475266.0,5,0,0
0.03,1569297475726.0,5,0,0
0.05,1569297476196.0,5,0,0
0.06,1569297476657.0,5,0,0
0.05,1569297477117.0,5,0,0
0.04,1569297477588.0,2,0,0
0.04,1569297478046.0,2,0,0
0.04,1569297478507.0,2,0,0
0.02,1569297478986.0,2,0,0
0.04,1569297479417.0,2,0,0
0.04,1569297479887.0,2,0,0
0.05,1569297480347.0,2,0,0
0.02,1569297480816.0,2,0,0
0.02,1569297481286.0,2,0,0
0.03,1569297481746.0,2,0,0
0.02,1569297482207.0,2,0,0
0.03,1569297482667.0,2,0,0
0.03,1569297483126.0,2,0,0
0.04,1569297483577.0,2,0,0
0.04,1569297484036.0,2,0,0
0.04,1569297484497.0,2,0,0
0.03,1569297484957.0,2,0,0
0.05,1569297485426.0,2,0,0
0.05,1569297485887.0,2,0,0
0.05,1569297486382.0,2,0,0
0.03,1569297486807.0,2,0,0
0.02,1569297487258.0,2,0,0
0.02,1569297487717.0,2,0,0
0.04,1569297488177.0,2,0,0
0.07,1569297488637.0,2,0,0
0.04,1569297489097.0,2,0,0
0.03,1569297489591.0,2,0,0
0.02,1569297490027.0,2,0,0
0.01,1569297490486.0,2,0,0
0.0,1569297490947.0,2,0,0
0.01,1569297491407.0,2,0,0
0.0,1569297491866.0,2,0,0
0.0,1569297492327.0,2,0,0
-0.01,1569297492786.0,1,0,0
-0.01,1569297493257.0,1,0,0
0.01,1569297493717.0,1,0,0
0.01,1569297494177.0,1,0,0
0.0,1569297494637.0,1,0,0
0.0,1569297495107.0,1,0,0
0.01,1569297495567.0,1,0,0
0.0,1569297496036.0,1,0,0
0.0,1569297496497.0,1,0,0
0.0,1569297496993.0,1,0,0
0.0,1569297497416.0,1,0,0
0.0,1569297497876.0,1,0,0
0.0,1569297498336.0,1,0,0
0.0,1569297498796.0,1,0,0
0.0,1569297499247.0,1,0,0
0.01,1569297499710.0,1,0,0
0.01,1569297500176.0,1,0,0
0.0,1569297500637.0,1,0,0
0.0,1569297501107.0,1,0,0
0.0,1569297501567.0,1,0,0
0.0,1569297502028.0,1,0,0
0.0,1569297502487.0,1,0,0
0.0,1569297502947.0,1,0,0
0.0,1569297503407.0,1,0,0
0.0,1569297503866.0,1,0,0
0.0,1569297504327.0,1,0,0
0.01,1569297504786.0,1,0,0
0.0,1569297505257.0,1,0,0
0.0,1569297505717.0,1,0,0
0.0,1569297506177.0,1,0,0
0.0,1569297506637.0,1,0,0
0.0,1569297507097.0,1,0,0
0.0,1569297507570.0,1,0,0
0.0,1569297508017.0,1,0,0
0.01,1569297508487.0,1,0,0
0.0,1569297508946.0,1,0,0
0.0,1569297509407.0,1,0,0
0.0,1569297509867.0,1,0,0
0.0,1569297510337.0,1,0,0
0.0,1569297510807.0,1,0,0
0.0,1569297511257.0,1,0,0
0.0,1569297511717.0,1,0,0
0.0,1569297512177.0,1,0,0
0.0,1569297512647.0,1,0,0
0.0,1569297513107.0,1,0,0
0.0,1569297513577.0,1,0,0
0.0,1569297514037.0,1,0,0
-0.01,1569297514497.0,1,0,0
0.0,1569297514947.0,1,0,0
-0.01,1569297515407.0,1,0,0
0.0,1569297515867.0,1,0,0
0.0,1569297516327.0,1,0,0
-0.01,1569297516788.0,1,0,0
0.0,1569297517249.0,1,0,0
0.0,1569297517710.0,1,0,0
0.0,1569297518190.0,1,0,0
0.0,1569297518629.0,1,0,0
0.0,1569297519088.0,1,0,0
0.0,1569297519548.0,1,0,0
0.0,1569297520007.0,1,0,0
0.0,1569297520468.0,1,0,0
0.0,1569297520937.0,1,0,0
0.0,1569297521407.0,1,0,0
0.0,1569297521867.0,1,0,0
-0.01,1569297522327.0,1,0,0
0.0,1569297522788.0,1,0,0
0.0,1569297523247.0,1,0,0
0.0,1569297523710.0,1,0,0
-0.03,1569297524168.0,1,0,0
0.0,1569297524628.0,1,0,0
0.0,1569297525088.0,1,0,0
-0.01,1569297525557.0,1,0,0
-0.01,1569297526017.0,1,0,0
-0.01,1569297526477.0,1,0,0
0.0,1569297526936.0,1,0,0
0.0,1569297527398.0,1,0,0
0.0,1569297527857.0,1,0,0
-0.01,1569297528317.0,1,0,0
0.0,1569297528807.0,1,0,0
0.0,1569297529237.0,1,0,0
0.01,1569297529712.0,1,0,0
0.01,1569297530157.0,1,0,0
0.01,1569297530617.0,1,0,0
0.01,1569297531087.0,1,0,0
0.0,1569297531548.0,1,0,0
0.0,1569297532006.0,1,0,0
0.0,1569297532467.0,1,0,0
-0.01,1569297532927.0,1,0,0
0.0,1569297533388.0,1,0,0
0.01,1569297533857.0,1,0,0
0.01,1569297534309.0,1,0,0
0.0,1569297534767.0,1,0,0
0.0,1569297535227.0,1,0,0
0.01,1569297535687.0,1,0,0
0.01,1569297536159.0,1,0,0
0.01,1569297536607.0,1,0,0
0.0,1569297537057.0,1,0,0
-0.01,1569297537517.0,1,0,0
0.0,1569297537977.0,1,0,0
0.0,1569297538436.0,1,0,0
0.01,1569297538897.0,1,0,0
0.02,1569297539356.0,1,0,0
0.0,1569297539827.0,1,0,0
0.02,1569297540287.0,1,0,0
0.01,1569297540736.0,1,0,0
0.02,1569297541207.0,1,0,0
0.0,1569297541667.0,1,0,0
0.0,1569297542137.0,1,0,0
0.0,1569297542587.0,1,0,0
0.0,1569297543047.0,1,0,0
0.0,1569297543518.0,1,0,0
0.0,1569297543967.0,1,0,0
0.01,1569297544427.0,1,0,0
0.0,1569297544887.0,1,0,0
0.01,1569297545357.0,1,0,0
0.01,1569297545808.0,1,0,0
0.0,1569297546278.0,1,0,0
0.0,1569297546737.0,1,0,0
0.0,1569297547198.0,1,0,0
0.01,1569297547657.0,1,0,0
0.0,1569297548118.0,1,0,0
0.0,1569297548568.0,1,0,0
0.0,1569297549027.0,1,0,0
0.01,1569297549497.0,1,0,0
0.01,1569297549947.0,1,0,0
0.01,1569297550418.0,1,0,0
0.01,1569297550867.0,1,0,0
0.02,1569297551337.0,1,0,0
0.02,1569297551799.0,1,0,0
0.0,1569297552257.0,1,0,0
0.0,1569297552718.0,1,0,0
0.0,1569297553177.0,1,0,0
0.0,1569297553637.0,1,0,0
-0.01,1569297554103.0,1,0,0
0.01,1569297554557.0,1,0,0
0.01,1569297555017.0,1,0,0
0.0,1569297555477.0,1,0,0
-0.02,1569297555928.0,1,0,0
-0.01,1569297556388.0,1,0,0
-0.01,1569297556857.0,1,0,0
-0.01,1569297557317.0,1,0,0
-0.03,1569297557777.0,1,0,0
-0.04,1569297558237.0,1,0,0
-0.06,1569297558697.0,3,0,0
-0.03,1569297559150.0,3,0,0
-0.02,1569297559607.0,3,0,0
0.0,1569297560068.0,3,0,0
0.0,1569297560527.0,3,0,0
-0.01,1569297560987.0,3,0,0
0.0,1569297561447.0,3,0,0
-0.03,1569297561918.0,3,0,0
-0.03,1569297562388.0,3,0,0
-0.01,1569297562847.0,3,0,0
-0.01,1569297563297.0,3,0,0
-0.01,1569297563768.0,3,0,0
-0.02,1569297564228.0,3,0,0
0.0,1569297564688.0,3,0,0
0.0,1569297565148.0,1,0,0
0.0,1569297565607.0,1,0,0
0.0,1569297566072.0,1,0,0
0.0,1569297566538.0,1,0,0
0.0,1569297566997.0,1,0,0
0.0,1569297567458.0,1,0,0
0.03,1569297567943.0,1,0,0
0.02,1569297568388.0,1,0,0
0.01,1569297568847.0,1,0,0
0.02,1569297569297.0,1,0,0
0.01,1569297569758.0,1,0,0
0.0,1569297570218.0,1,0,0
-0.01,1569297570678.0,1,0,0
-0.01,1569297571137.0,1,0,0
-0.01,1569297571598.0,1,0,0
-0.01,1569297572058.0,1,0,0
0.0,1569297572517.0,1,0,0
0.0,1569297572978.0,1,0,0
0.0,1569297573438.0,1,0,0
0.0,1569297573898.0,1,0,0
0.0,1569297574358.0,1,0,0
0.01,1569297574818.0,1,0,0
0.0,1569297575277.0,1,0,0
-0.01,1569297575738.0,1,0,0
0.0,1569297576198.0,1,0,0
0.0,1569297576647.0,1,0,0
0.0,1569297577108.0,1,0,0
0.0,1569297577567.0,1,0,0
0.0,1569297578027.0,1,0,0
0.0,1569297578487.0,1,0,0
0.0,1569297578948.0,1,0,0
0.0,1569297579408.0,1,0,0
-0.01,1569297579868.0,1,0,0
0.0,1569297580328.0,1,0,0
0.0,1569297580788.0,1,0,0
-0.01,1569297581248.0,1,0,0
0.0,1569297581707.0,1,0,0
-0.03,1569297582178.0,3,0,0
-0.03,1569297582637.0,3,0,0
-0.01,1569297583097.0,3,0,0
-0.03,1569297583557.0,3,0,0
-0.03,1569297584027.0,3,0,0
-0.02,1569297584478.0,3,0,0
-0.06,1569297584938.0,3,0,0
-0.05,1569297585408.0,3,0,0
-0.05,1569297585867.0,3,0,0
-0.07,1569297586338.0,3,0,0
-0.07,1569297586797.0,3,0,0
-0.03,1569297587248.0,3,0,0
-0.01,1569297587708.0,3,0,0
-0.01,1569297588168.0,3,0,0
-0.02,1569297588628.0,3,0,0
-0.03,1569297589098.0,3,0,0
-0.05,1569297589557.0,1,0,0
-0.04,1569297590017.0,1,0,0
-0.05,1569297590480.0,1,0,0
-0.05,1569297590938.0,1,0,0
-0.03,1569297591398.0,5,0,1
-0.01,1569297591847.0,5,0,1
0.0,1569297592307.0,5,0,1
-0.01,1569297592768.0,5,0,1
0.0,1569297593238.0,5,0,1
0.02,1569297593688.0,5,0,1
0.0,1569297594147.0,5,0,1
-0.01,1569297594607.0,5,0,1
-0.01,1569297595068.0,5,0,1
-0.05,1569297595527.0,5,0,1
-0.05,1569297595988.0,5,0,1
0.0,1569297596448.0,5,0,1
-0.01,1569297596908.0,5,0,1
-0.03,1569297597368.0,5,0,1
-0.01,1569297597828.0,5,0,1
-0.01,1569297598287.0,1,1,1
0.0,1569297598748.0,1,1,1
-0.01,1569297599218.0,1,1,1
0.0,1569297599678.0,1,1,1
0.02,1569297600138.0,1,1,1
0.0,1569297600598.0,1,1,1
0.16,1569297601057.0,1,1,1
0.02,1569297601518.0,1,1,1
0.0,1569297601977.0,1,1,1
-0.01,1569297602447.0,1,1,1
0.0,1569297602908.0,1,1,1
-0.04,1569297603358.0,1,1,1
0.0,1569297603828.0,1,1,1
0.0,1569297604288.0,1,1,1
-0.03,1569297604748.0,1,1,1
0.09,1569297605208.0,1,1,1
0.0,1569297605668.0,1,1,1
0.0,1569297606137.0,1,1,1
-0.01,1569297606597.0,1,1,1
0.0,1569297607057.0,1,1,1
0.04,1569297607528.0,1,1,1
0.02,1569297607988.0,1,1,1
0.02,1569297608457.0,1,1,1
0.01,1569297608908.0,1,1,1
0.01,1569297609368.0,1,1,1
-0.01,1569297609828.0,1,1,1
0.03,1569297610288.0,1,1,1
-0.08,1569297610757.0,1,1,1
-0.1,1569297611208.0,1,1,1
-0.08,1569297611668.0,1,1,1
-0.02,1569297612138.0,1,1,1
0.0,1569297612597.0,1,1,1
-0.01,1569297613057.0,1,1,1
-0.01,1569297613508.0,1,1,1
0.0,1569297613968.0,1,1,1
0.01,1569297614428.0,1,1,1
0.0,1569297614888.0,1,1,1
0.0,1569297615358.0,1,1,1
0.01,1569297615818.0,1,1,1
0.0,1569297616277.0,1,1,1
0.01,1569297616738.0,1,1,0
0.0,1569297617198.0,1,1,0
0.0,1569297617657.0,1,1,0
0.0,1569297618118.0,1,1,0
0.0,1569297618578.0,1,1,0
0.01,1569297619037.0,1,1,0
0.0,1569297619498.0,1,1,0
0.0,1569297619958.0,1,1,0
0.0,1569297620418.0,1,1,0
0.0,1569297620877.0,1,1,0
0.01,1569297621338.0,2,0,0
0.0,1569297621808.0,2,0,0
0.01,1569297622268.0,2,0,0
0.0,1569297622728.0,2,0,0
0.02,1569297623187.0,2,0,0
0.02,1569297623648.0,2,0,0
0.01,1569297624108.0,2,0,0
0.02,1569297624568.0,2,0,0
0.0,1569297625028.0,2,0,0
0.02,1569297625490.0,2,0,0
0.0,1569297625948.0,2,0,0
0.02,1569297626418.0,2,0,0
0.02,1569297626878.0,2,0,0
0.02,1569297627338.0,5,0,0
0.0,1569297627798.0,5,0,0
-0.02,1569297628261.0,5,0,0
-0.04,1569297628718.0,5,0,0
-0.06,1569297629178.0,5,0,0
-0.07,1569297629637.0,5,0,0
-0.05,1569297630098.0,5,0,0
0.0,1569297630558.0,5,0,0
0.0,1569297631018.0,5,0,0
0.0,1569297631478.0,5,0,0
0.0,1569297631948.0,5,0,0
0.0,1569297632408.0,5,0,0
0.0,1569297632868.0,5,0,0
0.0,1569297633328.0,5,0,0
0.01,1569297633788.0,5,0,0
0.02,1569297634248.0,5,0,0
0.0,1569297634708.0,5,0,0
0.01,1569297635168.0,1,0,0
0.0,1569297635661.0,1,0,0
-0.01,1569297636098.0,1,0,0
0.0,1569297636558.0,1,0,0
0.0,1569297637008.0,1,0,0
0.0,1569297637478.0,1,0,0
0.0,1569297637938.0,1,0,0
-0.02,1569297638400.0,1,0,0
-0.03,1569297638858.0,1,0,0
0.0,1569297639318.0,1,0,0
0.01,1569297639778.0,1,0,0
0.01,1569297640239.0,1,0,0
0.02,1569297640698.0,1,0,0
0.01,1569297641158.0,1,0,0
0.0,1569297641617.0,1,0,0
0.01,1569297642078.0,1,0,0
0.01,1569297642548.0,1,0,0
0.0,1569297643008.0,1,0,0
0.0,1569297643468.0,1,0,0
0.0,1569297643928.0,1,0,0
0.0,1569297644388.0,1,0,0
0.0,1569297644848.0,1,0,0
0.01,1569297645319.0,1,0,0
0.01,1569297645779.0,1,0,0
0.01,1569297646248.0,1,0,0
0.0,1569297646708.0,1,0,0
0.01,1569297647168.0,1,0,0
0.0,1569297647628.0,1,0,0
0.0,1569297648088.0,1,0,0
0.0,1569297648548.0,1,0,0
0.0,1569297649008.0,1,0,0
0.0,1569297649468.0,1,0,0
0.0,1569297649928.0,1,0,0
0.0,1569297650398.0,1,0,0
0.01,1569297650858.0,1,0,0
0.01,1569297651309.0,1,0,0
0.0,1569297651767.0,1,0,0
0.0,1569297652238.0,1,0,0
0.0,1569297652698.0,1,0,0
-0.01,1569297653158.0,1,0,0
0.0,1569297653628.0,1,0,0
0.0,1569297654081.0,1,0,0
0.0,1569297654548.0,1,0,0
0.0,1569297655008.0,1,0,0
0.0,1569297655469.0,1,0,0
0.0,1569297655928.0,1,0,0
0.0,1569297656387.0,1,0,0
0.0,1569297656848.0,1,0,0
0.0,1569297657309.0,1,0,0
0.0,1569297657768.0,1,0,0
0.0,1569297658228.0,1,0,0
0.0,1569297658688.0,1,0,0
-0.02,1569297659148.0,1,0,0
-0.05,1569297659598.0,1,0,0
-0.06,1569297660058.0,9,0,0
-0.04,1569297660518.0,9,0,0
-0.05,1569297660978.0,9,0,0
-0.05,1569297661438.0,9,0,0
-0.02,1569297661908.0,9,0,0
-0.04,1569297662378.0,9,0,0
-0.03,1569297662838.0,9,0,0
-0.05,1569297663288.0,9,0,0
-0.05,1569297663748.0,9,0,0
-0.05,1569297664208.0,9,0,0
-0.07,1569297664668.0,9,0,0
-0.09,1569297665128.0,9,0,0
-0.07,1569297665598.0,9,0,0
-0.09,1569297666058.0,9,0,0
-0.08,1569297666518.0,9,0,0
-0.05,1569297666978.0,9,0,0
-0.05,1569297667438.0,9,0,0
-0.06,1569297667908.0,9,0,0
-0.06,1569297668368.0,9,0,0
-0.02,1569297668828.0,9,0,0
-0.02,1569297669278.0,9,0,0
-0.04,1569297669748.0,9,0,0
-0.05,1569297670198.0,9,0,0
-0.04,1569297670659.0,9,0,0
-0.03,1569297671119.0,9,0,0
-0.02,1569297671588.0,9,0,0
-0.01,1569297672048.0,9,0,0
-0.01,1569297672508.0,9,0,0
-0.05,1569297672968.0,9,0,0
-0.05,1569297673428.0,9,0,0
-0.02,1569297673888.0,9,0,0
-0.04,1569297674349.0,9,0,0
-0.06,1569297674808.0,9,0,0
-0.05,1569297675268.0,9,0,0
-0.01,1569297675741.0,9,0,0
-0.04,1569297676188.0,9,0,0
-0.05,1569297676660.0,9,0,0
-0.04,1569297677118.0,9,0,0
-0.04,1569297677578.0,9,0,0
-0.04,1569297678028.0,9,0,0
-0.03,1569297678489.0,9,0,0
-0.03,1569297678948.0,9,0,0
-0.06,1569297679409.0,9,0,0
-0.06,1569297679878.0,9,0,0
-0.07,1569297680338.0,9,0,0
-0.06,1569297680798.0,9,0,0
-0.05,1569297681258.0,9,0,0
-0.03,1569297681718.0,9,0,0
-0.05,1569297682215.0,9,0,0
-0.03,1569297682648.0,9,0,0
-0.02,1569297683118.0,9,0,0
-0.06,1569297683578.0,9,0,0
-0.02,1569297684048.0,9,0,0
-0.01,1569297684498.0,9,0,0
-0.05,1569297684958.0,9,0,0
-0.03,1569297685418.0,9,0,0
0.0,1569297685878.0,9,0,0
-0.01,1569297686338.0,9,0,0
-0.01,1569297686798.0,9,0,0
-0.02,1569297687259.0,9,0,0
0.0,1569297687719.0,9,0,0
0.0,1569297688179.0,9,0,0
0.0,1569297688638.0,9,0,0
0.0,1569297689099.0,9,0,0
0.0,1569297689619.0,1,0,0
0.0,1569297690028.0,1,0,0
0.0,1569297690489.0,1,0,0
0.0,1569297690949.0,1,0,0
-0.01,1569297691409.0,1,0,0
-0.01,1569297691858.0,1,0,0
0.0,1569297692329.0,1,0,0
0.0,1569297692813.0,1,0,0
0.01,1569297693249.0,1,0,0
0.0,1569297693719.0,1,0,0
0.0,1569297694179.0,1,0,0
0.0,1569297694629.0,1,0,0
0.0,1569297695089.0,1,0,0
0.0,1569297695549.0,1,0,0
0.0,1569297696008.0,1,0,0
0.0,1569297696469.0,1,0,0
0.01,1569297696929.0,1,0,0
0.0,1569297697399.0,1,0,0
0.0,1569297697868.0,8,0,0
0.0,1569297698328.0,8,0,0
0.0,1569297698779.0,8,0,0
0.0,1569297699238.0,8,0,0
-0.01,1569297699698.0,8,0,0
-0.01,1569297700170.0,8,0,0
0.0,1569297700629.0,8,0,0
-0.01,1569297701089.0,8,0,0
0.0,1569297701549.0,8,0,0
0.0,1569297702009.0,8,0,0
0.0,1569297702469.0,8,0,0
-0.01,1569297702929.0,8,0,0
-0.01,1569297703399.0,8,0,0
-0.01,1569297703859.0,8,0,0
-0.01,1569297704318.0,8,0,0
0.0,1569297704779.0,8,0,0
0.0,1569297705238.0,8,0,0
0.0,1569297705699.0,8,0,0
0.0,1569297706168.0,8,0,0
0.0,1569297706629.0,8,0,0
-0.01,1569297707090.0,8,0,0
0.0,1569297707567.0,8,0,0
0.0,1569297708009.0,8,0,0
0.0,1569297708479.0,8,0,0
0.02,1569297708939.0,8,0,0
0.01,1569297709398.0,8,0,0
0.02,1569297709858.0,8,0,0
0.0,1569297710319.0,8,0,0
0.01,1569297710779.0,8,0,0
0.0,1569297711239.0,8,0,0
0.02,1569297711698.0,8,0,0
0.0,1569297712149.0,8,0,0
0.0,1569297712609.0,8,0,0
0.0,1569297713068.0,8,0,0
0.0,1569297713538.0,8,0,0
-0.01,1569297713999.0,8,0,0
0.0,1569297714458.0,8,0,0
0.0,1569297714958.0,8,0,0
0.0,1569297715379.0,8,0,0
0.0,1569297715839.0,8,0,0
0.01,1569297716298.0,8,0,0
0.01,1569297716758.0,8,0,0
0.01,1569297717208.0,8,0,0
0.0,1569297717669.0,8,0,0
0.0,1569297718128.0,8,0,0
0.0,1569297718589.0,8,0,0
0.01,1569297719049.0,8,0,0
0.01,1569297719509.0,8,0,0
0.0,1569297719969.0,8,0,0
0.0,1569297720429.0,8,0,0
-0.01,1569297720888.0,8,0,0
0.0,1569297721348.0,8,0,0
0.0,1569297721809.0,8,0,0
0.0,1569297722278.0,8,0,0
0.0,1569297722742.0,8,0,0
0.0,1569297723209.0,8,0,0
0.02,1569297723669.0,8,0,0
0.03,1569297724130.0,8,0,0
0.03,1569297724589.0,8,0,0
0.04,1569297725049.0,8,0,0
0.04,1569297725508.0,8,0,0
0.04,1569297725969.0,8,0,0
0.05,1569297726429.0,8,0,0
0.04,1569297726888.0,8,0,0
0.04,1569297727358.0,8,0,0
0.03,1569297727819.0,8,0,0
0.01,1569297728279.0,8,0,0
0.01,1569297728740.0,8,0,0
0.02,1569297729199.0,8,0,0
0.03,1569297729659.0,8,0,0
0.02,1569297730119.0,8,0,0
0.03,1569297730589.0,8,0,0
0.03,1569297731049.0,8,0,0
0.03,1569297731509.0,8,0,0
0.03,1569297731969.0,8,0,0
0.03,1569297732429.0,8,0,0
0.04,1569297732888.0,8,0,0
0.04,1569297733348.0,8,0,0
0.03,1569297733819.0,8,0,0
0.02,1569297734279.0,8,0,0
0.01,1569297734743.0,8,0,0
0.01,1569297735199.0,8,0,0
0.0,1569297735659.0,8,0,0
0.0,1569297736108.0,8,0,0
0.0,1569297736570.0,8,0,0
-0.01,1569297737029.0,8,0,0
-0.01,1569297737498.0,8,0,0
-0.03,1569297737948.0,8,0,0
-0.02,1569297738408.0,8,0,0
-0.03,1569297738879.0,8,0,0
-0.03,1569297739339.0,8,0,0
-0.02,1569297739798.0,8,0,0
-0.04,1569297740259.0,8,0,0
-0.04,1569297740719.0,8,0,0
-0.02,1569297741189.0,1,0,0
-0.02,1569297741649.0,1,0,0
-0.02,1569297742098.0,1,0,0
-0.02,1569297742569.0,1,0,0
0.0,1569297743021.0,1,0,0
0.0,1569297743499.0,1,0,0
0.0,1569297743958.0,1,0,0
-0.04,1569297744418.0,1,0,0
-0.05,1569297744879.0,1,0,0
-0.03,1569297745339.0,1,0,0
-0.01,1569297745799.0,1,0,0
-0.02,1569297746259.0,1,0,0
-0.01,1569297746719.0,1,0,0
-0.01,1569297747189.0,8,0,0
0.0,1569297747671.0,8,0,0
0.0,1569297748099.0,8,0,0
0.0,1569297748559.0,8,0,0
0.0,1569297749029.0,8,0,0
-0.01,1569297749488.0,8,0,0
0.0,1569297749948.0,8,0,0
0.0,1569297750409.0,8,0,0
0.01,1569297750871.0,8,0,0
0.0,1569297751329.0,8,0,0
0.0,1569297751788.0,8,0,0
0.0,1569297752249.0,8,0,0
-0.01,1569297752719.0,8,0,0
-0.01,1569297753179.0,8,0,0
0.0,1569297753639.0,8,0,0
0.0,1569297754098.0,8,0,0
0.0,1569297754559.0,8,0,0
0.0,1569297755019.0,8,0,0
0.0,1569297755469.0,8,0,0
0.0,1569297755938.0,8,0,0
0.0,1569297756389.0,8,0,0
0.0,1569297756849.0,8,0,0
0.0,1569297757308.0,8,0,0
0.0,1569297757769.0,8,0,0
-0.01,1569297758229.0,8,0,0
0.0,1569297758679.0,8,0,0
0.0,1569297759149.0,8,0,0
0.01,1569297759599.0,8,0,0
0.01,1569297760069.0,8,0,0
0.01,1569297760529.0,8,0,0
0.01,1569297760979.0,8,0,0
0.0,1569297761448.0,8,0,0
0.0,1569297761909.0,8,0,0
0.0,1569297762369.0,8,0,0
0.0,1569297762829.0,8,0,0
0.0,1569297763299.0,8,0,0
0.0,1569297763765.0,8,0,0
0.0,1569297764219.0,8,0,0
0.01,1569297764679.0,8,0,0
0.0,1569297765139.0,8,0,0
0.0,1569297765609.0,8,0,0
0.01,1569297766059.0,8,0,0
0.01,1569297766519.0,8,0,0
0.01,1569297766979.0,8,0,0
0.0,1569297767439.0,8,0,0
0.0,1569297767899.0,8,0,0
0.0,1569297768359.0,8,0,0
0.0,1569297768820.0,8,0,0
0.0,1569297769280.0,8,0,0
-0.01,1569297769739.0,8,0,0
0.0,1569297770199.0,8,0,0
-0.01,1569297770659.0,8,0,0
0.0,1569297771119.0,8,0,0
0.0,1569297771589.0,8,0,0
0.0,1569297772049.0,8,0,0
0.0,1569297772511.0,8,0,0
0.0,1569297772969.0,8,0,0
0.0,1569297773430.0,8,0,0
0.01,1569297773890.0,8,0,0
0.01,1569297774349.0,8,0,0
0.02,1569297774799.0,8,0,0
0.02,1569297775259.0,8,0,0
0.01,1569297775730.0,8,0,0
0.0,1569297776178.0,8,0,0
0.0,1569297776649.0,8,0,0
0.0,1569297777099.0,8,0,0
-0.06,1569297777559.0,8,0,0
-0.09,1569297778032.0,8,0,0
-0.08,1569297778489.0,8,0,0
-0.03,1569297778948.0,5,0,0
-0.03,1569297779408.0,5,0,0
0.0,1569297779869.0,5,0,0
0.02,1569297780331.0,5,0,0
0.06,1569297780799.0,5,0,0
0.06,1569297781259.0,5,0,0
0.05,1569297781719.0,5,0,0
0.04,1569297782178.0,5,0,0
0.04,1569297782640.0,5,0,0
0.02,1569297783099.0,5,0,0
0.04,1569297783559.0,5,0,0
0.03,1569297784019.0,5,0,0
-0.01,1569297784499.0,5,0,0
-0.01,1569297784959.0,5,0,0
-0.02,1569297785420.0,2,0,0
-0.01,1569297785879.0,2,0,0
0.01,1569297786339.0,2,0,0
0.02,1569297786799.0,2,0,0
0.0,1569297787259.0,2,0,0
-0.01,1569297787719.0,2,0,0
0.0,1569297788179.0,2,0,0
0.0,1569297788649.0,2,0,0
0.0,1569297789109.0,2,0,0
0.0,1569297789569.0,2,0,0
0.0,1569297790039.0,2,0,0
0.0,1569297790499.0,2,0,0
0.0,1569297790959.0,2,0,0
0.0,1569297791419.0,1,0,1
-0.01,1569297791880.0,1,0,1
-0.01,1569297792339.0,1,0,1
0.0,1569297792800.0,1,0,1
0.0,1569297793249.0,1,0,1
0.0,1569297793719.0,1,0,1
0.0,1569297794189.0,1,0,1
0.0,1569297794649.0,1,0,1
0.0,1569297795109.0,1,0,1
0.0,1569297795569.0,1,0,1
0.0,1569297796029.0,1,0,1
0.0,1569297796489.0,1,0,1
0.0,1569297796950.0,1,0,1
0.0,1569297797409.0,1,0,1
0.0,1569297797869.0,1,0,1
0.0,1569297798345.0,1,0,1
0.0,1569297798789.0,1,0,1
0.0,1569297799249.0,1,0,1
0.0,1569297799709.0,1,0,1
0.0,1569297800178.0,1,0,1
0.0,1569297800639.0,1,0,1
0.0,1569297801099.0,1,0,1
0.0,1569297801559.0,1,0,1
0.0,1569297802019.0,1,0,1
0.0,1569297802479.0,1,0,1
0.0,1569297802939.0,1,0,1
0.0,1569297803399.0,1,0,1
0.0,1569297803860.0,1,0,1
0.0,1569297804329.0,1,0,1
0.0,1569297804799.0,1,0,1
0.01,1569297805259.0,1,0,1
0.0,1569297805719.0,1,0,1
0.0,1569297806179.0,1,0,1
0.0,1569297806639.0,1,0,1
0.0,1569297807099.0,1,0,1
0.0,1569297807559.0,1,0,1
0.0,1569297808020.0,1,0,1
0.01,1569297808480.0,1,0,1
0.01,1569297808974.0,1,0,1
0.0,1569297809400.0,1,0,1
0.0,1569297809859.0,1,0,1
0.01,1569297810319.0,1,0,1
0.01,1569297810789.0,1,0,1
0.01,1569297811239.0,1,0,1
0.0,1569297811710.0,-1,0,1
0.0,1569297812169.0,-1,0,1
0.0,1569297812629.0,-1,0,1
0.0,1569297813089.0,-1,0,1
0.02,1569297813550.0,-1,0,1
0.03,1569297814010.0,-1,0,1
0.01,1569297814470.0,-1,0,1
0.01,1569297814930.0,-1,0,1
0.03,1569297815389.0,-1,0,1
-0.04,1569297815850.0,-1,0,1
-0.03,1569297816320.0,-1,0,1
-0.02,1569297816769.0,-1,0,1
0.02,1569297817240.0,-1,0,1
0.0,1569297817690.0,-1,0,1
0.01,1569297818159.0,-1,0,1
0.0,1569297818631.0,-1,0,1
0.0,1569297819090.0,-1,0,1
0.0,1569297819549.0,-1,0,1
0.0,1569297820010.0,-1,0,1
0.0,1569297820470.0,-1,0,1
-0.01,1569297820930.0,-1,0,1
0.0,1569297821399.0,-1,0,1
0.01,1569297821859.0,-1,0,1
0.01,1569297822320.0,9,0,0
0.01,1569297822779.0,9,0,0
0.01,1569297823240.0,9,0,0
0.01,1569297823699.0,9,0,0
0.01,1569297824169.0,9,0,0
-0.04,1569297824630.0,9,0,0
-0.01,1569297825092.0,9,0,0
-0.03,1569297825549.0,9,0,0
-0.01,1569297826010.0,9,0,0
-0.01,1569297826469.0,9,0,0
-0.01,1569297826955.0,9,0,0
0.0,1569297827400.0,9,0,0
0.0,1569297827859.0,9,0,0
0.0,1569297828320.0,9,0,0
0.0,1569297828780.0,9,0,0
0.0,1569297829240.0,9,0,0
-0.01,1569297829710.0,9,0,0
-0.03,1569297830169.0,9,0,0
-0.02,1569297830630.0,9,0,0
-0.02,1569297831099.0,9,0,0
-0.01,1569297831549.0,9,0,0
-0.01,1569297832009.0,9,0,0
-0.01,1569297832480.0,9,0,0
-0.01,1569297832940.0,9,0,0
-0.02,1569297833400.0,9,0,0
-0.02,1569297833860.0,9,0,0
-0.03,1569297834372.0,9,0,0
-0.04,1569297834780.0,9,0,0
-0.02,1569297835250.0,9,0,0
-0.02,1569297835710.0,9,0,0
-0.02,1569297836169.0,9,0,0
0.0,1569297836630.0,9,0,0
0.0,1569297837090.0,9,0,0
0.0,1569297837560.0,9,0,0
-0.02,1569297838010.0,9,0,0
-0.01,1569297838480.0,9,0,0
-0.01,1569297838940.0,9,0,0
0.0,1569297839400.0,9,0,0
-0.01,1569297839860.0,9,0,0
0.0,1569297840320.0,9,0,0
-0.01,1569297840779.0,9,0,0
0.0,1569297841230.0,9,0,0
0.0,1569297841690.0,9,0,0
0.0,1569297842159.0,9,0,0
-0.01,1569297842620.0,1,0,0
-0.01,1569297843079.0,1,0,0
0.0,1569297843539.0,1,0,0
-0.01,1569297843999.0,1,0,0
0.0,1569297844480.0,1,0,0
0.05,1569297844939.0,1,0,0
0.0,1569297845400.0,1,0,0
0.01,1569297845859.0,1,0,0
0.01,1569297846320.0,1,0,0
0.01,1569297846779.0,1,0,0
0.01,1569297847240.0,1,0,0
0.0,1569297847710.0,1,0,0
0.0,1569297848169.0,1,0,0
0.0,1569297848629.0,1,0,0
0.0,1569297849100.0,1,0,0
0.0,1569297849559.0,1,0,0
0.0,1569297850024.0,1,0,0
0.0,1569297850479.0,1,0,0
0.0,1569297850939.0,1,0,0
0.01,1569297851399.0,1,0,0
0.03,1569297851859.0,1,0,0
0.01,1569297852319.0,1,0,0
0.0,1569297852780.0,1,0,0
0.0,1569297853239.0,1,0,0
0.0,1569297853690.0,1,0,0
0.0,1569297854150.0,1,0,0
0.02,1569297854609.0,1,0,0
0.0,1569297855080.0,1,0,0
0.01,1569297855539.0,1,0,0
0.01,1569297856001.0,1,0,0
0.0,1569297856460.0,1,0,0
0.0,1569297856920.0,1,0,0
0.03,1569297857380.0,1,0,0
0.0,1569297857840.0,1,0,0
0.0,1569297858300.0,1,0,0
0.0,1569297858777.0,1,0,0
0.0,1569297859219.0,1,0,0
0.0,1569297859679.0,1,0,0
0.0,1569297860140.0,1,0,0
0.0,1569297860599.0,1,0,0
0.02,1569297861059.0,1,0,0
0.02,1569297861530.0,1,0,0
0.03,1569297862000.0,1,0,0
0.01,1569297862459.0,1,0,0
0.01,1569297862920.0,1,0,0
0.01,1569297863380.0,1,0,0
-0.01,1569297863840.0,1,0,0
0.0,1569297864310.0,1,0,0
0.01,1569297864779.0,1,0,0
0.0,1569297865229.0,1,0,0
0.0,1569297865690.0,1,0,0
0.0,1569297866149.0,1,0,0
-0.02,1569297866599.0,1,0,0
0.0,1569297867059.0,1,0,0
-0.02,1569297867530.0,1,0,0
-0.06,1569297867990.0,5,0,0
-0.06,1569297868450.0,5,0,0
-0.04,1569297868910.0,5,0,0
-0.05,1569297869370.0,5,0,0
-0.01,1569297869830.0,5,0,0
0.0,1569297870289.0,5,0,0
0.02,1569297870750.0,5,0,0
0.04,1569297871220.0,5,0,0
0.03,1569297871670.0,5,0,0
0.05,1569297872139.0,5,0,0
0.04,1569297872590.0,5,0,0
0.01,1569297873060.0,5,0,0
0.0,1569297873520.0,5,0,0
0.0,1569297873970.0,5,0,0
-0.01,1569297874439.0,5,0,0
0.0,1569297874900.0,5,0,0
0.0,1569297875360.0,5,0,0
0.0,1569297875820.0,1,0,0
0.01,1569297876279.0,1,0,0
0.01,1569297876750.0,1,0,0
0.01,1569297877219.0,1,0,0
0.01,1569297877680.0,1,0,0
0.0,1569297878140.0,1,0,0
-0.01,1569297878600.0,1,0,0
0.0,1569297879060.0,1,0,0
0.0,1569297879520.0,1,0,0
0.0,1569297879980.0,1,0,0
0.0,1569297880440.0,1,0,0
0.0,1569297880899.0,1,0,0
0.0,1569297881360.0,1,0,0
0.0,1569297881847.0,1,0,0
0.0,1569297882279.0,1,0,0
0.0,1569297882740.0,1,0,0
0.0,1569297883210.0,1,0,0
0.0,1569297883670.0,1,0,0
0.0,1569297884130.0,1,0,0
0.0,1569297884590.0,1,0,0
0.0,1569297885059.0,1,0,0
0.0,1569297885520.0,1,0,0
0.01,1569297885981.0,1,0,0
0.01,1569297886440.0,1,0,0
0.0,1569297886890.0,1,0,0
0.0,1569297887350.0,1,0,0
0.0,1569297887810.0,1,0,0
0.0,1569297888280.0,1,0,0
0.0,1569297888740.0,1,0,0
0.0,1569297889210.0,1,0,0
0.0,1569297889670.0,1,0,0
0.0,1569297890140.0,1,0,0
0.01,1569297890600.0,1,0,0
0.0,1569297891060.0,1,0,0
0.0,1569297891520.0,1,0,0
0.0,1569297891980.0,1,0,0
0.0,1569297892430.0,1,0,0
0.0,1569297892890.0,1,0,0
0.0,1569297893350.0,1,0,0
0.0,1569297893810.0,1,0,0
0.0,1569297894270.0,1,0,0
0.0,1569297894720.0,1,0,0
0.0,1569297895190.0,1,0,0
0.0,1569297895650.0,1,0,0
0.0,1569297896110.0,1,0,0
0.0,1569297896570.0,1,0,0
0.0,1569297897030.0,1,0,0
0.01,1569297897490.0,1,0,0
0.01,1569297897950.0,1,0,0
0.01,1569297898410.0,1,0,0
0.0,1569297898870.0,1,0,0
0.0,1569297899330.0,1,0,0
0.01,1569297899791.0,1,0,0
0.01,1569297900260.0,1,0,0
0.01,1569297900710.0,1,0,0
0.01,1569297901170.0,1,0,0
0.0,1569297901629.0,1,0,0
0.0,1569297902090.0,1,0,0
0.01,1569297902560.0,1,0,0
0.02,1569297903020.0,1,0,0
0.01,1569297903481.0,1,0,0
0.01,1569297903940.0,1,0,0
0.02,1569297904400.0,1,0,0
0.01,1569297904861.0,1,0,0
0.0,1569297905330.0,1,0,0
0.0,1569297905791.0,1,0,0
0.01,1569297906250.0,1,0,0
0.0,1569297906710.0,1,0,0
0.0,1569297907180.0,1,0,0
0.0,1569297907640.0,1,0,0
0.0,1569297908100.0,1,0,0
0.0,1569297908559.0,1,0,0
0.0,1569297909020.0,1,0,0
0.0,1569297909489.0,1,0,0
0.0,1569297909940.0,1,0,0
0.0,1569297910410.0,1,0,0
0.0,1569297910870.0,1,0,0
0.0,1569297911330.0,1,0,0
0.03,1569297911791.0,1,0,0
0.0,1569297912250.0,1,0,0
0.0,1569297912700.0,1,0,0
0.0,1569297913160.0,1,0,0
0.0,1569297913620.0,1,0,0
0.0,1569297914090.0,1,0,0
0.0,1569297914550.0,1,0,0
0.0,1569297915010.0,1,0,0
0.0,1569297915470.0,1,0,0
0.0,1569297915930.0,1,0,0
0.0,1569297916390.0,1,0,0
0.01,1569297916850.0,1,0,0
0.01,1569297917311.0,1,0,0
0.0,1569297917785.0,2,0,0
0.02,1569297918230.0,2,0,0
0.03,1569297918689.0,2,0,0
0.02,1569297919150.0,2,0,0
0.01,1569297919610.0,2,0,0
0.01,1569297920070.0,2,0,0
0.0,1569297920530.0,2,0,0
-0.02,1569297921000.0,2,0,0
-0.01,1569297921460.0,2,0,0
0.0,1569297921920.0,2,0,0
0.0,1569297922381.0,2,0,0
0.01,1569297922841.0,2,0,0
0.01,1569297923300.0,2,0,0
0.02,1569297923760.0,2,0,0
0.02,1569297924220.0,2,0,0
0.03,1569297924679.0,2,0,0
0.03,1569297925150.0,2,0,0
0.04,1569297925600.0,2,0,0
0.02,1569297926060.0,2,0,0
0.02,1569297926520.0,2,0,0
0.02,1569297926980.0,2,0,0
0.01,1569297927440.0,2,0,0
0.02,1569297927900.0,2,0,0
0.03,1569297928390.0,2,0,0
0.02,1569297928820.0,2,0,0
-0.01,1569297929290.0,2,0,0
-0.03,1569297929750.0,2,0,0
-0.06,1569297930210.0,5,0,0
-0.06,1569297930669.0,5,0,0
-0.02,1569297931130.0,5,0,0
0.05,1569297931590.0,5,0,0
0.09,1569297932050.0,5,0,0
0.11,1569297932510.0,5,0,0
0.1,1569297932971.0,5,0,0
0.06,1569297933431.0,5,0,0
0.05,1569297933891.0,5,0,0
0.0,1569297934350.0,5,0,0
0.0,1569297934812.0,5,0,0
0.0,1569297935270.0,5,0,0
0.0,1569297935733.0,5,0,0
0.0,1569297936190.0,5,0,0
0.0,1569297936650.0,1,0,0
0.0,1569297937111.0,1,0,0
0.0,1569297937580.0,1,0,0
-0.05,1569297938031.0,1,0,0
-0.11,1569297938490.0,1,0,0
-0.11,1569297938950.0,3,0,0
-0.11,1569297939410.0,3,0,0
-0.08,1569297939870.0,3,0,0
-0.04,1569297940330.0,3,0,0
-0.04,1569297940790.0,3,0,0
-0.04,1569297941261.0,3,0,0
-0.02,1569297941720.0,3,0,0
0.0,1569297942180.0,3,0,0
0.01,1569297942640.0,3,0,0
0.0,1569297943163.0,1,0,0
0.0,1569297943560.0,1,0,0
0.01,1569297944010.0,1,0,0
0.01,1569297944480.0,1,0,0
0.0,1569297944940.0,1,0,0
0.0,1569297945411.0,1,0,0
0.0,1569297945881.0,1,0,0
-0.01,1569297946341.0,1,0,0
-0.01,1569297946801.0,1,0,0
-0.01,1569297947260.0,1,0,0
0.03,1569297947720.0,1,0,0
0.0,1569297948190.0,1,0,0
0.0,1569297948650.0,1,0,0
-0.01,1569297949111.0,1,0,0
0.0,1569297949570.0,2,0,0
0.03,1569297950030.0,2,0,0
0.02,1569297950507.0,2,0,0
0.04,1569297950961.0,2,0,0
0.05,1569297951430.0,2,0,0
0.05,1569297951880.0,2,0,0
0.05,1569297952341.0,2,0,0
0.04,1569297952801.0,2,0,0
0.04,1569297953270.0,2,0,0
0.03,1569297953740.0,2,0,0
0.01,1569297954200.0,2,0,0
-0.01,1569297954661.0,2,0,0
-0.03,1569297955120.0,2,0,0
-0.02,1569297955581.0,2,0,0
-0.02,1569297956040.0,5,0,0
0.0,1569297956501.0,5,0,0
0.01,1569297956971.0,5,0,0
0.01,1569297957430.0,5,0,0
0.02,1569297957891.0,5,0,0
0.01,1569297958360.0,5,0,0
0.02,1569297958820.0,5,0,0
0.02,1569297959281.0,5,0,0
0.04,1569297959740.0,5,0,0
0.03,1569297960201.0,5,0,0
0.03,1569297960661.0,5,0,0
-0.03,1569297961132.0,5,0,0
-0.05,1569297961580.0,5,0,0
-0.14,1569297962041.0,3,0,0
-0.13,1569297962491.0,3,0,0
-0.14,1569297962951.0,3,0,0
-0.11,1569297963420.0,3,0,0
-0.11,1569297963871.0,3,0,0
-0.05,1569297964330.0,3,0,0
-0.02,1569297964791.0,3,0,0
0.01,1569297965260.0,3,0,0
-0.02,1569297965721.0,3,0,0
0.01,1569297966181.0,3,0,0
-0.06,1569297966653.0,3,0,0
-0.04,1569297967111.0,3,0,0
-0.05,1569297967571.0,3,0,0
-0.09,1569297968041.0,3,0,0
-0.07,1569297968500.0,3,0,0
-0.12,1569297968961.0,3,0,0
-0.09,1569297969430.0,3,0,0
-0.08,1569297969890.0,3,0,0
-0.11,1569297970351.0,3,0,0
-0.05,1569297970810.0,3,0,0
-0.04,1569297971271.0,3,0,0
0.01,1569297971730.0,3,0,0
0.01,1569297972191.0,3,0,0
-0.01,1569297972651.0,3,0,0
0.0,1569297973111.0,3,0,0
-0.02,1569297973571.0,3,0,0
-0.01,1569297974030.0,1,0,0
-0.02,1569297974501.0,1,0,0
0.09,1569297974961.0,1,0,0
0.1,1569297975430.0,1,0,0
0.11,1569297975891.0,1,0,0
0.07,1569297976350.0,1,0,0
0.0,1569297976811.0,1,0,0
0.0,1569297977270.0,1,0,0
-0.03,1569297977730.0,1,0,0
0.01,1569297978190.0,1,0,0
0.01,1569297978650.0,1,0,0
-0.01,1569297979120.0,1,0,0
-0.01,1569297979581.0,1,0,0
0.0,1569297980030.0,1,0,0
0.01,1569297980490.0,1,0,0
0.0,1569297980950.0,1,0,0
0.0,1569297981410.0,1,0,0
-0.01,1569297981871.0,1,0,0
-0.01,1569297982340.0,1,0,0
-0.01,1569297982800.0,1,0,0
0.0,1569297983260.0,1,0,0
-0.01,1569297983720.0,1,0,0
-0.01,1569297984181.0,1,0,0
-0.02,1569297984651.0,1,0,0
0.0,1569297985111.0,1,0,0
0.0,1569297985590.0,1,0,0
0.0,1569297986050.0,1,0,0
-0.01,1569297986520.0,1,0,0
0.0,1569297986980.0,1,0,0
-0.03,1569297987440.0,1,0,0
-0.01,1569297987900.0,1,0,0
0.0,1569297988360.0,1,0,0
-0.01,1569297988820.0,1,0,0
0.0,1569297989290.0,1,0,0
0.0,1569297989750.0,1,0,0
0.0,1569297990210.0,1,0,0
0.0,1569297990670.0,1,0,0
0.0,1569297991130.0,1,0,0
0.0,1569297991591.0,1,0,0
0.0,1569297992050.0,1,0,0
0.0,1569297992510.0,1,0,0
0.0,1569297992970.0,1,0,0
0.0,1569297993440.0,1,0,0
0.0,1569297993906.0,1,0,0
0.0,1569297994361.0,1,0,0
0.0,1569297994821.0,1,0,0
0.0,1569297995281.0,1,0,0
0.0,1569297995741.0,1,0,0
0.0,1569297996211.0,1,0,0
0.0,1569297996670.0,1,0,0
0.0,1569297997130.0,1,0,0
0.0,1569297997590.0,1,0,0
0.0,1569297998050.0,1,0,0
0.0,1569297998510.0,1,0,0
0.0,1569297998972.0,0,0,0
0.0,1569297999431.0,0,0,0
