DT_brakePressure,Timestamp,Action,Bump,Traffic congestion
-0.03,1569296915002.0,8,0,0
-0.03,1569296915473.0,8,0,0
-0.03,1569296915933.0,8,0,0
-0.03,1569296916393.0,8,0,0
-0.03,1569296916862.0,8,0,0
-0.03,1569296917323.0,8,0,0
-0.03,1569296917782.0,8,0,0
-0.03,1569296918243.0,8,0,0
-0.03,1569296918713.0,8,0,0
-0.03,1569296919173.0,8,0,0
-0.03,1569296919633.0,8,0,0
-0.03,1569296920092.0,8,0,0
-0.03,1569296920562.0,8,0,0
-0.03,1569296921023.0,8,0,0
-0.03,1569296921483.0,8,0,0
-0.03,1569296921943.0,8,0,0
-0.03,1569296922403.0,8,0,0
-0.03,1569296922863.0,8,0,0
-0.03,1569296923323.0,8,0,0
-0.03,1569296923793.0,8,0,0
-0.03,1569296924252.0,8,0,0
-0.03,1569296924712.0,8,0,0
-0.03,1569296925173.0,8,0,0
-0.03,1569296925633.0,8,0,0
-0.03,1569296926092.0,8,0,0
-0.03,1569296926553.0,8,0,0
-0.03,1569296927012.0,8,0,0
-0.03,1569296927473.0,8,0,0
-0.03,1569296927933.0,8,0,0
-0.03,1569296928427.0,8,0,0
-0.03,1569296928852.0,8,0,0
-0.03,1569296929323.0,8,0,0
-0.03,1569296929783.0,8,0,0
-0.03,1569296930243.0,8,0,0
-0.03,1569296930703.0,8,0,0
-0.03,1569296931153.0,1,0,0
-0.03,1569296931630.0,1,0,0
-0.03,1569296932072.0,1,0,0
-0.03,1569296932543.0,1,0,0
-0.03,1569296932993.0,1,0,0
-0.03,1569296933463.0,1,0,0
-0.03,1569296933933.0,1,0,0
-0.03,1569296934392.0,1,0,0
-0.03,1569296934852.0,1,0,0
-0.03,1569296935313.0,1,0,0
-0.03,1569296935763.0,1,0,0
-0.03,1569296936233.0,1,0,0
-0.03,1569296936703.0,1,0,0
-0.03,1569296937162.0,1,0,0
-0.03,1569296937623.0,1,0,0
-0.03,1569296938082.0,1,0,0
-0.03,1569296938543.0,1,0,0
-0.03,1569296938992.0,1,0,0
-0.03,1569296939453.0,1,0,0
-0.03,1569296939916.0,1,0,0
-0.03,1569296940383.0,1,0,0
-0.03,1569296940852.0,1,0,0
-0.03,1569296941303.0,1,0,0
-0.03,1569296941773.0,1,0,0
-0.03,1569296942223.0,1,0,0
-0.03,1569296942692.0,1,0,0
-0.03,1569296943151.0,1,0,0
-0.03,1569296943613.0,1,0,0
-0.03,1569296944063.0,8,0,0
-0.03,1569296944522.0,8,0,0
-0.03,1569296944983.0,8,0,0
-0.03,1569296945443.0,8,0,0
-0.03,1569296945903.0,8,0,0
-0.03,1569296946362.0,8,0,0
-0.03,1569296946823.0,8,0,0
-0.03,1569296947272.0,8,0,0
-0.03,1569296947733.0,8,0,0
-0.03,1569296948192.0,8,0,0
-0.03,1569296948652.0,8,0,0
-0.03,1569296949112.0,8,0,0
-0.03,1569296949573.0,8,0,0
-0.03,1569296950042.0,8,0,0
-0.03,1569296950506.0,8,0,0
-0.03,1569296950952.0,8,0,0
-0.03,1569296951423.0,8,0,0
-0.03,1569296951882.0,8,0,0
-0.03,1569296952344.0,8,0,0
-0.03,1569296952803.0,8,0,0
-0.03,1569296953263.0,8,0,0
-0.03,1569296953732.0,8,0,0
-0.03,1569296954193.0,8,0,0
-0.03,1569296954652.0,8,0,0
-0.03,1569296955112.0,8,0,0
-0.03,1569296955583.0,8,0,0
-0.03,1569296956052.0,8,0,0
-0.03,1569296956513.0,8,0,0
-0.03,1569296956972.0,8,0,0
-0.03,1569296957443.0,8,0,0
-0.03,1569296957910.0,8,0,0
-0.03,1569296958363.0,8,0,0
-0.03,1569296958823.0,1,0,0
-0.03,1569296959282.0,1,0,0
-0.03,1569296959743.0,1,0,0
-0.03,1569296960203.0,1,0,0
-0.03,1569296960663.0,1,0,0
-0.03,1569296961123.0,1,0,0
-0.03,1569296961593.0,1,0,0
-0.03,1569296962076.0,1,0,0
-0.03,1569296962512.0,1,0,0
-0.03,1569296962972.0,1,0,0
-0.03,1569296963443.0,1,0,0
-0.03,1569296963903.0,1,0,0
-0.03,1569296964363.0,1,0,0
-0.03,1569296964823.0,1,0,0
-0.03,1569296965282.0,1,0,0
-0.03,1569296965743.0,1,0,0
-0.03,1569296966203.0,1,0,0
-0.03,1569296966663.0,1,0,0
-0.03,1569296967122.0,1,0,0
-0.03,1569296967582.0,1,0,0
-0.03,1569296968042.0,1,0,0
-0.03,1569296968503.0,1,0,0
-0.03,1569296968964.0,1,0,0
-0.03,1569296969413.0,1,0,0
-0.03,1569296969873.0,1,0,0
-0.03,1569296970332.0,1,0,0
-0.03,1569296970792.0,1,0,0
-0.03,1569296971252.0,1,0,0
-0.03,1569296971712.0,1,0,0
-0.03,1569296972172.0,1,0,0
-0.03,1569296972643.0,1,0,0
-0.03,1569296973092.0,1,0,0
-0.03,1569296973563.0,1,0,0
-0.03,1569296974022.0,1,0,0
-0.03,1569296974482.0,1,0,0
-0.03,1569296974943.0,1,0,0
-0.03,1569296975403.0,1,0,0
-0.03,1569296975863.0,1,0,0
-0.03,1569296976343.0,1,0,0
-0.03,1569296976803.0,1,0,0
-0.03,1569296977262.0,1,0,0
-0.03,1569296977733.0,1,0,0
-0.03,1569296978193.0,1,0,0
-0.03,1569296978653.0,1,0,0
-0.03,1569296979112.0,1,0,0
-0.03,1569296979573.0,1,0,0
-0.03,1569296980033.0,1,0,0
-0.03,1569296980503.0,1,0,0
-0.03,1569296980962.0,1,0,0
-0.03,1569296981423.0,1,0,0
-0.03,1569296981875.0,1,0,0
-0.03,1569296982333.0,1,0,0
-0.03,1569296982793.0,1,0,0
-0.03,1569296983287.0,1,0,0
-0.03,1569296983713.0,1,0,0
-0.03,1569296984163.0,1,0,0
-0.03,1569296984633.0,1,0,0
-0.03,1569296985093.0,1,0,0
-0.03,1569296985553.0,1,0,0
-0.03,1569296986013.0,1,0,0
-0.03,1569296986473.0,1,0,0
-0.03,1569296986933.0,1,0,0
-0.03,1569296987393.0,1,0,0
-0.03,1569296987853.0,1,0,0
-0.03,1569296988324.0,1,0,0
-0.03,1569296988783.0,1,0,0
-0.03,1569296989243.0,1,0,0
-0.03,1569296989693.0,1,0,0
-0.03,1569296990153.0,1,0,0
-0.03,1569296990628.0,1,0,0
-0.03,1569296991073.0,1,0,0
-0.03,1569296991542.0,1,0,0
-0.03,1569296992003.0,1,0,0
-0.03,1569296992466.0,1,0,0
-0.03,1569296992923.0,1,0,0
-0.03,1569296993383.0,1,0,0
-0.03,1569296993853.0,1,0,0
-0.03,1569296994303.0,1,0,0
0.0,1569296994763.0,5,0,0
0.15,1569296995233.0,5,0,0
0.18,1569296995693.0,5,0,0
0.06,1569296996163.0,5,0,0
0.0,1569296996628.0,5,0,0
-0.03,1569296997083.0,5,0,0
-0.03,1569296997552.0,5,0,0
-0.03,1569296998037.0,5,0,0
-0.03,1569296998463.0,5,0,0
-0.03,1569296998923.0,5,0,0
-0.03,1569296999384.0,5,0,0
-0.03,1569296999843.0,5,0,0
-0.03,1569297000305.0,1,0,0
-0.03,1569297000764.0,1,0,0
-0.03,1569297001224.0,1,0,0
-0.03,1569297001693.0,1,0,0
-0.03,1569297002153.0,1,0,0
-0.03,1569297002627.0,1,0,0
-0.03,1569297003074.0,1,0,0
-0.03,1569297003534.0,1,0,0
-0.03,1569297003993.0,1,0,0
-0.03,1569297004454.0,1,0,0
-0.03,1569297004914.0,1,0,0
-0.03,1569297005373.0,1,0,0
-0.03,1569297005833.0,1,0,0
-0.03,1569297006293.0,1,0,0
-0.03,1569297006756.0,1,0,0
-0.03,1569297007214.0,3,1,0
-0.03,1569297007673.0,3,1,0
-0.03,1569297008143.0,3,1,0
-0.03,1569297008603.0,3,1,0
-0.03,1569297009053.0,3,1,0
-0.03,1569297009514.0,3,1,0
-0.03,1569297009973.0,3,1,0
-0.03,1569297010433.0,3,1,0
-0.03,1569297010893.0,3,1,0
-0.03,1569297011344.0,3,1,0
-0.03,1569297011812.0,3,1,0
-0.03,1569297012273.0,3,1,0
-0.03,1569297012733.0,3,1,0
-0.03,1569297013194.0,3,1,0
-0.03,1569297013652.0,3,1,0
-0.03,1569297014123.0,3,1,0
-0.03,1569297014573.0,3,1,0
-0.03,1569297015034.0,3,1,0
-0.03,1569297015503.0,3,1,0
-0.03,1569297015964.0,3,1,0
-0.03,1569297016433.0,3,1,0
-0.03,1569297016893.0,1,0,0
-0.03,1569297017354.0,1,0,0
-0.03,1569297017806.0,1,0,0
-0.03,1569297018262.0,1,0,0
-0.03,1569297018723.0,1,0,0
-0.03,1569297019204.0,1,0,0
-0.03,1569297019644.0,1,0,0
-0.03,1569297020092.0,1,0,0
-0.03,1569297020563.0,1,0,0
-0.03,1569297021024.0,1,1,0
-0.03,1569297021483.0,1,1,0
-0.03,1569297021944.0,1,1,0
-0.03,1569297022403.0,1,1,0
-0.03,1569297022863.0,1,1,0
-0.03,1569297023324.0,1,1,0
-0.03,1569297023773.0,1,1,0
-0.03,1569297024233.0,1,1,0
-0.03,1569297024694.0,1,1,0
-0.03,1569297025153.0,1,1,0
-0.03,1569297025617.0,1,0,0
-0.03,1569297026074.0,1,0,0
-0.03,1569297026574.0,1,0,0
-0.03,1569297027003.0,1,0,0
-0.03,1569297027463.0,1,0,0
-0.03,1569297027923.0,1,0,0
-0.03,1569297028373.0,1,0,0
-0.03,1569297028843.0,1,0,0
-0.03,1569297029294.0,1,0,0
-0.03,1569297029764.0,1,0,0
-0.03,1569297030223.0,1,0,0
-0.03,1569297030673.0,1,0,0
-0.03,1569297031143.0,1,0,0
-0.03,1569297031603.0,1,0,0
-0.03,1569297032063.0,1,0,0
-0.03,1569297032524.0,1,0,0
-0.03,1569297032983.0,1,0,0
-0.03,1569297033443.0,1,0,0
-0.03,1569297033904.0,1,0,0
-0.03,1569297034373.0,2,0,0
-0.03,1569297034833.0,2,0,0
-0.03,1569297035293.0,2,0,0
-0.03,1569297035763.0,2,0,0
-0.03,1569297036213.0,2,0,0
-0.03,1569297036674.0,2,0,0
-0.03,1569297037153.0,2,0,0
-0.03,1569297037613.0,2,0,0
-0.03,1569297038063.0,2,0,0
-0.03,1569297038523.0,2,0,0
-0.03,1569297038984.0,2,0,0
-0.03,1569297039433.0,1,0,0
-0.03,1569297039904.0,1,0,0
-0.03,1569297040353.0,1,0,0
-0.03,1569297040813.0,1,0,0
-0.03,1569297041273.0,1,0,0
-0.03,1569297041733.0,1,0,0
-0.03,1569297042193.0,1,0,0
-0.03,1569297042653.0,1,0,0
-0.03,1569297043113.0,1,0,0
-0.03,1569297043573.0,1,0,0
-0.03,1569297044033.0,1,0,0
-0.03,1569297044493.0,1,0,0
-0.03,1569297044954.0,1,0,0
-0.03,1569297045414.0,1,0,0
-0.03,1569297045883.0,1,0,0
-0.03,1569297046334.0,1,0,0
-0.03,1569297046793.0,1,0,0
-0.03,1569297047253.0,1,0,0
-0.03,1569297047755.0,1,0,0
-0.03,1569297048184.0,1,0,0
-0.03,1569297048645.0,1,0,0
-0.03,1569297049103.0,5,0,0
-0.03,1569297049564.0,5,0,0
-0.03,1569297050024.0,5,0,0
-0.03,1569297050484.0,5,0,0
-0.03,1569297050943.0,5,0,0
-0.03,1569297051404.0,5,0,0
-0.03,1569297051864.0,5,0,0
-0.03,1569297052324.0,5,0,0
-0.03,1569297052794.0,5,0,0
-0.03,1569297053253.0,5,0,0
-0.03,1569297053714.0,5,0,0
-0.03,1569297054173.0,5,0,0
-0.03,1569297054644.0,5,0,0
-0.03,1569297055103.0,3,0,0
-0.03,1569297055564.0,3,0,0
-0.03,1569297056024.0,3,0,0
0.15,1569297056484.0,3,0,0
0.27,1569297056944.0,3,0,0
0.45,1569297057406.0,3,0,0
0.33,1569297057874.0,3,0,0
0.06,1569297058334.0,3,0,0
0.06,1569297058793.0,3,0,0
0.18,1569297059243.0,3,0,0
0.21,1569297059704.0,3,0,0
0.21,1569297060164.0,3,0,0
0.24,1569297060624.0,3,0,0
0.36,1569297061093.0,3,0,0
0.48,1569297061558.0,3,0,0
0.48,1569297062014.0,3,0,0
0.51,1569297062473.0,3,0,0
0.48,1569297062934.0,3,0,0
0.0,1569297063394.0,3,0,0
-0.03,1569297063844.0,3,0,0
-0.03,1569297064304.0,3,0,0
-0.03,1569297064763.0,3,0,0
-0.03,1569297065224.0,3,0,0
-0.03,1569297065684.0,3,0,0
-0.03,1569297066154.0,3,0,0
-0.03,1569297066614.0,3,0,0
-0.03,1569297067084.0,3,0,0
-0.03,1569297067544.0,3,0,0
-0.03,1569297068004.0,3,0,0
-0.03,1569297068464.0,1,0,0
-0.03,1569297068924.0,1,0,0
-0.03,1569297069384.0,1,0,0
-0.03,1569297069844.0,1,0,0
-0.03,1569297070304.0,1,0,0
0.36,1569297070763.0,1,0,0
0.96,1569297071224.0,1,0,0
0.03,1569297071684.0,1,0,0
0.12,1569297072143.0,1,0,0
0.33,1569297072604.0,1,0,0
0.36,1569297073063.0,1,0,0
0.84,1569297073523.0,1,0,0
1.3800000000000001,1569297073983.0,1,0,0
1.8900000000000001,1569297074444.0,1,0,0
2.7600000000000002,1569297074904.0,1,0,0
3.7800000000000002,1569297075363.0,1,0,0
2.52,1569297075824.0,1,0,0
1.98,1569297076317.0,1,0,0
1.3800000000000001,1569297076743.0,1,0,0
0.06,1569297077224.0,1,0,0
0.5700000000000001,1569297077684.0,1,0,0
1.29,1569297078144.0,1,0,0
0.3,1569297078604.0,1,0,0
1.17,1569297079063.0,0,0,0
1.29,1569297079541.0,0,0,0
1.11,1569297079984.0,0,0,0
1.11,1569297080443.0,0,0,0
1.11,1569297080904.0,0,0,0
0.72,1569297081364.0,0,0,0
0.33,1569297081834.0,0,0,0
0.45,1569297082293.0,0,0,0
-0.03,1569297082753.0,0,0,0
-0.03,1569297083214.0,-1,0,1
-0.03,1569297083673.0,-1,0,1
-0.03,1569297084133.0,-1,0,1
1.05,1569297084594.0,-1,0,1
-0.03,1569297085064.0,-1,0,1
0.03,1569297085524.0,-1,0,1
-0.03,1569297085984.0,-1,0,1
-0.03,1569297086444.0,-1,0,1
-0.03,1569297086913.0,-1,0,1
-0.03,1569297087373.0,-1,0,1
-0.03,1569297087834.0,-1,0,1
-0.03,1569297088293.0,-1,0,1
-0.03,1569297088753.0,-1,0,1
-0.03,1569297089213.0,-1,0,1
-0.03,1569297089673.0,-1,0,1
-0.03,1569297090133.0,-1,0,1
-0.03,1569297090594.0,-1,0,1
-0.03,1569297091054.0,-1,0,1
-0.03,1569297091514.0,-1,0,1
-0.03,1569297091985.0,-1,0,1
-0.03,1569297092444.0,-1,0,1
-0.03,1569297092904.0,-1,0,1
-0.03,1569297093363.0,-1,0,1
-0.03,1569297093824.0,-1,0,1
-0.03,1569297094284.0,1,0,0
-0.03,1569297094744.0,1,0,0
-0.03,1569297095203.0,1,0,0
-0.03,1569297095664.0,1,0,0
-0.03,1569297096123.0,1,0,0
-0.03,1569297096584.0,1,0,0
-0.03,1569297097053.0,1,0,0
-0.03,1569297097513.0,1,0,0
-0.03,1569297097974.0,1,0,0
-0.03,1569297098434.0,1,0,0
-0.03,1569297098894.0,1,0,0
-0.03,1569297099354.0,1,0,0
-0.03,1569297099814.0,1,0,0
-0.03,1569297100274.0,1,0,0
-0.03,1569297100734.0,1,0,0
-0.03,1569297101204.0,1,0,0
-0.03,1569297101664.0,1,0,0
-0.03,1569297102123.0,1,0,0
-0.03,1569297102584.0,1,0,0
-0.03,1569297103054.0,1,0,0
-0.03,1569297103514.0,1,0,0
-0.03,1569297103974.0,1,0,0
-0.03,1569297104434.0,1,0,0
-0.03,1569297104915.0,1,0,0
-0.03,1569297105364.0,1,0,0
-0.03,1569297105824.0,1,0,0
-0.03,1569297106284.0,1,0,0
-0.03,1569297106744.0,1,0,0
-0.03,1569297107205.0,1,0,0
-0.03,1569297107664.0,1,0,0
-0.03,1569297108123.0,1,0,0
-0.03,1569297108584.0,1,0,0
-0.03,1569297109044.0,1,0,0
-0.03,1569297109514.0,1,0,0
-0.03,1569297109974.0,1,0,0
-0.03,1569297110433.0,1,0,0
-0.03,1569297110893.0,1,0,0
-0.03,1569297111354.0,1,0,0
-0.03,1569297111814.0,1,0,0
-0.03,1569297112273.0,3,0,0
-0.03,1569297112734.0,3,0,0
-0.03,1569297113194.0,3,0,0
-0.03,1569297113654.0,3,0,0
-0.03,1569297114114.0,3,0,0
-0.03,1569297114574.0,3,0,0
-0.03,1569297115044.0,3,0,0
-0.03,1569297115494.0,3,0,0
-0.03,1569297115954.0,3,0,0
-0.03,1569297116414.0,3,0,0
-0.03,1569297116874.0,3,0,0
-0.03,1569297117354.0,3,0,0
-0.03,1569297117814.0,3,0,0
-0.03,1569297118274.0,3,0,0
-0.03,1569297118734.0,3,0,0
-0.03,1569297119204.0,3,0,0
-0.03,1569297119664.0,3,0,0
-0.03,1569297120124.0,3,0,0
-0.03,1569297120584.0,3,0,0
-0.03,1569297121044.0,3,0,0
-0.03,1569297121514.0,3,0,0
-0.03,1569297121975.0,3,0,0
-0.03,1569297122424.0,3,0,0
-0.03,1569297122894.0,3,0,0
-0.03,1569297123354.0,3,0,0
-0.03,1569297123814.0,3,0,0
-0.03,1569297124274.0,3,0,0
-0.03,1569297124734.0,1,0,0
-0.03,1569297125204.0,1,0,0
-0.03,1569297125664.0,1,0,0
-0.03,1569297126124.0,1,0,0
-0.03,1569297126584.0,1,0,0
-0.03,1569297127046.0,1,0,0
-0.03,1569297127513.0,1,0,0
-0.03,1569297127973.0,1,0,0
-0.03,1569297128444.0,1,0,0
-0.03,1569297128904.0,1,0,0
-0.03,1569297129397.0,1,0,0
-0.03,1569297129833.0,1,0,0
-0.03,1569297130293.0,1,0,0
-0.03,1569297130754.0,1,0,0
-0.03,1569297131214.0,1,0,0
-0.03,1569297131675.0,1,0,0
-0.03,1569297132134.0,1,0,0
-0.03,1569297132595.0,1,0,0
-0.03,1569297133055.0,1,0,0
-0.03,1569297133515.0,1,0,0
-0.03,1569297133975.0,1,0,0
-0.03,1569297134434.0,3,0,0
-0.03,1569297134895.0,3,0,0
-0.03,1569297135354.0,3,0,0
-0.03,1569297135824.0,3,0,0
-0.03,1569297136284.0,3,0,0
-0.03,1569297136744.0,3,0,0
-0.03,1569297137204.0,3,0,0
-0.03,1569297137675.0,3,0,0
-0.03,1569297138134.0,3,0,0
-0.03,1569297138594.0,3,0,0
-0.03,1569297139054.0,3,0,0
-0.03,1569297139515.0,3,0,0
-0.03,1569297139974.0,3,0,0
-0.03,1569297140444.0,3,0,0
-0.03,1569297140904.0,3,0,0
-0.03,1569297141364.0,3,0,0
-0.03,1569297141823.0,3,0,0
-0.03,1569297142295.0,3,0,0
-0.03,1569297142753.0,3,0,0
-0.03,1569297143214.0,3,0,0
-0.03,1569297143675.0,3,0,0
-0.03,1569297144133.0,3,0,0
-0.03,1569297144594.0,4,0,0
-0.03,1569297145054.0,4,0,0
-0.03,1569297145515.0,4,0,0
-0.03,1569297145974.0,4,0,0
-0.03,1569297146434.0,4,0,0
-0.03,1569297146894.0,4,0,0
-0.03,1569297147354.0,4,0,0
-0.03,1569297147814.0,4,0,0
-0.03,1569297148274.0,4,0,0
-0.03,1569297148734.0,4,0,0
-0.03,1569297149203.0,4,0,0
-0.03,1569297149653.0,4,0,0
-0.03,1569297150124.0,4,0,0
-0.03,1569297150574.0,1,0,0
-0.03,1569297151034.0,1,0,0
-0.03,1569297151494.0,1,0,0
-0.03,1569297151954.0,1,0,0
-0.03,1569297152414.0,1,0,0
-0.03,1569297152875.0,1,0,0
-0.03,1569297153334.0,1,0,0
-0.03,1569297153794.0,4,0,0
0.0,1569297154264.0,4,0,0
-0.03,1569297154724.0,4,0,0
-0.03,1569297155185.0,4,0,0
-0.03,1569297155663.0,4,0,0
-0.03,1569297156114.0,4,0,0
-0.03,1569297156575.0,4,0,0
-0.03,1569297157034.0,4,0,0
-0.03,1569297157493.0,4,0,0
-0.03,1569297157964.0,4,0,0
-0.03,1569297158434.0,4,0,0
-0.03,1569297158894.0,4,0,0
-0.03,1569297159355.0,4,0,0
-0.03,1569297159815.0,4,0,0
-0.03,1569297160274.0,1,0,0
-0.03,1569297160745.0,1,0,0
0.0,1569297161204.0,1,0,0
-0.03,1569297161664.0,1,0,0
-0.03,1569297162125.0,1,0,0
-0.03,1569297162585.0,1,0,0
-0.03,1569297163054.0,1,0,0
-0.03,1569297163515.0,1,0,0
-0.03,1569297163975.0,1,0,0
-0.03,1569297164424.0,1,0,0
-0.03,1569297164884.0,1,0,0
-0.03,1569297165355.0,1,0,0
-0.03,1569297165815.0,1,0,0
-0.03,1569297166274.0,1,0,0
-0.03,1569297166734.0,1,0,0
-0.03,1569297167195.0,1,0,0
-0.03,1569297167657.0,1,0,0
-0.03,1569297168115.0,2,0,0
-0.03,1569297168578.0,2,0,0
-0.03,1569297169035.0,2,0,0
-0.03,1569297169494.0,2,0,0
-0.03,1569297169955.0,2,0,0
-0.03,1569297170414.0,2,0,0
-0.03,1569297170875.0,2,0,0
-0.03,1569297171345.0,2,0,0
-0.03,1569297171805.0,2,0,0
-0.03,1569297172264.0,2,0,0
-0.03,1569297172725.0,2,0,0
-0.03,1569297173195.0,2,0,0
-0.03,1569297173658.0,2,0,0
-0.03,1569297174115.0,4,0,0
-0.03,1569297174565.0,4,0,0
-0.03,1569297175024.0,4,0,0
-0.03,1569297175484.0,4,0,0
-0.03,1569297175968.0,4,0,0
-0.03,1569297176415.0,4,0,0
-0.03,1569297176875.0,4,0,0
-0.03,1569297177334.0,4,0,0
-0.03,1569297177795.0,4,0,0
-0.03,1569297178274.0,4,0,0
-0.03,1569297178735.0,8,0,0
-0.03,1569297179205.0,8,0,0
-0.03,1569297179663.0,8,0,0
-0.03,1569297180125.0,8,0,0
0.0,1569297180585.0,8,0,0
-0.03,1569297181045.0,8,0,0
-0.03,1569297181505.0,8,0,0
-0.03,1569297181965.0,8,0,0
-0.03,1569297182436.0,8,0,0
-0.03,1569297182895.0,8,0,0
-0.03,1569297183365.0,8,0,0
0.09,1569297183815.0,8,0,0
0.27,1569297184284.0,8,0,0
0.6,1569297184735.0,8,0,0
0.0,1569297185194.0,8,0,0
-0.03,1569297185661.0,8,0,0
-0.03,1569297186115.0,8,0,0
-0.03,1569297186574.0,8,0,0
-0.03,1569297187035.0,8,0,0
-0.03,1569297187504.0,8,0,0
-0.03,1569297187955.0,8,0,0
-0.03,1569297188417.0,8,0,0
-0.03,1569297188875.0,8,0,0
-0.03,1569297189345.0,8,0,0
-0.03,1569297189806.0,8,0,0
-0.03,1569297190265.0,8,0,0
-0.03,1569297190730.0,8,0,0
-0.03,1569297191184.0,8,0,0
-0.03,1569297191645.0,8,0,0
-0.03,1569297192105.0,8,0,0
-0.03,1569297192564.0,8,0,0
-0.03,1569297193025.0,8,0,0
-0.03,1569297193484.0,8,0,0
-0.03,1569297193955.0,8,0,0
-0.03,1569297194415.0,8,0,0
-0.03,1569297194874.0,8,0,0
-0.03,1569297195334.0,8,0,0
-0.03,1569297195795.0,1,0,0
-0.03,1569297196254.0,1,0,0
-0.03,1569297196714.0,1,0,0
-0.03,1569297197174.0,1,0,0
0.0,1569297197635.0,1,0,0
-0.03,1569297198159.0,1,0,0
-0.03,1569297198564.0,1,0,0
0.0,1569297199025.0,1,0,0
-0.03,1569297199485.0,1,0,0
-0.03,1569297199944.0,1,0,0
-0.03,1569297200405.0,1,0,0
-0.03,1569297200874.0,1,0,0
-0.03,1569297201334.0,1,0,0
-0.03,1569297201794.0,1,0,0
-0.03,1569297202255.0,1,0,0
-0.03,1569297202715.0,1,0,0
-0.03,1569297203185.0,1,0,0
-0.03,1569297203635.0,1,0,0
-0.03,1569297204095.0,1,0,0
-0.03,1569297204555.0,1,0,0
-0.03,1569297205025.0,1,0,0
-0.03,1569297205485.0,1,0,0
-0.03,1569297205945.0,1,0,0
-0.03,1569297206405.0,1,0,0
-0.03,1569297206865.0,1,0,0
-0.03,1569297207334.0,1,0,0
-0.03,1569297207794.0,1,0,0
-0.03,1569297208255.0,1,0,0
-0.03,1569297208725.0,1,0,0
-0.03,1569297209194.0,1,0,0
-0.03,1569297209660.0,1,0,0
-0.03,1569297210115.0,1,0,0
-0.03,1569297210574.0,1,0,0
-0.03,1569297211035.0,1,0,0
-0.03,1569297211495.0,1,0,0
-0.03,1569297211954.0,1,0,0
-0.03,1569297212405.0,1,0,0
-0.03,1569297212865.0,1,0,0
-0.03,1569297213334.0,1,0,0
-0.03,1569297213795.0,1,0,0
-0.03,1569297214255.0,1,0,0
-0.03,1569297214707.0,1,0,0
-0.03,1569297215165.0,1,0,0
-0.03,1569297215635.0,1,0,0
-0.03,1569297216145.0,1,0,0
-0.03,1569297216554.0,1,0,0
-0.03,1569297217015.0,1,0,0
-0.03,1569297217475.0,1,0,0
-0.03,1569297217935.0,1,0,0
-0.03,1569297218404.0,9,0,0
-0.03,1569297218875.0,9,0,0
-0.03,1569297219358.0,9,0,0
-0.03,1569297219796.0,9,0,0
-0.03,1569297220255.0,9,0,0
-0.03,1569297220705.0,9,0,0
-0.03,1569297221174.0,9,0,0
-0.03,1569297221635.0,9,0,0
-0.03,1569297222098.0,9,0,0
-0.03,1569297222555.0,9,0,0
-0.03,1569297223015.0,9,0,0
-0.03,1569297223475.0,9,0,0
-0.03,1569297223945.0,9,0,0
-0.03,1569297224405.0,9,0,0
-0.03,1569297224865.0,9,0,0
-0.03,1569297225325.0,9,0,0
-0.03,1569297225784.0,9,0,0
-0.03,1569297226245.0,9,0,0
-0.03,1569297226705.0,9,0,0
-0.03,1569297227175.0,9,0,0
-0.03,1569297227625.0,9,0,0
-0.03,1569297228094.0,9,0,0
-0.03,1569297228554.0,9,0,0
-0.03,1569297229015.0,9,0,0
-0.03,1569297229475.0,9,0,0
-0.03,1569297229939.0,9,0,0
-0.03,1569297230395.0,9,0,0
-0.03,1569297230855.0,9,0,0
-0.03,1569297231315.0,9,0,0
-0.03,1569297231765.0,9,0,0
-0.03,1569297232235.0,9,0,0
-0.03,1569297232694.0,9,0,0
-0.03,1569297233154.0,9,0,0
-0.03,1569297233615.0,9,0,0
-0.03,1569297234075.0,9,0,0
-0.03,1569297234534.0,9,0,0
-0.03,1569297234995.0,9,0,0
-0.03,1569297235445.0,9,0,0
-0.03,1569297235905.0,9,0,0
-0.03,1569297236375.0,9,0,0
-0.03,1569297236825.0,9,0,0
-0.03,1569297237302.0,9,0,0
-0.03,1569297237755.0,9,0,0
-0.03,1569297238215.0,9,0,0
-0.03,1569297238675.0,9,0,0
-0.03,1569297239145.0,9,0,0
-0.03,1569297239605.0,9,0,0
-0.03,1569297240065.0,9,0,0
-0.03,1569297240525.0,9,0,0
-0.03,1569297240985.0,9,0,0
-0.03,1569297241445.0,9,0,0
-0.03,1569297241905.0,1,0,0
-0.03,1569297242365.0,1,0,0
-0.03,1569297242825.0,1,0,0
-0.03,1569297243305.0,1,0,0
-0.03,1569297243765.0,1,0,0
-0.03,1569297244225.0,1,0,0
-0.03,1569297244685.0,1,0,0
-0.03,1569297245145.0,1,0,0
-0.03,1569297245605.0,1,0,0
-0.03,1569297246075.0,4,0,0
-0.03,1569297246535.0,4,0,0
-0.03,1569297246985.0,4,0,0
-0.03,1569297247445.0,4,0,0
-0.03,1569297247905.0,4,0,0
-0.03,1569297248375.0,4,0,0
-0.03,1569297248861.0,4,0,0
-0.03,1569297249304.0,4,0,0
-0.03,1569297249765.0,4,0,0
-0.03,1569297250215.0,4,0,0
-0.03,1569297250675.0,4,0,0
-0.03,1569297251135.0,4,0,0
-0.03,1569297251595.0,4,0,0
-0.03,1569297252065.0,4,0,0
-0.03,1569297252525.0,4,0,0
-0.03,1569297252984.0,4,0,0
-0.03,1569297253445.0,1,0,0
-0.03,1569297253905.0,1,0,0
-0.03,1569297254365.0,1,0,0
-0.03,1569297254825.0,1,0,0
-0.03,1569297255285.0,1,0,0
-0.03,1569297255745.0,1,0,0
-0.03,1569297256230.0,1,0,0
-0.03,1569297256676.0,1,0,0
-0.03,1569297257135.0,1,0,0
-0.03,1569297257595.0,1,0,0
-0.03,1569297258065.0,1,0,0
-0.03,1569297258525.0,1,0,0
-0.03,1569297258986.0,1,0,0
-0.03,1569297259455.0,1,0,0
-0.03,1569297259915.0,1,0,0
-0.03,1569297260375.0,1,0,0
-0.03,1569297260835.0,1,0,0
-0.03,1569297261295.0,1,0,0
-0.03,1569297261755.0,1,0,0
-0.03,1569297262206.0,1,0,0
-0.03,1569297262681.0,1,0,0
-0.03,1569297263125.0,1,0,0
-0.03,1569297263592.0,1,0,0
-0.03,1569297264044.0,1,0,0
-0.03,1569297264506.0,1,0,0
-0.03,1569297264966.0,1,0,0
-0.03,1569297265435.0,1,0,0
-0.03,1569297265894.0,1,0,0
-0.03,1569297266355.0,1,0,0
-0.03,1569297266815.0,1,0,0
-0.03,1569297267275.0,1,0,0
-0.03,1569297267735.0,1,0,0
-0.03,1569297268195.0,1,0,0
-0.03,1569297268658.0,1,0,0
-0.03,1569297269115.0,1,0,0
-0.03,1569297269575.0,1,0,0
-0.03,1569297270035.0,1,0,0
-0.03,1569297270495.0,1,0,0
-0.03,1569297271002.0,8,0,0
-0.03,1569297271425.0,8,0,0
-0.03,1569297271885.0,8,0,0
-0.03,1569297272345.0,8,0,0
-0.03,1569297272805.0,8,0,0
-0.03,1569297273264.0,8,0,0
-0.03,1569297273725.0,8,0,0
-0.03,1569297274198.0,8,0,0
-0.03,1569297274655.0,8,0,0
-0.03,1569297275115.0,8,0,0
-0.03,1569297275575.0,8,0,0
-0.03,1569297276035.0,8,0,0
-0.03,1569297276505.0,8,0,0
-0.03,1569297276955.0,8,0,0
-0.03,1569297277425.0,8,0,0
-0.03,1569297277875.0,8,0,0
-0.03,1569297278345.0,8,0,0
-0.03,1569297278795.0,8,0,0
-0.03,1569297279265.0,8,0,0
-0.03,1569297279725.0,8,0,0
-0.03,1569297280185.0,8,0,0
-0.03,1569297280645.0,8,0,0
-0.03,1569297281105.0,8,0,0
-0.03,1569297281566.0,8,0,0
-0.03,1569297282015.0,8,0,0
-0.03,1569297282485.0,8,0,0
-0.03,1569297282935.0,8,0,0
-0.03,1569297283405.0,8,0,0
-0.03,1569297283855.0,8,0,0
0.0,1569297284325.0,8,0,0
-0.03,1569297284784.0,8,0,0
-0.03,1569297285245.0,8,0,0
0.0,1569297285705.0,8,0,0
-0.03,1569297286165.0,8,0,0
-0.03,1569297286625.0,8,0,0
-0.03,1569297287099.0,8,0,0
-0.03,1569297287555.0,8,0,0
-0.03,1569297288015.0,8,0,0
-0.03,1569297288475.0,8,0,0
-0.03,1569297288945.0,8,0,0
-0.03,1569297289405.0,8,0,0
-0.03,1569297289875.0,8,0,0
-0.03,1569297290334.0,8,0,0
-0.03,1569297290795.0,8,0,0
-0.03,1569297291265.0,8,0,0
-0.03,1569297291725.0,8,0,0
-0.03,1569297292185.0,8,0,0
-0.03,1569297292645.0,8,0,0
-0.03,1569297293105.0,8,0,0
-0.03,1569297293564.0,8,0,0
-0.03,1569297294025.0,8,0,0
-0.03,1569297294486.0,8,0,0
-0.03,1569297294945.0,8,0,0
-0.03,1569297295405.0,8,0,0
-0.03,1569297295865.0,8,0,0
-0.03,1569297296325.0,8,0,0
-0.03,1569297296785.0,8,0,0
-0.03,1569297297245.0,8,0,0
-0.03,1569297297705.0,8,0,0
-0.03,1569297298165.0,8,0,0
-0.03,1569297298625.0,8,0,0
-0.03,1569297299095.0,8,0,0
0.0,1569297299555.0,8,0,0
-0.03,1569297300016.0,8,0,0
-0.03,1569297300475.0,8,0,0
-0.03,1569297300947.0,8,0,0
-0.03,1569297301415.0,8,0,0
-0.03,1569297301875.0,8,0,0
-0.03,1569297302335.0,8,0,0
0.0,1569297302785.0,8,0,0
-0.03,1569297303256.0,8,0,0
-0.03,1569297303705.0,1,0,0
-0.03,1569297304165.0,1,0,0
-0.03,1569297304625.0,1,0,0
-0.03,1569297305085.0,1,0,0
-0.03,1569297305555.0,1,0,0
-0.03,1569297306015.0,1,0,0
-0.03,1569297306475.0,1,0,0
-0.03,1569297306935.0,1,0,0
-0.03,1569297307397.0,1,0,0
-0.03,1569297307855.0,1,0,0
-0.03,1569297308316.0,1,0,0
-0.03,1569297308776.0,1,0,0
-0.03,1569297309236.0,1,0,0
-0.03,1569297309695.0,1,0,0
-0.03,1569297310145.0,1,0,0
-0.03,1569297310605.0,1,0,0
0.0,1569297311118.0,1,0,0
-0.03,1569297311525.0,1,0,0
-0.03,1569297311986.0,1,0,0
-0.03,1569297312445.0,1,0,0
-0.03,1569297312895.0,1,0,0
-0.03,1569297313356.0,1,0,0
0.0,1569297313815.0,1,0,0
-0.03,1569297314288.0,1,0,0
-0.03,1569297314726.0,1,0,0
-0.03,1569297315196.0,1,0,0
-0.03,1569297315655.0,1,0,0
-0.03,1569297316115.0,1,0,0
-0.03,1569297316575.0,1,0,0
-0.03,1569297317045.0,1,0,0
-0.03,1569297317505.0,1,0,0
-0.03,1569297317965.0,1,0,0
0.0,1569297318425.0,1,0,0
-0.03,1569297318885.0,1,0,0
-0.03,1569297319356.0,1,0,0
-0.03,1569297319815.0,1,0,0
0.0,1569297320276.0,1,0,0
-0.03,1569297320735.0,1,0,0
-0.03,1569297321196.0,1,0,0
-0.03,1569297321673.0,1,0,0
-0.03,1569297322126.0,1,0,0
-0.03,1569297322586.0,1,0,0
-0.03,1569297323046.0,1,0,0
-0.03,1569297323515.0,1,0,0
0.0,1569297323976.0,1,0,0
-0.03,1569297324436.0,1,0,0
-0.03,1569297324895.0,1,0,0
-0.03,1569297325366.0,1,0,0
-0.03,1569297325849.0,1,0,0
0.0,1569297326276.0,1,0,0
-0.03,1569297326747.0,1,0,0
0.0,1569297327206.0,1,0,0
-0.03,1569297327666.0,1,0,0
-0.03,1569297328135.0,1,0,0
-0.03,1569297328585.0,1,0,0
-0.03,1569297329055.0,1,0,0
-0.03,1569297329515.0,1,0,0
-0.03,1569297329965.0,1,0,0
-0.03,1569297330426.0,1,0,0
-0.03,1569297330885.0,1,0,0
-0.03,1569297331345.0,1,0,0
-0.03,1569297331805.0,1,0,0
-0.03,1569297332265.0,1,0,0
-0.03,1569297332735.0,1,0,0
-0.03,1569297333195.0,1,0,0
-0.03,1569297333655.0,1,0,0
0.0,1569297334116.0,1,0,0
-0.03,1569297334565.0,1,0,0
-0.03,1569297335025.0,1,0,0
-0.03,1569297335485.0,1,0,0
-0.03,1569297335955.0,1,0,0
-0.03,1569297336415.0,1,0,0
-0.03,1569297336876.0,1,0,0
-0.03,1569297337336.0,1,0,0
-0.03,1569297337807.0,1,0,0
-0.03,1569297338265.0,1,0,0
-0.03,1569297338735.0,1,0,0
0.0,1569297339195.0,1,0,0
-0.03,1569297339665.0,2,0,0
-0.03,1569297340135.0,2,0,0
-0.03,1569297340595.0,2,0,0
-0.03,1569297341055.0,2,0,0
-0.03,1569297341515.0,2,0,0
-0.03,1569297341975.0,2,0,0
-0.03,1569297342435.0,2,0,0
-0.03,1569297342885.0,2,0,0
-0.03,1569297343356.0,2,0,0
-0.03,1569297343815.0,2,0,0
-0.03,1569297344276.0,2,0,0
-0.03,1569297344774.0,2,0,0
-0.03,1569297345196.0,2,0,0
-0.03,1569297345665.0,2,0,0
-0.03,1569297346126.0,2,0,0
-0.03,1569297346586.0,2,0,0
-0.03,1569297347045.0,2,0,0
0.0,1569297347505.0,2,0,0
0.0,1569297347965.0,2,0,0
-0.03,1569297348436.0,2,0,0
-0.03,1569297348895.0,2,0,0
-0.03,1569297349356.0,2,0,0
-0.03,1569297349815.0,2,0,0
-0.03,1569297350266.0,2,0,0
-0.03,1569297350726.0,2,0,0
-0.03,1569297351187.0,2,0,0
-0.03,1569297351646.0,2,0,0
-0.03,1569297352131.0,2,0,0
-0.03,1569297352566.0,2,0,0
0.0,1569297353025.0,2,0,0
0.0,1569297353485.0,2,0,0
0.0,1569297353936.0,1,0,0
-0.03,1569297354396.0,1,0,0
-0.03,1569297354856.0,1,0,0
-0.03,1569297355316.0,1,0,0
-0.03,1569297355776.0,1,0,0
-0.03,1569297356236.0,1,0,0
0.0,1569297356696.0,1,0,0
0.0,1569297357156.0,1,0,0
-0.03,1569297357616.0,1,0,0
-0.03,1569297358076.0,1,0,0
0.0,1569297358535.0,1,0,0
-0.03,1569297358996.0,1,0,0
-0.03,1569297359456.0,1,0,0
-0.03,1569297359926.0,1,0,0
-0.03,1569297360396.0,1,0,0
0.0,1569297360855.0,1,0,0
-0.03,1569297361316.0,1,0,0
-0.03,1569297361776.0,1,0,0
-0.03,1569297362236.0,1,0,0
-0.03,1569297362696.0,1,0,0
-0.03,1569297363156.0,1,0,0
0.0,1569297363626.0,1,0,0
0.0,1569297364088.0,1,0,0
0.0,1569297364546.0,1,0,0
-0.03,1569297365006.0,1,0,0
-0.03,1569297365466.0,1,0,0
-0.03,1569297365925.0,1,0,0
-0.03,1569297366385.0,1,0,0
-0.03,1569297366846.0,1,0,0
-0.03,1569297367309.0,1,0,0
-0.03,1569297367766.0,1,0,0
-0.03,1569297368226.0,1,0,0
0.0,1569297368690.0,1,0,0
0.0,1569297369156.0,1,0,0
-0.03,1569297369615.0,1,0,0
0.0,1569297370101.0,1,0,0
-0.03,1569297370526.0,1,0,0
-0.03,1569297370986.0,1,0,0
-0.03,1569297371446.0,1,0,0
-0.03,1569297371906.0,1,0,0
-0.03,1569297372366.0,1,0,0
-0.03,1569297372826.0,1,0,0
-0.03,1569297373286.0,1,0,0
-0.03,1569297373746.0,1,0,0
0.0,1569297374206.0,1,0,0
-0.03,1569297374666.0,1,0,0
-0.03,1569297375126.0,1,0,0
-0.03,1569297375586.0,1,0,0
0.0,1569297376046.0,1,0,0
-0.03,1569297376519.0,1,0,0
-0.03,1569297376976.0,1,0,0
0.0,1569297377436.0,1,0,0
-0.03,1569297377896.0,1,0,0
0.0,1569297378356.0,1,0,0
-0.03,1569297378816.0,1,0,0
-0.03,1569297379286.0,1,0,0
-0.03,1569297379746.0,1,0,0
-0.03,1569297380216.0,1,0,0
-0.03,1569297380704.0,1,0,0
0.0,1569297381137.0,1,0,0
-0.03,1569297381596.0,1,0,0
0.0,1569297382056.0,1,0,0
-0.03,1569297382516.0,1,0,0
-0.03,1569297382976.0,1,0,0
-0.03,1569297383436.0,1,0,0
-0.03,1569297383896.0,1,0,0
0.0,1569297384356.0,1,0,0
-0.03,1569297384827.0,1,0,0
-0.03,1569297385286.0,1,0,0
-0.03,1569297385747.0,1,0,0
0.0,1569297386206.0,1,0,0
-0.03,1569297386666.0,1,0,0
-0.03,1569297387127.0,1,0,0
-0.03,1569297387597.0,3,0,0
-0.03,1569297388057.0,3,0,0
0.0,1569297388517.0,3,0,0
0.0,1569297388977.0,3,0,0
-0.03,1569297389436.0,3,0,0
-0.03,1569297389907.0,3,0,0
-0.03,1569297390357.0,3,0,0
0.12,1569297390827.0,3,0,0
0.3,1569297391276.0,3,0,0
0.51,1569297391736.0,3,0,0
0.0,1569297392196.0,3,0,0
-0.03,1569297392666.0,3,0,0
0.42,1569297393126.0,3,0,0
0.72,1569297393585.0,3,0,0
0.72,1569297394046.0,3,0,0
0.33,1569297394495.0,3,0,0
-0.03,1569297394956.0,3,0,0
0.0,1569297395415.0,3,0,0
0.0,1569297395876.0,3,0,0
-0.03,1569297396336.0,3,0,0
-0.03,1569297396795.0,1,0,0
-0.03,1569297397266.0,1,0,0
-0.03,1569297397726.0,1,0,0
0.0,1569297398187.0,1,0,0
-0.03,1569297398646.0,1,0,0
-0.03,1569297399106.0,1,0,0
0.0,1569297399577.0,1,0,0
-0.03,1569297400046.0,1,0,0
-0.03,1569297400507.0,1,0,0
-0.03,1569297400966.0,1,0,0
0.0,1569297401426.0,1,0,0
-0.03,1569297401896.0,1,0,0
-0.03,1569297402356.0,1,0,0
-0.03,1569297402816.0,1,0,0
0.0,1569297403276.0,1,0,0
0.0,1569297403736.0,1,0,0
0.0,1569297404207.0,1,0,0
0.0,1569297404666.0,1,0,0
-0.03,1569297405126.0,1,0,0
0.12,1569297405586.0,1,0,0
0.15,1569297406056.0,1,0,0
0.3,1569297406517.0,1,0,0
0.36,1569297406976.0,1,0,0
0.39,1569297407436.0,1,0,0
0.0,1569297407896.0,1,0,0
-0.03,1569297408356.0,1,0,0
-0.03,1569297408826.0,1,0,0
-0.03,1569297409286.0,1,0,0
-0.03,1569297409746.0,1,0,0
-0.03,1569297410207.0,1,0,0
-0.03,1569297410666.0,1,0,0
-0.03,1569297411136.0,1,0,0
-0.03,1569297411597.0,1,0,0
0.0,1569297412057.0,1,0,0
-0.03,1569297412519.0,1,0,0
-0.03,1569297412976.0,1,0,0
-0.03,1569297413462.0,1,0,0
0.0,1569297413896.0,1,0,0
-0.03,1569297414356.0,1,0,0
-0.03,1569297414816.0,1,0,0
-0.03,1569297415276.0,1,0,0
-0.03,1569297415726.0,1,0,0
0.0,1569297416186.0,1,0,0
-0.03,1569297416646.0,1,0,0
-0.03,1569297417107.0,1,0,0
-0.03,1569297417566.0,1,0,0
-0.03,1569297418027.0,1,0,0
-0.03,1569297418487.0,1,0,0
-0.03,1569297418946.0,1,0,0
0.0,1569297419417.0,1,0,0
-0.03,1569297419877.0,1,0,0
0.0,1569297420346.0,1,0,0
-0.03,1569297420807.0,1,0,0
0.0,1569297421267.0,1,0,0
-0.03,1569297421727.0,1,0,0
-0.03,1569297422196.0,1,0,0
-0.03,1569297422656.0,5,0,0
-0.03,1569297423117.0,5,0,0
-0.03,1569297423577.0,5,0,0
-0.03,1569297424070.0,5,0,0
-0.03,1569297424496.0,5,0,0
-0.03,1569297424957.0,5,0,0
0.0,1569297425407.0,5,0,0
-0.03,1569297425866.0,5,0,0
-0.03,1569297426336.0,5,0,0
-0.03,1569297426787.0,5,0,0
-0.03,1569297427266.0,5,0,0
-0.03,1569297427727.0,5,0,0
0.0,1569297428186.0,5,0,0
-0.03,1569297428646.0,5,0,0
0.0,1569297429107.0,1,0,0
-0.03,1569297429567.0,1,0,0
0.0,1569297430027.0,1,0,0
-0.03,1569297430487.0,1,0,0
-0.03,1569297430946.0,1,0,0
-0.03,1569297431407.0,1,0,0
-0.03,1569297431867.0,1,0,0
0.0,1569297432327.0,1,0,0
-0.03,1569297432787.0,1,0,0
0.0,1569297433247.0,1,0,0
-0.03,1569297433707.0,1,0,0
-0.03,1569297434166.0,1,0,0
0.0,1569297434638.0,1,0,0
-0.03,1569297435089.0,1,0,0
-0.03,1569297435558.0,1,0,0
0.0,1569297436007.0,1,0,0
0.0,1569297436467.0,1,0,0
-0.03,1569297436927.0,1,0,0
-0.03,1569297437387.0,1,0,0
0.0,1569297437846.0,1,0,0
-0.03,1569297438307.0,1,0,0
0.0,1569297438767.0,1,0,0
-0.03,1569297439236.0,1,0,0
0.0,1569297439696.0,1,0,0
-0.03,1569297440147.0,1,0,0
-0.03,1569297440617.0,1,0,0
-0.03,1569297441078.0,1,0,0
-0.03,1569297441547.0,1,0,0
-0.03,1569297442007.0,1,0,0
-0.03,1569297442456.0,1,0,0
0.0,1569297442917.0,1,0,0
0.0,1569297443376.0,1,0,0
-0.03,1569297443837.0,1,0,0
-0.03,1569297444307.0,1,0,0
0.0,1569297444767.0,1,0,0
-0.03,1569297445227.0,1,0,0
-0.03,1569297445690.0,1,0,0
-0.03,1569297446148.0,1,0,0
-0.03,1569297446616.0,1,0,0
0.0,1569297447077.0,1,0,0
-0.03,1569297447537.0,1,0,0
-0.03,1569297447997.0,1,0,0
-0.03,1569297448447.0,1,0,0
-0.03,1569297448907.0,1,0,0
-0.03,1569297449388.0,1,0,0
0.0,1569297449827.0,1,0,0
0.0,1569297450286.0,1,0,0
-0.03,1569297450747.0,1,0,0
-0.03,1569297451206.0,1,0,0
0.0,1569297451667.0,4,0,0
-0.03,1569297452127.0,4,0,0
-0.03,1569297452586.0,4,0,0
-0.03,1569297453047.0,4,0,0
-0.03,1569297453507.0,4,0,0
0.0,1569297453967.0,4,0,0
-0.03,1569297454427.0,4,0,0
-0.03,1569297454887.0,4,0,0
-0.03,1569297455346.0,4,0,0
-0.03,1569297455817.0,4,0,0
-0.03,1569297456277.0,4,0,0
-0.03,1569297456737.0,4,0,0
-0.03,1569297457197.0,1,0,0
-0.03,1569297457657.0,1,0,0
-0.03,1569297458127.0,1,0,0
-0.03,1569297458587.0,1,0,0
-0.03,1569297459047.0,1,0,0
-0.03,1569297459507.0,1,0,0
-0.03,1569297460028.0,1,0,0
-0.03,1569297460437.0,1,0,0
0.0,1569297460897.0,1,0,0
-0.03,1569297461367.0,1,0,0
0.0,1569297461827.0,1,0,0
-0.03,1569297462287.0,1,0,0
-0.03,1569297462746.0,1,0,0
-0.03,1569297463216.0,1,0,0
-0.03,1569297463677.0,1,0,0
0.0,1569297464137.0,1,0,0
-0.03,1569297464597.0,1,0,0
-0.03,1569297465057.0,1,0,0
-0.03,1569297465527.0,1,0,0
-0.03,1569297465987.0,1,0,0
-0.03,1569297466436.0,1,0,0
-0.03,1569297466897.0,1,0,0
-0.03,1569297467403.0,1,0,0
0.0,1569297467826.0,1,0,0
-0.03,1569297468287.0,1,0,0
-0.03,1569297468746.0,1,0,0
-0.03,1569297469206.0,1,0,0
0.0,1569297469666.0,1,0,0
0.0,1569297470127.0,1,0,0
-0.03,1569297470576.0,1,0,0
-0.03,1569297471037.0,1,0,0
-0.03,1569297471507.0,1,0,0
-0.03,1569297471957.0,5,0,0
0.0,1569297472417.0,5,0,0
0.0,1569297472877.0,5,0,0
0.0,1569297473337.0,5,0,0
0.0,1569297473796.0,5,0,0
-0.03,1569297474257.0,5,0,0
-0.03,1569297474751.0,5,0,0
-0.03,1569297475176.0,5,0,0
0.0,1569297475637.0,5,0,0
-0.03,1569297476107.0,5,0,0
-0.03,1569297476577.0,5,0,0
0.0,1569297477037.0,5,0,0
-0.03,1569297477497.0,2,0,0
-0.03,1569297477956.0,2,0,0
0.0,1569297478417.0,2,0,0
-0.03,1569297478877.0,2,0,0
-0.03,1569297479337.0,2,0,0
-0.03,1569297479796.0,2,0,0
-0.03,1569297480257.0,2,0,0
0.0,1569297480727.0,2,0,0
-0.03,1569297481197.0,2,0,0
-0.03,1569297481657.0,2,0,0
-0.03,1569297482143.0,2,0,0
-0.03,1569297482577.0,2,0,0
-0.03,1569297483037.0,2,0,0
-0.03,1569297483496.0,2,0,0
-0.03,1569297483947.0,2,0,0
-0.03,1569297484407.0,2,0,0
-0.03,1569297484867.0,2,0,0
-0.03,1569297485336.0,2,0,0
0.0,1569297485797.0,2,0,0
-0.03,1569297486256.0,2,0,0
-0.03,1569297486717.0,2,0,0
-0.03,1569297487177.0,2,0,0
-0.03,1569297487627.0,2,0,0
-0.03,1569297488087.0,2,0,0
0.0,1569297488556.0,2,0,0
0.0,1569297489007.0,2,0,0
0.0,1569297489477.0,2,0,0
0.0,1569297489937.0,2,0,0
0.15,1569297490396.0,2,0,0
0.18,1569297490856.0,2,0,0
0.09,1569297491316.0,2,0,0
0.0,1569297491777.0,2,0,0
-0.03,1569297492237.0,2,0,0
-0.03,1569297492709.0,2,0,0
0.0,1569297493167.0,1,0,0
-0.03,1569297493626.0,1,0,0
-0.03,1569297494086.0,1,0,0
-0.03,1569297494547.0,1,0,0
-0.03,1569297495017.0,1,0,0
-0.03,1569297495476.0,1,0,0
0.15,1569297495946.0,1,0,0
0.21,1569297496407.0,1,0,0
0.54,1569297496866.0,1,0,0
0.54,1569297497327.0,1,0,0
0.5700000000000001,1569297497787.0,1,0,0
0.06,1569297498246.0,1,0,0
0.54,1569297498711.0,1,0,0
0.0,1569297499166.0,1,0,0
-0.03,1569297499627.0,1,0,0
-0.03,1569297500130.0,1,0,0
-0.03,1569297500547.0,1,0,0
-0.03,1569297501018.0,1,0,0
-0.03,1569297501477.0,1,0,0
0.0,1569297501936.0,1,0,0
0.0,1569297502397.0,1,0,0
-0.03,1569297502856.0,1,0,0
-0.03,1569297503317.0,1,0,0
-0.03,1569297503787.0,1,0,0
0.0,1569297504247.0,1,0,0
0.0,1569297504713.0,1,0,0
-0.03,1569297505167.0,1,0,0
0.0,1569297505627.0,1,0,0
-0.03,1569297506087.0,1,0,0
0.0,1569297506546.0,1,0,0
-0.03,1569297507007.0,1,0,0
-0.03,1569297507477.0,1,0,0
-0.03,1569297507936.0,1,0,0
-0.03,1569297508396.0,1,0,0
-0.03,1569297508857.0,1,0,0
-0.03,1569297509317.0,1,0,0
-0.03,1569297509777.0,1,0,0
-0.03,1569297510246.0,1,0,0
-0.03,1569297510709.0,1,0,0
-0.03,1569297511178.0,1,0,0
-0.03,1569297511627.0,1,0,0
-0.03,1569297512087.0,1,0,0
-0.03,1569297512557.0,1,0,0
0.0,1569297513017.0,1,0,0
-0.03,1569297513487.0,1,0,0
0.0,1569297513974.0,1,0,0
-0.03,1569297514407.0,1,0,0
-0.03,1569297514867.0,1,0,0
-0.03,1569297515317.0,1,0,0
-0.03,1569297515777.0,1,0,0
0.0,1569297516237.0,1,0,0
-0.03,1569297516698.0,1,0,0
0.0,1569297517157.0,1,0,0
0.0,1569297517618.0,1,0,0
-0.03,1569297518081.0,1,0,0
-0.03,1569297518537.0,1,0,0
-0.03,1569297518997.0,1,0,0
-0.03,1569297519469.0,1,0,0
-0.03,1569297519928.0,1,0,0
-0.03,1569297520388.0,1,0,0
0.0,1569297520848.0,1,0,0
-0.03,1569297521317.0,1,0,0
-0.03,1569297521788.0,1,0,0
-0.03,1569297522247.0,1,0,0
0.0,1569297522710.0,1,0,0
-0.03,1569297523156.0,1,0,0
-0.03,1569297523617.0,1,0,0
-0.03,1569297524077.0,1,0,0
-0.03,1569297524553.0,1,0,0
-0.03,1569297524996.0,1,0,0
-0.03,1569297525467.0,1,0,0
-0.03,1569297525927.0,1,0,0
-0.03,1569297526397.0,1,0,0
0.0,1569297526857.0,1,0,0
-0.03,1569297527309.0,1,0,0
-0.03,1569297527766.0,1,0,0
-0.03,1569297528227.0,1,0,0
0.0,1569297528697.0,1,0,0
-0.03,1569297529147.0,1,0,0
0.0,1569297529618.0,1,0,0
0.0,1569297530076.0,1,0,0
0.0,1569297530537.0,1,0,0
-0.03,1569297530998.0,1,0,0
-0.03,1569297531457.0,1,0,0
-0.03,1569297531917.0,1,0,0
-0.03,1569297532377.0,1,0,0
-0.03,1569297532837.0,1,0,0
-0.03,1569297533297.0,1,0,0
-0.03,1569297533767.0,1,0,0
-0.03,1569297534228.0,1,0,0
-0.03,1569297534678.0,1,0,0
-0.03,1569297535137.0,1,0,0
-0.03,1569297535597.0,1,0,0
-0.03,1569297536057.0,1,0,0
-0.03,1569297536517.0,1,0,0
-0.03,1569297536977.0,1,0,0
-0.03,1569297537437.0,1,0,0
0.0,1569297537897.0,1,0,0
-0.03,1569297538347.0,1,0,0
-0.03,1569297538817.0,1,0,0
-0.03,1569297539277.0,1,0,0
0.0,1569297539737.0,1,0,0
-0.03,1569297540197.0,1,0,0
-0.03,1569297540647.0,1,0,0
-0.03,1569297541113.0,1,0,0
-0.03,1569297541587.0,1,0,0
-0.03,1569297542047.0,1,0,0
0.0,1569297542497.0,1,0,0
-0.03,1569297542957.0,1,0,0
-0.03,1569297543417.0,1,0,0
-0.03,1569297543879.0,1,0,0
0.0,1569297544337.0,1,0,0
-0.03,1569297544797.0,1,0,0
0.0,1569297545267.0,1,0,0
-0.03,1569297545717.0,1,0,0
-0.03,1569297546187.0,1,0,0
-0.03,1569297546647.0,1,0,0
-0.03,1569297547107.0,1,0,0
0.0,1569297547567.0,1,0,0
-0.03,1569297548027.0,1,0,0
-0.03,1569297548487.0,1,0,0
-0.03,1569297548947.0,1,0,0
-0.03,1569297549408.0,1,0,0
-0.03,1569297549881.0,1,0,0
-0.03,1569297550327.0,1,0,0
-0.03,1569297550787.0,1,0,0
-0.03,1569297551247.0,1,0,0
0.0,1569297551727.0,1,0,0
0.0,1569297552168.0,1,0,0
-0.03,1569297552627.0,1,0,0
0.0,1569297553097.0,1,0,0
-0.03,1569297553557.0,1,0,0
-0.03,1569297554007.0,1,0,0
0.0,1569297554468.0,1,0,0
-0.03,1569297554927.0,1,0,0
-0.03,1569297555387.0,1,0,0
-0.03,1569297555838.0,1,0,0
-0.03,1569297556308.0,1,0,0
-0.03,1569297556768.0,1,0,0
-0.03,1569297557227.0,1,0,0
0.0,1569297557687.0,1,0,0
-0.03,1569297558148.0,1,0,0
-0.03,1569297558607.0,3,0,0
-0.03,1569297559057.0,3,0,0
-0.03,1569297559527.0,3,0,0
-0.03,1569297559987.0,3,0,0
-0.03,1569297560447.0,3,0,0
-0.03,1569297560898.0,3,0,0
-0.03,1569297561368.0,3,0,0
0.0,1569297561828.0,3,0,0
-0.03,1569297562299.0,3,0,0
-0.03,1569297562757.0,3,0,0
-0.03,1569297563217.0,3,0,0
-0.03,1569297563677.0,3,0,0
-0.03,1569297564138.0,3,0,0
0.0,1569297564607.0,3,0,0
-0.03,1569297565058.0,3,0,0
-0.03,1569297565528.0,1,0,0
-0.03,1569297565978.0,1,0,0
-0.03,1569297566448.0,1,0,0
-0.03,1569297566907.0,1,0,0
-0.03,1569297567368.0,1,0,0
-0.03,1569297567838.0,1,0,0
0.0,1569297568298.0,1,0,0
-0.03,1569297568757.0,1,0,0
-0.03,1569297569218.0,1,0,0
-0.03,1569297569678.0,1,0,0
-0.03,1569297570138.0,1,0,0
0.0,1569297570588.0,1,0,0
-0.03,1569297571047.0,1,0,0
-0.03,1569297571508.0,1,0,0
-0.03,1569297571968.0,1,0,0
0.0,1569297572428.0,1,0,0
-0.03,1569297572888.0,1,0,0
-0.03,1569297573348.0,1,0,0
0.0,1569297573808.0,1,0,0
-0.03,1569297574267.0,1,0,0
0.0,1569297574727.0,1,0,0
-0.03,1569297575187.0,1,0,0
-0.03,1569297575648.0,1,0,0
-0.03,1569297576108.0,1,0,0
0.0,1569297576567.0,1,0,0
0.0,1569297577017.0,1,0,0
-0.03,1569297577477.0,1,0,0
0.09,1569297577948.0,1,0,0
0.09,1569297578398.0,1,0,0
0.06,1569297578858.0,1,0,0
0.06,1569297579320.0,1,0,0
0.03,1569297579778.0,1,0,0
0.06,1569297580238.0,1,0,0
0.03,1569297580698.0,1,0,0
0.0,1569297581157.0,1,0,0
-0.03,1569297581627.0,1,0,0
-0.03,1569297582088.0,3,0,0
-0.03,1569297582547.0,3,0,0
-0.03,1569297583007.0,3,0,0
0.0,1569297583468.0,3,0,0
-0.03,1569297583938.0,3,0,0
-0.03,1569297584397.0,3,0,0
-0.03,1569297584857.0,3,0,0
-0.03,1569297585318.0,3,0,0
-0.03,1569297585778.0,3,0,0
-0.03,1569297586248.0,3,0,0
0.0,1569297586708.0,3,0,0
-0.03,1569297587168.0,3,0,0
-0.03,1569297587618.0,3,0,0
-0.03,1569297588077.0,3,0,0
-0.03,1569297588538.0,3,0,0
-0.03,1569297589041.0,3,0,0
-0.03,1569297589468.0,1,0,0
0.0,1569297589928.0,1,0,0
-0.03,1569297590388.0,1,0,0
-0.03,1569297590848.0,1,0,0
0.0,1569297591308.0,1,0,0
0.12,1569297591768.0,5,0,1
0.96,1569297592248.0,5,0,1
0.99,1569297592688.0,5,0,1
1.53,1569297593148.0,5,0,1
1.56,1569297593607.0,5,0,1
1.68,1569297594067.0,5,0,1
1.8,1569297594528.0,5,0,1
0.42,1569297594987.0,5,0,1
0.72,1569297595448.0,5,0,1
0.36,1569297595908.0,5,0,1
0.15,1569297596367.0,5,0,1
0.39,1569297596827.0,5,0,1
0.0,1569297597278.0,5,0,1
-0.03,1569297597738.0,5,0,1
-0.03,1569297598198.0,1,1,1
-0.03,1569297598668.0,1,1,1
-0.03,1569297599129.0,1,1,1
-0.03,1569297599587.0,1,1,1
-0.03,1569297600047.0,1,1,1
-0.03,1569297600508.0,1,1,1
-0.03,1569297600968.0,1,1,1
0.0,1569297601428.0,1,1,1
-0.03,1569297601887.0,1,1,1
-0.03,1569297602357.0,1,1,1
-0.03,1569297602825.0,1,1,1
0.33,1569297603277.0,1,1,1
0.15,1569297603738.0,1,1,1
0.03,1569297604198.0,1,1,1
0.24,1569297604658.0,1,1,1
-0.03,1569297605118.0,1,1,1
-0.03,1569297605577.0,1,1,1
-0.03,1569297606047.0,1,1,1
-0.03,1569297606518.0,1,1,1
-0.03,1569297606977.0,1,1,1
-0.03,1569297607438.0,1,1,1
-0.03,1569297607898.0,1,1,1
-0.03,1569297608368.0,1,1,1
0.0,1569297608828.0,1,1,1
-0.03,1569297609278.0,1,1,1
0.18,1569297609748.0,1,1,1
0.27,1569297610214.0,1,1,1
0.09,1569297610668.0,1,1,1
-0.03,1569297611128.0,1,1,1
-0.03,1569297611588.0,1,1,1
-0.03,1569297612047.0,1,1,1
-0.03,1569297612508.0,1,1,1
-0.03,1569297612968.0,1,1,1
-0.03,1569297613430.0,1,1,1
-0.03,1569297613878.0,1,1,1
-0.03,1569297614348.0,1,1,1
-0.03,1569297614808.0,1,1,1
-0.03,1569297615268.0,1,1,1
-0.03,1569297615730.0,1,1,1
-0.03,1569297616188.0,1,1,1
-0.03,1569297616647.0,1,1,0
-0.03,1569297617107.0,1,1,0
-0.03,1569297617577.0,1,1,0
-0.03,1569297618029.0,1,1,0
-0.03,1569297618488.0,1,1,0
-0.03,1569297618948.0,1,1,0
-0.03,1569297619408.0,1,1,0
-0.03,1569297619869.0,1,1,0
-0.03,1569297620328.0,1,1,0
-0.03,1569297620798.0,1,1,0
-0.03,1569297621258.0,1,1,0
-0.03,1569297621718.0,2,0,0
-0.03,1569297622188.0,2,0,0
-0.03,1569297622648.0,2,0,0
-0.03,1569297623097.0,2,0,0
0.0,1569297623557.0,2,0,0
-0.03,1569297624031.0,2,0,0
-0.03,1569297624478.0,2,0,0
-0.03,1569297624938.0,2,0,0
-0.03,1569297625408.0,2,0,0
0.0,1569297625868.0,2,0,0
-0.03,1569297626329.0,2,0,0
-0.03,1569297626788.0,2,0,0
-0.03,1569297627248.0,5,0,0
-0.03,1569297627724.0,5,0,0
0.0,1569297628168.0,5,0,0
-0.03,1569297628627.0,5,0,0
-0.03,1569297629098.0,5,0,0
-0.03,1569297629558.0,5,0,0
-0.03,1569297630018.0,5,0,0
0.0,1569297630468.0,5,0,0
-0.03,1569297630938.0,5,0,0
-0.03,1569297631398.0,5,0,0
0.0,1569297631858.0,5,0,0
0.0,1569297632318.0,5,0,0
-0.03,1569297632778.0,5,0,0
-0.03,1569297633238.0,5,0,0
-0.03,1569297633698.0,5,0,0
0.0,1569297634158.0,5,0,0
-0.03,1569297634618.0,5,0,0
-0.03,1569297635079.0,1,0,0
-0.03,1569297635548.0,1,0,0
-0.03,1569297636008.0,1,0,0
-0.03,1569297636468.0,1,0,0
-0.03,1569297636927.0,1,0,0
-0.03,1569297637388.0,1,0,0
-0.03,1569297637848.0,1,0,0
0.0,1569297638308.0,1,0,0
-0.03,1569297638768.0,1,0,0
0.0,1569297639228.0,1,0,0
-0.03,1569297639688.0,1,0,0
-0.03,1569297640148.0,1,0,0
-0.03,1569297640608.0,1,0,0
0.0,1569297641068.0,1,0,0
-0.03,1569297641528.0,1,0,0
0.0,1569297641988.0,1,0,0
-0.03,1569297642458.0,1,0,0
0.0,1569297642918.0,1,0,0
-0.03,1569297643378.0,1,0,0
-0.03,1569297643838.0,1,0,0
-0.03,1569297644299.0,1,0,0
-0.03,1569297644759.0,1,0,0
-0.03,1569297645228.0,1,0,0
0.0,1569297645688.0,1,0,0
-0.03,1569297646158.0,1,0,0
-0.03,1569297646618.0,1,0,0
-0.03,1569297647078.0,1,0,0
-0.03,1569297647538.0,1,0,0
0.0,1569297647998.0,1,0,0
-0.03,1569297648459.0,1,0,0
0.0,1569297648918.0,1,0,0
-0.03,1569297649388.0,1,0,0
-0.03,1569297649838.0,1,0,0
-0.03,1569297650309.0,1,0,0
-0.03,1569297650768.0,1,0,0
-0.03,1569297651218.0,1,0,0
-0.03,1569297651688.0,1,0,0
-0.03,1569297652148.0,1,0,0
-0.03,1569297652609.0,1,0,0
-0.03,1569297653068.0,1,0,0
-0.03,1569297653538.0,1,0,0
-0.03,1569297653987.0,1,0,0
-0.03,1569297654458.0,1,0,0
-0.03,1569297654918.0,1,0,0
-0.03,1569297655378.0,1,0,0
-0.03,1569297655838.0,1,0,0
-0.03,1569297656298.0,1,0,0
-0.03,1569297656758.0,1,0,0
0.0,1569297657218.0,1,0,0
-0.03,1569297657688.0,1,0,0
-0.03,1569297658137.0,1,0,0
-0.03,1569297658598.0,1,0,0
-0.03,1569297659058.0,1,0,0
-0.03,1569297659518.0,1,0,0
-0.03,1569297659968.0,9,0,0
-0.03,1569297660428.0,9,0,0
-0.03,1569297660898.0,9,0,0
-0.03,1569297661358.0,9,0,0
-0.03,1569297661818.0,9,0,0
0.0,1569297662288.0,9,0,0
-0.03,1569297662748.0,9,0,0
-0.03,1569297663208.0,9,0,0
-0.03,1569297663668.0,9,0,0
-0.03,1569297664128.0,9,0,0
-0.03,1569297664588.0,9,0,0
-0.03,1569297665048.0,9,0,0
-0.03,1569297665508.0,9,0,0
-0.03,1569297665968.0,9,0,0
0.06,1569297666430.0,9,0,0
0.06,1569297666888.0,9,0,0
0.0,1569297667358.0,9,0,0
-0.03,1569297667818.0,9,0,0
-0.03,1569297668278.0,9,0,0
-0.03,1569297668742.0,9,0,0
-0.03,1569297669197.0,9,0,0
-0.03,1569297669658.0,9,0,0
-0.03,1569297670119.0,9,0,0
-0.03,1569297670610.0,9,0,0
-0.03,1569297671028.0,9,0,0
-0.03,1569297671498.0,9,0,0
-0.03,1569297671958.0,9,0,0
-0.03,1569297672419.0,9,0,0
-0.03,1569297672878.0,9,0,0
-0.03,1569297673339.0,9,0,0
-0.03,1569297673798.0,9,0,0
-0.03,1569297674258.0,9,0,0
0.0,1569297674718.0,9,0,0
-0.03,1569297675177.0,9,0,0
-0.03,1569297675638.0,9,0,0
-0.03,1569297676108.0,9,0,0
-0.03,1569297676568.0,9,0,0
-0.03,1569297677028.0,9,0,0
-0.03,1569297677489.0,9,0,0
-0.03,1569297677949.0,9,0,0
-0.03,1569297678398.0,9,0,0
-0.03,1569297678858.0,9,0,0
-0.03,1569297679318.0,9,0,0
-0.03,1569297679798.0,9,0,0
-0.03,1569297680248.0,9,0,0
-0.03,1569297680719.0,9,0,0
-0.03,1569297681168.0,9,0,0
-0.03,1569297681638.0,9,0,0
-0.03,1569297682099.0,9,0,0
-0.03,1569297682558.0,9,0,0
-0.03,1569297683023.0,9,0,0
-0.03,1569297683488.0,9,0,0
-0.03,1569297683958.0,9,0,0
-0.03,1569297684409.0,9,0,0
-0.03,1569297684868.0,9,0,0
-0.03,1569297685353.0,9,0,0
-0.03,1569297685788.0,9,0,0
0.0,1569297686248.0,9,0,0
-0.03,1569297686708.0,9,0,0
-0.03,1569297687168.0,9,0,0
-0.03,1569297687628.0,9,0,0
-0.03,1569297688089.0,9,0,0
0.0,1569297688559.0,9,0,0
-0.03,1569297689019.0,9,0,0
-0.03,1569297689479.0,1,0,0
-0.03,1569297689939.0,1,0,0
-0.03,1569297690399.0,1,0,0
-0.03,1569297690859.0,1,0,0
-0.03,1569297691318.0,1,0,0
-0.03,1569297691779.0,1,0,0
-0.03,1569297692239.0,1,0,0
-0.03,1569297692709.0,1,0,0
-0.03,1569297693159.0,1,0,0
-0.03,1569297693629.0,1,0,0
-0.03,1569297694089.0,1,0,0
-0.03,1569297694548.0,1,0,0
-0.03,1569297695008.0,1,0,0
-0.03,1569297695459.0,1,0,0
-0.03,1569297695919.0,1,0,0
-0.03,1569297696379.0,1,0,0
-0.03,1569297696848.0,1,0,0
-0.03,1569297697308.0,1,0,0
-0.03,1569297697779.0,8,0,0
-0.03,1569297698239.0,8,0,0
-0.03,1569297698699.0,8,0,0
-0.03,1569297699158.0,8,0,0
0.0,1569297699609.0,8,0,0
-0.03,1569297700079.0,8,0,0
-0.03,1569297700539.0,8,0,0
-0.03,1569297700999.0,8,0,0
-0.03,1569297701458.0,8,0,0
-0.03,1569297701919.0,8,0,0
-0.03,1569297702379.0,8,0,0
-0.03,1569297702838.0,8,0,0
-0.03,1569297703308.0,8,0,0
-0.03,1569297703768.0,8,0,0
-0.03,1569297704229.0,8,0,0
-0.03,1569297704689.0,8,0,0
-0.03,1569297705158.0,8,0,0
-0.03,1569297705609.0,8,0,0
-0.03,1569297706079.0,8,0,0
-0.03,1569297706538.0,8,0,0
-0.03,1569297706999.0,8,0,0
-0.03,1569297707469.0,8,0,0
-0.03,1569297707929.0,8,0,0
-0.03,1569297708389.0,8,0,0
-0.03,1569297708848.0,8,0,0
0.0,1569297709308.0,8,0,0
-0.03,1569297709768.0,8,0,0
-0.03,1569297710229.0,8,0,0
-0.03,1569297710689.0,8,0,0
-0.03,1569297711148.0,8,0,0
-0.03,1569297711608.0,8,0,0
-0.03,1569297712059.0,8,0,0
-0.03,1569297712529.0,8,0,0
-0.03,1569297712989.0,8,0,0
-0.03,1569297713449.0,8,0,0
-0.03,1569297713908.0,8,0,0
-0.03,1569297714368.0,8,0,0
-0.03,1569297714828.0,8,0,0
-0.03,1569297715289.0,8,0,0
-0.03,1569297715749.0,8,0,0
0.0,1569297716209.0,8,0,0
-0.03,1569297716669.0,8,0,0
0.0,1569297717128.0,8,0,0
-0.03,1569297717579.0,8,0,0
-0.03,1569297718040.0,8,0,0
-0.03,1569297718499.0,8,0,0
-0.03,1569297718959.0,8,0,0
-0.03,1569297719419.0,8,0,0
-0.03,1569297719878.0,8,0,0
-0.03,1569297720338.0,8,0,0
-0.03,1569297720809.0,8,0,0
-0.03,1569297721285.0,8,0,0
-0.03,1569297721728.0,8,0,0
-0.03,1569297722189.0,8,0,0
-0.03,1569297722649.0,8,0,0
-0.03,1569297723119.0,8,0,0
-0.03,1569297723579.0,8,0,0
-0.03,1569297724039.0,8,0,0
-0.03,1569297724498.0,8,0,0
-0.03,1569297724958.0,8,0,0
-0.03,1569297725419.0,8,0,0
-0.03,1569297725878.0,8,0,0
-0.03,1569297726338.0,8,0,0
-0.03,1569297726798.0,8,0,0
-0.03,1569297727269.0,8,0,0
-0.03,1569297727729.0,8,0,0
-0.03,1569297728189.0,8,0,0
-0.03,1569297728648.0,8,0,0
0.0,1569297729109.0,8,0,0
0.0,1569297729579.0,8,0,0
-0.03,1569297730028.0,8,0,0
-0.03,1569297730499.0,8,0,0
-0.03,1569297730959.0,8,0,0
-0.03,1569297731419.0,8,0,0
-0.03,1569297731878.0,8,0,0
-0.03,1569297732338.0,8,0,0
0.0,1569297732809.0,8,0,0
-0.03,1569297733259.0,8,0,0
-0.03,1569297733729.0,8,0,0
-0.03,1569297734189.0,8,0,0
-0.03,1569297734649.0,8,0,0
-0.03,1569297735109.0,8,0,0
-0.03,1569297735568.0,8,0,0
-0.03,1569297736089.0,8,0,0
-0.03,1569297736479.0,8,0,0
-0.03,1569297736948.0,8,0,0
-0.03,1569297737408.0,8,0,0
-0.03,1569297737869.0,8,0,0
-0.03,1569297738328.0,8,0,0
-0.03,1569297738789.0,8,0,0
-0.03,1569297739258.0,8,0,0
-0.03,1569297739719.0,8,0,0
-0.03,1569297740179.0,8,0,0
-0.03,1569297740629.0,8,0,0
-0.03,1569297741099.0,1,0,0
-0.03,1569297741559.0,1,0,0
-0.03,1569297742018.0,1,0,0
-0.03,1569297742478.0,1,0,0
-0.03,1569297742938.0,1,0,0
-0.03,1569297743409.0,1,0,0
-0.03,1569297743868.0,1,0,0
-0.03,1569297744328.0,1,0,0
-0.03,1569297744788.0,1,0,0
-0.03,1569297745249.0,1,0,0
-0.03,1569297745709.0,1,0,0
-0.03,1569297746168.0,1,0,0
-0.03,1569297746635.0,1,0,0
-0.03,1569297747099.0,8,0,0
0.0,1569297747559.0,8,0,0
-0.03,1569297748019.0,8,0,0
-0.03,1569297748478.0,8,0,0
-0.03,1569297748939.0,8,0,0
-0.03,1569297749399.0,8,0,0
-0.03,1569297749858.0,8,0,0
-0.03,1569297750329.0,8,0,0
-0.03,1569297750789.0,8,0,0
-0.03,1569297751239.0,8,0,0
-0.03,1569297751699.0,8,0,0
-0.03,1569297752169.0,8,0,0
-0.03,1569297752629.0,8,0,0
-0.03,1569297753089.0,8,0,0
-0.03,1569297753549.0,8,0,0
-0.03,1569297754020.0,8,0,0
-0.03,1569297754469.0,8,0,0
-0.03,1569297754929.0,8,0,0
-0.03,1569297755389.0,8,0,0
-0.03,1569297755849.0,8,0,0
-0.03,1569297756298.0,8,0,0
-0.03,1569297756769.0,8,0,0
-0.03,1569297757228.0,8,0,0
-0.03,1569297757679.0,8,0,0
-0.03,1569297758140.0,8,0,0
-0.03,1569297758599.0,8,0,0
-0.03,1569297759058.0,8,0,0
-0.03,1569297759519.0,8,0,0
-0.03,1569297759979.0,8,0,0
-0.03,1569297760438.0,8,0,0
-0.03,1569297760898.0,8,0,0
0.0,1569297761359.0,8,0,0
-0.03,1569297761819.0,8,0,0
-0.03,1569297762279.0,8,0,0
-0.03,1569297762740.0,8,0,0
0.0,1569297763219.0,8,0,0
-0.03,1569297763679.0,8,0,0
-0.03,1569297764129.0,8,0,0
-0.03,1569297764597.0,8,0,0
-0.03,1569297765059.0,8,0,0
-0.03,1569297765519.0,8,0,0
-0.03,1569297765979.0,8,0,0
-0.03,1569297766429.0,8,0,0
-0.03,1569297766889.0,8,0,0
-0.03,1569297767349.0,8,0,0
-0.03,1569297767819.0,8,0,0
-0.03,1569297768279.0,8,0,0
-0.03,1569297768729.0,8,0,0
-0.03,1569297769189.0,8,0,0
-0.03,1569297769659.0,8,0,0
-0.03,1569297770109.0,8,0,0
-0.03,1569297770569.0,8,0,0
-0.03,1569297771028.0,8,0,0
-0.03,1569297771499.0,8,0,0
-0.03,1569297771959.0,8,0,0
-0.03,1569297772419.0,8,0,0
-0.03,1569297772883.0,8,0,0
-0.03,1569297773339.0,8,0,0
-0.03,1569297773799.0,8,0,0
0.0,1569297774258.0,8,0,0
-0.03,1569297774719.0,8,0,0
-0.03,1569297775179.0,8,0,0
-0.03,1569297775639.0,8,0,0
-0.03,1569297776099.0,8,0,0
-0.03,1569297776559.0,8,0,0
-0.03,1569297777009.0,8,0,0
-0.03,1569297777479.0,8,0,0
-0.03,1569297777939.0,8,0,0
-0.03,1569297778399.0,8,0,0
-0.03,1569297778861.0,5,0,0
-0.03,1569297779319.0,5,0,0
-0.03,1569297779779.0,5,0,0
-0.03,1569297780239.0,5,0,0
-0.03,1569297780709.0,5,0,0
-0.03,1569297781171.0,5,0,0
-0.03,1569297781629.0,5,0,0
-0.03,1569297782089.0,5,0,0
-0.03,1569297782563.0,5,0,0
-0.03,1569297783010.0,5,0,0
-0.03,1569297783479.0,5,0,0
-0.03,1569297783928.0,5,0,0
-0.03,1569297784409.0,5,0,0
-0.03,1569297784869.0,5,0,0
0.0,1569297785329.0,5,0,0
-0.03,1569297785789.0,2,0,0
-0.03,1569297786260.0,2,0,0
0.24,1569297786709.0,2,0,0
0.36,1569297787169.0,2,0,0
1.08,1569297787640.0,2,0,0
1.47,1569297788102.0,2,0,0
2.16,1569297788559.0,2,0,0
2.25,1569297789019.0,2,0,0
2.25,1569297789479.0,2,0,0
1.44,1569297789949.0,2,0,0
0.54,1569297790409.0,2,0,0
0.03,1569297790870.0,2,0,0
0.06,1569297791329.0,2,0,0
0.75,1569297791789.0,1,0,1
1.05,1569297792250.0,1,0,1
1.08,1569297792709.0,1,0,1
0.66,1569297793169.0,1,0,1
0.36,1569297793629.0,1,0,1
0.99,1569297794099.0,1,0,1
0.5700000000000001,1569297794559.0,1,0,1
0.39,1569297795019.0,1,0,1
0.03,1569297795479.0,1,0,1
-0.06,1569297795939.0,1,0,1
-0.03,1569297796399.0,1,0,1
-0.03,1569297796859.0,1,0,1
-0.03,1569297797329.0,1,0,1
-0.03,1569297797790.0,1,0,1
1.05,1569297798249.0,1,0,1
1.5,1569297798699.0,1,0,1
1.41,1569297799159.0,1,0,1
0.12,1569297799619.0,1,0,1
0.3,1569297800089.0,1,0,1
0.0,1569297800550.0,1,0,1
-0.03,1569297801009.0,1,0,1
-0.03,1569297801469.0,1,0,1
-0.03,1569297801929.0,1,0,1
-0.03,1569297802389.0,1,0,1
-0.03,1569297802849.0,1,0,1
-0.03,1569297803309.0,1,0,1
-0.03,1569297803769.0,1,0,1
-0.03,1569297804249.0,1,0,1
-0.03,1569297804710.0,1,0,1
-0.03,1569297805169.0,1,0,1
-0.03,1569297805629.0,1,0,1
-0.03,1569297806089.0,1,0,1
-0.03,1569297806548.0,1,0,1
-0.03,1569297807010.0,1,0,1
-0.03,1569297807469.0,1,0,1
-0.03,1569297807929.0,1,0,1
0.18,1569297808401.0,1,0,1
1.59,1569297808859.0,1,0,1
1.53,1569297809320.0,1,0,1
0.87,1569297809779.0,1,0,1
1.32,1569297810240.0,1,0,1
0.87,1569297810699.0,1,0,1
0.0,1569297811159.0,1,0,1
-0.03,1569297811619.0,-1,0,1
-0.03,1569297812141.0,-1,0,1
-0.03,1569297812539.0,-1,0,1
-0.03,1569297812999.0,-1,0,1
0.0,1569297813460.0,-1,0,1
1.59,1569297813920.0,-1,0,1
1.71,1569297814380.0,-1,0,1
1.74,1569297814839.0,-1,0,1
-0.03,1569297815334.0,-1,0,1
-0.03,1569297815770.0,-1,0,1
-0.03,1569297816229.0,-1,0,1
-0.03,1569297816679.0,-1,0,1
-0.03,1569297817149.0,-1,0,1
-0.03,1569297817610.0,-1,0,1
-0.03,1569297818070.0,-1,0,1
-0.03,1569297818539.0,-1,0,1
-0.03,1569297819000.0,-1,0,1
-0.03,1569297819460.0,-1,0,1
-0.03,1569297819930.0,-1,0,1
-0.03,1569297820379.0,-1,0,1
-0.03,1569297820839.0,-1,0,1
-0.03,1569297821310.0,-1,0,1
-0.03,1569297821770.0,-1,0,1
-0.03,1569297822229.0,9,0,0
-0.03,1569297822728.0,9,0,0
-0.03,1569297823149.0,9,0,0
-0.03,1569297823609.0,9,0,0
0.0,1569297824079.0,9,0,0
-0.03,1569297824539.0,9,0,0
-0.03,1569297824999.0,9,0,0
-0.03,1569297825470.0,9,0,0
-0.03,1569297825929.0,9,0,0
-0.03,1569297826390.0,9,0,0
-0.03,1569297826850.0,9,0,0
-0.03,1569297827309.0,9,0,0
-0.03,1569297827770.0,9,0,0
-0.03,1569297828230.0,9,0,0
-0.03,1569297828689.0,9,0,0
-0.03,1569297829159.0,9,0,0
-0.03,1569297829620.0,9,0,0
-0.03,1569297830080.0,9,0,0
-0.03,1569297830540.0,9,0,0
-0.03,1569297831010.0,9,0,0
-0.03,1569297831470.0,9,0,0
-0.03,1569297831929.0,9,0,0
-0.03,1569297832390.0,9,0,0
-0.03,1569297832849.0,9,0,0
-0.03,1569297833310.0,9,0,0
-0.03,1569297833777.0,9,0,0
0.0,1569297834240.0,9,0,0
-0.03,1569297834700.0,9,0,0
-0.03,1569297835159.0,9,0,0
-0.03,1569297835620.0,9,0,0
-0.03,1569297836089.0,9,0,0
-0.03,1569297836549.0,9,0,0
-0.03,1569297837010.0,9,0,0
-0.03,1569297837470.0,9,0,0
-0.03,1569297837929.0,9,0,0
-0.03,1569297838390.0,9,0,0
-0.03,1569297838850.0,9,0,0
-0.03,1569297839310.0,9,0,0
-0.03,1569297839770.0,9,0,0
-0.03,1569297840229.0,9,0,0
-0.03,1569297840709.0,9,0,0
-0.03,1569297841149.0,9,0,0
-0.03,1569297841609.0,9,0,0
-0.03,1569297842070.0,9,0,0
-0.03,1569297842529.0,1,0,0
-0.03,1569297842990.0,1,0,0
-0.03,1569297843459.0,1,0,0
-0.03,1569297843919.0,1,0,0
-0.03,1569297844390.0,1,0,0
-0.03,1569297844850.0,1,0,0
-0.03,1569297845309.0,1,0,0
-0.03,1569297845779.0,1,0,0
-0.03,1569297846229.0,1,0,0
-0.03,1569297846689.0,1,0,0
-0.03,1569297847159.0,1,0,0
-0.03,1569297847620.0,1,0,0
-0.03,1569297848086.0,1,0,0
-0.03,1569297848549.0,1,0,0
-0.03,1569297849009.0,1,0,0
-0.03,1569297849470.0,1,0,0
-0.03,1569297849930.0,1,0,0
-0.03,1569297850390.0,1,0,0
-0.03,1569297850849.0,1,0,0
-0.03,1569297851309.0,1,0,0
-0.03,1569297851776.0,1,0,0
-0.03,1569297852229.0,1,0,0
-0.03,1569297852689.0,1,0,0
-0.03,1569297853150.0,1,0,0
-0.03,1569297853609.0,1,0,0
-0.03,1569297854069.0,1,0,0
-0.03,1569297854530.0,1,0,0
-0.03,1569297854989.0,1,0,0
-0.03,1569297855460.0,1,0,0
-0.03,1569297855910.0,1,0,0
-0.03,1569297856370.0,1,0,0
-0.03,1569297856829.0,1,0,0
-0.03,1569297857290.0,1,0,0
-0.03,1569297857777.0,1,0,0
-0.03,1569297858219.0,1,0,0
-0.03,1569297858669.0,1,0,0
-0.03,1569297859129.0,1,0,0
-0.03,1569297859589.0,1,0,0
0.06,1569297860050.0,1,0,0
0.21,1569297860520.0,1,0,0
0.24,1569297860980.0,1,0,0
0.09,1569297861440.0,1,0,0
0.09,1569297861900.0,1,0,0
0.09,1569297862370.0,1,0,0
0.09,1569297862829.0,1,0,0
0.09,1569297863290.0,1,0,0
0.06,1569297863750.0,1,0,0
0.06,1569297864220.0,1,0,0
0.06,1569297864680.0,1,0,0
0.09,1569297865139.0,1,0,0
0.09,1569297865600.0,1,0,0
0.09,1569297866059.0,1,0,0
0.18,1569297866520.0,1,0,0
0.15,1569297866980.0,1,0,0
0.18,1569297867440.0,1,0,0
0.18,1569297867900.0,5,0,0
0.15,1569297868360.0,5,0,0
0.06,1569297868820.0,5,0,0
0.09,1569297869280.0,5,0,0
0.09,1569297869740.0,5,0,0
0.03,1569297870218.0,5,0,0
0.03,1569297870660.0,5,0,0
0.03,1569297871130.0,5,0,0
0.03,1569297871590.0,5,0,0
0.03,1569297872050.0,5,0,0
0.03,1569297872510.0,5,0,0
0.03,1569297872970.0,5,0,0
-0.06,1569297873429.0,5,0,0
-0.03,1569297873890.0,5,0,0
-0.03,1569297874350.0,5,0,0
-0.03,1569297874810.0,5,0,0
-0.03,1569297875270.0,5,0,0
-0.03,1569297875740.0,1,0,0
-0.03,1569297876200.0,1,0,0
-0.03,1569297876660.0,1,0,0
-0.03,1569297877120.0,1,0,0
-0.03,1569297877590.0,1,0,0
-0.03,1569297878050.0,1,0,0
-0.03,1569297878510.0,1,0,0
-0.03,1569297878970.0,1,0,0
-0.03,1569297879430.0,1,0,0
-0.03,1569297879890.0,1,0,0
-0.03,1569297880350.0,1,0,0
-0.03,1569297880810.0,1,0,0
-0.03,1569297881270.0,1,0,0
-0.03,1569297881740.0,1,0,0
-0.03,1569297882190.0,1,0,0
-0.03,1569297882650.0,1,0,0
-0.03,1569297883120.0,1,0,0
-0.03,1569297883580.0,1,0,0
0.0,1569297884039.0,1,0,0
-0.03,1569297884510.0,1,0,0
-0.03,1569297884970.0,1,0,0
-0.03,1569297885430.0,1,0,0
-0.03,1569297885890.0,1,0,0
-0.03,1569297886349.0,1,0,0
-0.03,1569297886810.0,1,0,0
-0.03,1569297887270.0,1,0,0
-0.03,1569297887720.0,1,0,0
-0.03,1569297888189.0,1,0,0
-0.03,1569297888650.0,1,0,0
-0.03,1569297889129.0,1,0,0
-0.03,1569297889590.0,1,0,0
-0.03,1569297890050.0,1,0,0
-0.03,1569297890510.0,1,0,0
-0.03,1569297890970.0,1,0,0
-0.03,1569297891440.0,1,0,0
-0.03,1569297891890.0,1,0,0
0.0,1569297892350.0,1,0,0
1.68,1569297892800.0,1,0,0
0.72,1569297893260.0,1,0,0
1.17,1569297893720.0,1,0,0
0.3,1569297894180.0,1,0,0
0.12,1569297894640.0,1,0,0
0.15,1569297895100.0,1,0,0
-0.03,1569297895560.0,1,0,0
-0.03,1569297896020.0,1,0,0
-0.03,1569297896480.0,1,0,0
-0.03,1569297896943.0,1,0,0
-0.03,1569297897400.0,1,0,0
-0.03,1569297897860.0,1,0,0
-0.03,1569297898320.0,1,0,0
-0.03,1569297898794.0,1,0,0
-0.03,1569297899240.0,1,0,0
-0.03,1569297899700.0,1,0,0
-0.03,1569297900160.0,1,0,0
-0.03,1569297900630.0,1,0,0
-0.03,1569297901080.0,1,0,0
-0.03,1569297901550.0,1,0,0
-0.03,1569297902010.0,1,0,0
-0.03,1569297902470.0,1,0,0
-0.03,1569297902930.0,1,0,0
-0.03,1569297903391.0,1,0,0
-0.03,1569297903860.0,1,0,0
-0.03,1569297904320.0,1,0,0
-0.03,1569297904776.0,1,0,0
-0.03,1569297905240.0,1,0,0
-0.03,1569297905700.0,1,0,0
-0.03,1569297906160.0,1,0,0
-0.03,1569297906620.0,1,0,0
-0.03,1569297907090.0,1,0,0
-0.03,1569297907549.0,1,0,0
-0.03,1569297908010.0,1,0,0
-0.03,1569297908469.0,1,0,0
-0.03,1569297908930.0,1,0,0
-0.03,1569297909400.0,1,0,0
-0.03,1569297909860.0,1,0,0
-0.03,1569297910320.0,1,0,0
-0.03,1569297910781.0,1,0,0
-0.03,1569297911240.0,1,0,0
-0.03,1569297911699.0,1,0,0
-0.03,1569297912160.0,1,0,0
-0.03,1569297912621.0,1,0,0
-0.03,1569297913073.0,1,0,0
-0.03,1569297913568.0,1,0,0
-0.03,1569297914000.0,1,0,0
-0.03,1569297914460.0,1,0,0
-0.03,1569297914920.0,1,0,0
-0.03,1569297915380.0,1,0,0
-0.03,1569297915840.0,1,0,0
-0.03,1569297916300.0,1,0,0
-0.03,1569297916760.0,1,0,0
-0.03,1569297917220.0,1,0,0
-0.03,1569297917679.0,1,0,0
-0.03,1569297918140.0,2,0,0
-0.03,1569297918601.0,2,0,0
-0.03,1569297919060.0,2,0,0
-0.03,1569297919520.0,2,0,0
-0.03,1569297919980.0,2,0,0
-0.03,1569297920440.0,2,0,0
-0.03,1569297920959.0,2,0,0
-0.03,1569297921371.0,2,0,0
-0.03,1569297921830.0,2,0,0
-0.03,1569297922289.0,2,0,0
-0.03,1569297922750.0,2,0,0
-0.03,1569297923210.0,2,0,0
-0.03,1569297923670.0,2,0,0
-0.03,1569297924141.0,2,0,0
-0.03,1569297924590.0,2,0,0
-0.03,1569297925061.0,2,0,0
-0.03,1569297925520.0,2,0,0
-0.03,1569297925980.0,2,0,0
-0.03,1569297926430.0,2,0,0
-0.03,1569297926891.0,2,0,0
-0.03,1569297927349.0,2,0,0
-0.03,1569297927810.0,2,0,0
-0.03,1569297928280.0,2,0,0
-0.03,1569297928731.0,2,0,0
-0.03,1569297929200.0,2,0,0
-0.03,1569297929660.0,2,0,0
-0.03,1569297930120.0,2,0,0
-0.03,1569297930579.0,5,0,0
-0.03,1569297931040.0,5,0,0
-0.03,1569297931549.0,5,0,0
-0.03,1569297931960.0,5,0,0
-0.03,1569297932430.0,5,0,0
-0.03,1569297932880.0,5,0,0
-0.03,1569297933340.0,5,0,0
-0.03,1569297933800.0,5,0,0
-0.03,1569297934260.0,5,0,0
0.0,1569297934720.0,5,0,0
-0.03,1569297935181.0,5,0,0
-0.03,1569297935652.0,5,0,0
-0.03,1569297936110.0,5,0,0
-0.03,1569297936570.0,1,0,0
-0.03,1569297937020.0,1,0,0
-0.03,1569297937490.0,1,0,0
-0.03,1569297937951.0,1,0,0
-0.03,1569297938410.0,1,0,0
-0.03,1569297938860.0,3,0,0
-0.03,1569297939320.0,3,0,0
-0.03,1569297939792.0,3,0,0
-0.03,1569297940250.0,3,0,0
-0.03,1569297940710.0,3,0,0
-0.03,1569297941171.0,3,0,0
-0.03,1569297941630.0,3,0,0
-0.03,1569297942092.0,3,0,0
-0.03,1569297942550.0,3,0,0
-0.03,1569297943010.0,1,0,0
-0.03,1569297943470.0,1,0,0
-0.03,1569297943931.0,1,0,0
-0.03,1569297944390.0,1,0,0
-0.03,1569297944850.0,1,0,0
-0.03,1569297945331.0,1,0,0
-0.03,1569297945792.0,1,0,0
-0.03,1569297946250.0,1,0,0
-0.03,1569297946711.0,1,0,0
-0.03,1569297947180.0,1,0,0
-0.03,1569297947640.0,1,0,0
-0.03,1569297948100.0,1,0,0
-0.03,1569297948560.0,1,0,0
-0.03,1569297949020.0,1,0,0
-0.03,1569297949490.0,2,0,0
-0.03,1569297949940.0,2,0,0
-0.03,1569297950410.0,2,0,0
-0.03,1569297950870.0,2,0,0
-0.03,1569297951330.0,2,0,0
-0.03,1569297951790.0,2,0,0
-0.03,1569297952261.0,2,0,0
-0.03,1569297952720.0,2,0,0
-0.03,1569297953181.0,2,0,0
-0.03,1569297953650.0,2,0,0
-0.03,1569297954111.0,2,0,0
-0.03,1569297954571.0,2,0,0
-0.03,1569297955031.0,2,0,0
-0.03,1569297955490.0,2,0,0
-0.03,1569297955951.0,5,0,0
-0.03,1569297956421.0,5,0,0
-0.03,1569297956880.0,5,0,0
-0.03,1569297957341.0,5,0,0
-0.03,1569297957810.0,5,0,0
-0.03,1569297958270.0,5,0,0
-0.03,1569297958730.0,5,0,0
-0.03,1569297959191.0,5,0,0
0.09,1569297959650.0,5,0,0
0.24,1569297960110.0,5,0,0
0.93,1569297960571.0,5,0,0
1.26,1569297961031.0,5,0,0
1.29,1569297961491.0,5,0,0
1.29,1569297961951.0,5,0,0
0.99,1569297962410.0,3,0,0
0.12,1569297962872.0,3,0,0
0.27,1569297963331.0,3,0,0
0.66,1569297963791.0,3,0,0
0.66,1569297964284.0,3,0,0
0.72,1569297964701.0,3,0,0
0.3,1569297965181.0,3,0,0
-0.03,1569297965631.0,3,0,0
-0.03,1569297966101.0,3,0,0
-0.03,1569297966571.0,3,0,0
-0.03,1569297967031.0,3,0,0
-0.03,1569297967491.0,3,0,0
-0.03,1569297967951.0,3,0,0
-0.03,1569297968411.0,3,0,0
-0.03,1569297968870.0,3,0,0
-0.03,1569297969341.0,3,0,0
-0.03,1569297969800.0,3,0,0
-0.03,1569297970261.0,3,0,0
-0.03,1569297970721.0,3,0,0
-0.03,1569297971181.0,3,0,0
-0.03,1569297971641.0,3,0,0
-0.03,1569297972100.0,3,0,0
-0.03,1569297972560.0,3,0,0
-0.03,1569297973020.0,3,0,0
-0.03,1569297973480.0,3,0,0
-0.03,1569297973941.0,3,0,0
-0.03,1569297974411.0,1,0,0
-0.03,1569297974870.0,1,0,0
-0.03,1569297975341.0,1,0,0
-0.03,1569297975801.0,1,0,0
-0.03,1569297976260.0,1,0,0
-0.03,1569297976720.0,1,0,0
-0.03,1569297977181.0,1,0,0
-0.03,1569297977641.0,1,0,0
-0.03,1569297978100.0,1,0,0
-0.03,1569297978561.0,1,0,0
-0.03,1569297979031.0,1,0,0
-0.03,1569297979490.0,1,0,0
-0.03,1569297979950.0,1,0,0
-0.03,1569297980411.0,1,0,0
-0.03,1569297980870.0,1,0,0
-0.03,1569297981330.0,1,0,0
-0.03,1569297981792.0,1,0,0
-0.03,1569297982251.0,1,0,0
-0.03,1569297982712.0,1,0,0
-0.03,1569297983170.0,1,0,0
-0.03,1569297983630.0,1,0,0
-0.03,1569297984100.0,1,0,0
-0.03,1569297984561.0,1,0,0
-0.03,1569297985021.0,1,0,0
0.51,1569297985500.0,1,0,0
0.6,1569297985960.0,1,0,0
0.63,1569297986430.0,1,0,0
0.78,1569297986890.0,1,0,0
0.84,1569297987350.0,1,0,0
0.81,1569297987811.0,1,0,0
0.21,1569297988280.0,1,0,0
0.24,1569297988740.0,1,0,0
0.42,1569297989200.0,1,0,0
0.48,1569297989699.0,1,0,0
0.51,1569297990120.0,1,0,0
0.87,1569297990581.0,1,0,0
0.51,1569297991040.0,1,0,0
0.39,1569297991510.0,1,0,0
0.15,1569297991960.0,1,0,0
0.24,1569297992430.0,1,0,0
0.78,1569297992890.0,1,0,0
0.78,1569297993350.0,1,0,0
0.75,1569297993811.0,1,0,0
0.45,1569297994271.0,1,0,0
0.42,1569297994730.0,1,0,0
0.63,1569297995191.0,1,0,0
0.81,1569297995651.0,1,0,0
0.81,1569297996120.0,1,0,0
0.9,1569297996591.0,1,0,0
0.9,1569297997051.0,1,0,0
1.1400000000000001,1569297997510.0,1,0,0
1.26,1569297997960.0,1,0,0
1.29,1569297998421.0,1,0,0
1.29,1569297998880.0,0,0,0
1.29,1569297999341.0,0,0,0
1.29,1569297999800.0,0,0,0
