1619609075546,0.415,0,0,0,0,-0.839
1619609075566,0.384,0,0,0,0,-0.82
1619609075586,0.398,0,0,0,0,-0.814
1619609075606,0.394,0,0,0,0,-0.833
1619609075626,0.394,0,0,0,0,-0.864
1619609075646,0.391,0,0,0,0,-0.87
1619609075666,0.411,0,0,0,0,-0.855
1619609075686,0.411,0,0,0,0,-0.855
1619609075706,0.374,0,0,0,0,-0.842
1619609075726,0.401,0,0,0,0,-0.851
1619609075746,0.394,0,0,0,0,-0.85
1619609075766,0.401,0,0,0,0,-0.829
1619609075786,0.398,0,0,0,0,-0.81
1619609075806,0.394,0,0,0,0,-0.809
1619609075826,0.394,0,0,0,0,-0.805
1619609075846,0.394,0,0,0,0,-0.835
1619609075866,0.394,0,0,0,0,-0.838
1619609075886,0.401,0,0,0,0,-0.82
1619609075906,0.398,0,0,0,0,-0.803
1619609075926,0.408,0,0,0,0,-0.828
1619609075946,0.408,0,0,0,0,-0.828
1619609075966,0.387,0,0,0,0,-0.823
1619609075986,0.394,0,0,0,0,-0.822
1619609076006,0.401,0,0,0,0,-0.818
1619609076026,0.398,0,0,0,0,-0.813
1619609076046,0.398,0,0,0,0,-0.811
1619609076066,0.398,0,0,0,0,-0.838
1619609076086,0.394,0,0,0,0,-0.835
1619609076106,0.398,0,0,0,0,-0.812
1619609076126,0.391,0,0,0,0,-0.796
1619609076146,0.398,0,0,0,0,-0.824
1619609076167,0.394,0,0,0,0,-0.859
1619609076187,0.401,0,0,0,0,-0.875
1619609076206,0.401,0,0,0,0,-0.875
1619609076226,0.384,0,0,0,0,-0.875
1619609076246,0.391,0,0,0,0,-0.877
1619609076266,0.398,0,0,0,0,-0.877
1619609076286,0.391,0,0,0,0,-0.866
1619609076306,0.387,0,0,0,0,-0.873
1619609076326,0.408,0,0,0,0,-0.838
1619609076346,0.391,0,0,0,0,-0.816
1619609076366,0.394,0,0,0,0,-0.801
1619609076386,0.394,0,0,0,0,-0.826
1619609076406,0.398,0,0,0,0,-0.836
1619609076426,0.401,0,0,0,0,-0.827
1619609076446,0.394,0,0,0,0,-0.817
1619609076466,0.411,0,0,0,0,-0.837
1619609076486,0.411,0,0,0,0,-0.837
1619609076506,0.381,0,0,0,0,-0.828
1619609076526,0.398,0,0,0,0,-0.826
1619609076546,0.398,0,0,0,0,-0.818
1619609076566,0.398,0,0,0,0,-0.802
1619609076586,0.398,0,0,0,0,-0.792
1619609076606,0.398,0,0,0,0,-0.812
1619609076626,0.418,0,0,0,0,-0.851
1619609076646,0.381,0,0,0,0,-0.868
1619609076666,0.398,0,0,0,0,-0.827
1619609076686,0.398,0,0,0,0,-0.807
1619609076706,0.391,0,0,0,0,-0.83
1619609076726,0.398,0,0,0,0,-0.848
1619609076746,0.411,0,0,0,0,-0.822
1619609076766,0.411,0,0,0,0,-0.822
1619609076786,0.377,0,0,0,0,-0.806
1619609076806,0.398,0,0,0,0,-0.811
1619609076826,0.398,0,0,0,0,-0.818
1619609076846,0.391,0,0,0,0,-0.85
1619609076866,0.401,0,0,0,0,-0.842
1619609076886,0.398,0,0,0,0,-0.816
1619609076906,0.394,0,0,0,0,-0.816
1619609076926,0.398,0,0,0,0,-0.835
1619609076947,0.398,0,0,0,0,-0.829
1619609076966,0.401,0,0,0,0,-0.833
1619609076986,0.398,0,0,0,0,-0.822
1619609077006,0.401,0,0,0,0,-0.794
1619609077026,0.401,0,0,0,0,-0.794
1619609077047,0.391,0,0,0,0,-0.796
1619609077066,0.398,0,0,0,0,-0.821
1619609077086,0.398,0,0,0,0,-0.812
1619609077106,0.394,0,0,0,0,-0.797
1619609077126,0.394,0,0,0,0,-0.777
1619609077158,0.405,0,0,0,0,-0.803
1619609077166,0.391,0,0,0,0,-0.806
1619609077186,0.398,0,0,0,0,-0.793
1619609077206,0.398,0,0,0,0,-0.772
1619609077226,0.398,0,0,0,0,-0.769
1619609077247,0.398,0,0,0,0,-0.797
1619609077266,0.405,0,0,0,0,-0.819
1619609077286,0.405,0,0,0,0,-0.819
1619609077306,0.394,0,0,0,0,-0.788
1619609077326,0.394,0,0,0,0,-0.779
1619609077347,0.401,0,0,0,0,-0.785
1619609077366,0.398,0,0,0,0,-0.8
1619609077386,0.398,0,0,0,0,-0.818
1619609077406,0.405,0,0,0,0,-0.848
1619609077426,0.387,0,0,0,0,-0.836
1619609077448,0.398,0,0,0,0,-0.799
1619609077466,0.391,0,0,0,0,-0.786
1619609077486,0.398,0,0,0,0,-0.796
1619609077506,0.401,0,0,0,0,-0.838
1619609077526,0.398,0,0,0,0,-0.821
1619609077547,0.398,0,0,0,0,-0.821
1619609077566,0.381,0,0,0,0,-0.794
1619609077586,0.394,0,0,0,0,-0.806
1619609077606,0.391,0,0,0,0,-0.855
1619609077626,0.394,0,0,0,0,-0.859
1619609077647,0.401,0,0,0,0,-0.843
1619609077666,0.405,0,0,0,0,-0.862
1619609077686,0.394,0,0,0,0,-0.868
1619609077706,0.387,0,0,0,0,-0.886
1619609077726,0.398,0,0,0,0,-0.896
1619609077747,0.398,0,0,0,0,-0.891
1619609077766,0.394,0,0,0,0,-0.868
1619609077786,0.401,0,0,0,0,-0.869
1619609077806,0.415,0,0,0,0,-0.864
1619609077826,0.415,0,0,0,0,-0.864
1619609077846,0.384,0,0,0,0,-0.871
1619609077866,0.398,0,0,0,0,-0.887
1619609077886,0.391,0,0,0,0,-0.852
1619609077906,0.401,0,0,0,0,-0.841
1619609077926,0.394,0,0,0,0,-0.842
1619609077946,0.401,0,0,0,0,-0.863
1619609077966,0.391,0,0,0,0,-0.863
1619609077986,0.398,0,0,0,0,-0.845
1619609078006,0.398,0,0,0,0,-0.837
1619609078026,0.394,0,0,0,0,-0.856
1619609078046,0.398,0,0,0,0,-0.88
1619609078066,0.405,0,0,0,0,-0.859
1619609078086,0.405,0,0,0,0,-0.859
1619609078106,0.387,0,0,0,0,-0.832
1619609078126,0.398,0,0,0,0,-0.827
1619609078146,0.398,0,0,0,0,-0.836
1619609078166,0.398,0,0,0,0,-0.832
1619609078186,0.398,0,0,0,0,-0.838
1619609078206,0.405,0,0,0,0,-0.843
1619609078226,0.387,0,0,0,0,-0.852
1619609078246,0.391,0,0,0,0,-0.834
1619609078266,0.394,0,0,0,0,-0.814
1619609078286,0.398,0,0,0,0,-0.836
1619609078306,0.394,0,0,0,0,-0.847
1619609078326,0.398,0,0,0,0,-0.852
1619609078346,0.405,0,0,0,0,-0.872
1619609078366,0.405,0,0,0,0,-0.872
1619609078386,0.387,0,0,0,0,-0.875
1619609078406,0.398,0,0,0,0,-0.881
1619609078426,0.394,0,0,0,0,-0.846
1619609078446,0.391,0,0,0,0,-0.838
1619609078466,0.398,0,0,0,0,-0.843
1619609078486,0.408,0,0,0,0,-0.87
1619609078506,0.387,0,0,0,0,-0.871
1619609078526,0.394,0,0,0,0,-0.854
1619609078546,0.401,0,0,0,0,-0.821
1619609078566,0.398,0,0,0,0,-0.799
1619609078586,0.398,0,0,0,0,-0.813
1619609078606,0.398,0,0,0,0,-0.847
1619609078626,0.391,0,0,0,0,-0.873
1619609078646,0.391,0,0,0,0,-0.873
1619609078666,0.398,0,0,0,0,-0.869
1619609078686,0.394,0,0,0,0,-0.869
1619609078706,0.394,0,0,0,0,-0.862
1619609078726,0.391,0,0,0,0,-0.853
1619609078746,0.398,0,0,0,0,-0.842
1619609078766,0.415,0,0,0,0,-0.841
1619609078786,0.384,0,0,0,0,-0.828
1619609078806,0.391,0,0,0,0,-0.821
1619609078826,0.398,0,0,0,0,-0.833
1619609078846,0.398,0,0,0,0,-0.831
1619609078866,0.398,0,0,0,0,-0.819
1619609078886,0.411,0,0,0,0,-0.811
1619609078906,0.411,0,0,0,0,-0.811
1619609078926,0.377,0,0,0,0,-0.812
1619609078946,0.401,0,0,0,0,-0.82
1619609078966,0.398,0,0,0,0,-0.812
1619609078986,0.398,0,0,0,0,-0.804
1619609079006,0.394,0,0,0,0,-0.806
1619609079026,0.401,0,0,0,0,-0.818
1619609079046,0.394,0,0,0,0,-0.829
1619609079077,0.398,0,0,0,0,-0.845
1619609079086,0.401,0,0,0,0,-0.839
1619609079106,0.394,0,0,0,0,-0.85
1619609079126,0.394,0,0,0,0,-0.88
1619609079146,0.401,0,0,0,0,-0.859
1619609079166,0.401,0,0,0,0,-0.859
1619609079186,0.391,0,0,0,0,-0.84
1619609079206,0.398,0,0,0,0,-0.841
1619609079226,0.394,0,0,0,0,-0.851
1619609079246,0.394,0,0,0,0,-0.845
1619609079266,0.398,0,0,0,0,-0.833
1619609079286,0.398,0,0,0,0,-0.851
1619609079306,0.391,0,0,0,0,-0.85
1619609079326,0.394,0,0,0,0,-0.822
1619609079346,0.394,0,0,0,0,-0.822
1619609079367,0.398,0,0,0,0,-0.825
1619609079386,0.398,0,0,0,0,-0.826
1619609079406,0.405,0,0,0,0,-0.821
1619609079426,0.405,0,0,0,0,-0.821
1619609079446,0.391,0,0,0,0,-0.821
1619609079467,0.394,0,0,0,0,-0.818
1619609079486,0.394,0,0,0,0,-0.814
1619609079506,0.398,0,0,0,0,-0.806
1619609079526,0.398,0,0,0,0,-0.812
1619609079546,0.405,0,0,0,0,-0.839
1619609079566,0.384,0,0,0,0,-0.846
1619609079586,0.398,0,0,0,0,-0.852
1619609079606,0.394,0,0,0,0,-0.863
1619609079626,0.398,0,0,0,0,-0.86
1619609079646,0.391,0,0,0,0,-0.866
1619609079667,0.394,0,0,0,0,-0.857
1619609079686,0.411,0,0,0,0,-0.847
1619609079706,0.411,0,0,0,0,-0.847
1619609079726,0.384,0,0,0,0,-0.85
1619609079746,0.401,0,0,0,0,-0.836
1619609079767,0.394,0,0,0,0,-0.827
1619609079786,0.391,0,0,0,0,-0.82
1619609079806,0.398,0,0,0,0,-0.837
1619609079826,0.398,0,0,0,0,-0.842
1619609079846,0.415,0,0,0,0,-0.832
1619609079868,0.384,0,0,0,0,-0.812
1619609079886,0.394,0,0,0,0,-0.809
1619609079906,0.394,0,0,0,0,-0.816
1619609079926,0.398,0,0,0,0,-0.809
1619609079946,0.394,0,0,0,0,-0.815
1619609079966,0.398,0,0,0,0,-0.817
1619609079986,0.415,0,0,0,0,-0.829
1619609080006,0.415,0,0,0,0,-0.829
1619609080026,0.374,0,0,0,0,-0.841
1619609080046,0.394,0,0,0,0,-0.832
1619609080068,0.398,0,0,0,0,-0.801
1619609080086,0.394,0,0,0,0,-0.799
1619609080106,0.398,0,0,0,0,-0.823
1619609080126,0.398,0,0,0,0,-0.822
1619609080146,0.394,0,0,0,0,-0.832
1619609080167,0.401,0,0,0,0,-0.828
1619609080186,0.398,0,0,0,0,-0.83
1619609080206,0.401,0,0,0,0,-0.822
1619609080227,0.398,0,0,0,0,-0.824
1619609080262,0.401,0,0,0,0,-0.842
1619609080266,0.401,0,0,0,0,-0.842
1619609080290,0.391,0,0,0,0,-0.844
1619609080306,0.401,0,0,0,0,-0.826
1619609080327,0.401,0,0,0,0,-0.821
1619609080346,0.391,0,0,0,0,-0.819
1619609080366,0.401,0,0,0,0,-0.811
1619609080387,0.398,0,0,0,0,-0.803
1619609080406,0.394,0,0,0,0,-0.837
1619609080433,0.391,0,0,0,0,-0.869
1619609080446,0.391,0,0,0,0,-0.883
1619609080467,0.398,0,0,0,0,-0.873
1619609080491,0.398,0,0,0,0,-0.874
1619609080506,0.391,0,0,0,0,-0.875
1619609080526,0.391,0,0,0,0,-0.875
1619609080546,0.387,0,0,0,0,-0.88
1619609080566,0.405,0,0,0,0,-0.881
1619609080586,0.384,0,0,0,0,-0.877
1619609080606,0.398,0,0,0,0,-0.871
1619609080626,0.398,0,0,0,0,-0.857
1619609080646,0.394,0,0,0,0,-0.85
1619609080666,0.401,0,0,0,0,-0.822
1619609080686,0.394,0,0,0,0,-0.82
1619609080711,0.411,0,0,0,0,-0.83
1619609080726,0.387,0,0,0,0,-0.815
1619609080746,0.394,0,0,0,0,-0.821
1619609080766,0.398,0,0,0,0,-0.811
1619609080800,0.398,0,0,0,0,-0.818
1619609080806,0.401,0,0,0,0,-0.797
1619609080826,0.401,0,0,0,0,-0.797
1619609080846,0.391,0,0,0,0,-0.778
1619609080867,0.411,0,0,0,0,-0.793
1619609080887,0.381,0,0,0,0,-0.819
1619609080906,0.401,0,0,0,0,-0.828
1619609080926,0.391,0,0,0,0,-0.81
1619609080946,0.401,0,0,0,0,-0.803
1619609080966,0.398,0,0,0,0,-0.81
1619609080987,0.398,0,0,0,0,-0.811
1619609081006,0.411,0,0,0,0,-0.808
1619609081026,0.384,0,0,0,0,-0.824
1619609081046,0.398,0,0,0,0,-0.813
1619609081066,0.394,0,0,0,0,-0.813
1619609081086,0.394,0,0,0,0,-0.81
1619609081106,0.394,0,0,0,0,-0.81
1619609081126,0.398,0,0,0,0,-0.816
1619609081146,0.408,0,0,0,0,-0.786
1619609081166,0.394,0,0,0,0,-0.785
1619609081186,0.391,0,0,0,0,-0.799
1619609081209,0.401,0,0,0,0,-0.806
1619609081228,0.398,0,0,0,0,-0.798
1619609081246,0.398,0,0,0,0,-0.805
1619609081266,0.398,0,0,0,0,-0.796
1619609081286,0.394,0,0,0,0,-0.806
1619609081306,0.398,0,0,0,0,-0.803
1619609081326,0.391,0,0,0,0,-0.829
1619609081346,0.401,0,0,0,0,-0.827
1619609081366,0.401,0,0,0,0,-0.827
1619609081386,0.394,0,0,0,0,-0.83
1619609081406,0.405,0,0,0,0,-0.797
1619609081426,0.387,0,0,0,0,-0.786
1619609081446,0.401,0,0,0,0,-0.813
1619609081466,0.394,0,0,0,0,-0.816
1619609081486,0.398,0,0,0,0,-0.838
1619609081506,0.394,0,0,0,0,-0.84
1619609081526,0.408,0,0,0,0,-0.843
1619609081546,0.387,0,0,0,0,-0.853
1619609081566,0.398,0,0,0,0,-0.851
1619609081586,0.398,0,0,0,0,-0.836
1619609081606,0.394,0,0,0,0,-0.833
1619609081626,0.394,0,0,0,0,-0.833
1619609081653,0.394,0,0,0,0,-0.857
1619609081666,0.384,0,0,0,0,-0.893
1619609081686,0.384,0,0,0,0,-0.893
1619609081706,0.394,0,0,0,0,-0.882
1619609081726,0.394,0,0,0,0,-0.873
1619609081746,0.391,0,0,0,0,-0.866
1619609081766,0.394,0,0,0,0,-0.856
1619609081786,0.394,0,0,0,0,-0.854
1619609081806,0.408,0,0,0,0,-0.836
1619609081826,0.384,0,0,0,0,-0.824
1619609081846,0.398,0,0,0,0,-0.819
1619609081866,0.398,0,0,0,0,-0.841
1619609081886,0.398,0,0,0,0,-0.849
1619609081906,0.398,0,0,0,0,-0.849
1619609081926,0.391,0,0,0,0,-0.844
1619609081946,0.394,0,0,0,0,-0.857
1619609081966,0.415,0,0,0,0,-0.864
1619609081986,0.377,0,0,0,0,-0.865
1619609082006,0.401,0,0,0,0,-0.875
1619609082026,0.398,0,0,0,0,-0.871
1619609082046,0.398,0,0,0,0,-0.846
1619609082066,0.398,0,0,0,0,-0.851
1619609082086,0.394,0,0,0,0,-0.863
1619609082106,0.418,0,0,0,0,-0.894
1619609082126,0.374,0,0,0,0,-0.89
1619609082146,0.398,0,0,0,0,-0.845
1619609082166,0.401,0,0,0,0,-0.828
1619609082186,0.401,0,0,0,0,-0.828
1619609082206,0.394,0,0,0,0,-0.819
1619609082226,0.394,0,0,0,0,-0.828
1619609082246,0.405,0,0,0,0,-0.847
1619609082266,0.394,0,0,0,0,-0.816
1619609082286,0.398,0,0,0,0,-0.816
1619609082306,0.394,0,0,0,0,-0.807
1619609082326,0.394,0,0,0,0,-0.824
1619609082346,0.394,0,0,0,0,-0.824
1619609082366,0.398,0,0,0,0,-0.785
1619609082386,0.394,0,0,0,0,-0.785
1619609082416,0.394,0,0,0,0,-0.809
1619609082426,0.391,0,0,0,0,-0.838
1619609082446,0.391,0,0,0,0,-0.838
1619609082466,0.401,0,0,0,0,-0.839
1619609082486,0.398,0,0,0,0,-0.82
1619609082507,0.408,0,0,0,0,-0.804
1619609082526,0.387,0,0,0,0,-0.816
1619609082546,0.391,0,0,0,0,-0.839
1619609082566,0.398,0,0,0,0,-0.844
1619609082586,0.398,0,0,0,0,-0.827
1619609082607,0.394,0,0,0,0,-0.809
1619609082626,0.405,0,0,0,0,-0.831
1619609082646,0.384,0,0,0,0,-0.825
1619609082666,0.398,0,0,0,0,-0.794
1619609082686,0.394,0,0,0,0,-0.791
1619609082707,0.394,0,0,0,0,-0.791
1619609082726,0.394,0,0,0,0,-0.819
1619609082746,0.394,0,0,0,0,-0.819
1619609082766,0.394,0,0,0,0,-0.836
1619609082786,0.408,0,0,0,0,-0.865
1619609082807,0.387,0,0,0,0,-0.844
1619609082826,0.394,0,0,0,0,-0.819
1619609082846,0.391,0,0,0,0,-0.82
1619609082866,0.401,0,0,0,0,-0.829
1619609082886,0.394,0,0,0,0,-0.858
1619609082907,0.391,0,0,0,0,-0.863
1619609082926,0.411,0,0,0,0,-0.841
1619609082946,0.381,0,0,0,0,-0.846
1619609082966,0.394,0,0,0,0,-0.846
1619609082986,0.398,0,0,0,0,-0.835
1619609083008,0.398,0,0,0,0,-0.835
1619609083026,0.391,0,0,0,0,-0.824
1619609083046,0.401,0,0,0,0,-0.808
1619609083066,0.398,0,0,0,0,-0.837
1619609083086,0.408,0,0,0,0,-0.869
1619609083106,0.381,0,0,0,0,-0.869
1619609083126,0.394,0,0,0,0,-0.854
1619609083146,0.394,0,0,0,0,-0.816
1619609083166,0.398,0,0,0,0,-0.809
1619609083186,0.391,0,0,0,0,-0.827
1619609083206,0.415,0,0,0,0,-0.841
1619609083226,0.377,0,0,0,0,-0.833
1619609083246,0.398,0,0,0,0,-0.797
1619609083266,0.398,0,0,0,0,-0.797
1619609083286,0.394,0,0,0,0,-0.791
1619609083307,0.401,0,0,0,0,-0.81
1619609083326,0.394,0,0,0,0,-0.838
1619609083346,0.398,0,0,0,0,-0.858
1619609083366,0.405,0,0,0,0,-0.841
1619609083386,0.391,0,0,0,0,-0.83
1619609083406,0.401,0,0,0,0,-0.839
1619609083426,0.394,0,0,0,0,-0.849
1619609083446,0.398,0,0,0,0,-0.839
1619609083466,0.394,0,0,0,0,-0.826
1619609083486,0.401,0,0,0,0,-0.832
1619609083506,0.394,0,0,0,0,-0.833
1619609083526,0.391,0,0,0,0,-0.852
1619609083546,0.391,0,0,0,0,-0.852
1619609083566,0.398,0,0,0,0,-0.83
1619609083586,0.398,0,0,0,0,-0.787
1619609083606,0.391,0,0,0,0,-0.772
1619609083626,0.401,0,0,0,0,-0.795
1619609083646,0.394,0,0,0,0,-0.8
1619609083666,0.398,0,0,0,0,-0.809
1619609083686,0.394,0,0,0,0,-0.815
1619609083706,0.401,0,0,0,0,-0.822
1619609083726,0.391,0,0,0,0,-0.827
1619609083746,0.401,0,0,0,0,-0.847
1619609083766,0.387,0,0,0,0,-0.869
1619609083786,0.398,0,0,0,0,-0.856
1619609083806,0.398,0,0,0,0,-0.856
1619609083826,0.398,0,0,0,0,-0.821
1619609083846,0.398,0,0,0,0,-0.814
1619609083866,0.394,0,0,0,0,-0.835
1619609083886,0.394,0,0,0,0,-0.837
1619609083906,0.411,0,0,0,0,-0.826
1619609083926,0.381,0,0,0,0,-0.837
1619609083946,0.398,0,0,0,0,-0.834
1619609083966,0.398,0,0,0,0,-0.832
1619609083986,0.391,0,0,0,0,-0.845
1619609084006,0.394,0,0,0,0,-0.879
1619609084026,0.394,0,0,0,0,-0.877
1619609084046,0.408,0,0,0,0,-0.806
1619609084066,0.381,0,0,0,0,-0.818
1619609084086,0.401,0,0,0,0,-0.83
1619609084106,0.401,0,0,0,0,-0.83
1619609084126,0.401,0,0,0,0,-0.817
1619609084146,0.401,0,0,0,0,-0.79
1619609084166,0.398,0,0,0,0,-0.802
1619609084186,0.391,0,0,0,0,-0.8
1619609084206,0.415,0,0,0,0,-0.851
1619609084226,0.381,0,0,0,0,-0.841
1619609084246,0.398,0,0,0,0,-0.798
1619609084266,0.394,0,0,0,0,-0.812
1619609084286,0.394,0,0,0,0,-0.823
1619609084306,0.398,0,0,0,0,-0.829
1619609084326,0.401,0,0,0,0,-0.831
1619609084346,0.398,0,0,0,0,-0.82
1619609084366,0.398,0,0,0,0,-0.82
1619609084386,0.394,0,0,0,0,-0.815
1619609084406,0.398,0,0,0,0,-0.818
1619609084426,0.394,0,0,0,0,-0.818
1619609084446,0.394,0,0,0,0,-0.819
1619609084466,0.398,0,0,0,0,-0.836
1619609084486,0.398,0,0,0,0,-0.813
1619609084506,0.398,0,0,0,0,-0.77
1619609084526,0.394,0,0,0,0,-0.791
1619609084546,0.398,0,0,0,0,-0.807
1619609084566,0.405,0,0,0,0,-0.794
1619609084586,0.391,0,0,0,0,-0.783
1619609084606,0.391,0,0,0,0,-0.783
1619609084626,0.391,0,0,0,0,-0.79
1619609084646,0.394,0,0,0,0,-0.801
1619609084666,0.394,0,0,0,0,-0.788
1619609084686,0.398,0,0,0,0,-0.787
1619609084706,0.408,0,0,0,0,-0.779
1619609084726,0.401,0,0,0,0,-0.773
1619609084746,0.387,0,0,0,0,-0.793
1619609084766,0.398,0,0,0,0,-0.778
1619609084786,0.401,0,0,0,0,-0.749
1619609084806,0.391,0,0,0,0,-0.748
1619609084827,0.408,0,0,0,0,-0.793
1619609084846,0.401,0,0,0,0,-0.785
1619609084866,0.401,0,0,0,0,-0.785
1619609084886,0.384,0,0,0,0,-0.783
1619609084906,0.401,0,0,0,0,-0.792
1619609084927,0.398,0,0,0,0,-0.78
1619609084946,0.394,0,0,0,0,-0.775
1619609084966,0.401,0,0,0,0,-0.787
1619609084986,0.408,0,0,0,0,-0.819
1619609085006,0.398,0,0,0,0,-0.827
1619609085027,0.387,0,0,0,0,-0.801
1619609085046,0.398,0,0,0,0,-0.761
1619609085066,0.398,0,0,0,0,-0.768
1619609085086,0.391,0,0,0,0,-0.79
1619609085106,0.398,0,0,0,0,-0.817
1619609085126,0.415,0,0,0,0,-0.854
1619609085146,0.387,0,0,0,0,-0.86
1619609085166,0.387,0,0,0,0,-0.86
1619609085186,0.387,0,0,0,0,-0.877
1619609085206,0.391,0,0,0,0,-0.88
1619609085226,0.394,0,0,0,0,-0.883
1619609085246,0.394,0,0,0,0,-0.893
1619609085266,0.394,0,0,0,0,-0.913
1619609085286,0.408,0,0,0,0,-0.93
1619609085306,0.381,0,0,0,0,-0.925
1619609085328,0.398,0,0,0,0,-0.937
1619609085346,0.391,0,0,0,0,-0.919
1619609085366,0.394,0,0,0,0,-0.888
1619609085386,0.401,0,0,0,0,-0.847
1619609085406,0.398,0,0,0,0,-0.83
1619609085428,0.398,0,0,0,0,-0.83
1619609085446,0.394,0,0,0,0,-0.824
1619609085466,0.394,0,0,0,0,-0.824
1619609085486,0.401,0,0,0,0,-0.801
1619609085506,0.394,0,0,0,0,-0.809
1619609085526,0.398,0,0,0,0,-0.836
1619609085546,0.394,0,0,0,0,-0.847
1619609085566,0.405,0,0,0,0,-0.841
1619609085586,0.391,0,0,0,0,-0.831
1619609085606,0.398,0,0,0,0,-0.828
1619609085627,0.398,0,0,0,0,-0.845
1619609085648,0.398,0,0,0,0,-0.836
1619609085666,0.398,0,0,0,0,-0.832
1619609085686,0.401,0,0,0,0,-0.813
1619609085706,0.401,0,0,0,0,-0.813
1619609085726,0.391,0,0,0,0,-0.806
1619609085746,0.391,0,0,0,0,-0.82
1619609085766,0.394,0,0,0,0,-0.838
1619609085786,0.398,0,0,0,0,-0.848
1619609085806,0.394,0,0,0,0,-0.842
1619609085826,0.405,0,0,0,0,-0.849
1619609085846,0.387,0,0,0,0,-0.863
1619609085866,0.398,0,0,0,0,-0.858
1619609085886,0.394,0,0,0,0,-0.848
1619609085906,0.398,0,0,0,0,-0.844
1619609085926,0.394,0,0,0,0,-0.852
1619609085946,0.394,0,0,0,0,-0.864
1619609085966,0.408,0,0,0,0,-0.881
1619609085986,0.394,0,0,0,0,-0.875
1619609086006,0.394,0,0,0,0,-0.875
1619609086026,0.381,0,0,0,0,-0.848
1619609086046,0.391,0,0,0,0,-0.829
1619609086066,0.398,0,0,0,0,-0.843
1619609086086,0.398,0,0,0,0,-0.852
1619609086106,0.398,0,0,0,0,-0.856
1619609086126,0.415,0,0,0,0,-0.825
1619609086146,0.394,0,0,0,0,-0.801
1619609086166,0.381,0,0,0,0,-0.804
1619609086186,0.394,0,0,0,0,-0.83
1619609086206,0.394,0,0,0,0,-0.828
1619609086226,0.401,0,0,0,0,-0.835
1619609086246,0.394,0,0,0,0,-0.846
1619609086266,0.401,0,0,0,0,-0.861
1619609086286,0.401,0,0,0,0,-0.861
1619609086306,0.394,0,0,0,0,-0.845
1619609086326,0.401,0,0,0,0,-0.828
1619609086346,0.394,0,0,0,0,-0.797
1619609086366,0.401,0,0,0,0,-0.816
1619609086386,0.398,0,0,0,0,-0.831
1619609086406,0.401,0,0,0,0,-0.848
1619609086426,0.394,0,0,0,0,-0.869
1619609086446,0.387,0,0,0,0,-0.872
1619609086466,0.401,0,0,0,0,-0.861
1619609086486,0.394,0,0,0,0,-0.835
1619609086506,0.394,0,0,0,0,-0.822
1619609086526,0.401,0,0,0,0,-0.825
1619609086546,0.401,0,0,0,0,-0.825
1619609086566,0.394,0,0,0,0,-0.822
1619609086586,0.394,0,0,0,0,-0.835
1619609086606,0.391,0,0,0,0,-0.827
1619609086626,0.398,0,0,0,0,-0.814
1619609086646,0.398,0,0,0,0,-0.811
1619609086666,0.401,0,0,0,0,-0.807
1619609086687,0.387,0,0,0,0,-0.809
1619609086706,0.398,0,0,0,0,-0.835
1619609086726,0.398,0,0,0,0,-0.863
1619609086746,0.401,0,0,0,0,-0.871
1619609086766,0.391,0,0,0,0,-0.837
1619609086786,0.408,0,0,0,0,-0.788
1619609086806,0.408,0,0,0,0,-0.788
1619609086826,0.391,0,0,0,0,-0.809
1619609086846,0.398,0,0,0,0,-0.827
1619609086866,0.398,0,0,0,0,-0.848
1619609086886,0.394,0,0,0,0,-0.833
1619609086906,0.398,0,0,0,0,-0.835
1619609086926,0.405,0,0,0,0,-0.801
1619609086946,0.387,0,0,0,0,-0.814
1619609086966,0.398,0,0,0,0,-0.823
1619609086986,0.394,0,0,0,0,-0.83
1619609087006,0.398,0,0,0,0,-0.842
1619609087026,0.391,0,0,0,0,-0.85
1619609087046,0.398,0,0,0,0,-0.848
1619609087066,0.405,0,0,0,0,-0.825
1619609087086,0.405,0,0,0,0,-0.825
1619609087106,0.387,0,0,0,0,-0.811
1619609087126,0.394,0,0,0,0,-0.816
1619609087147,0.391,0,0,0,0,-0.813
1619609087166,0.401,0,0,0,0,-0.826
1619609087186,0.394,0,0,0,0,-0.838
1619609087206,0.398,0,0,0,0,-0.855
1619609087226,0.408,0,0,0,0,-0.858
1619609087247,0.384,0,0,0,0,-0.851
1619609087266,0.391,0,0,0,0,-0.856
1619609087286,0.398,0,0,0,0,-0.832
1619609087306,0.398,0,0,0,0,-0.826
1619609087326,0.398,0,0,0,0,-0.821
1619609087347,0.398,0,0,0,0,-0.825
1619609087366,0.415,0,0,0,0,-0.816
1619609087386,0.415,0,0,0,0,-0.816
1619609087406,0.384,0,0,0,0,-0.815
1619609087426,0.391,0,0,0,0,-0.826
1619609087446,0.394,0,0,0,0,-0.814
1619609087466,0.398,0,0,0,0,-0.807
1619609087486,0.398,0,0,0,0,-0.801
1619609087506,0.408,0,0,0,0,-0.816
1619609087526,0.377,0,0,0,0,-0.818
1619609087547,0.394,0,0,0,0,-0.807
1619609087566,0.398,0,0,0,0,-0.807
1619609087586,0.398,0,0,0,0,-0.821
1619609087606,0.398,0,0,0,0,-0.845
1619609087626,0.401,0,0,0,0,-0.859
1619609087647,0.401,0,0,0,0,-0.859
1619609087666,0.391,0,0,0,0,-0.858
1619609087686,0.391,0,0,0,0,-0.831
1619609087706,0.398,0,0,0,0,-0.825
1619609087726,0.398,0,0,0,0,-0.817
1619609087746,0.401,0,0,0,0,-0.83
1619609087766,0.405,0,0,0,0,-0.824
1619609087786,0.391,0,0,0,0,-0.829
1619609087806,0.394,0,0,0,0,-0.835
1619609087826,0.401,0,0,0,0,-0.851
1619609087847,0.394,0,0,0,0,-0.839
1619609087866,0.394,0,0,0,0,-0.825
1619609087886,0.405,0,0,0,0,-0.815
1619609087906,0.405,0,0,0,0,-0.815
1619609087926,0.391,0,0,0,0,-0.828
1619609087947,0.394,0,0,0,0,-0.817
1619609087966,0.398,0,0,0,0,-0.8
1619609087986,0.401,0,0,0,0,-0.792
1619609088006,0.398,0,0,0,0,-0.808
1619609088026,0.405,0,0,0,0,-0.812
1619609088046,0.384,0,0,0,0,-0.84
1619609088066,0.401,0,0,0,0,-0.873
1619609088086,0.398,0,0,0,0,-0.871
1619609088106,0.394,0,0,0,0,-0.871
1619609088126,0.391,0,0,0,0,-0.868
1619609088146,0.398,0,0,0,0,-0.878
1619609088166,0.408,0,0,0,0,-0.862
1619609088186,0.408,0,0,0,0,-0.862
1619609088206,0.387,0,0,0,0,-0.851
1619609088226,0.394,0,0,0,0,-0.86
1619609088246,0.391,0,0,0,0,-0.869
1619609088266,0.394,0,0,0,0,-0.893
1619609088286,0.398,0,0,0,0,-0.884
1619609088306,0.394,0,0,0,0,-0.861
1619609088326,0.405,0,0,0,0,-0.837
1619609088346,0.387,0,0,0,0,-0.827
1619609088367,0.391,0,0,0,0,-0.815
1619609088386,0.398,0,0,0,0,-0.799
1619609088406,0.401,0,0,0,0,-0.807
1619609088426,0.394,0,0,0,0,-0.793
1619609088446,0.398,0,0,0,0,-0.799
1619609088466,0.415,0,0,0,0,-0.828
1619609088486,0.415,0,0,0,0,-0.828
1619609088506,0.384,0,0,0,0,-0.813
1619609088526,0.391,0,0,0,0,-0.812
1619609088546,0.401,0,0,0,0,-0.795
1619609088566,0.398,0,0,0,0,-0.815
1619609088586,0.398,0,0,0,0,-0.817
1619609088606,0.394,0,0,0,0,-0.808
1619609088626,0.401,0,0,0,0,-0.803
1619609088646,0.398,0,0,0,0,-0.802
1619609088666,0.401,0,0,0,0,-0.798
1619609088686,0.394,0,0,0,0,-0.814
1619609088706,0.401,0,0,0,0,-0.809
1619609088726,0.401,0,0,0,0,-0.792
1619609088746,0.401,0,0,0,0,-0.792
1619609088766,0.394,0,0,0,0,-0.812
1619609088786,0.394,0,0,0,0,-0.812
1619609088806,0.398,0,0,0,0,-0.8
1619609088826,0.394,0,0,0,0,-0.788
1619609088846,0.398,0,0,0,0,-0.791
1619609088866,0.405,0,0,0,0,-0.794
1619609088886,0.391,0,0,0,0,-0.799
1619609088906,0.391,0,0,0,0,-0.788
1619609088926,0.398,0,0,0,0,-0.796
1619609088946,0.401,0,0,0,0,-0.807
1619609088966,0.398,0,0,0,0,-0.815
1619609088986,0.405,0,0,0,0,-0.828
1619609089006,0.405,0,0,0,0,-0.828
1619609089026,0.387,0,0,0,0,-0.848
1619609089046,0.394,0,0,0,0,-0.84
1619609089066,0.398,0,0,0,0,-0.815
1619609089086,0.394,0,0,0,0,-0.83
1619609089106,0.394,0,0,0,0,-0.854
1619609089126,0.408,0,0,0,0,-0.845
1619609089146,0.387,0,0,0,0,-0.844
1619609089166,0.394,0,0,0,0,-0.837
1619609089186,0.394,0,0,0,0,-0.828
1619609089206,0.401,0,0,0,0,-0.817
1619609089226,0.398,0,0,0,0,-0.819
1619609089246,0.394,0,0,0,0,-0.832
1619609089266,0.408,0,0,0,0,-0.86
1619609089286,0.408,0,0,0,0,-0.86
1619609089306,0.394,0,0,0,0,-0.851
1619609089326,0.387,0,0,0,0,-0.839
1619609089346,0.394,0,0,0,0,-0.825
1619609089366,0.394,0,0,0,0,-0.842
1619609089386,0.394,0,0,0,0,-0.851
1619609089406,0.394,0,0,0,0,-0.856
1619609089426,0.411,0,0,0,0,-0.871
1619609089446,0.387,0,0,0,0,-0.883
1619609089466,0.387,0,0,0,0,-0.899
1619609089486,0.398,0,0,0,0,-0.894
1619609089506,0.391,0,0,0,0,-0.89
1619609089526,0.398,0,0,0,0,-0.875
1619609089546,0.391,0,0,0,0,-0.868
1619609089567,0.415,0,0,0,0,-0.88
1619609089586,0.415,0,0,0,0,-0.88
1619609089606,0.377,0,0,0,0,-0.873
1619609089626,0.398,0,0,0,0,-0.852
1619609089646,0.391,0,0,0,0,-0.815
1619609089666,0.401,0,0,0,0,-0.817
1619609089686,0.398,0,0,0,0,-0.811
1619609089706,0.398,0,0,0,0,-0.823
1619609089726,0.401,0,0,0,0,-0.818
1619609089746,0.398,0,0,0,0,-0.789
1619609089767,0.401,0,0,0,0,-0.787
1619609089786,0.398,0,0,0,0,-0.815
1619609089806,0.398,0,0,0,0,-0.81
1619609089826,0.408,0,0,0,0,-0.783
1619609089846,0.408,0,0,0,0,-0.783
1619609089867,0.394,0,0,0,0,-0.789
1619609089886,0.398,0,0,0,0,-0.822
1619609089906,0.394,0,0,0,0,-0.847
1619609089926,0.394,0,0,0,0,-0.842
1619609089946,0.394,0,0,0,0,-0.814
1619609089967,0.405,0,0,0,0,-0.786
1619609089986,0.384,0,0,0,0,-0.806
1619609090006,0.391,0,0,0,0,-0.849
1619609090026,0.401,0,0,0,0,-0.85
1619609090046,0.394,0,0,0,0,-0.842
1619609090067,0.391,0,0,0,0,-0.811
1619609090086,0.405,0,0,0,0,-0.814
1619609090106,0.405,0,0,0,0,-0.814
1619609090126,0.387,0,0,0,0,-0.821
1619609090146,0.394,0,0,0,0,-0.797
1619609090166,0.398,0,0,0,0,-0.804
1619609090186,0.398,0,0,0,0,-0.809
1619609090206,0.394,0,0,0,0,-0.825
1619609090226,0.394,0,0,0,0,-0.819
1619609090246,0.418,0,0,0,0,-0.813
1619609090267,0.377,0,0,0,0,-0.802
1619609090286,0.391,0,0,0,0,-0.796
1619609090306,0.394,0,0,0,0,-0.802
1619609090326,0.398,0,0,0,0,-0.826
1619609090346,0.398,0,0,0,0,-0.845
1619609090366,0.411,0,0,0,0,-0.835
1619609090386,0.411,0,0,0,0,-0.835
1619609090407,0.381,0,0,0,0,-0.811
1619609090426,0.398,0,0,0,0,-0.809
1619609090446,0.391,0,0,0,0,-0.831
1619609090466,0.398,0,0,0,0,-0.854
1619609090486,0.391,0,0,0,0,-0.86
1619609090506,0.398,0,0,0,0,-0.842
1619609090526,0.415,0,0,0,0,-0.819
1619609090546,0.381,0,0,0,0,-0.817
1619609090566,0.391,0,0,0,0,-0.831
1619609090586,0.394,0,0,0,0,-0.822
1619609090606,0.401,0,0,0,0,-0.834
1619609090626,0.398,0,0,0,0,-0.83
1619609090646,0.398,0,0,0,0,-0.842
1619609090666,0.398,0,0,0,0,-0.842
1619609090686,0.394,0,0,0,0,-0.863
1619609090706,0.401,0,0,0,0,-0.869
1619609090726,0.394,0,0,0,0,-0.844
1619609090746,0.394,0,0,0,0,-0.808
1619609090766,0.398,0,0,0,0,-0.807
1619609090786,0.394,0,0,0,0,-0.825
1619609090806,0.398,0,0,0,0,-0.837
1619609090826,0.398,0,0,0,0,-0.835
1619609090846,0.394,0,0,0,0,-0.822
1619609090866,0.394,0,0,0,0,-0.822
1619609090886,0.394,0,0,0,0,-0.835
1619609090906,0.401,0,0,0,0,-0.834
1619609090926,0.401,0,0,0,0,-0.834
1619609090946,0.387,0,0,0,0,-0.824
1619609090966,0.398,0,0,0,0,-0.799
1619609090986,0.398,0,0,0,0,-0.793
1619609091006,0.394,0,0,0,0,-0.795
1619609091026,0.401,0,0,0,0,-0.799
1619609091046,0.398,0,0,0,0,-0.803
1619609091066,0.405,0,0,0,0,-0.804
1619609091086,0.391,0,0,0,0,-0.82
1619609091106,0.394,0,0,0,0,-0.837
1619609091126,0.398,0,0,0,0,-0.824
1619609091146,0.401,0,0,0,0,-0.816
1619609091166,0.394,0,0,0,0,-0.798
1619609091186,0.405,0,0,0,0,-0.792
1619609091206,0.405,0,0,0,0,-0.792
1619609091226,0.384,0,0,0,0,-0.818
1619609091246,0.394,0,0,0,0,-0.842
1619609091266,0.398,0,0,0,0,-0.843
1619609091286,0.391,0,0,0,0,-0.84
1619609091306,0.391,0,0,0,0,-0.842
1619609091326,0.394,0,0,0,0,-0.821
1619609091346,0.411,0,0,0,0,-0.838
1619609091366,0.377,0,0,0,0,-0.816
1619609091386,0.398,0,0,0,0,-0.809
1619609091406,0.401,0,0,0,0,-0.815
1619609091426,0.391,0,0,0,0,-0.808
1619609091446,0.398,0,0,0,0,-0.814
1619609091466,0.408,0,0,0,0,-0.83
1619609091486,0.408,0,0,0,0,-0.83
1619609091506,0.387,0,0,0,0,-0.826
1619609091526,0.391,0,0,0,0,-0.85
1619609091546,0.398,0,0,0,0,-0.868
1619609091566,0.398,0,0,0,0,-0.886
1619609091586,0.401,0,0,0,0,-0.87
1619609091606,0.398,0,0,0,0,-0.848
1619609091626,0.411,0,0,0,0,-0.792
1619609091646,0.381,0,0,0,0,-0.802
1619609091666,0.394,0,0,0,0,-0.805
1619609091686,0.398,0,0,0,0,-0.807
1619609091706,0.401,0,0,0,0,-0.8
1619609091726,0.394,0,0,0,0,-0.799
1619609091746,0.394,0,0,0,0,-0.799
1619609091766,0.398,0,0,0,0,-0.825
1619609091786,0.398,0,0,0,0,-0.841
1619609091806,0.394,0,0,0,0,-0.824
1619609091826,0.394,0,0,0,0,-0.805
1619609091846,0.398,0,0,0,0,-0.814
1619609091866,0.398,0,0,0,0,-0.829
1619609091887,0.401,0,0,0,0,-0.83
1619609091906,0.391,0,0,0,0,-0.835
1619609091926,0.398,0,0,0,0,-0.826
1619609091946,0.394,0,0,0,0,-0.819
1619609091966,0.398,0,0,0,0,-0.821
1619609091987,0.394,0,0,0,0,-0.846
1619609092006,0.401,0,0,0,0,-0.852
1619609092026,0.401,0,0,0,0,-0.852
1619609092046,0.398,0,0,0,0,-0.828
1619609092066,0.398,0,0,0,0,-0.784
1619609092086,0.394,0,0,0,0,-0.772
1619609092106,0.398,0,0,0,0,-0.808
1619609092126,0.394,0,0,0,0,-0.822
1619609092146,0.398,0,0,0,0,-0.812
1619609092166,0.398,0,0,0,0,-0.772
1619609092186,0.391,0,0,0,0,-0.761
1619609092206,0.398,0,0,0,0,-0.756
1619609092226,0.391,0,0,0,0,-0.752
1619609092246,0.398,0,0,0,0,-0.76
1619609092266,0.394,0,0,0,0,-0.781
1619609092287,0.394,0,0,0,0,-0.781
1619609092306,0.405,0,0,0,0,-0.779
1619609092326,0.391,0,0,0,0,-0.784
1619609092346,0.398,0,0,0,0,-0.786
1619609092366,0.398,0,0,0,0,-0.801
1619609092388,0.398,0,0,0,0,-0.805
1619609092406,0.394,0,0,0,0,-0.807
1619609092426,0.401,0,0,0,0,-0.809
1619609092446,0.401,0,0,0,0,-0.832
1619609092466,0.398,0,0,0,0,-0.817
1619609092486,0.394,0,0,0,0,-0.808
1619609092506,0.398,0,0,0,0,-0.799
1619609092526,0.398,0,0,0,0,-0.807
1619609092546,0.398,0,0,0,0,-0.807
1619609092566,0.391,0,0,0,0,-0.826
1619609092587,0.411,0,0,0,0,-0.816
1619609092606,0.381,0,0,0,0,-0.808
1619609092626,0.398,0,0,0,0,-0.811
1619609092646,0.394,0,0,0,0,-0.821
1619609092666,0.394,0,0,0,0,-0.818
1619609092686,0.398,0,0,0,0,-0.806
1619609092706,0.394,0,0,0,0,-0.8
1619609092726,0.411,0,0,0,0,-0.821
1619609092746,0.377,0,0,0,0,-0.865
1619609092766,0.391,0,0,0,0,-0.888
1619609092786,0.401,0,0,0,0,-0.903
1619609092806,0.394,0,0,0,0,-0.901
1619609092826,0.394,0,0,0,0,-0.901
1619609092846,0.401,0,0,0,0,-0.88
1619609092866,0.394,0,0,0,0,-0.874
1619609092886,0.391,0,0,0,0,-0.889
1619609092906,0.398,0,0,0,0,-0.899
1619609092926,0.398,0,0,0,0,-0.893
1619609092946,0.398,0,0,0,0,-0.875
1619609092966,0.394,0,0,0,0,-0.872
1619609092986,0.401,0,0,0,0,-0.892
1619609093006,0.384,0,0,0,0,-0.901
1619609093026,0.398,0,0,0,0,-0.874
1619609093046,0.401,0,0,0,0,-0.839
1619609093066,0.394,0,0,0,0,-0.831
1619609093086,0.394,0,0,0,0,-0.831
1619609093106,0.394,0,0,0,0,-0.852
1619609093126,0.401,0,0,0,0,-0.849
1619609093146,0.398,0,0,0,0,-0.823
1619609093166,0.398,0,0,0,0,-0.789
1619609093186,0.391,0,0,0,0,-0.786
1619609093206,0.401,0,0,0,0,-0.828
1619609093226,0.394,0,0,0,0,-0.862
1619609093246,0.401,0,0,0,0,-0.856
1619609093266,0.408,0,0,0,0,-0.816
1619609093286,0.387,0,0,0,0,-0.806
1619609093306,0.394,0,0,0,0,-0.836
1619609093326,0.394,0,0,0,0,-0.848
1619609093346,0.398,0,0,0,0,-0.861
1619609093366,0.398,0,0,0,0,-0.861
1619609093386,0.398,0,0,0,0,-0.844
1619609093406,0.394,0,0,0,0,-0.831
1619609093426,0.408,0,0,0,0,-0.85
1619609093446,0.384,0,0,0,0,-0.863
1619609093466,0.394,0,0,0,0,-0.853
1619609093486,0.394,0,0,0,0,-0.836
1619609093506,0.391,0,0,0,0,-0.833
1619609093526,0.398,0,0,0,0,-0.843
1619609093546,0.398,0,0,0,0,-0.854
1619609093566,0.408,0,0,0,0,-0.847
1619609093586,0.384,0,0,0,0,-0.835
1619609093606,0.391,0,0,0,0,-0.834
1619609093626,0.398,0,0,0,0,-0.854
1619609093646,0.398,0,0,0,0,-0.858
1619609093666,0.398,0,0,0,0,-0.858
1619609093686,0.394,0,0,0,0,-0.882
1619609093706,0.391,0,0,0,0,-0.886
1619609093726,0.418,0,0,0,0,-0.853
1619609093746,0.384,0,0,0,0,-0.831
1619609093766,0.394,0,0,0,0,-0.85
1619609093786,0.398,0,0,0,0,-0.841
1619609093806,0.394,0,0,0,0,-0.842
1619609093826,0.394,0,0,0,0,-0.83
1619609093846,0.405,0,0,0,0,-0.851
1619609093866,0.391,0,0,0,0,-0.848
1619609093886,0.394,0,0,0,0,-0.85
1619609093906,0.394,0,0,0,0,-0.839
1619609093926,0.394,0,0,0,0,-0.839
1619609093946,0.398,0,0,0,0,-0.828
1619609093966,0.394,0,0,0,0,-0.819
1619609093986,0.405,0,0,0,0,-0.851
1619609094006,0.391,0,0,0,0,-0.831
1619609094026,0.401,0,0,0,0,-0.821
1619609094046,0.398,0,0,0,0,-0.816
1619609094066,0.394,0,0,0,0,-0.835
1619609094086,0.398,0,0,0,0,-0.831
1619609094106,0.401,0,0,0,0,-0.831
1619609094126,0.398,0,0,0,0,-0.806
1619609094146,0.394,0,0,0,0,-0.805
1619609094166,0.398,0,0,0,0,-0.799
1619609094186,0.398,0,0,0,0,-0.799
1619609094216,0.398,0,0,0,0,-0.836
1619609094226,0.405,0,0,0,0,-0.844
1619609094246,0.405,0,0,0,0,-0.844
1619609094266,0.387,0,0,0,0,-0.816
1619609094286,0.394,0,0,0,0,-0.817
1619609094308,0.391,0,0,0,0,-0.842
1619609094326,0.391,0,0,0,0,-0.887
1619609094346,0.401,0,0,0,0,-0.916
1619609094366,0.401,0,0,0,0,-0.834
1619609094386,0.387,0,0,0,0,-0.814
1619609094406,0.394,0,0,0,0,-0.812
1619609094426,0.401,0,0,0,0,-0.799
1619609094446,0.401,0,0,0,0,-0.799
1619609094466,0.401,0,0,0,0,-0.799
1619609094486,0.394,0,0,0,0,-0.808
1619609094507,0.394,0,0,0,0,-0.832
1619609094526,0.408,0,0,0,0,-0.819
1619609094546,0.384,0,0,0,0,-0.825
1619609094566,0.394,0,0,0,0,-0.856
1619609094586,0.391,0,0,0,0,-0.854
1619609094608,0.401,0,0,0,0,-0.819
1619609094626,0.394,0,0,0,0,-0.827
1619609094646,0.398,0,0,0,0,-0.863
1619609094666,0.411,0,0,0,0,-0.848
1619609094686,0.384,0,0,0,0,-0.806
1619609094708,0.394,0,0,0,0,-0.797
1619609094726,0.394,0,0,0,0,-0.813
1619609094746,0.394,0,0,0,0,-0.813
1619609094766,0.394,0,0,0,0,-0.811
1619609094786,0.394,0,0,0,0,-0.842
1619609094806,0.401,0,0,0,0,-0.858
1619609094826,0.411,0,0,0,0,-0.854
1619609094846,0.381,0,0,0,0,-0.842
1619609094866,0.398,0,0,0,0,-0.844
1619609094886,0.394,0,0,0,0,-0.829
1619609094907,0.394,0,0,0,0,-0.818
1619609094926,0.401,0,0,0,0,-0.817
1619609094946,0.401,0,0,0,0,-0.813
1619609094966,0.391,0,0,0,0,-0.807
1619609094986,0.394,0,0,0,0,-0.808
1619609095007,0.394,0,0,0,0,-0.808
1619609095026,0.398,0,0,0,0,-0.8
1619609095046,0.394,0,0,0,0,-0.813
1619609095066,0.394,0,0,0,0,-0.815
1619609095086,0.405,0,0,0,0,-0.826
1619609095106,0.394,0,0,0,0,-0.835
1619609095126,0.398,0,0,0,0,-0.833
1619609095146,0.394,0,0,0,0,-0.816
1619609095166,0.394,0,0,0,0,-0.808
1619609095186,0.394,0,0,0,0,-0.84
1619609095206,0.401,0,0,0,0,-0.86
1619609095226,0.387,0,0,0,0,-0.846
1619609095246,0.394,0,0,0,0,-0.823
1619609095266,0.394,0,0,0,0,-0.823
1619609095286,0.398,0,0,0,0,-0.812
1619609095306,0.398,0,0,0,0,-0.818
1619609095326,0.398,0,0,0,0,-0.8
1619609095346,0.405,0,0,0,0,-0.799
1619609095366,0.391,0,0,0,0,-0.81
1619609095386,0.398,0,0,0,0,-0.813
1619609095406,0.398,0,0,0,0,-0.818
1619609095426,0.394,0,0,0,0,-0.835
1619609095446,0.398,0,0,0,0,-0.862
1619609095466,0.408,0,0,0,0,-0.841
1619609095486,0.384,0,0,0,0,-0.809
1619609095506,0.398,0,0,0,0,-0.814
1619609095526,0.398,0,0,0,0,-0.814
1619609095546,0.398,0,0,0,0,-0.823
1619609095566,0.398,0,0,0,0,-0.815
1619609095586,0.398,0,0,0,0,-0.79
1619609095606,0.398,0,0,0,0,-0.812
1619609095626,0.405,0,0,0,0,-0.813
1619609095646,0.384,0,0,0,0,-0.828
1619609095666,0.394,0,0,0,0,-0.85
1619609095686,0.401,0,0,0,0,-0.851
1619609095706,0.394,0,0,0,0,-0.839
1619609095726,0.394,0,0,0,0,-0.855
1619609095746,0.398,0,0,0,0,-0.877
1619609095766,0.411,0,0,0,0,-0.863
1619609095786,0.377,0,0,0,0,-0.842
1619609095806,0.377,0,0,0,0,-0.842
1619609095826,0.394,0,0,0,0,-0.848
1619609095846,0.398,0,0,0,0,-0.85
1619609095866,0.394,0,0,0,0,-0.863
1619609095886,0.394,0,0,0,0,-0.877
1619609095906,0.415,0,0,0,0,-0.855
1619609095926,0.377,0,0,0,0,-0.833
1619609095946,0.394,0,0,0,0,-0.82
1619609095966,0.398,0,0,0,0,-0.828
1619609095986,0.394,0,0,0,0,-0.847
1619609096006,0.401,0,0,0,0,-0.834
1619609096026,0.401,0,0,0,0,-0.822
1619609096046,0.391,0,0,0,0,-0.815
1619609096066,0.391,0,0,0,0,-0.815
1619609096086,0.398,0,0,0,0,-0.809
1619609096106,0.398,0,0,0,0,-0.801
1619609096126,0.398,0,0,0,0,-0.795
1619609096146,0.401,0,0,0,0,-0.796
1619609096166,0.401,0,0,0,0,-0.788
1619609096186,0.394,0,0,0,0,-0.8
1619609096206,0.394,0,0,0,0,-0.793
1619609096226,0.398,0,0,0,0,-0.784
1619609096246,0.394,0,0,0,0,-0.783
1619609096266,0.398,0,0,0,0,-0.813
1619609096286,0.405,0,0,0,0,-0.803
1619609096306,0.391,0,0,0,0,-0.814
1619609096326,0.391,0,0,0,0,-0.814
1619609096346,0.398,0,0,0,0,-0.823
1619609096366,0.398,0,0,0,0,-0.803
1619609096386,0.394,0,0,0,0,-0.806
1619609096406,0.398,0,0,0,0,-0.812
1619609096427,0.405,0,0,0,0,-0.792
1619609096446,0.387,0,0,0,0,-0.806
1619609096466,0.398,0,0,0,0,-0.824
1619609096486,0.394,0,0,0,0,-0.827
1619609096506,0.391,0,0,0,0,-0.818
1619609096528,0.398,0,0,0,0,-0.814
1619609096547,0.401,0,0,0,0,-0.826
1619609096566,0.405,0,0,0,0,-0.817
1619609096586,0.387,0,0,0,0,-0.823
1619609096606,0.387,0,0,0,0,-0.823
1619609096626,0.394,0,0,0,0,-0.838
1619609096646,0.401,0,0,0,0,-0.866
1619609096666,0.394,0,0,0,0,-0.871
1619609096686,0.398,0,0,0,0,-0.846
1619609096706,0.394,0,0,0,0,-0.829
1619609096726,0.411,0,0,0,0,-0.832
1619609096746,0.384,0,0,0,0,-0.826
1619609096766,0.398,0,0,0,0,-0.823
1619609096786,0.401,0,0,0,0,-0.829
1619609096806,0.394,0,0,0,0,-0.822
1619609096827,0.391,0,0,0,0,-0.849
1619609096846,0.391,0,0,0,0,-0.862
1619609096866,0.415,0,0,0,0,-0.875
1619609096886,0.415,0,0,0,0,-0.875
1619609096906,0.381,0,0,0,0,-0.856
1619609096928,0.391,0,0,0,0,-0.839
1619609096946,0.398,0,0,0,0,-0.848
1619609096966,0.398,0,0,0,0,-0.852
1619609096986,0.394,0,0,0,0,-0.842
1619609097006,0.411,0,0,0,0,-0.831
1619609097026,0.384,0,0,0,0,-0.853
1619609097046,0.398,0,0,0,0,-0.868
1619609097066,0.394,0,0,0,0,-0.891
1619609097086,0.398,0,0,0,0,-0.896
1619609097106,0.405,0,0,0,0,-0.87
1619609097127,0.405,0,0,0,0,-0.87
1619609097146,0.387,0,0,0,0,-0.867
1619609097166,0.394,0,0,0,0,-0.853
1619609097186,0.398,0,0,0,0,-0.856
1619609097206,0.391,0,0,0,0,-0.861
1619609097227,0.401,0,0,0,0,-0.858
1619609097246,0.408,0,0,0,0,-0.869
1619609097266,0.384,0,0,0,0,-0.866
1619609097286,0.394,0,0,0,0,-0.847
1619609097306,0.394,0,0,0,0,-0.833
1619609097326,0.405,0,0,0,0,-0.816
1619609097347,0.398,0,0,0,0,-0.798
1619609097366,0.405,0,0,0,0,-0.797
1619609097386,0.405,0,0,0,0,-0.797
1619609097406,0.398,0,0,0,0,-0.809
1619609097426,0.387,0,0,0,0,-0.794
1619609097446,0.405,0,0,0,0,-0.785
1619609097466,0.394,0,0,0,0,-0.797
1619609097486,0.391,0,0,0,0,-0.811
1619609097506,0.405,0,0,0,0,-0.848
1619609097526,0.401,0,0,0,0,-0.835
1619609097546,0.381,0,0,0,0,-0.832
1619609097566,0.398,0,0,0,0,-0.831
1619609097586,0.394,0,0,0,0,-0.839
1619609097606,0.394,0,0,0,0,-0.831
1619609097626,0.405,0,0,0,0,-0.847
1619609097646,0.398,0,0,0,0,-0.849
1619609097666,0.398,0,0,0,0,-0.849
1619609097686,0.384,0,0,0,0,-0.843
1619609097706,0.394,0,0,0,0,-0.827
1619609097726,0.394,0,0,0,0,-0.828
1619609097746,0.394,0,0,0,0,-0.83
1619609097766,0.398,0,0,0,0,-0.838
1619609097786,0.408,0,0,0,0,-0.819
1619609097806,0.391,0,0,0,0,-0.818
1619609097826,0.384,0,0,0,0,-0.826
1619609097846,0.398,0,0,0,0,-0.805
1619609097866,0.394,0,0,0,0,-0.79
1619609097886,0.401,0,0,0,0,-0.795
1619609097906,0.398,0,0,0,0,-0.823
1619609097926,0.411,0,0,0,0,-0.852
1619609097946,0.411,0,0,0,0,-0.852
1619609097966,0.387,0,0,0,0,-0.85
1619609097986,0.394,0,0,0,0,-0.834
1619609098006,0.394,0,0,0,0,-0.828
1619609098026,0.391,0,0,0,0,-0.835
1619609098046,0.398,0,0,0,0,-0.843
1619609098066,0.408,0,0,0,0,-0.832
1619609098086,0.381,0,0,0,0,-0.837
1619609098106,0.398,0,0,0,0,-0.834
1619609098126,0.394,0,0,0,0,-0.83
1619609098146,0.394,0,0,0,0,-0.842
1619609098166,0.398,0,0,0,0,-0.849
1619609098186,0.398,0,0,0,0,-0.842
1619609098206,0.398,0,0,0,0,-0.842
1619609098226,0.394,0,0,0,0,-0.834
1619609098246,0.398,0,0,0,0,-0.847
1619609098266,0.391,0,0,0,0,-0.857
1619609098286,0.398,0,0,0,0,-0.848
1619609098306,0.398,0,0,0,0,-0.845
1619609098326,0.405,0,0,0,0,-0.827
1619609098346,0.387,0,0,0,0,-0.827
1619609098366,0.398,0,0,0,0,-0.853
1619609098386,0.394,0,0,0,0,-0.861
1619609098406,0.401,0,0,0,0,-0.855
1619609098426,0.398,0,0,0,0,-0.853
1619609098446,0.391,0,0,0,0,-0.852
1619609098466,0.405,0,0,0,0,-0.855
1619609098486,0.405,0,0,0,0,-0.855
1619609098506,0.387,0,0,0,0,-0.845
1619609098526,0.398,0,0,0,0,-0.822
1619609098546,0.398,0,0,0,0,-0.813
1619609098566,0.398,0,0,0,0,-0.8
1619609098586,0.394,0,0,0,0,-0.804
1619609098606,0.391,0,0,0,0,-0.83
1619609098626,0.411,0,0,0,0,-0.82
1619609098646,0.398,0,0,0,0,-0.801
1619609098666,0.387,0,0,0,0,-0.798
1619609098686,0.394,0,0,0,0,-0.798
1619609098706,0.391,0,0,0,0,-0.81
1619609098726,0.401,0,0,0,0,-0.817
1619609098756,0.394,0,0,0,0,-0.803
1619609098766,0.408,0,0,0,0,-0.804
1619609098786,0.408,0,0,0,0,-0.804
1619609098806,0.381,0,0,0,0,-0.808
1619609098826,0.398,0,0,0,0,-0.821
1619609098847,0.398,0,0,0,0,-0.844
1619609098866,0.391,0,0,0,0,-0.862
1619609098886,0.394,0,0,0,0,-0.865
1619609098906,0.411,0,0,0,0,-0.872
1619609098926,0.394,0,0,0,0,-0.857
1619609098947,0.381,0,0,0,0,-0.844
1619609098966,0.391,0,0,0,0,-0.846
1619609098986,0.398,0,0,0,0,-0.849
1619609099006,0.394,0,0,0,0,-0.86
1619609099026,0.398,0,0,0,0,-0.872
1619609099046,0.405,0,0,0,0,-0.88
1619609099066,0.405,0,0,0,0,-0.88
1619609099086,0.394,0,0,0,0,-0.862
1619609099106,0.398,0,0,0,0,-0.841
1619609099126,0.394,0,0,0,0,-0.846
1619609099147,0.398,0,0,0,0,-0.83
1619609099166,0.394,0,0,0,0,-0.834
1619609099186,0.401,0,0,0,0,-0.833
1619609099206,0.398,0,0,0,0,-0.811
1619609099226,0.394,0,0,0,0,-0.803
1619609099247,0.398,0,0,0,0,-0.8
1619609099266,0.398,0,0,0,0,-0.812
1619609099286,0.394,0,0,0,0,-0.81
1619609099306,0.405,0,0,0,0,-0.823
1619609099326,0.405,0,0,0,0,-0.823
1619609099349,0.394,0,0,0,0,-0.853
1619609099366,0.394,0,0,0,0,-0.844
1619609099386,0.394,0,0,0,0,-0.841
1619609099406,0.394,0,0,0,0,-0.823
1619609099426,0.398,0,0,0,0,-0.822
1619609099446,0.401,0,0,0,0,-0.855
1619609099466,0.387,0,0,0,0,-0.872
1619609099486,0.394,0,0,0,0,-0.865
1619609099506,0.401,0,0,0,0,-0.852
1619609099526,0.398,0,0,0,0,-0.84
1619609099547,0.391,0,0,0,0,-0.819
1619609099567,0.405,0,0,0,0,-0.83
1619609099586,0.405,0,0,0,0,-0.83
1619609099606,0.391,0,0,0,0,-0.845
1619609099626,0.398,0,0,0,0,-0.841
1619609099646,0.401,0,0,0,0,-0.809
1619609099666,0.398,0,0,0,0,-0.8
1619609099686,0.398,0,0,0,0,-0.797
1619609099706,0.405,0,0,0,0,-0.8
1619609099726,0.387,0,0,0,0,-0.785
1619609099746,0.398,0,0,0,0,-0.765
1619609099766,0.401,0,0,0,0,-0.757
1619609099786,0.391,0,0,0,0,-0.769
1619609099806,0.398,0,0,0,0,-0.788
1619609099826,0.398,0,0,0,0,-0.795
1619609099846,0.415,0,0,0,0,-0.769
1619609099866,0.415,0,0,0,0,-0.769
1619609099886,0.377,0,0,0,0,-0.767
1619609099906,0.398,0,0,0,0,-0.78
1619609099926,0.391,0,0,0,0,-0.783
1619609099946,0.401,0,0,0,0,-0.799
1619609099966,0.398,0,0,0,0,-0.813
1619609099986,0.411,0,0,0,0,-0.809
1619609100006,0.387,0,0,0,0,-0.785
1619609100026,0.391,0,0,0,0,-0.785
1619609100046,0.401,0,0,0,0,-0.787
1619609100066,0.398,0,0,0,0,-0.795
1619609100086,0.401,0,0,0,0,-0.796
1619609100106,0.394,0,0,0,0,-0.808
1619609100126,0.411,0,0,0,0,-0.826
1619609100146,0.411,0,0,0,0,-0.826
1619609100166,0.381,0,0,0,0,-0.837
1619609100186,0.394,0,0,0,0,-0.834
1619609100206,0.387,0,0,0,0,-0.821
1619609100226,0.401,0,0,0,0,-0.828
1619609100246,0.394,0,0,0,0,-0.814
1619609100266,0.415,0,0,0,0,-0.819
1619609100286,0.377,0,0,0,0,-0.821
1619609100306,0.394,0,0,0,0,-0.824
1619609100326,0.394,0,0,0,0,-0.857
1619609100346,0.387,0,0,0,0,-0.885
1619609100366,0.398,0,0,0,0,-0.913
1619609100386,0.415,0,0,0,0,-0.906
1619609100406,0.415,0,0,0,0,-0.906
1619609100426,0.381,0,0,0,0,-0.869
1619609100446,0.394,0,0,0,0,-0.837
1619609100466,0.401,0,0,0,0,-0.849
1619609100486,0.394,0,0,0,0,-0.864
1619609100506,0.394,0,0,0,0,-0.86
1619609100526,0.398,0,0,0,0,-0.855
1619609100546,0.415,0,0,0,0,-0.874
1619609100566,0.381,0,0,0,0,-0.902
1619609100586,0.391,0,0,0,0,-0.923
1619609100606,0.401,0,0,0,0,-0.896
1619609100626,0.394,0,0,0,0,-0.839
1619609100646,0.391,0,0,0,0,-0.836
1619609100666,0.408,0,0,0,0,-0.85
1619609100686,0.408,0,0,0,0,-0.85
1619609100706,0.387,0,0,0,0,-0.841
1619609100726,0.394,0,0,0,0,-0.843
1619609100746,0.398,0,0,0,0,-0.818
1619609100766,0.401,0,0,0,0,-0.821
1619609100786,0.398,0,0,0,0,-0.822
1619609100806,0.405,0,0,0,0,-0.855
1619609100826,0.384,0,0,0,0,-0.865
1619609100846,0.401,0,0,0,0,-0.824
1619609100866,0.401,0,0,0,0,-0.813
1619609100886,0.394,0,0,0,0,-0.824
1619609100906,0.394,0,0,0,0,-0.848
1619609100926,0.398,0,0,0,0,-0.842
1619609100946,0.405,0,0,0,0,-0.801
1619609100966,0.405,0,0,0,0,-0.801
1619609100986,0.394,0,0,0,0,-0.829
1619609101006,0.398,0,0,0,0,-0.853
1619609101026,0.391,0,0,0,0,-0.863
1619609101046,0.401,0,0,0,0,-0.863
1619609101066,0.394,0,0,0,0,-0.842
1619609101086,0.411,0,0,0,0,-0.832
1619609101106,0.381,0,0,0,0,-0.834
1619609101126,0.391,0,0,0,0,-0.855
1619609101146,0.394,0,0,0,0,-0.861
1619609101166,0.394,0,0,0,0,-0.857
1619609101186,0.391,0,0,0,0,-0.842
1619609101206,0.394,0,0,0,0,-0.848
1619609101226,0.411,0,0,0,0,-0.865
1619609101246,0.411,0,0,0,0,-0.865
1619609101267,0.377,0,0,0,0,-0.865
1619609101286,0.398,0,0,0,0,-0.853
1619609101306,0.401,0,0,0,0,-0.801
1619609101326,0.398,0,0,0,0,-0.802
1619609101346,0.401,0,0,0,0,-0.825
1619609101368,0.398,0,0,0,0,-0.842
1619609101386,0.394,0,0,0,0,-0.849
1619609101406,0.398,0,0,0,0,-0.855
1619609101426,0.394,0,0,0,0,-0.864
1619609101446,0.398,0,0,0,0,-0.886
1619609101466,0.398,0,0,0,0,-0.884
1619609101486,0.401,0,0,0,0,-0.857
1619609101506,0.401,0,0,0,0,-0.857
1619609101526,0.394,0,0,0,0,-0.845
1619609101546,0.394,0,0,0,0,-0.842
1619609101567,0.394,0,0,0,0,-0.823
1619609101586,0.394,0,0,0,0,-0.824
1619609101606,0.394,0,0,0,0,-0.834
1619609101626,0.405,0,0,0,0,-0.813
1619609101646,0.391,0,0,0,0,-0.794
1619609101668,0.398,0,0,0,0,-0.8
1619609101686,0.398,0,0,0,0,-0.796
1619609101706,0.394,0,0,0,0,-0.796
1619609101726,0.401,0,0,0,0,-0.783
1619609101746,0.401,0,0,0,0,-0.793
1619609101766,0.401,0,0,0,0,-0.823
1619609101786,0.401,0,0,0,0,-0.823
1619609101806,0.391,0,0,0,0,-0.846
1619609101826,0.398,0,0,0,0,-0.842
1619609101846,0.391,0,0,0,0,-0.812
1619609101867,0.394,0,0,0,0,-0.814
1619609101886,0.398,0,0,0,0,-0.852
1619609101906,0.394,0,0,0,0,-0.896
1619609101926,0.408,0,0,0,0,-0.865
1619609101946,0.384,0,0,0,0,-0.822
1619609101966,0.394,0,0,0,0,-0.817
1619609101986,0.398,0,0,0,0,-0.821
1619609102006,0.394,0,0,0,0,-0.839
1619609102026,0.391,0,0,0,0,-0.84
1619609102046,0.398,0,0,0,0,-0.855
1619609102066,0.411,0,0,0,0,-0.841
1619609102086,0.411,0,0,0,0,-0.841
1619609102106,0.381,0,0,0,0,-0.827
1619609102126,0.394,0,0,0,0,-0.844
1619609102146,0.401,0,0,0,0,-0.816
1619609102166,0.394,0,0,0,0,-0.8
1619609102186,0.398,0,0,0,0,-0.808
1619609102206,0.401,0,0,0,0,-0.832
1619609102226,0.415,0,0,0,0,-0.824
1619609102246,0.381,0,0,0,0,-0.815
1619609102266,0.401,0,0,0,0,-0.833
1619609102286,0.391,0,0,0,0,-0.819
1619609102306,0.391,0,0,0,0,-0.817
1619609102326,0.394,0,0,0,0,-0.837
1619609102346,0.394,0,0,0,0,-0.837
1619609102366,0.408,0,0,0,0,-0.886
1619609102386,0.387,0,0,0,0,-0.871
1619609102406,0.391,0,0,0,0,-0.846
1619609102426,0.401,0,0,0,0,-0.839
1619609102446,0.394,0,0,0,0,-0.835
1619609102466,0.391,0,0,0,0,-0.827
1619609102486,0.398,0,0,0,0,-0.818
1619609102506,0.398,0,0,0,0,-0.81
1619609102526,0.394,0,0,0,0,-0.814
1619609102546,0.394,0,0,0,0,-0.82
