1619612028536,8.05888,-1.13485,5.19541,0.08432,0.15429,-1.73115
1619612028555,-14.43703,7.2257,19.47922,0.29524,-0.07366,-1.59586
1619612028575,-19.6127,1.403,0.33039,-0.52394,0.05842,-1.6129
1619612028595,7.5944,10.12747,9.65342,0.08219,0.01474,-1.7908
1619612028615,-5.15232,-4.21858,19.6127,0.01294,-0.0758,-1.66404
1619612028635,-19.6127,-15.56231,19.6127,-0.52074,0.53779,-1.58521
1619612028655,10.18493,6.08606,6.82347,-0.06268,-0.21961,-1.72476
1619612028675,-2.56658,19.01475,9.83538,0.1706,0.09464,-1.62569
1619612028695,-19.6127,19.6127,6.53617,-0.12766,-0.46675,-1.64699
1619612028715,15.21754,-4.64953,-18.55506,0.37194,0.1511,-1.7386
1619612028735,19.6133,11.96143,3.91691,-0.12446,-0.05236,-1.66723
1619612028755,10.34295,-8.08761,-2.71981,-0.14683,-0.34744,-1.7418
1619612028775,-7.11077,19.6127,19.6127,0.06727,-0.02573,-1.90692
1619612028795,-19.6127,-8.47547,-6.7708,-0.13618,-0.05236,-1.74713
1619612028815,14.75785,-7.09641,11.20007,0.05662,0.27573,-2.01025
1619612028835,12.37802,-14.31732,-15.07389,0.02786,-0.19617,-1.83235
1619612028855,7.04374,-4.15154,6.02381,-0.1447,-0.07153,-1.75885
1619612028875,-19.6127,10.74038,19.6127,-0.10529,0.39185,-1.87176
1619612028895,-18.10974,-19.6133,19.6127,0.23452,-0.01188,-1.87389
1619612028915,-19.03869,10.10353,7.46033,-0.00196,0.08825,-1.75458
1619612028935,-4.90332,19.6127,-0.70389,-0.28638,0.12127,-1.74393
1619612028955,-19.6127,16.65885,-1.44609,0.18232,0.49198,-2.02942
1619612028975,7.89128,-19.6133,1.68072,-0.05416,-0.26967,-1.78654
1619612028995,-9.22725,4.1276,-4.2904,-0.06694,-0.10349,-1.78015
1619612029015,-7.69496,-19.6133,19.6127,-0.20862,0.18199,-1.84726
1619612029035,-3.50511,-5.30555,19.6127,0.23452,-0.20363,-1.80678
1619612029055,-9.95509,5.31512,19.6127,0.10775,-0.03638,-1.70345
1619612029075,5.81312,3.57214,-8.53293,-0.07866,-0.08538,-1.71943
1619612029095,-4.26646,-0.80445,15.38514,-0.42593,-0.02573,-1.68534
1619612029115,7.25921,-13.35006,19.6127,-0.2001,0.13831,-1.66191
1619612029135,-13.79539,9.42836,16.61097,-0.22247,0.09038,-1.59692
1619612029155,4.93205,-11.91354,15.74427,-0.31195,0.09783,-1.68747
1619612029175,-19.6127,-4.55377,19.6127,-0.03605,-0.08432,-1.65871
1619612029195,-2.33674,6.91924,1.51792,0.00975,-0.31335,-1.55644
1619612029215,7.19218,-8.24084,11.1474,-0.13831,-0.00762,-1.67575
1619612029235,-16.18959,1.66636,4.71178,-0.01368,0.20862,-1.69706
1619612029255,3.89776,8.25041,9.23204,-0.40569,0.15855,-1.68321
1619612029275,14.54238,-10.35731,-0.05746,-0.12233,-0.00336,-1.73754
1619612029295,4.68784,-2.84431,-2.08295,0.42733,-0.12373,-1.66404
1619612029315,12.33013,19.6127,-9.00219,-0.05309,-0.0204,-1.69493
1619612029335,-19.6127,7.72848,12.2631,-0.34817,0.36308,-1.70452
1619612029355,4.72136,5.58327,-10.32858,-0.26188,0.2736,-1.70771
1619612029375,3.65355,-8.04451,17.05629,-0.09144,-0.05875,-1.66404
1619612029395,-1.24977,-14.88714,7.82903,0.1983,-0.10775,-1.71517
1619612029415,-6.96712,9.79707,16.69716,0.01401,0.10529,-1.71837
1619612029435,-11.81299,1.08696,3.16992,0.00016,0.09783,-1.70452
1619612029455,2.95923,19.6127,2.65756,-0.12233,-0.07153,-1.70665
1619612029475,-0.17717,-3.73495,19.6127,-0.03179,0.12766,-1.74393
1619612029495,-10.96065,-2.1452,16.3907,-0.40463,-0.16208,-1.61716
1619612029515,-0.09576,5.01345,-10.14662,0.0939,-0.14397,-1.69919
1619612029535,1.29286,6.67024,-19.6133,0.07793,-0.02466,-1.74819
1619612029555,6.25365,-4.17069,14.37957,-0.01474,-0.09071,-1.63847
1619612029575,-13.67089,19.06742,-1.20188,-0.23206,0.08611,-1.64273
1619612029595,17.0515,19.6127,10.35252,-0.18199,0.11488,-1.83981
1619612029615,9.61032,-19.6133,5.26724,-0.02753,-0.03425,-1.72156
1619612029635,17.52555,-0.65122,0.19632,0.2505,-0.08112,-1.70239
1619612029655,-6.2345,2.91134,-0.54587,0.13119,-0.08112,-1.7173
1619612029675,19.6133,4.59686,5.0374,0.1216,0.01261,-1.68002
1619612029695,13.19205,6.10521,7.09162,-0.10849,0.03072,-1.69067
1619612029715,19.6133,-13.2543,1.05823,-0.14577,0.02753,-1.69067
1619612029735,-5.99029,12.39717,-0.90021,-0.06161,0.02753,-1.66297
1619612029755,-2.73417,11.95664,2.85388,-0.02966,-0.03105,-1.60651
1619612029775,-2.03028,-19.58457,-6.66066,-0.22673,-0.11414,-1.62143
1619612029795,19.6133,-19.6133,-19.6133,0.1248,-0.43266,-1.78335
1619612029815,-6.95276,8.2169,15.75384,0.22706,-0.09923,-1.74926
1619612029835,-9.46188,-19.30205,8.41322,-0.0435,0.28425,-1.73541
1619612029855,19.6133,19.6127,15.42344,-0.21395,-0.13438,-1.89626
1619612029875,-2.3511,-2.74854,4.59686,0.11947,-0.10136,-1.72263
1619612029895,-3.65834,-16.678,12.81376,-0.2523,-0.07153,-1.75245
1619612029915,-2.37025,16.3907,6.14831,0.0449,-0.18126,-1.86324
1619612029935,-3.76368,13.92946,9.1219,-0.11701,0.11488,-1.73221
1619612029955,-19.45528,-10.54885,-2.68629,-0.30343,0.06268,-1.71837
1619612029975,-0.8236,10.33816,-12.06677,0.14504,0.53246,-1.92929
1619612029995,8.64306,14.41309,18.53112,-0.0712,-0.60417,-1.62249
1619612030014,3.31357,4.83628,3.66312,0.35702,0.03285,-1.58947
1619612030035,-7.23527,16.33324,3.20823,-0.26295,0.16175,-1.76737
1619612030054,1.39342,-9.6199,-0.79487,-0.0467,-0.23026,-1.62995
1619612030075,-6.87614,2.84431,11.07078,-0.29704,0.28851,-1.60225
1619612030095,18.89982,-9.68215,12.91911,-0.0989,-0.11201,-1.53727
1619612030115,-1.55623,19.6127,4.82192,-0.04244,-0.32081,-1.68747
1619612030135,-15.01164,5.06134,19.6127,0.28352,0.07014,-1.58308
1619612030156,-13.00051,9.29907,4.26167,0.10988,-0.0726,-1.52449
1619612030175,-3.90733,3.02148,7.15866,-0.28212,-0.04384,-1.66723
1619612030195,7.11077,2.05901,19.6127,-0.19371,0.01155,-1.61716
1619612030215,-7.57046,19.6127,0.70868,0.08432,-0.24624,-1.70452
1619612030235,-2.64319,5.17626,6.08127,-0.09144,0.2491,-1.52023
1619612030255,16.35718,-0.83797,11.49216,-0.08825,-0.13332,-1.54579
1619612030275,5.45878,-2.44687,-4.26167,-0.0744,-0.25263,-1.70665
1619612030295,8.55208,1.00556,19.6127,0.15676,0.11594,-1.67256
1619612030315,0.8236,-8.00142,8.41322,-0.0989,-0.226,-1.59586
1619612030335,1.58975,4.76925,11.51132,0.21534,0.16068,-1.67895
1619612030356,-2.08295,2.70544,19.6127,-0.18092,-0.15889,-1.6928
1619612030375,9.165,-12.26788,10.82658,-0.01474,0.07972,-1.63101
1619612030395,14.20719,-19.6133,9.81143,0.10136,-0.03851,-1.64912
1619612030415,-11.46343,-7.83382,14.21198,0.06301,0.09677,-1.7141
1619612030435,-5.861,-0.70389,5.54975,-0.00089,-0.04703,-1.71197
1619612030456,-12.10508,18.14326,7.81467,-0.29278,0.12553,-1.64593
1619612030475,-12.08593,5.06134,3.50032,0.03638,0.0744,-1.73008
1619612030495,-19.6127,-19.6133,19.6127,-0.25869,0.0712,-1.63741
1619612030515,14.80095,13.91031,3.85945,-0.05948,0.02433,-1.76098
1619612030535,3.82593,-8.44195,19.6127,-0.34817,0.03072,-1.66936
1619612030555,18.31085,14.64772,-10.47702,0.12373,-0.10882,-1.6683
1619612030575,3.27526,4.56334,-9.83538,0.03105,0.05842,-1.64593
1619612030595,-2.85867,-17.00841,3.96958,-0.10529,0.06161,-1.6193
1619612030615,2.53785,-19.49359,10.23281,-0.05203,-0.05556,-1.62675
1619612030635,-13.40752,10.2807,19.6127,-0.06161,0.11168,-1.68747
1619612030657,-5.67425,-1.17315,19.6127,-0.08185,-0.11947,-1.70345
1619612030675,-19.6127,19.6127,19.50316,-0.13725,0.30875,-1.76737
1619612030695,19.6133,19.6127,2.70065,0.22493,-0.05875,-1.68428
1619612030715,-6.08127,-14.17846,16.98446,0.0758,0.05416,-1.69386
1619612030735,9.03092,-19.6133,19.6127,-0.15642,-0.05662,-1.73221
1619612030755,5.74608,-9.18415,6.09084,-0.1234,0.31089,-1.71837
1619612030775,1.31202,14.21676,-2.50433,-0.11701,0.05522,-1.76204
1619612030795,7.54173,-9.92636,8.6287,-0.08718,0.06907,-1.7386
1619612030815,19.6133,-16.72589,1.45088,0.0236,-0.09177,-1.69493
1619612030835,-4.58729,17.59738,-12.00931,0.16954,0.00515,-1.70239
1619612030855,-13.76666,-7.78594,2.14041,-0.23206,-0.32933,-1.62249
1619612030875,19.6133,-3.55299,19.6127,0.27713,-0.39324,-1.6406
1619612030895,-3.37582,-8.14028,12.70363,0.16315,-0.07686,-1.61823
1619612030915,4.48673,5.01824,15.02601,-0.20329,-0.08325,-1.67682
1619612030935,-11.8082,17.7123,15.01164,-0.02326,0.04031,-1.63741
1619612030955,-0.4932,11.15219,9.79707,-0.13299,-0.0758,-1.65551
1619612030975,0.86191,2.30322,19.6127,-0.24803,0.08185,-1.60758
1619612030995,-11.25274,7.68538,15.77778,0.02466,0.04137,-1.61184
1619612031015,9.16979,14.98291,-12.17691,0.16208,0.08931,-1.56603
1619612031035,-13.44104,-1.84353,14.10663,-0.05948,0.37374,-1.59053
1619612031055,9.16021,-19.6133,19.6127,-0.14364,-0.27287,-1.62888
1619612031075,0.67037,0.52193,19.6127,0.29417,0.0957,-1.62036
1619612031095,5.97113,7.78594,-6.42603,0.08645,-0.09071,-1.62356
1619612031115,0.40701,-3.86903,15.30373,-0.1234,-0.03105,-1.48614
1619612031135,-4.83628,-9.36611,19.6127,-0.02753,-0.10136,-1.62036
1619612031155,-2.59531,-10.52491,18.88546,-0.20436,0.10422,-1.63954
1619612031175,19.6133,-19.6133,19.6127,0.16847,0.1724,-1.61397
1619612031195,-6.22492,-19.6133,19.27811,-0.27254,-0.29417,-1.56071
1619612031215,-17.01319,-14.21198,4.39575,0.00655,0.16175,-1.63634
1619612031235,-19.6127,12.93347,19.6127,-0.31302,-0.23665,-1.59799
1619612031255,11.3533,1.06302,1.16358,-0.0989,-0.02786,-1.57775
1619612031275,-13.49372,10.90319,19.6127,0.16528,0.27041,-1.83661
1619612031295,3.50511,2.55221,19.6127,-0.34391,0.04137,-1.7418
1619612031315,-7.42202,-13.91988,18.97165,-0.0222,0.00515,-1.67575
1619612031335,19.6133,3.07894,-19.6133,0.05556,-0.21854,-1.66936
1619612031355,8.31745,-9.2895,12.31098,0.02999,0.13192,-1.70558
1619612031375,-7.9679,11.58314,13.06276,-0.02007,0.00942,-1.61077
1619612031395,-13.9534,-0.45968,-0.53151,-0.15536,0.11062,-1.57242
1619612031415,5.73171,9.61032,1.94888,-0.10742,0.09996,-1.61077
1619612031435,19.6133,-5.51624,-0.01915,-0.00835,-0.13119,-1.63847
1619612031455,8.65264,6.74207,14.36999,0.1706,-0.04064,-1.62249
1619612031475,2.84431,-9.44273,18.52633,0.1003,0.12233,-1.62356
1619612031495,-16.41943,-19.6133,19.6127,-0.09783,-0.13332,-1.54153
1619612031515,2.66235,19.6127,11.20486,-0.04883,0.00089,-1.53621
1619612031535,5.83227,19.6127,15.78257,-0.09144,-0.11308,-1.52023
1619612031555,1.38384,0.0814,0.4501,0.10775,0.11381,-1.50638
1619612031575,16.83602,9.04529,14.56153,0.05236,-0.43053,-1.47655
1619612031595,19.6133,-19.6133,-6.00465,-0.10103,0.2246,-1.58627
1619612031615,6.20098,-5.72214,-11.65018,-0.53459,0.04244,-1.67149
1619612031635,2.85388,19.6127,12.18169,0.22387,-0.15889,-1.58627
1619612031655,-1.4844,-6.28717,-1.8579,0.21002,0.16814,-1.69067
1619612031675,5.78439,-16.08903,5.2002,-0.20329,0.1447,-1.6896
1619612031695,15.26064,-0.78529,-3.37103,-0.0989,-0.06195,-1.74819
1619612031715,-8.46589,-6.50265,0.77093,-0.10742,-0.01294,-1.73541
1619612031735,4.52504,12.41633,12.98136,0.27074,-0.01827,-1.75139
1619612031755,-19.6127,19.6127,14.46576,0.03532,0.21714,-1.60119
1619612031775,-8.66701,-15.74905,19.6127,-0.46109,-0.21641,-1.64486
1619612031795,-14.10184,19.6127,19.6127,0.00123,-0.01827,-1.80785
1619612031815,12.33971,19.6127,2.40377,0.28885,-0.31228,-1.53621
1619612031835,19.6133,-3.53863,-19.6133,0.04384,-0.40922,-1.54686
1619612031855,-3.31836,-3.8786,19.6127,-0.43233,0.2459,-1.54792
1619612031875,-18.34916,10.7356,13.13937,-0.63046,-0.13012,-1.62356
1619612031895,12.84728,-12.44506,8.70531,-0.08825,-0.07153,-1.58308
1619612031915,3.31357,7.18739,10.89361,0.02679,0.08505,-1.56923
1619612031935,-1.21146,-19.6133,19.6127,-0.02539,0.13299,-1.53301
1619612031955,11.51611,0.00478,9.21767,-0.21927,0.05203,-1.55751
1619612031975,14.97333,-19.6133,19.6127,-0.07866,0.07014,-1.68108
1619612031995,19.6133,-19.6133,19.6127,-0.36948,0.11168,-1.55644
1619612032015,-13.60864,5.36301,19.6127,-0.10742,-0.02573,-1.61397
1619612032034,-11.7651,19.6127,17.176,0.02466,0.17879,-1.6406
1619612032055,5.68383,-5.16189,-11.02769,-0.03605,-0.13865,-1.55005
1619612032074,-19.6127,4.22816,12.23437,0.2473,-0.08432,-1.65551
1619612032095,11.19528,6.53138,-19.6133,0.05875,-0.03745,-1.64699
1619612032115,2.53306,4.52982,19.6127,0.01294,0.22779,-1.72795
1619612032135,8.37012,-7.36456,7.69017,-0.49305,0.17986,-1.73434
1619612032155,4.74051,19.6127,-5.86579,-0.02113,-0.03958,-1.72689
1619612032175,-7.67102,19.6127,19.50795,0.12693,0.00302,-1.72582
1619612032195,-2.73896,-5.31991,-3.12203,0.01827,-0.01188,-1.67789
1619612032215,5.1188,10.73081,4.07014,-0.09251,0.01687,-1.72902
1619612032235,5.1188,1.90099,14.72912,-0.16814,0.13405,-1.73008
1619612032255,6.9336,-8.16901,6.83784,0.15889,0.13618,-1.7695
1619612032274,8.18338,-12.29662,11.62624,0.10136,-0.06301,-1.70558
1619612032295,-1.80043,-4.34308,17.11375,-0.10635,-0.00016,-1.68641
1619612032315,-1.80043,-4.34308,17.11375,-0.10635,-0.00016,-1.68641
1619612032335,8.00142,-12.79461,9.00219,-0.13405,0.07653,-1.74819
1619612032355,8.00142,-12.79461,9.00219,-0.13405,0.07653,-1.74819
1619612032375,-19.6127,18.57421,19.6127,-0.34497,0.63046,-1.55751
1619612032395,19.6133,-9.7827,19.6127,-0.00089,-0.18445,-1.76311
1619612032415,7.5561,-7.66144,2.31758,0.23558,0.06055,-1.74287
1619612032435,13.54639,3.2178,-1.84353,-0.14577,-0.07793,-1.62675
1619612032455,5.02303,4.32392,14.21198,-0.03498,0.28745,-1.65764
1619612032475,-2.74854,-3.44286,-3.95043,-0.24803,-0.13012,-1.77163
1619612032495,4.15154,11.69328,-5.5306,0.13332,0.1511,-1.71304
1619612032515,-19.6127,14.03481,19.6127,-0.06161,-0.28778,-1.61503
1619612032535,-2.24576,-10.14662,19.6127,-0.25017,-0.01614,-1.80678
1619612032555,19.6133,-10.8984,-1.10612,0.02147,-0.0694,-1.68321
1619612032575,-9.57201,5.76523,16.79293,0.0236,0.12979,-1.7663
1619612032595,19.6133,-3.94085,-10.37168,-0.06481,-0.13758,-1.83874
1619612032615,8.50899,-18.24381,9.86411,0.12799,-0.22706,-1.80146
1619612032635,7.66144,5.25766,10.88404,0.09071,0.15855,-1.81957
1619612032655,-5.33428,14.54238,4.21379,-0.11062,-0.01614,-1.73647
1619612032675,-8.2169,9.33259,15.524,0.00655,-0.09497,-1.84939
1619612032695,15.17923,-14.00608,4.72615,0.12799,-0.00549,-1.76204
1619612032715,2.26491,7.66144,13.34528,-0.31728,-0.04171,-1.78335
1619612032735,8.02057,-11.1474,-19.6133,0.05129,-0.03958,-1.77163
1619612032755,-19.6127,1.59932,19.6127,-0.15216,0.09357,-1.7695
1619612032775,8.55208,11.28626,7.38371,0.07153,-0.04277,-1.77269
1619612032795,-3.39018,9.48582,18.73223,0.16634,-0.14397,-1.7141
1619612032815,-4.48673,-7.21133,5.91846,-0.29384,0.27999,-1.63847
1619612032835,-19.6127,0.13886,19.6127,-0.04137,0.04137,-1.80678
1619612032855,-1.57059,8.18816,-4.72615,0.08964,-0.00336,-1.71837
1619612032876,-0.22984,16.0603,3.12203,0.22493,-0.25369,-1.57562
1619612032895,0.37828,1.79086,-0.18674,-0.13618,-0.16102,-1.70132
1619612032915,-12.81376,15.04995,15.28458,-0.26401,0.0467,-1.73115
1619612032935,-4.64475,-6.13873,19.6127,-0.10635,-0.01081,-1.64167
1619612032955,-6.69418,8.60476,7.70932,0.10882,0.03498,-1.73115
1619612032975,0.45968,8.9591,3.78762,-0.38226,-0.19937,-1.6406
1619612032996,19.6133,-0.02873,18.9525,0.06514,0.14577,-1.65764
1619612033015,-5.11401,9.18415,6.73728,-0.14897,-0.1003,-1.68321
1619612033035,-6.67503,10.46266,5.60243,0.06514,0.18945,-1.67149
1619612033054,-5.75087,4.0845,7.87213,-0.04457,0.0435,-1.68321
1619612033075,-17.27177,19.6127,-6.54574,-0.10209,-0.29524,-1.49999
1619612033095,-7.1395,19.6127,8.28393,0.1216,0.08398,-1.64167
1619612033115,19.6133,-15.9789,7.04374,-0.13299,-0.18232,-1.61184
1619612033135,0.38786,6.03817,6.92881,-0.03711,0.11914,-1.65978
1619612033155,5.48272,-3.19865,19.6127,0.00123,0.23632,-1.65764
1619612033176,4.37181,17.74582,15.7299,-0.11594,-0.22387,-1.67362
1619612033195,12.0955,3.95522,-17.8368,0.36768,-0.02147,-1.6193
1619612033215,9.67736,-11.65976,5.2002,0.01827,-0.1738,-1.61397
1619612033235,1.8962,-4.9512,4.54898,-0.22353,0.04457,-1.6406
1619612033255,14.0779,-15.10741,-14.4083,0.13225,-0.15569,-1.77056
1619612033275,-0.31124,0.07182,19.6127,-0.19264,-0.00336,-1.70132
1619612033295,19.6133,3.65355,-5.56412,-0.27893,-0.18978,-1.66617
1619612033315,19.6133,6.8522,19.6127,0.11095,-0.05769,-1.68002
1619612033335,1.60411,0.20111,18.53591,-0.15536,-0.05023,-1.64912
1619612033355,-12.89038,14.9063,12.78982,-0.05416,0.22566,-1.56071
1619612033375,-19.6127,0.70389,7.83861,-0.45363,0.15749,-1.54792
1619612033395,-9.98382,14.08269,15.94538,-0.10955,0.03072,-1.58734
1619612033415,-3.81156,14.53759,19.6127,-0.03818,0.07546,-1.67575
1619612033435,4.05577,-12.37323,11.8082,0.02466,-0.07047,-1.65019
1619612033455,12.91432,1.72861,-19.6133,0.19191,-0.26967,-1.66404
1619612033475,0.76614,-19.6133,12.13381,0.01934,0.15323,-1.65871
1619612033495,-5.53539,-14.34605,7.5561,-0.24058,0.07227,-1.81317
1619612033515,-0.17717,-8.53293,-0.37828,-0.18945,0.15749,-1.63527
1619612033535,-6.95276,10.69729,19.6127,-0.33539,-0.00016,-1.64699
1619612033555,-3.95043,-8.14507,18.6604,-0.14897,0.19051,-1.60332
1619612033575,-12.28704,8.64785,17.64047,-0.35456,-0.06195,-1.62888
1619612033595,-9.70609,-9.96466,11.17613,0.2718,-0.0204,-1.5671
1619612033615,-0.14365,-19.6133,11.00375,-0.22247,0.03498,-1.60438
1619612033635,17.35796,-14.01086,-1.3599,-0.16921,0.10955,-1.55005
1619612033655,-1.69509,-18.68913,3.01669,-0.29704,-0.08645,-1.63421
1619612033675,4.81234,18.62688,7.47948,0.11734,0.02966,-1.66297
1619612033695,1.72861,17.02277,19.6127,0.11628,-0.03851,-1.53834
1619612033715,0.58418,1.74776,8.99741,-0.03711,-0.00229,-1.58734
1619612033735,-5.20978,-8.06367,13.3357,-0.14044,-0.00975,-1.61077
1619612033755,-10.34295,15.10262,14.40351,0.15462,0.06161,-1.63208
1619612033775,1.90099,0.10055,2.12126,-0.04244,0.08718,-1.6406
1619612033795,-18.17199,19.6127,-1.403,-0.17773,0.10103,-1.65658
1619612033815,-3.55778,6.39251,9.94551,0.16954,-0.1461,-1.6161
1619612033835,-12.66532,-2.50433,-11.7651,-0.14683,-0.12373,-1.62249
1619612033855,-19.6127,9.76355,0.25378,-0.06801,0.01048,-1.67682
1619612033875,-17.42021,13.67089,6.59841,-0.15003,-0.09497,-1.68002
1619612033895,-2.84431,15.14572,3.87381,0.1248,-0.08432,-1.66191
1619612033915,10.88882,8.93037,10.72602,0.1738,-0.1738,-1.74606
1619612033935,1.60411,4.34308,10.64462,-0.44404,-0.12693,-1.63314
1619612033955,-1.50834,-4.50588,4.27604,0.02892,0.07227,-1.64273
1619612033975,-3.32315,14.37957,14.57111,-0.02753,-0.00655,-1.82596
1619612033995,-16.28057,7.17781,8.62391,-0.05522,0.20436,-1.64593
1619612034015,-3.59609,-7.45075,12.44027,-0.18838,-0.29311,-1.56497
1619612034035,-19.6127,10.13226,5.26245,0.02147,0.19158,-1.68747
1619612034055,14.27901,7.58961,19.6127,-0.22886,-0.05023,-1.63847
1619612034074,-13.47935,2.46602,11.51132,0.02253,0.06268,-1.60438
1619612034095,-13.17289,7.19697,-11.14261,0.00123,0.05629,-1.55858
1619612034114,-6.63672,-8.9591,-11.27669,-0.05735,-0.02892,-1.60438
1619612034135,10.33337,-10.80263,19.6127,-0.08185,-0.13119,-1.64593
1619612034155,15.70596,1.30244,19.6127,0.01294,0.03711,-1.66723
1619612034175,-1.35032,9.93114,13.88158,-0.01687,0.08611,-1.65019
1619612034195,-10.47223,-11.05163,19.6127,0.01081,-0.15249,-1.60545
1619612034215,-5.94719,-7.27358,8.41322,0.04064,0.05309,-1.64593
1619612034235,8.03972,-19.6133,19.6127,-0.13938,0.18518,-1.70878
1619612034255,-19.6127,-19.6133,19.6127,-0.0467,0.02646,-1.68854
1619612034275,7.70932,19.6127,19.6127,-0.19051,0.00089,-1.53088
1619612034295,-15.10741,19.6127,18.55985,0.1706,-0.10243,-1.65764
1619612034315,-16.63012,-18.72744,19.6127,0.23239,-0.1003,-1.63101
1619612034335,15.38992,-3.16513,19.6127,0.14291,-0.04171,-1.50957
1619612034355,-3.05978,-6.44519,19.6127,-0.26508,0.14683,-1.72795
1619612034375,9.60074,1.41736,11.80341,-0.28106,0.09464,-1.6683
1619612034395,13.92946,-9.61032,0.61291,-0.27467,-0.10562,-1.63847
1619612034415,1.93451,11.01332,19.6127,-0.06907,0.08292,-1.67362
1619612034435,-19.02432,19.6127,6.88093,-0.06907,0.1447,-1.70984
1619612034455,-0.57939,-19.6133,14.37478,0.18658,-0.09604,-1.64273
1619612034475,14.59026,2.4325,-0.35434,0.11628,-0.20576,-1.53834
1619612034495,8.9591,-19.6133,-14.47534,0.28033,0.20542,-1.66936
1619612034515,8.2169,11.11867,-6.54095,-0.23632,-0.00336,-1.59266
1619612034535,-2.30801,7.14908,16.04594,-0.02007,0.16068,-1.7141
1619612034555,-8.48026,16.2662,19.04348,-0.31515,-0.02679,-1.64486
1619612034575,19.6133,-7.01501,6.09084,-0.07227,0.11914,-1.69599
1619612034595,-19.6127,-3.45243,15.91665,0.0694,-0.26115,-1.70239
1619612034615,-6.87614,2.73417,19.6127,-0.08185,-0.2228,-1.48401
1619612034635,1.79565,19.6127,19.6127,0.26222,-0.41135,-1.74713
1619612034655,7.9679,-0.67516,-3.99352,0.01081,0.03818,-1.56603
1619612034675,19.6133,-4.79798,0.46926,0.01294,-0.08645,-1.7141
1619612034695,4.1276,3.93127,3.00711,0.0939,0.06161,-1.60651
1619612034715,-17.40584,19.6127,7.36935,-0.21501,-0.15676,-1.58627
1619612034735,-3.88339,19.6127,13.36922,-0.26508,0.11807,-1.63741
1619612034755,-9.30386,-14.70039,19.6127,0.0758,-0.01508,-1.59266
1619612034775,3.45722,-19.6133,18.86152,0.13971,0.37587,-1.70665
1619612034796,13.1298,-10.42914,2.29364,-0.05842,0.09996,-1.6406
1619612034815,4.10845,10.10353,2.72939,-0.22779,-0.226,-1.48294
1619612034835,5.80833,-13.48414,10.34295,0.04703,0.03924,-1.56071
1619612034855,11.04684,-0.51235,5.95198,0.0204,-0.04171,-1.59053
1619612034875,-17.176,16.93658,19.6127,-0.02539,0.15216,-1.64167
1619612034897,-8.4611,4.79319,8.31266,-0.02113,-0.1738,-1.49892
1619612034916,-19.6127,0.58418,19.6127,-0.12127,0.50583,-1.70878
1619612034935,-17.08502,-5.61679,-7.95353,0.27713,0.22673,-1.52342
1619612034955,8.96867,-8.43237,19.3643,-0.34071,-0.38685,-1.49679
1619612034975,-18.75138,1.9393,6.98628,0.01721,-0.0204,-1.59586
1619612034996,-19.6127,19.6127,18.83757,-0.11168,0.28851,-1.61503
1619612035016,3.92649,-11.4778,19.6127,0.10456,0.17347,-1.65338
1619612035035,-0.99119,17.8751,1.0295,0.09284,-0.14397,-1.6129
1619612035055,0.55066,11.60709,19.6127,0.21321,-0.0694,-1.65551
1619612035075,-12.53125,11.2288,19.6127,0.01508,-0.31228,-1.57349
1619612035095,-12.10029,-11.05163,17.04671,-0.18625,-0.06195,-1.65019
1619612035115,-9.03092,19.6127,6.26802,-0.04777,0.29171,-1.63741
1619612035135,-16.74983,4.41011,6.01902,-0.3748,0.06268,-1.57562
1619612035155,6.37815,4.0845,19.60851,-0.12659,0.0957,-1.62249
1619612035175,-10.39562,-13.80017,0.63685,-0.1234,0.11381,-1.69599
1619612035196,2.2697,-19.6133,10.22324,0.02786,0.05416,-1.67575
1619612035215,-16.51999,6.88572,19.2398,-0.23632,0.26295,-1.63527
1619612035235,-19.6127,5.4061,12.40675,-0.15855,0.06161,-1.66404
1619612035255,2.34631,-7.33583,6.34942,-0.15003,-0.06301,-1.57669
1619612035275,13.80496,-8.71489,-7.50821,-0.05416,0.10635,-1.57029
1619612035295,-8.5473,0.59376,19.6127,0.05662,-0.05023,-1.58734
1619612035315,19.6133,-15.76821,13.68525,-0.15003,-0.18765,-1.48507
1619612035335,-19.6127,19.6127,7.47948,-0.33326,0.06587,-1.63954
1619612035355,-13.70919,18.94771,-6.27759,-0.06161,-0.03105,-1.65764
1619612035375,-19.6127,15.00206,0.1628,0.03105,0.07227,-1.65232
1619612035395,-0.63685,-4.57292,13.60385,0.01934,-0.01508,-1.63954
1619612035415,-12.13381,-1.14921,-7.69975,-0.05416,0.05309,-1.75671
1619612035435,2.25533,10.29985,-2.46123,-0.01261,0.1202,-1.71517
1619612035455,11.57357,-9.61511,-2.50433,-0.03498,0.06907,-1.59479
1619612035475,-11.06121,-8.34618,19.6127,-0.11488,0.1724,-1.71304
1619612035495,-19.23501,0.07661,12.4259,-0.04137,0.22673,-1.66084
1619612035515,-19.23501,0.07661,12.4259,-0.04137,0.22673,-1.66084
1619612035535,-12.29662,-19.6133,19.6127,-0.45044,-0.16421,-1.7205
1619612035555,-0.90979,1.5275,0.38307,0.06301,0.15429,-1.78228
1619612035575,-3.74931,-7.97748,15.84961,-0.06161,-0.19191,-1.58308
1619612035596,13.70919,-15.03079,7.32146,-0.11701,-0.06621,-1.61716
1619612035615,2.98796,2.48518,8.88248,-0.27893,0.09038,-1.68108
1619612035635,-19.6127,3.46201,19.6127,-0.02326,-0.23665,-1.58521
1619612035655,1.00077,17.27656,1.37427,0.11734,-0.16528,-1.58627
1619612035675,-19.6127,6.02381,19.6127,-0.64325,0.019,-1.52342
1619612035695,-0.72783,-10.93671,19.6127,0.01188,0.08825,-1.60545
1619612035715,13.13937,0.42616,-6.44519,-0.45576,-0.08006,-1.6193
1619612035735,-8.90164,19.6127,5.6551,0.16315,0.09144,-1.64167
1619612035755,-6.33984,3.43328,-5.68862,-0.13512,-0.08751,-1.55751
1619612035775,-14.01565,15.27021,11.33893,0.23772,0.09038,-1.61397
1619612035795,12.44984,-0.89543,-14.60463,-0.2001,-0.00762,-1.57988
1619612035815,-7.11556,-1.43652,7.44596,-0.18945,0.0989,-1.60119
1619612035835,19.6133,-1.89141,1.61848,-0.02646,-0.07473,-1.57669
1619612035855,-4.89853,-4.26167,6.67024,0.06088,0.08931,-1.69919
1619612035875,-5.99986,14.58547,17.29571,-0.13192,-0.15143,-1.66191
1619612035895,-5.51145,-5.00388,4.01747,0.03425,0.03179,-1.74819
1619612035915,0.65122,6.95755,2.94486,-0.15323,-0.04064,-1.67682
1619612035935,15.98847,-1.47961,3.85466,0.10882,0.05416,-1.74926
1619612035955,6.66545,-19.6133,7.23527,-0.12873,0.03179,-1.65445
1619612035975,-17.75061,7.9248,8.67179,-0.17134,-0.0449,-1.70665
1619612035995,-2.71502,1.66157,-9.27034,0.02679,0.15429,-1.84513
1619612036015,12.89995,6.49786,-8.33661,-0.12233,0.11168,-1.66297
1619612036035,0.72783,19.6127,12.76588,-0.35776,0.06481,-1.80572
1619612036055,-1.30723,8.14507,2.27449,-0.04137,0.10635,-1.73434
1619612036075,3.7972,-7.60398,7.07247,-0.01155,-0.10136,-1.67043
1619612036095,10.40998,2.6815,15.50006,0.11201,-0.05129,-1.71943
1619612036114,-10.87446,1.41257,8.04451,0.11095,0.11488,-1.79933
1619612036135,3.7158,19.6127,7.19697,-0.00089,0.08718,-1.74606
1619612036155,3.16513,19.6127,-4.17548,-0.20755,-0.06834,-1.69812
1619612036175,-19.6127,7.45554,-1.71424,-0.08079,0.2214,-1.74606
1619612036195,-13.35485,-19.6133,19.6127,-0.84245,0.63899,-1.60119
1619612036215,19.6133,-6.01423,12.61265,0.13652,-0.48805,-1.78335
1619612036235,19.6133,5.09964,15.00206,0.39964,-0.39537,-1.58414
1619612036255,-9.51455,6.47871,8.17859,-0.00942,0.07546,-1.68002
1619612036275,12.02368,-19.6133,19.6127,-0.42061,-0.05342,-1.72263
1619612036295,-5.78439,-6.04296,10.23281,-0.18625,-0.25689,-1.72902
1619612036315,-15.86876,19.6127,8.45632,0.25582,-0.15462,-1.66297
1619612036335,-4.76925,1.66157,18.81363,0.16954,0.2001,-1.70026
1619612036355,1.33596,-4.54419,4.84586,-0.1202,0.02326,-1.84194
1619612036375,-19.6127,8.40843,19.6127,-0.05096,-0.08112,-1.79613
1619612036395,-11.65018,8.6287,16.57745,0.03745,0.03818,-1.78441
1619612036415,19.6133,2.50433,16.8839,-0.13512,0.01474,-1.78441
1619612036435,-2.80121,-19.6133,-12.55519,0.01081,-0.16421,-1.83767
1619612036455,-2.55221,1.14921,14.82968,0.15889,0.0712,-1.84087
1619612036475,-13.69004,1.8579,11.24317,-0.13618,0.0222,-1.81957
1619612036495,0.8667,-8.29351,11.78904,-0.00302,0.12553,-1.82489
1619612036515,19.6133,2.72939,-19.33557,-0.16921,-0.21215,-1.69706
1619612036535,-14.62857,8.44195,19.51274,-0.04777,-0.00975,-1.68641
1619612036555,-2.95923,-19.6133,19.6127,-0.27573,0.25656,-1.77376
1619612036575,2.32237,-3.57214,18.36352,-0.20542,-0.19937,-1.74926
1619612036595,2.92092,3.8786,-2.1021,0.14823,-0.04384,-1.66084
1619612036615,9.98382,-0.79487,19.6127,0.11201,-0.31974,-1.72582
1619612036635,8.84418,19.6127,15.91186,-0.32793,0.23738,-1.88029
1619612036655,6.33026,17.01798,6.30632,-0.17879,0.04244,-1.72582
1619612036675,13.47935,7.69017,13.18247,0.09497,-0.16421,-1.83022
1619612036695,-1.76692,9.54328,12.99572,-0.11914,-0.02253,-1.76737
1619612036715,7.84819,-10.42435,6.66066,-0.08079,-0.10669,-1.68747
1619612036735,3.08852,14.39394,8.76756,0.15782,-0.09604,-1.71623
1619612036755,-5.02303,19.6127,-7.82425,0.06727,-0.05236,-1.58521
1619612036775,-19.6127,1.20667,19.50316,-0.38332,0.11488,-1.66404
1619612036795,9.73003,-8.06845,-4.06056,-0.58253,0.0222,-1.65338
1619612036815,19.6133,-11.26711,-7.01979,0.00868,0.00302,-1.67149
1619612036835,-3.75889,10.29027,18.9094,0.19937,-0.09923,-1.58947
1619612036855,-2.49954,4.14196,12.81855,-0.02753,0.01687,-1.60332
1619612036875,13.97734,-9.31823,7.80988,-0.05735,0.16175,-1.58308
1619612036895,12.47379,-0.97204,-12.56477,-0.30236,-0.19084,-1.67469
1619612036915,9.66778,0.51235,6.28717,0.01934,-0.09817,-1.67895
1619612036935,-3.64876,-3.20344,16.18001,-0.18945,0.49731,-1.63527
1619612036955,17.72666,19.33078,0.92416,-0.46002,-0.41029,-1.73434
1619612036975,2.41814,10.0748,10.32858,0.45822,0.18305,-1.6161
1619612036995,-6.07648,14.21676,19.6127,-0.14257,-0.16315,-1.62249
1619612037015,-1.09175,16.23268,15.85919,-0.31621,0.01368,-1.75885
1619612037035,-19.6127,16.1417,3.17471,-0.16707,0.15855,-1.7141
1619612037055,12.46421,-19.6133,17.93735,0.33572,-0.1003,-1.73008
1619612037075,9.93593,13.96777,-10.42914,0.2228,-0.09923,-1.69386
1619612037095,-6.73728,14.10184,-8.96389,-0.28212,0.22993,-1.74606
1619612037115,3.9217,9.46188,18.26775,-0.16175,-0.03851,-1.69067
1619612037135,14.62378,-16.56787,-0.66558,-0.15642,-0.37194,-1.66191
1619612037155,-1.51313,12.07156,-6.98149,0.15036,0.06587,-1.76311
1619612037175,3.36145,-8.57124,18.43056,-0.07014,-0.11734,-1.71091
1619612037195,-19.6127,18.49281,-0.63206,0.00016,0.02859,-1.68002
1619612037216,-5.71256,-12.65575,3.6727,0.05556,0.14577,-1.59692
1619612037235,-5.30555,3.83072,7.36456,-0.26934,0.15536,-1.72156
1619612037255,-0.7805,11.37724,19.6127,-0.26721,-0.02679,-1.68534
1619612037275,8.08282,-4.58729,19.6127,0.10669,0.08825,-1.6896
1619612037295,-1.69988,7.01979,-11.04684,0.13119,-0.14184,-1.6651
1619612037315,-19.6127,6.49786,-15.25585,0.01081,0.18945,-1.56284
1619612037335,10.52012,-19.31642,6.76601,-0.25336,-0.15995,-1.67575
1619612037355,-1.78607,-7.01501,-1.61848,0.02892,0.22673,-1.67469
1619612037375,7.69017,-9.01177,10.56321,-0.3535,-0.15569,-1.71304
1619612037395,19.35472,7.78594,-0.59855,0.10669,0.04244,-1.64593
1619612037415,-17.03714,19.6127,-2.16435,-0.08718,-0.08645,-1.68854
1619612037435,-15.74905,8.44674,19.6127,0.04384,0.03605,-1.66297
1619612037455,18.81842,0.60333,3.15076,-0.02326,-0.07793,-1.55538
1619612037475,5.22893,17.62611,10.24239,-0.09996,0.0712,-1.64806
1619612037495,7.0581,-5.63595,19.6127,-0.32473,0.18945,-1.60758
1619612037515,-1.25935,-12.7994,11.75553,-0.15749,-0.00762,-1.65232
1619612037535,-1.73819,-10.98938,19.6127,-0.11914,0.16921,-1.64273
1619612037555,8.69574,3.45243,19.6127,-0.1234,0.05629,-1.7141
1619612037575,-6.28717,19.6127,19.6127,0.12906,-0.31228,-1.66084
1619612037595,15.65329,4.56813,9.95987,0.23665,-0.30163,-1.48401
1619612037616,7.64708,1.61848,19.6127,-0.24164,-0.23026,-1.68428
1619612037635,7.64708,1.61848,19.6127,-0.24164,-0.23026,-1.68428
1619612037655,2.87783,-7.25921,-17.57344,-0.01155,-0.20789,-1.49359
1619612037675,14.7387,-19.6133,11.95664,0.01188,-0.08858,-1.66936
1619612037695,-13.63258,-2.0207,17.14248,-0.42167,0.17879,-1.70239
1619612037716,-19.6127,-0.37828,19.21107,-0.13618,-0.1706,-1.70878
1619612037735,12.79461,-3.88339,-2.82515,0.01401,0.31089,-1.68321
1619612037755,-6.15309,1.84832,1.6089,0.01294,-0.03745,-1.62782
1619612037775,18.9094,-17.97566,10.25675,-0.03498,-0.06088,-1.62675
1619612037795,-5.24809,-2.24097,6.93839,-0.21395,0.22566,-1.69386
1619612037815,-17.06108,-3.89297,14.25507,-0.08505,0.11168,-1.76204
1619612037835,-5.99508,3.5482,17.48724,-0.03392,0.0467,-1.55112
1619612037855,15.83525,3.24653,19.6127,0.08645,0.2981,-1.58521
1619612037875,9.55286,11.77468,-8.60476,-0.03605,-0.35383,-1.65019
1619612037895,14.59026,7.08683,10.38125,0.13225,0.25656,-1.6406
1619612037916,-6.50265,-11.88002,6.40688,-0.09251,-0.01081,-1.66617
1619612037935,-6.50265,-11.88002,6.40688,-0.09251,-0.01081,-1.66617
1619612037955,-6.13394,-7.21612,19.6127,-0.0989,0.19051,-1.6896
1619612037975,-18.4545,-3.08373,19.6127,-0.10635,-0.09284,-1.63634
1619612037995,-11.65497,1.34554,4.05098,-0.04457,0.1756,-1.58201
1619612038015,-15.96453,-6.42603,18.85194,-0.18092,-0.18126,-1.68747
1619612038035,19.6133,-19.6133,-14.72434,-0.1511,0.20329,-1.58947
1619612038055,3.94085,15.13135,-4.63038,0.324,-0.00762,-1.53407
1619612038075,11.72201,6.74686,3.20823,-0.17986,-0.16102,-1.63954
1619612038095,-19.6127,6.14352,18.55985,0.36768,0.10635,-1.58308
1619612038115,-13.89115,19.6127,11.44428,-0.28851,-0.29417,-1.60225
1619612038135,-19.6127,19.6127,2.24576,-0.09038,0.16814,-1.66617
1619612038155,-18.6221,19.09615,19.6127,-0.14897,-0.09497,-1.6928
1619612038175,-10.35252,-2.97838,0.46926,0.18445,0.16601,-1.76311
1619612038195,9.0405,12.72757,6.51222,-0.2459,-0.36342,-1.61184
1619612038215,-9.63905,15.73948,0.17717,-0.03072,0.58892,-1.68854
1619612038234,7.36935,-12.27267,19.6127,-0.23419,-0.10988,-1.60225
1619612038255,-7.16345,1.02471,-0.32561,-0.14151,0.23099,-1.70878
1619612038275,-4.74051,-0.93852,6.05733,-0.01155,0.05842,-1.63741
1619612038295,2.87304,10.28549,-3.68707,-0.1756,-0.07473,-1.57882
1619612038315,1.56101,17.57344,-1.90099,0.03212,0.09251,-1.66191
1619612038335,-3.36624,11.84172,18.14326,-0.00409,-0.15249,-1.51277
1619612038355,-10.25675,-1.22583,19.6127,0.15036,-0.29844,-1.57988
1619612038375,14.60463,-1.29286,6.81389,-0.14897,0.41635,-1.66404
1619612038395,-13.68525,19.6127,10.93671,-0.41635,-0.23878,-1.64486
1619612038415,2.74854,-7.20654,5.45399,-0.03392,0.30982,-1.5884
1619612038435,0.91458,15.20318,1.403,-0.03392,0.01155,-1.60012
1619612038455,0.70389,12.24873,3.25611,-0.31302,-0.24198,-1.50318
1619612038475,-1.68072,7.4699,5.50187,-0.03498,0.22034,-1.53727
1619612038495,-3.72537,5.09964,19.6127,0.05023,0.18305,-1.67895
1619612038515,-9.07402,11.03248,5.97592,0.03425,0.4483,-1.73008
1619612038535,-8.96389,8.85375,19.6127,-0.23951,-0.36555,-1.57136
1619612038555,12.58871,10.12747,4.92247,0.0758,-0.08645,-1.54473
1619612038575,1.34075,15.46654,8.46589,0.2718,0.22779,-1.67362
1619612038595,1.74776,5.71256,7.70454,-0.03924,-0.10456,-1.54047
1619612038615,-10.29027,-4.27125,12.93347,-0.09357,0.03285,-1.53194
1619612038635,5.45878,-12.0141,12.35886,0.02999,0.476,-1.79293
1619612038655,-5.67904,15.70117,-11.3533,-0.53885,-0.4497,-1.57349
1619612038675,4.49152,14.85362,6.65109,0.54132,0.18731,-1.63314
1619612038695,-2.1021,-8.18816,19.6127,-0.68799,0.23206,-1.60864
1619612038715,19.6133,19.6127,12.12902,-0.54631,0.20755,-1.62995
1619612038735,8.61912,-2.03028,11.51611,0.10243,-0.28778,-1.57882
1619612038755,-19.6127,18.47844,19.6127,0.09817,0.05416,-1.4904
1619612038775,8.47547,-7.762,5.17626,-0.34497,-0.00975,-1.6161
1619612038795,6.24886,-6.45955,19.6127,-0.15642,0.32367,-1.71837
1619612038815,14.08748,2.16914,4.51546,-0.29491,-0.23985,-1.56923
1619612038835,-3.35188,7.79073,14.03002,0.13225,0.07333,-1.59266
1619612038855,17.84637,-0.60333,9.28471,0.27393,-0.26435,-1.48081
1619612038875,19.6133,19.6127,9.03571,-0.08931,0.10955,-1.5149
1619612038895,-1.6089,19.6127,0.75177,-0.39291,0.23525,-1.71304
1619612038915,17.39148,-5.19541,19.26374,-0.10955,-0.02573,-1.53834
1619612038934,-5.49229,-4.9129,19.6127,0.02892,0.08825,-1.58095
1619612038955,6.30153,-12.82334,-3.10767,-0.16601,0.00302,-1.60332
1619612038975,8.00142,19.6127,-19.6133,-0.02859,-0.1738,-1.55644
1619612038995,-12.51209,-0.4501,-19.6133,0.13119,-0.13545,-1.52981
1619612039015,-6.61278,7.25443,-9.20331,0.23878,0.12979,-1.6129
1619612039035,-7.09162,-1.29286,19.6127,0.00123,-0.3485,-1.56923
1619612039055,-0.98641,-14.58068,19.6127,-0.16707,0.27254,-1.63527
1619612039075,-10.48181,19.6127,-0.58418,-0.52607,0.11168,-1.75032
1619612039095,8.19774,17.3388,-9.49061,0.03532,-0.226,-1.59692
1619612039114,-10.16099,9.36611,-10.08437,-0.15855,-0.03532,-1.55858
1619612039135,10.56321,5.83227,14.75785,-0.03924,0.31941,-1.72369
1619612039155,13.9534,-6.51701,-5.14753,0.18445,0.03072,-1.76417
1619612039175,-13.623,12.33013,-19.6133,-0.11914,-0.0481,-1.58521
1619612039195,-0.52672,-2.30801,-6.94797,0.04916,-0.17486,-1.66191
1619612039215,-6.50744,6.68939,5.43962,-0.10849,-0.02679,-1.70239
1619612039235,9.6199,2.07816,19.6127,0.08645,-0.00123,-1.67256
1619612039255,11.09951,17.31486,10.56321,-0.15642,-0.00762,-1.73754
1619612039275,-18.01876,1.13964,14.5328,0.04277,0.15536,-1.73647
1619612039295,-14.35563,3.53863,17.61174,-0.27254,0.00729,-1.63634
1619612039315,-1.7717,-7.67581,8.69095,-0.13086,0.18518,-1.65658
1619612039335,10.38604,-11.40597,8.19774,0.05449,0.00942,-1.69599
1619612039355,0.2873,0.2442,1.04866,-0.07972,-0.15462,-1.59266
1619612039375,-15.18402,9.05487,16.42901,-0.00942,-0.25156,-1.56497
1619612039395,-19.6127,6.95755,19.6127,-0.09783,0.02753,-1.55964
1619612039415,-9.71567,-10.93671,14.5759,-0.40569,-0.01614,-1.56603
1619612039436,-5.17626,-15.07389,19.28768,-0.08931,-0.12586,-1.71837
1619612039455,-9.89284,-9.18894,6.30632,-0.34391,-0.01614,-1.62249
1619612039475,-0.64164,-7.85777,-7.68538,-0.62407,-0.12373,-1.44885
1619612039495,13.30697,-3.01669,19.6127,0.19297,0.27786,-1.47229
1619612039515,-19.6127,19.6127,8.78193,-0.17134,-0.26328,-1.71304
1619612039536,-14.64772,9.86411,19.6127,0.23452,0.24484,-1.63208
1619612039555,16.59181,-9.97903,-13.01488,-0.01261,-0.13652,-1.5916
1619612039575,2.91613,-19.6133,3.7541,0.08964,0.23419,-1.6896
1619612039595,6.67503,-6.04296,19.6127,-0.34284,0.09677,-1.71304
1619612039615,7.77157,-12.7994,5.87058,-0.05203,0.08292,-1.62036
1619612039635,1.78607,5.0757,6.69418,0.06834,-0.08219,-1.69706
1619612039655,11.30063,10.33337,10.27112,-0.019,-0.01081,-1.61716
1619612039675,0.46926,-19.6133,19.6127,0.05023,0.00196,-1.63208
1619612039695,-8.15943,-4.3335,18.72265,-0.01155,0.04137,-1.68108
1619612039715,14.98291,3.68228,-0.19632,-0.07546,-0.03851,-1.71517
1619612039735,-10.568,11.94227,15.55752,0.10456,0.10316,-1.70452
1619612039755,5.95198,1.24019,-1.45088,0.03318,-0.14823,-1.64167
1619612039775,-19.6127,3.90254,13.58948,-0.05842,0.15642,-1.66404
1619612039795,10.12268,-17.0515,19.6127,-0.30769,-0.02253,-1.63421
1619612039815,2.03985,-16.97489,19.6127,-0.13299,0.24697,-1.71943
1619612039836,-5.78439,-1.01514,7.64708,-0.01048,-0.18339,-1.6683
1619612039855,6.94318,-5.75087,18.87109,0.08006,0.0499,-1.71623
1619612039875,2.74854,7.18739,3.36624,-0.09677,-0.08964,-1.6928
1619612039895,-0.83797,-0.68953,9.9503,-0.01794,0.08718,-1.66191
1619612039915,2.28885,-17.51598,14.51365,-0.09357,0.14897,-1.67575
1619612039936,-19.6127,-7.53694,-4.75967,-0.02113,-0.1461,-1.68534
1619612039955,1.98239,13.32612,19.6127,0.06727,0.01687,-1.68747
1619612039975,9.83538,11.84651,3.54341,0.07686,-0.09604,-1.6129
1619612039995,19.6133,3.51468,17.34359,0.1493,0.17347,-1.83981
1619612040015,-1.00556,12.60307,8.98304,0.43905,-0.06088,-1.69919
1619612040035,-0.8236,7.11556,14.65251,-0.50689,-0.7075,-1.59053
1619612040055,-19.6127,19.6127,7.27358,0.18871,0.53992,-1.7141
1619612040075,19.6133,-1.86747,-9.72524,-0.23099,-0.74158,-1.59586
1619612040095,2.36068,0.73262,19.6127,-0.0435,0.28638,-1.68854
1619612040115,-8.23605,11.06121,19.6127,-0.07759,0.12553,-1.61184
1619612040135,6.80432,17.6692,19.6127,-0.07333,-0.22706,-1.79187
1619612040155,8.84418,6.58884,5.9424,-0.08718,-0.12373,-1.68428
1619612040175,9.25598,7.23048,8.03972,0.01934,-0.21961,-1.67682
1619612040195,14.7818,-19.6133,9.44751,-0.07972,0.15962,-1.85791
1619612040215,10.49139,4.09408,-8.96867,0.20043,-0.06514,-1.76843
1619612040235,-12.64138,19.6127,-7.86734,-0.02646,0.00089,-1.77376
1619612040255,-14.38915,1.76213,4.19464,0.23132,-0.11734,-1.72902
1619612040275,5.38216,-15.51442,10.59673,-0.09144,0.26721,-1.87496
1619612040295,-12.66532,-15.61498,5.63116,0.09284,0.01261,-1.75778
1619612040315,-9.07881,-11.6406,10.6494,0.03425,-0.15143,-1.64912
1619612040335,0.67516,-10.70208,19.6127,0.15249,0.09783,-1.73008
1619612040355,18.09058,13.98213,-2.06859,-0.04883,-0.10456,-1.73221
1619612040375,-0.30166,-7.40287,11.42991,-0.20329,-0.03851,-1.75991
1619612040395,-19.6127,-16.17043,19.6127,-0.02753,0.23312,-1.68641
1619612040415,1.0726,19.6127,-3.96958,0.16741,-0.41561,-1.6896
1619612040435,-19.6127,19.6127,-0.44532,-0.03498,0.09996,-1.745
1619612040455,-19.6127,19.6127,12.87601,-0.13725,-0.23132,-1.6438
1619612040475,11.69328,7.27837,4.60644,0.09497,0.08398,-1.87815
1619612040495,3.73495,-19.6133,19.6127,0.42946,-0.10243,-1.62569
1619612040515,-8.53293,-19.6133,16.21832,-0.02646,-0.38153,-1.57562
1619612040535,-12.52167,13.67568,3.25611,-0.02433,-0.00868,-1.74606
1619612040555,2.66235,-13.85763,-2.7629,-0.27147,0.00835,-1.6651
1619612040575,-6.6463,-8.59518,9.47625,-0.09357,0.00729,-1.71197
1619612040595,16.79771,-14.62378,5.55454,0.02573,0.08079,-1.76417
1619612040615,-15.36119,-17.19994,19.6127,-0.13299,0.03392,-1.67895
1619612040635,-13.85285,-15.42344,13.3357,-0.0957,-0.27287,-1.62036
1619612040655,5.54497,-0.23942,19.6127,-0.08931,-0.03105,-1.61397
1619612040675,14.92545,-7.55131,-14.5759,0.26648,0.08825,-1.62462
1619612040695,3.76847,3.4237,12.82334,0.02999,0.019,-1.77482
1619612040715,-1.38384,-2.74375,19.6127,-0.12446,-0.12054,-1.63101
1619612040735,1.53228,4.0845,5.65989,-0.17879,-0.12267,-1.54899
1619612040755,3.50032,-9.63905,19.6127,-0.24058,0.01794,-1.7141
1619612040775,12.68448,-10.02212,10.0748,-0.07759,-0.12267,-1.64486
1619612040795,15.74905,19.6127,4.28083,0.41242,-0.15249,-1.58414
1619612040815,19.6133,4.458,19.6127,-0.22886,0.05416,-1.65978
1619612040835,-6.34942,-0.6991,19.6127,-0.07014,0.29171,-1.69599
1619612040855,-19.6127,-15.18881,8.76277,-0.1969,-0.00016,-1.75352
1619612040875,19.6133,-6.79953,3.72537,0.12693,-0.10562,-1.65978
1619612040895,19.6133,-6.13873,-4.14196,0.20363,-0.01614,-1.55964
1619612040915,-7.27837,6.48349,19.6127,0.10562,-0.13652,-1.64593
1619612040934,19.6133,-16.81208,14.58068,0.31335,0.10849,-1.72582
1619612040955,-0.47884,-14.4514,4.96557,-0.09996,-0.01188,-1.70558
1619612040975,-13.50808,6.19619,19.6127,-0.49624,-0.0726,-1.68002
1619612040995,3.34709,5.66946,8.79629,0.177,0.08718,-1.65445
1619612041015,0.66558,-1.76692,19.6127,-0.08931,-0.18658,-1.6161
1619612041035,2.20266,17.29571,3.32315,0.15143,0.22886,-1.70026
1619612041055,-15.05474,-3.6727,0.37349,-0.3013,0.06587,-1.59479
1619612041075,3.80678,-8.09719,9.92636,-0.05948,-0.09817,-1.7418
1619612041095,0.13886,13.19683,10.29027,0.04064,0.22566,-1.69919
1619612041115,-8.30787,15.9358,19.6127,-0.3503,-0.0971,-1.6438
1619612041135,1.05344,-13.23993,10.30464,0.0694,0.10316,-1.63314
1619612041155,-19.6127,-0.40222,19.56541,-0.08718,0.13192,-1.76737
1619612041175,-2.3511,-16.85996,18.15762,-0.21927,0.12446,-1.68854
1619612041195,-19.6127,6.21534,19.6127,-0.2768,0.04137,-1.63634
1619612041215,5.23851,-6.07169,-0.87627,-0.07972,0.07014,-1.74926
1619612041235,13.43625,19.6127,8.42758,0.01827,0.07866,-1.66723
1619612041255,7.34541,5.89931,4.36223,-0.13086,-0.18445,-1.59586
1619612041275,19.6133,-1.08696,-19.6133,0.03425,0.20542,-1.76843
1619612041295,-2.35589,-8.86812,13.18247,-0.13725,-0.13119,-1.68747
1619612041315,1.62805,13.86242,19.6127,0.34531,-0.08964,-1.68215
1619612041335,-10.62067,-0.65601,18.87109,0.15143,-0.05236,-1.67469
1619612041355,-5.77002,5.81312,4.55377,-0.41954,0.14577,-1.7173
1619612041375,-18.21987,-19.6133,19.6127,-0.21075,-0.15889,-1.65978
1619612041395,-19.6127,14.75307,19.6127,-0.1511,-0.01294,-1.7386
1619612041415,2.37504,19.6127,-3.02148,0.06834,-0.20256,-1.65445
1619612041435,4.17069,19.6127,-19.6133,0.35063,-0.01721,-1.57562
1619612041455,-19.6127,16.04115,9.31823,-0.34178,-0.28778,-1.67256
1619612041475,-12.26788,10.6494,-5.33428,-0.01474,0.31089,-1.77056
1619612041495,3.51468,-4.02704,9.30386,-0.43978,-0.2015,-1.67043
1619612041515,-19.6127,4.08929,6.92881,0.13971,0.02433,-1.6129
1619612041535,1.70467,10.04607,-3.37103,0.31548,-0.04916,-1.7205
1619612041555,7.40766,7.8434,-1.55623,-0.1447,-0.04384,-1.45098
1619612041575,-7.95832,1.28808,9.15063,-0.07653,0.1447,-1.73221
1619612041595,7.57046,12.41154,7.32146,-0.19477,-0.07366,-1.68321
1619612041615,-19.6127,19.6127,-15.07868,-0.11275,0.45363,-1.60119
1619612041635,8.54251,19.6127,-19.6133,0.20363,-0.30483,-1.60864
1619612041635,-9.19373,-11.26232,9.45709,0.03745,-0.10775,-1.51383
1619612041675,5.62637,-3.61045,11.08994,-0.11062,0.0712,-1.64806
1619612041695,18.65561,-19.6133,19.6127,-0.14683,0.15323,-1.57669
1619612041715,7.42202,-5.22893,19.01953,-0.2001,-0.00123,-1.70452
1619612041735,1.79086,-14.60941,3.89776,0.02147,0.14683,-1.64699
1619612041755,-1.49398,-16.40506,-3.84987,0.10562,-0.13545,-1.60119
1619612041775,5.83227,5.38216,-17.6692,-0.03285,-0.12054,-1.61823
1619612041795,-1.53707,18.67477,7.55131,-0.08505,0.19371,-1.63847
1619612041815,-18.67477,14.59505,14.64293,-0.08185,-0.09497,-1.55431
1619612041835,-13.10107,-3.19386,15.50963,-0.04777,-0.26754,-1.61716
1619612041855,19.6133,-7.12514,9.21288,0.15676,0.02539,-1.70452
1619612041875,-5.74129,-19.6133,19.6127,-0.10316,0.09144,-1.56603
1619612041895,15.5671,-8.40843,12.7563,-0.37374,0.1202,-1.6193
1619612041915,-10.46266,13.29739,19.47443,0.01827,0.23525,-1.66617
1619612041935,-10.00297,-4.5394,19.6127,-0.29384,-0.10243,-1.61184
1619612041955,-12.04283,17.93257,19.6127,-0.12553,-0.14823,-1.64699
1619612041975,4.18985,19.6127,18.42577,0.4742,0.11488,-1.68215
1619612041995,-4.27125,-2.5187,-6.08127,-0.16068,0.02326,-1.72369
1619612042015,-14.2024,7.21612,-3.08852,-0.2768,0.19477,-1.60012
1619612042035,-2.70065,18.26297,-12.19127,-0.20862,-0.01934,-1.73754
1619612042060,19.6133,-17.15684,17.57822,0.06408,-0.06621,-1.67575
1619612042074,-2.30801,19.6127,3.82593,0.15782,0.07972,-1.64273
1619612042094,-9.58159,3.84508,8.82502,0.02999,0.05309,-1.69599
1619612042094,8.05888,3.02627,0.72783,0.1216,-0.33998,-1.48614
1619612042135,0.49799,14.75307,-18.92376,-0.41209,0.07972,-1.55431
1619612042155,-2.6001,4.63996,12.65096,-0.21075,0.21714,-1.63421
1619612042174,-6.5218,8.34618,19.6127,-0.03392,0.15642,-1.55431
1619612042195,-5.57849,1.59453,6.97191,-0.0989,-0.02466,-1.54153
1619612042215,0.56024,2.85867,17.67399,-0.3503,-0.09497,-1.53621
1619612042236,19.6133,-19.6133,-9.96945,-0.23951,0.08718,-1.54792
1619612042255,19.6133,-17.3819,-0.19153,0.10456,-0.12267,-1.53088
1619612042275,0.49799,5.67425,9.99339,0.18232,0.4792,-1.7205
1619612042295,-1.38863,-14.55195,11.83693,-0.31089,-0.22387,-1.55325
1619612042315,-4.63517,-9.84016,12.44984,-0.14364,-0.08432,-1.44992
1619612042335,-0.43095,2.32716,14.76743,0.15143,0.20223,-1.62036
1619612042358,-15.70117,-13.94861,18.97165,0.09817,-0.20363,-1.61077
1619612042375,0.13886,-6.89051,19.6127,0.05129,-0.03105,-1.53407
1619612042394,19.6133,16.08903,-19.6133,0.00762,-0.22067,-1.55431
1619612042415,11.16176,-19.6133,19.6127,-0.26721,0.14577,-1.63741
1619612042435,8.46589,19.6127,19.6127,-0.40996,0.32047,-1.60438
1619612042454,0.63206,16.95094,19.50316,0.08858,-0.14078,-1.62675
1619612042475,12.91432,-4.44363,2.98317,0.18339,0.01794,-1.60864
1619612042494,-2.0638,4.10366,-6.87135,-0.06907,-0.18126,-1.57775
1619612042515,1.32638,-7.27358,-12.97178,0.26222,-0.20789,-1.57775
1619612042534,-9.04529,-0.63685,5.21457,-0.12659,0.07866,-1.64486
1619612042554,-0.44532,-0.90021,19.6127,0.03425,0.25123,-1.60758
1619612042574,9.92636,-19.25895,10.1562,-0.02966,-0.39537,-1.53194
1619612042594,-11.61187,19.60372,3.28005,0.0939,0.02646,-1.51064
1619612042614,14.02523,-3.0933,10.40041,-0.17773,-0.03745,-1.61503
1619612042634,12.43069,-5.02782,7.95353,-0.10955,0.20223,-1.5884
1619612042654,-8.96389,19.6127,17.01798,-0.23738,0.25975,-1.67043
1619612042674,6.80432,19.6127,1.66636,0.01508,-0.0971,-1.49892
1619612042694,-1.8962,4.01747,-2.95444,0.53812,-0.09177,-1.59479
1619612042715,19.6133,8.20732,6.51222,-0.57933,-0.1461,-1.55005
1619612042734,9.72524,-19.6133,4.707,0.21215,0.05096,-1.55858
1619612042754,9.1219,-13.63258,13.26866,-0.1202,0.06055,-1.52555
1619612042774,-1.12048,14.36521,6.15788,-0.04883,-0.11841,-1.50318
1619612042794,7.33583,4.29519,10.78827,-0.21075,0.12659,-1.53194
1619612042814,5.56412,-12.90474,19.04348,-0.13725,0.00515,-1.56497
1619612042834,-13.05318,-14.71476,19.6127,0.05982,0.01048,-1.62888
1619612042854,12.11466,1.98718,5.88973,-0.019,-0.09071,-1.61397
1619612042874,-6.97191,19.6127,16.56787,-0.11381,-0.05342,-1.57136
1619612042895,4.21379,-12.29183,19.6127,-0.21182,-0.16208,-1.65019
1619612042914,-12.55519,8.29351,3.96,-0.20969,0.0222,-1.63741
1619612042935,12.29662,-18.48323,17.2574,-0.03285,-0.05982,-1.55325
1619612042955,18.3731,19.6127,0.21068,0.07793,-0.00016,-1.65019
1619612042974,-10.46266,7.93917,5.40131,-0.03285,0.00089,-1.63634
1619612042995,-10.86967,16.93658,6.90008,-0.05096,0.03818,-1.59799
1619612043015,5.15711,19.6127,-7.75242,-0.01687,-0.16102,-1.59373
1619612043035,8.77235,19.6127,8.79629,0.08325,-0.08112,-1.63847
1619612043054,-17.26219,-1.08696,19.6127,0.07366,0.1511,-1.5426
1619612043074,-17.25261,-19.6133,19.6127,-0.28958,-0.17806,-1.56603
1619612043094,13.23993,-11.81778,19.6127,-0.07333,0.41102,-1.57669
1619612043115,9.05008,4.66869,5.33428,-0.27573,0.08611,-1.5426
1619612043134,-2.30322,-4.96557,3.14598,0.00655,0.04563,-1.52449
1619612043154,1.17794,2.14999,19.6127,-0.23951,-0.0726,-1.47655
1619612043175,9.83538,10.88404,14.82489,0.07047,-0.10243,-1.55751
1619612043194,-16.51999,4.05098,15.08825,-0.16281,-0.19297,-1.43074
1619612043215,-0.91458,19.46007,2.6001,-0.04244,0.0989,-1.6129
1619612043234,-3.47638,18.25818,19.6127,-0.15855,-0.19404,-1.63101
1619612043254,-13.24951,16.04594,13.23035,0.02892,0.01155,-1.48188
1619612043275,19.6133,-14.64772,19.6127,-0.28425,-0.18445,-1.6928
1619612043294,14.59026,-6.33026,11.66933,0.12054,-0.17593,-1.66617
1619612043314,8.26478,19.54147,0.37828,0.04384,-0.14823,-1.53727
1619612043334,1.36948,-6.28717,6.08127,0.15782,-0.0236,-1.63314
1619612043354,17.58301,-6.67503,-0.4118,-0.44298,0.03605,-1.59266
1619612043375,3.93127,-6.82826,7.94874,-0.10955,0.26721,-1.66404
1619612043395,13.2112,11.3533,-4.17548,-0.14151,-0.20895,-1.56497
1619612043415,12.95263,0.06703,3.14598,0.46781,-0.00655,-1.66723
1619612043434,-10.87446,2.23139,11.45864,-0.14257,-0.08325,-1.55858
1619612043454,-3.51947,19.6127,4.35265,-0.08505,0.10849,-1.64806
1619612043475,1.9393,8.38928,19.6127,-0.35776,0.03711,-1.68747
1619612043494,7.30231,3.28963,16.60139,0.27713,-0.11201,-1.69599
1619612043514,5.02782,18.16241,6.28238,0.28565,-0.17273,-1.6161
1619612043534,10.00297,-19.6133,2.04464,0.04277,-0.13758,-1.62462
1619612043554,6.82826,-18.26297,17.04671,-0.29597,0.00622,-1.67256
1619612043576,0.32082,0.76614,16.37155,-0.36521,0.06694,-1.68428
1619612043595,-14.72434,13.36443,11.3964,0.09817,0.08718,-1.7141
1619612043615,3.96,-9.44751,14.13057,-0.01048,-0.0939,-1.79613
1619612043635,3.96,-9.44751,14.13057,-0.01048,-0.0939,-1.79613
1619612043655,0.32561,-14.78659,17.77934,-0.32047,0.11488,-1.65019
1619612043676,-13.00051,8.82023,13.21599,-0.26934,-0.03745,-1.6193
1619612043695,-17.08981,-19.6133,16.44816,0.01934,0.15536,-1.70132
1619612043715,3.4237,-15.25585,14.29338,-0.03179,-0.14184,-1.63634
1619612043735,-3.57693,19.6127,17.04192,-0.08079,0.07866,-1.75352
1619612043755,-2.47081,-8.47068,12.61265,-0.07866,-0.1983,-1.74606
1619612043774,-2.47081,-8.47068,12.61265,-0.07866,-0.1983,-1.74606
1619612043795,-2.47081,-8.47068,12.61265,-0.07866,-0.1983,-1.74606
1619612043815,19.6133,-3.50032,2.51391,-0.1447,0.04563,-1.82596
1619612043835,6.77559,5.7796,-13.77623,0.71069,-0.13758,-1.76204
1619612043855,6.77559,5.7796,-13.77623,0.71069,-0.13758,-1.76204
1619612043875,8.10197,19.6127,-15.62934,-0.06161,0.26401,-1.70239
1619612043895,-1.43652,-2.09732,1.4844,-0.22779,-0.1951,-1.68108
1619612043915,11.74116,-2.6815,17.31965,0.36874,-0.15889,-1.59906
1619612043935,-4.66869,-19.6133,19.6127,0.06727,0.2214,-1.76204
1619612043955,-10.80742,19.6127,19.6127,-0.31408,-0.19724,-1.71623
1619612043976,-12.18169,19.6127,-0.21547,-0.10422,-0.04171,-1.73647
1619612043995,-5.13316,1.94409,19.6127,-0.00409,0.01368,-1.79187
1619612044015,-13.1681,19.6127,19.6127,0.10988,-0.18552,-1.79826
1619612044035,2.15478,-5.05655,18.72265,0.06088,0.22034,-1.87496
1619612044055,2.15478,-5.05655,18.72265,0.06088,0.22034,-1.87496
1619612044075,8.87291,-2.56179,5.60722,0.0694,-0.0694,-1.82063
1619612044095,13.20641,19.6127,2.52827,0.13438,0.10209,-1.82596
1619612044115,-19.6127,-0.17238,19.6127,-0.30662,-0.05875,-1.75352
1619612044135,-19.6127,19.6127,9.7827,-0.16281,0.08931,-1.84726
1619612044155,-14.55195,-7.55131,16.75462,0.22387,0.27041,-1.8462
1619612044175,-7.86734,19.6127,19.40261,-0.14897,-0.13971,-1.71837
1619612044195,9.4523,-7.52258,10.06522,0.17167,-0.17273,-1.78761
1619612044215,-2.12126,15.63892,19.6127,0.11734,0.17666,-1.75778
1619612044235,-7.81467,5.88973,19.6127,-0.22034,-0.19084,-1.66936
1619612044255,-18.9094,5.4061,-7.56088,0.02466,0.12766,-1.74606
1619612044275,19.6133,7.48906,1.96803,-0.06801,-0.01614,-1.66191
1619612044295,-3.13161,2.95444,-0.37828,-0.16814,0.05629,-1.67575
1619612044315,-6.88093,10.86009,1.88184,-0.08185,0.06161,-1.78867
1619612044335,-19.6127,19.6127,-19.6133,0.01827,0.12446,-1.59266
1619612044355,19.6133,-19.6133,-19.6133,-0.39398,0.28319,-1.79719
1619612044375,-14.89193,-19.6133,19.6127,-0.68692,0.45576,-1.86537
1619612044395,18.7035,17.42499,8.1307,0.39431,-0.36874,-1.77376
1619612044415,6.25844,-7.27358,16.93658,0.26328,-0.33678,-1.61503
1619612044435,-5.08528,19.6127,15.3564,0.17167,-0.10988,-1.7141
1619612044455,-5.06134,5.3678,8.17859,0.06408,-0.03851,-1.78867
1619612044475,1.57538,1.62326,9.45709,-0.08505,0.06268,-1.69812
1619612044495,-2.33674,18.46887,-3.52426,-0.43552,0.08079,-1.72689
1619612044515,-13.97734,19.6127,-0.09097,-0.36521,-0.40177,-1.59799
1619612044535,3.93127,5.21457,8.30309,-0.06374,0.03072,-1.75458
1619612044555,-1.20188,5.47793,19.6127,0.00016,0.07227,-1.73221
1619612044575,7.53215,-19.6133,19.6127,0.02892,-0.16208,-1.6193
1619612044595,-18.6221,-19.6133,2.01112,-0.0957,0.05842,-1.72795
1619612044615,-11.31978,19.6127,-0.27772,0.03638,-0.08538,-1.6896
1619612044635,19.6133,2.33674,2.85867,-0.19051,0.10742,-1.73967
1619612044655,1.32159,9.7444,11.92791,-0.10209,0.1479,-1.64486
1619612044675,-2.27928,-7.22091,13.98692,0.00762,-0.08006,-1.63741
1619612044695,8.82502,-9.07881,5.50666,-0.08505,-0.1216,-1.6438
1619612044715,8.14507,-19.14882,19.6127,-0.14151,0.65816,-1.73008
1619612044735,-2.68629,19.6127,14.86799,-0.29917,-0.54877,-1.70345
1619612044755,14.88714,-7.40766,12.65575,0.64145,0.14683,-1.63954
1619612044775,16.56308,-5.76044,13.68525,-0.05096,0.06161,-1.65764
1619612044795,-2.14999,-3.05021,14.01565,-0.32793,0.01794,-1.67043
1619612044815,3.62003,-1.99676,17.50161,-0.08825,0.22779,-1.73434
1619612044835,-10.67335,-15.81609,14.31253,-0.07014,0.0222,-1.67256
1619612044855,-1.21146,-6.29196,-9.77313,-0.01048,-0.14823,-1.66617
1619612044875,-4.1276,-4.87459,-1.5658,0.03851,-0.02147,-1.60758
1619612044895,0.51235,8.9591,-6.43082,0.05342,0.08079,-1.56603
1619612044915,-10.01255,-9.46667,17.47288,-0.74977,0.17027,-1.63527
1619612044935,-2.00634,-3.65355,0.88106,0.00549,-0.24091,-1.5671
1619612044955,6.11479,12.76588,6.01423,0.26222,-0.00975,-1.59266
1619612044975,-19.6127,8.4611,19.6127,-0.04777,-0.14717,-1.57029
1619612044995,-6.23929,-3.5482,11.21922,-0.31834,0.16388,-1.58521
1619612045015,-5.47314,-2.52348,19.6127,-0.19051,0.18625,-1.75671
1619612045035,-13.64695,-12.1386,11.33893,-0.10529,-0.17806,-1.65978
1619612045055,-5.06613,3.25132,12.718,0.10349,0.08079,-1.62569
1619612045075,2.02549,-5.08049,12.24873,0.06727,-0.1248,-1.60864
1619612045095,-0.97683,-10.93671,15.03558,0.06408,0.10422,-1.60971
1619612045115,-1.26413,10.37168,2.30801,0.23132,-0.1738,-1.60971
1619612045135,11.57357,-18.55027,-7.09641,-0.18518,-0.00229,-1.66723
1619612045155,-4.2904,-13.94861,19.6127,-0.08505,0.14257,-1.59586
1619612045175,12.27267,-19.6133,8.34139,-0.29171,-0.1706,-1.66297
1619612045195,-7.77157,-9.48103,14.30296,0.08432,-0.21961,-1.57988
1619612045214,-19.6127,14.58068,3.44765,-0.10422,-0.25369,-1.56816
1619612045234,-19.6127,19.6127,19.6127,0.01827,0.02539,-1.69493
1619612045255,-1.44609,17.3005,4.26167,0.22493,-0.16528,-1.66404
1619612045275,12.51688,-10.27112,19.6127,-0.08292,-0.18871,-1.70452
1619612045295,-14.31253,11.08036,2.7246,-0.09996,-0.45716,-1.63421
1619612045315,1.53707,-5.09007,3.80678,-0.02326,-0.03745,-1.65764
1619612045335,-7.30231,8.84896,13.34049,0.17167,0.19051,-1.73328
1619612045355,-4.51067,-9.30386,19.6127,-0.13405,0.09038,-1.6928
1619612045375,15.66765,19.6127,6.12915,0.26861,-0.03532,-1.73541
1619612045395,-1.15879,2.7246,10.568,0.08964,-0.1706,-1.52023
1619612045415,3.58651,-0.68953,10.1131,0.05129,-0.04916,-1.62356
1619612045435,4.38138,-10.06043,17.44894,-0.17666,0.0712,-1.59692
1619612045455,2.11647,-11.42513,0.50278,-0.23206,-0.07047,-1.65871
1619612045475,6.68939,-0.39743,-5.62637,-0.27254,0.04777,-1.6161
1619612045495,-19.6127,-19.6133,11.30063,0.10136,0.24484,-1.71197
1619612045515,-5.6551,5.47793,10.85052,-0.14364,-0.23772,-1.72263
1619612045535,3.41413,-9.92157,1.35032,-0.02859,0.25549,-1.53514
1619612045555,18.7035,-19.6133,2.37504,-0.05522,-0.07686,-1.66297
1619612045575,-5.48751,-6.58405,8.49941,-0.09464,-0.01827,-1.71197
1619612045595,3.10767,8.32703,11.75553,0.12373,0.1511,-1.65658
1619612045615,4.76446,4.24731,1.74297,-0.09996,-0.28991,-1.63101
1619612045635,-10.22324,12.78503,1.58496,0.06408,0.16921,-1.60012
1619612045655,-16.14649,4.32392,7.12035,-0.45257,0.00729,-1.6438
1619612045675,-10.19929,10.31422,13.57033,0.05769,0.00089,-1.65551
1619612045696,-6.78516,-11.80341,19.6127,0.00229,-0.08112,-1.63954
1619612045715,16.2279,0.61291,1.88663,-0.08931,-0.03318,-1.61823
1619612045735,19.6133,-18.71308,3.19865,-0.00942,0.11807,-1.65978
1619612045755,2.82036,-2.01112,5.65031,-0.15323,0.05629,-1.70239
1619612045775,4.32871,7.59919,9.73482,0.13971,0.03711,-1.65445
1619612045795,-0.45968,19.6127,14.51843,-0.15003,-0.28246,-1.6193
1619612045815,3.50511,19.6127,-5.01345,0.21641,0.11488,-1.64593
1619612045835,-4.22816,10.72123,10.65419,-0.28212,0.00835,-1.62995
1619612045855,16.91264,19.6127,-3.28005,-0.51755,-0.12054,-1.52129
1619612045875,12.00931,6.41167,7.72369,0.03532,0.02859,-1.67575
1619612045895,7.66144,10.99417,14.80095,-0.06161,-0.01614,-1.59373
1619612045915,-7.38371,0.89064,1.29286,0.00016,-0.25902,-1.48933
1619612045935,-12.37802,-19.6133,19.6127,-0.09144,0.17453,-1.58414
1619612045955,-7.73327,18.64604,13.81933,-0.35882,-0.15995,-1.57242
1619612045975,-19.12967,-5.21457,3.82593,0.11414,0.07759,-1.70452
1619612045995,2.29364,19.46007,17.90862,0.30589,0.03072,-1.65764
1619612046015,-0.54587,7.16823,17.64047,0.04064,0.12766,-1.72156
1619612046035,13.52724,-5.6551,1.25935,-0.2523,-0.10775,-1.57669
1619612046055,-19.41218,-12.44027,0.13407,0.0758,-0.07899,-1.75245
1619612046075,-10.65898,5.23372,19.6127,0.10562,0.12873,-1.60332
1619612046097,5.89452,0.4932,4.29519,-0.32793,0.09251,-1.59266
1619612046115,1.84353,9.14585,5.83227,0.10136,-0.09604,-1.57882
1619612046135,19.6133,-9.91199,-10.30464,-0.26188,-0.12054,-1.66617
1619612046155,19.6133,-16.56308,3.08852,0.21321,0.05203,-1.55218
1619612046175,-19.6127,7.74763,3.91691,-0.15536,-0.05023,-1.62995
1619612046195,-19.6127,-0.97683,18.69871,-0.29704,0.20862,-1.63208
1619612046215,-13.04361,19.6127,14.89672,-0.6326,0.18199,-1.66084
1619612046235,-4.63038,-0.04788,19.6127,0.04171,0.00089,-1.62143
1619612046255,-5.54497,-11.4347,10.22802,0.33039,-0.12054,-1.6129
1619612046275,-6.44997,-0.06224,7.82903,0.1003,-0.03212,-1.5117
1619612046295,1.92972,9.75876,18.07622,-0.01368,0.03711,-1.47335
1619612046315,-0.50757,12.11466,1.29765,-0.05735,-0.23026,-1.59586
1619612046335,-7.762,-18.1241,13.72835,0.07153,0.05416,-1.63208
1619612046355,-0.02394,19.51753,19.33557,0.05023,0.05416,-1.56284
1619612046375,-2.48039,-19.6133,19.6127,0.02679,0.05096,-1.51596
1619612046395,-13.9534,2.806,9.78749,-0.1202,0.10103,-1.62462
1619612046415,-7.50821,-19.6133,16.56787,-0.21395,0.21821,-1.53301
1619612046435,-5.81791,-6.25844,19.6127,-0.25869,0.10635,-1.67256
1619612046455,-5.96156,13.3357,7.64708,-0.51435,0.74764,-1.58627
1619612046475,-7.55131,0.76614,8.63349,0.10562,-0.39964,-1.55218
1619612046495,10.79785,19.6127,15.34683,0.11308,0.3503,-1.65019
1619612046515,-10.85531,13.90073,19.6127,-0.49837,-0.2473,-1.64806
1619612046535,12.31098,-1.13006,12.57913,0.1738,0.25549,-1.6193
1619612046555,-10.76433,17.64047,17.3819,-0.4547,-0.29204,-1.65232
1619612046575,-17.74582,-19.6133,19.6127,0.23132,0.13405,-1.62782
1619612046595,3.14598,-16.29972,9.53371,-0.37267,0.07759,-1.67362
1619612046615,-0.85712,11.44428,-13.79539,-0.36415,-0.13652,-1.61397
1619612046635,19.6133,15.18881,-15.04037,0.2782,0.01581,-1.66297
1619612046655,5.59764,-11.85608,-4.43885,0.03638,-0.06195,-1.54579
1619612046675,19.6133,-15.51921,15.04037,-0.04137,-0.08219,-1.59479
1619612046695,-3.20823,12.08114,0.83797,0.04703,0.23419,-1.65338
1619612046715,-3.08852,17.03235,14.03002,-0.16601,-0.18765,-1.52875
1619612046735,-3.14598,4.23294,4.46279,-0.02326,0.08825,-1.60864
1619612046755,2.70065,17.24783,4.86501,0.08858,-0.01721,-1.60438
1619612046774,-13.14416,8.77235,19.6127,0.21428,-0.13652,-1.48081
1619612046795,13.45062,3.61524,-12.02368,0.13225,-0.00549,-1.43607
1619612046815,-11.2719,-18.51196,19.6127,-0.18199,0.01794,-1.6129
1619612046835,7.37892,4.4149,10.00776,0.00442,0.20969,-1.59053
1619612046855,-9.20331,0.72304,13.28781,-0.08611,0.01368,-1.55751
1619612046875,19.6133,3.52905,9.34217,-0.26721,-0.03318,-1.59586
1619612046895,19.6133,-17.88947,-7.17302,-0.10316,-0.0449,-1.51277
1619612046915,12.74194,10.34295,-3.7158,0.15889,-0.00868,-1.51064
1619612046935,-6.22492,1.69988,0.64164,-0.12873,-0.21961,-1.55858
1619612046955,-19.6127,19.6127,3.35667,0.16528,0.00302,-1.55644
1619612046975,-19.6127,6.41167,5.89452,-0.38758,0.01581,-1.57136
1619612046995,-19.6127,-19.6133,12.06677,-0.34604,-0.03318,-1.57136
1619612047015,9.86411,0.80924,1.24498,0.07366,-0.17913,-1.60971
1619612047035,10.79306,19.6127,1.20188,0.16847,-0.08219,-1.4904
1619612047055,5.82269,7.75242,-10.97023,-0.01581,-0.26222,-1.57988
1619612047075,5.54975,7.45075,10.319,-0.0467,-0.14184,-1.57349
1619612047095,2.78685,-8.34139,4.72615,0.05982,-0.02573,-1.59692
1619612047115,-19.6127,-19.6133,11.08994,-0.09996,-0.03425,-1.5639
1619612047135,-4.73094,-14.67645,11.37724,0.13438,0.05948,-1.58734
1619612047155,11.47301,-10.0748,11.70285,-0.08185,0.07972,-1.5916
1619612047175,-5.9424,-9.30865,11.08994,-0.22247,0.05203,-1.62036
1619612047195,-15.95496,19.6127,6.58884,-0.2459,0.16814,-1.63101
1619612047215,3.88818,-11.27669,19.6127,-0.12979,0.04883,-1.64593
1619612047234,19.6133,-19.6133,18.98123,0.01614,-0.0758,-1.68534
1619612047256,-10.02212,11.15698,19.6127,-0.18199,0.00196,-1.6896
1619612047275,5.81312,-4.07014,14.81532,-0.1447,-0.09497,-1.6683
1619612047295,-3.95043,-0.3687,4.72615,0.04384,-0.02253,-1.68215
1619612047315,3.05021,15.14093,9.47146,0.09604,-0.0204,-1.69173
1619612047335,13.77144,12.08114,19.6127,0.15995,-0.05236,-1.67149
1619612047355,0.0383,-5.73171,19.6127,-0.48665,0.0712,-1.67682
1619612047375,-3.31836,4.28083,17.1329,-0.38652,0.17879,-1.74287
1619612047395,4.14675,-2.22181,19.6127,-0.04137,-0.02892,-1.75778
1619612047415,19.54147,6.86178,10.86488,0.08112,0.00622,-1.65764
1619612047435,-2.17393,-19.6133,18.0427,0.38579,-0.1951,-1.72902
1619612047455,17.34838,-19.6133,1.20188,-0.22673,-0.08432,-1.68321
1619612047475,7.24485,16.21353,6.90487,-0.06268,0.32154,-1.69173
1619612047495,7.39329,-19.6133,10.8984,-0.45683,-0.19937,-1.69173
1619612047515,-5.02303,-11.22401,1.2785,0.04703,0.22247,-1.74713
1619612047535,13.3357,-19.6133,-7.8003,-0.0435,0.08718,-1.71197
1619612047555,4.95599,7.37414,19.6127,-0.33965,-0.07793,-1.66297
1619612047575,9.81143,-14.26465,-6.48349,0.06195,-0.03105,-1.71304
1619612047595,1.76692,19.6127,1.71424,0.05982,0.28638,-1.72156
1619612047615,-19.6127,-19.6133,19.6127,-0.43872,0.04883,-1.65658
1619612047635,-4.31914,19.6127,9.93593,0.13865,-0.01081,-1.67043
1619612047655,3.47159,-5.00388,8.95431,-0.00515,-0.01294,-1.68428
1619612047675,-6.78516,-8.55208,13.82412,-0.12553,0.02007,-1.68215
1619612047695,-2.83952,19.6127,9.21767,-0.1202,0.03605,-1.65019
1619612047714,-18.99559,19.6127,-13.21599,0.09177,-0.13865,-1.78015
1619612047735,1.68072,10.6111,19.6127,0.05556,-0.12586,-1.62143
1619612047755,-16.77856,-16.97967,-5.81791,-0.09996,0.16494,-1.70984
1619612047775,-6.38773,19.6127,7.88171,-0.0712,0.43872,-1.72795
1619612047795,11.50653,-3.48116,2.77727,0.13225,-0.06088,-1.69386
1619612047815,-6.95755,-8.71968,7.06768,-0.26401,-0.06727,-1.87709
1619612047835,-0.89543,-10.57279,19.18234,-0.26295,-0.05875,-1.892
1619612047855,-4.85065,-10.53448,19.6127,0.22493,0.15216,-1.76417
1619612047875,19.6133,-19.6133,15.23669,0.1706,-0.00442,-1.84726
1619612047895,-4.99909,-11.64539,19.6127,-0.23525,-0.08112,-1.79293
1619612047915,1.29765,-5.42047,13.37401,-0.00409,0.09996,-1.82489
1619612047935,-19.42655,1.47003,-9.42836,-0.38332,-0.08751,-1.81637
1619612047955,10.07001,-14.7387,6.46434,-0.06055,-0.10988,-1.76417
1619612047975,-14.2024,10.14662,19.5702,-0.20542,0.11914,-1.78228
1619612047995,-11.36766,19.6127,-11.21922,-0.24697,0.32686,-1.88881
1619612048016,-0.84275,2.26012,19.6127,0.14717,-0.35276,-1.70239
1619612048035,-16.50562,2.67192,0.27293,-0.06055,-0.00123,-1.75991
1619612048055,-19.6127,19.6127,13.68525,-0.16388,-0.05129,-1.66404
1619612048075,-0.56503,-0.90021,19.6127,0.01188,0.20862,-1.74713
1619612048095,8.1738,-13.70919,8.36534,-0.17879,-0.09604,-1.73967
1619612048116,-14.93981,13.34049,14.32211,-0.0435,-0.00442,-1.55112
1619612048135,-0.27293,-15.28937,19.6127,-0.08079,0.28212,-1.77163
1619612048155,9.98382,4.01747,5.14274,-0.09144,0.10635,-1.73754
1619612048175,3.58651,-19.6133,3.71101,-0.30343,0.05629,-1.62888
1619612048195,-8.06367,-13.15374,9.84974,-0.33113,-0.1003,-1.74074
1619612048215,16.95094,9.09796,-11.01332,0.13438,-0.17806,-1.70984
1619612048235,11.77947,8.64306,-11.88481,0.56369,0.05629,-1.50531
1619612048255,10.06522,-7.60877,19.6127,-0.00622,-0.0971,-1.61397
1619612048275,-3.4668,-13.88158,19.6127,0.11201,0.378,-1.68854
1619612048295,-1.78607,6.39251,14.9063,-0.51861,-0.14078,-1.63634
1619612048316,-4.10366,-11.06121,19.6127,0.11734,0.06801,-1.63101
1619612048335,12.78982,3.05021,-8.69095,-0.18731,-0.20469,-1.70771
1619612048355,10.40998,-0.32082,-19.6133,0.26967,-0.16954,-1.62036
1619612048375,-19.06263,13.71877,12.84728,-0.03179,-0.15356,-1.57349
1619612048395,-0.22026,-19.6133,2.44208,-0.39611,-0.3027,-1.65871
1619612048417,-6.43082,15.26064,14.35084,-0.04137,0.23206,-1.7141
1619612048435,-6.43082,15.26064,14.35084,-0.04137,0.23206,-1.7141
1619612048455,11.33893,19.6127,6.17704,0.13545,0.02113,-1.71837
1619612048475,-9.13627,4.64475,-11.08515,0.17273,0.1511,-1.69386
1619612048495,19.6133,5.37258,19.6127,0.00762,-0.0939,-1.69493
1619612048515,1.28808,11.52568,-2.51391,0.09923,0.11062,-1.69706
1619612048535,9.68694,-16.77377,19.6127,0.01934,-0.01188,-1.59692
1619612048555,0.5746,-19.6133,19.6127,0.15569,-0.08538,-1.6651
1619612048575,-6.5649,4.50588,17.02756,-0.22566,-0.01508,-1.53088
1619612048595,12.83292,-9.94551,-5.14274,0.00442,-0.04703,-1.64699
1619612048615,5.80354,4.09887,9.91678,-0.23632,-0.17486,-1.57882
1619612048635,0.54587,10.27591,-13.59906,0.324,0.32473,-1.58201
1619612048655,5.85621,-0.47884,13.14895,-0.70823,-0.06834,-1.78015
1619612048675,-8.67179,1.74776,10.49618,0.00655,0.29597,-1.65125
1619612048695,-0.4118,13.98692,-0.35434,-0.15962,0.02326,-1.61184
1619612048716,5.26245,-19.6133,19.6127,0.13758,0.25549,-1.63847
1619612048735,17.33402,-10.24239,14.79616,0.09177,-0.08432,-1.60758
1619612048755,-19.6127,12.78503,1.34075,-0.01155,-0.06727,-1.53727
1619612048775,-1.78128,-3.68228,5.70298,0.13225,0.02326,-1.63954
1619612048795,-9.81143,-19.6133,4.42927,-0.29171,-0.10349,-1.54899
1619612048815,5.59285,1.42215,-2.95444,-0.00089,-0.16634,-1.46803
1619612048835,2.08774,15.76821,19.6127,-0.28851,0.09783,-1.63634
1619612048855,19.21107,-9.33259,-0.1628,0.00868,-0.10669,-1.60119
1619612048875,-8.85375,10.77869,-3.40934,-0.12233,0.16281,-1.5671
1619612048895,8.89206,19.6127,-1.34554,-0.16494,-0.10882,-1.6161
1619612048915,3.90254,5.01824,-7.07726,0.02466,0.1479,-1.55325
1619612048935,17.53034,-12.47858,-1.93451,-0.09144,0.08718,-1.54047
1619612048955,-19.6127,-4.07493,19.6127,-0.07333,0.04457,-1.60332
1619612048975,11.48738,-4.9129,-6.22013,-0.14257,-0.11308,-1.61184
1619612048995,-19.6127,8.86333,-4.7884,0.06621,-0.16954,-1.54366
1619612049015,10.57758,-19.6133,13.39316,-0.08931,0.14044,-1.70771
1619612049035,-5.51624,3.43807,1.04866,-0.12446,0.26082,-1.66297
1619612049055,15.04037,-3.91691,0.21068,0.0449,-0.23558,-1.51703
1619612049075,13.63737,-9.47625,14.33169,-0.0744,0.11062,-1.82809
1619612049095,12.37323,4.14196,4.47715,-0.36948,-0.12693,-1.7205
1619612049115,16.24226,-3.82593,19.6127,-0.07866,-0.19404,-1.71197
1619612049135,-4.66869,6.55053,19.6127,0.09284,-0.05556,-1.67362
1619612049155,-3.93127,-9.11712,19.6127,-0.03285,0.24484,-1.73647
1619612049175,-7.65186,13.19683,-18.94292,0.25796,-0.17273,-1.67469
1619612049195,-0.71347,1.67594,8.7532,-0.61236,-0.16954,-1.62675
1619612049215,-19.6127,17.10417,19.6127,0.16208,0.58998,-1.745
1619612049235,-3.33751,19.6127,-4.77403,-0.11062,-0.67234,-1.6129
1619612049255,9.35654,9.09317,9.64384,0.1248,0.30662,-1.46164
1619612049275,-19.6127,-4.92247,12.04762,-0.36308,0.07972,-1.68534
1619612049295,-7.15866,-6.26802,3.67749,0.0449,-0.05236,-1.59692
1619612049315,-2.81558,0.42616,1.403,-0.35243,0.16281,-1.60545
1619612049335,16.07945,-8.05888,19.6127,-0.08185,0.23206,-1.64912
1619612049355,-19.6127,-3.02627,11.86566,-0.30769,0.05948,-1.66723
1619612049375,-0.22505,0.49799,19.6127,0.20256,0.00942,-1.59479
1619612049395,4.72136,19.6127,1.5275,0.07153,-0.10562,-1.64699
1619612049415,13.78102,9.96466,-8.28872,0.04171,-0.10562,-1.65019
1619612049435,4.22337,-6.22971,17.31007,-0.22034,0.21288,-1.60758
1619612049455,-9.3709,-19.6133,14.68124,-0.15855,0.07333,-1.73967
1619612049475,15.65329,-15.3181,19.6127,0.06834,-0.11628,-1.6406
1619612049495,-11.78426,-7.11556,7.1395,0.26222,-0.14078,-1.57882
1619612049515,-6.35421,18.61731,12.16733,0.15676,-0.07686,-1.6406
1619612049534,11.76989,13.12022,18.22945,-0.07653,-0.11734,-1.69919
1619612049555,4.12281,-1.5658,4.89853,-0.21075,0.22353,-1.55218
1619612049575,-1.35032,-12.38281,8.71968,-0.11381,0.14897,-1.66297
1619612049595,7.96311,-19.6133,-0.47884,-0.30449,-0.1951,-1.60864
1619612049615,3.48116,-0.93852,9.75397,0.12054,0.04777,-1.65232
1619612049635,18.63646,-18.00439,0.68953,0.36661,-0.54558,-1.58308
1619612049655,-0.22984,-10.45787,3.22259,0.17486,-0.21321,-1.48933
1619612049675,-17.68836,2.91613,19.6127,-0.33858,0.23525,-1.65871
1619612049695,-9.98382,14.76743,19.20149,-0.51648,0.12766,-1.4904
1619612049715,19.6133,-13.9965,19.6127,-0.1234,-0.29098,-1.6683
1619612049735,-12.24873,11.20486,4.07014,0.12799,0.28425,-1.62569
1619612049755,-10.73081,-16.58702,19.6127,-0.23099,-0.12373,-1.55431
1619612049775,9.82101,-16.21832,4.09408,0.07047,0.16068,-1.60545
1619612049795,-12.36844,2.08295,19.6127,-0.01581,0.50689,-1.75458
1619612049815,-4.88417,1.1109,8.24084,-0.23312,-0.14078,-1.52981
1619612049835,-14.52801,-19.6133,11.11388,-0.18625,0.19797,-1.5884
1619612049855,-11.20965,3.6727,17.49203,0.03958,-0.05236,-1.62888
1619612049875,5.18584,-4.32871,5.66946,0.14078,-0.10775,-1.6161
1619612049895,6.48828,-2.14041,7.33104,-0.01261,-0.11095,-1.59266
1619612049915,-4.17069,19.6127,-0.43574,-0.28638,-0.07366,-1.60438
1619612049935,-14.93503,-19.6133,8.47068,0.01401,0.46002,-1.57455
1619612049955,2.71023,-3.52905,1.14442,-0.52607,-0.13865,-1.69919
1619612049975,-3.77805,-8.71968,19.6127,0.40496,0.04883,-1.65764
1619612049995,-18.83279,19.6127,8.916,-0.24058,-0.15995,-1.57455
1619612050015,-12.15775,13.26866,9.77792,-0.07014,0.16388,-1.6161
1619612050035,-19.6127,-0.61291,11.0229,-0.23099,0.00622,-1.69386
1619612050055,-1.74776,-7.1826,10.42435,-0.00302,0.12127,-1.59266
1619612050075,3.45722,-11.30063,5.64073,-0.05309,0.04031,-1.63208
1619612050095,12.37802,-4.28562,0.13886,0.05236,-0.09923,-1.68321
1619612050115,-14.21198,6.66545,-19.6133,-0.07866,-0.21961,-1.60651
1619612050135,1.86268,-19.6133,19.6127,0.14078,0.15216,-1.61184
1619612050155,2.20745,-14.77222,18.9094,-0.2459,0.12553,-1.70984
1619612050175,7.81946,-18.33479,10.98459,-0.10316,0.00089,-1.58627
1619612050195,7.01501,1.05823,-7.19697,-0.15323,-0.02253,-1.60119
1619612050215,-19.20149,-0.45489,3.40455,0.01508,0.08292,-1.59053
1619612050236,-19.6127,-9.63905,19.6127,-0.6049,0.97881,-1.65445
1619612050255,-19.6127,-9.63905,19.6127,-0.6049,0.97881,-1.65445
1619612050274,-1.68072,11.93749,17.64526,0.14184,-0.06621,-1.55858
1619612050295,10.35731,14.43224,14.73391,-0.02326,-0.25796,-1.65764
1619612050315,7.77636,-2.50433,17.46809,-0.12979,-0.09071,-1.53834
1619612050336,-14.35563,2.54743,19.6127,-0.08825,0.06801,-1.67575
1619612050355,11.05163,3.2609,19.6127,-0.02753,-0.05662,-1.60225
1619612050375,-7.59919,19.6127,8.72925,-0.1756,-0.00655,-1.65658
1619612050395,19.6133,-1.8579,7.65665,-0.11275,-0.06514,-1.66191
1619612050415,-0.07661,-7.3071,7.79552,-0.01155,0.13299,-1.66084
1619612050435,-9.68215,19.6127,2.7246,0.13438,0.05096,-1.62249
1619612050455,-2.65277,4.32871,4.88896,-0.03818,-0.04597,-1.55005
1619612050475,0.39264,12.05241,19.6127,-0.06801,0.07972,-1.7205
1619612050495,17.70751,-4.8698,0.12449,-0.0435,-0.16954,-1.57882
1619612050515,-17.12811,14.2024,3.10767,-0.2768,0.3471,-1.57242
1619612050537,-1.15879,-0.63685,19.6127,-0.29597,0.01581,-1.57882
1619612050555,6.45955,2.50433,14.39872,0.04916,0.06481,-1.66617
1619612050575,0.07182,-7.02458,11.26711,0.04384,-0.04597,-1.65338
1619612050595,-4.05577,8.02057,19.6127,0.07686,0.03072,-1.62995
1619612050615,17.22867,10.77869,-7.33583,-0.0467,0.13192,-1.6161
1619612050637,-19.6127,-14.36999,19.6127,-0.19051,-0.0236,-1.61184
1619612050655,-3.52426,-0.91937,19.6127,-0.01048,-0.03638,-1.65232
1619612050675,-1.94409,-7.23527,12.72278,-0.16068,0.04777,-1.62569
1619612050695,10.63025,-13.2926,-4.07971,-0.10635,-0.00868,-1.52236
1619612050715,-2.0207,-3.99352,6.08606,-0.0744,-0.03105,-1.59799
1619612050736,-2.05901,-5.74608,2.53306,-0.03605,-0.10136,-1.52342
1619612050755,19.6133,10.2376,19.6127,0.15036,-0.4252,-1.62249
1619612050775,-8.24084,-1.43652,19.6127,-0.40996,0.75297,-1.99533
1619612050795,2.46123,5.58806,-1.84832,0.20789,-0.75437,-1.57029
1619612050815,-0.4932,-5.56891,15.74905,0.1951,0.02113,-1.63741
1619612050835,15.55752,-11.63103,4.34308,-0.40356,-0.10775,-1.70984
1619612050855,0.32082,6.30153,-8.97825,-0.31621,-0.06195,-1.7173
1619612050875,12.78982,6.56011,-1.17315,-0.09251,-0.00868,-1.6438
1619612050895,-16.55351,14.5759,3.80199,-0.15962,0.11062,-1.76417
1619612050915,5.37258,6.65109,11.83693,0.05236,-0.25369,-1.68428
1619612050936,-9.54807,4.11323,14.88714,0.29417,-0.33359,-1.67575
1619612050955,-12.18648,1.31202,14.73391,-0.56442,0.31621,-1.69173
1619612050974,-0.81881,7.34062,-18.63167,-0.18305,0.16068,-1.65551
1619612050995,-6.71812,6.43082,4.70221,-0.21501,0.14683,-1.64273
1619612051015,19.6133,-3.16513,-8.53293,0.05023,-0.07793,-1.60758
1619612051035,-9.71567,19.6127,-0.01436,-0.09996,-0.10775,-1.60971
1619612051055,7.9679,10.25197,10.35252,-0.06055,0.12873,-1.62995
1619612051075,9.22725,-15.275,1.62326,0.03745,0.11914,-1.51703
1619612051095,-16.50083,-11.12824,12.88559,-0.02433,-0.02573,-1.64806
1619612051115,9.84016,3.88339,-8.70052,-0.02539,-0.15889,-1.60545
1619612051135,4.99909,2.59052,19.6127,0.10243,0.00622,-1.60438
1619612051155,-17.23346,-4.63996,13.01966,-0.09677,0.22673,-1.61716
1619612051175,3.15076,6.12436,-0.67995,-0.45044,0.05842,-1.61716
1619612051195,-6.77559,-19.6133,9.24161,0.04703,-0.0971,-1.64167
1619612051215,-19.6127,7.17302,-8.20732,0.37513,-0.03851,-1.54153
1619612051235,-0.38786,-6.34463,7.27358,-0.25656,-0.21854,-1.64593
1619612051255,-3.37582,19.6127,-9.19373,-0.24697,0.46322,-1.68534
1619612051275,10.79785,-19.6133,-2.2697,-0.20969,-0.21641,-1.7141
1619612051295,-9.9503,19.6127,-1.44609,0.0481,0.35137,-1.66617
1619612051315,5.30076,19.6127,1.04387,0.06408,-0.26541,-1.58947
1619612051335,2.66714,12.22958,1.02471,0.2782,-0.04064,-1.5916
1619612051355,0.5746,19.6127,19.6127,0.00975,-0.12586,-1.76843
1619612051375,12.36365,14.55195,-6.75164,-0.14364,0.19371,-1.64912
1619612051395,16.28536,19.6127,-17.31965,-0.24164,0.02007,-1.69386
1619612051414,0.55545,11.85129,17.27656,0.24837,-0.226,-1.68428
1619612051435,-11.28626,-3.7158,9.15542,0.18978,0.06907,-1.64912
1619612051455,4.14196,-6.36378,19.6127,-0.47813,0.04244,-1.79506
1619612051475,3.67749,-1.37906,8.6287,-0.22353,0.05948,-1.79187
1619612051495,-1.92972,7.29273,9.42836,0.18765,-0.01508,-1.75671
1619612051515,-6.57447,3.54341,19.6127,0.02253,0.04031,-1.70665
1619612051535,12.78503,-8.43237,-19.6133,-0.18412,-0.19617,-1.74713
1619612051555,19.6133,-19.6133,3.06936,-0.16814,0.26082,-1.78654
1619612051574,-19.6127,8.86333,8.99741,-0.06268,-0.18339,-1.62143
1619612051595,-12.09071,-2.8874,19.08178,0.13119,-0.11201,-1.67575
1619612051615,13.7475,10.10353,13.89115,0.26541,-0.15143,-1.63208
1619612051635,-13.53681,19.6127,-19.6133,-0.25443,-0.05449,-1.62569
1619612051655,2.33674,-0.76614,-0.42137,-0.24484,-0.14717,-1.69173
1619612051675,8.71489,11.9327,-17.64526,-0.04563,0.03711,-1.79613
1619612051695,6.61278,3.1364,19.6127,0.08645,-0.08645,-1.82809
1619612051715,19.6133,-16.31409,19.077,0.0236,0.09464,-1.76204
1619612051735,-5.40131,8.39407,-19.6133,-0.07653,0.51009,-1.86537
1619612051755,-9.55286,18.93334,9.2464,-0.06694,-0.35809,-1.74606
1619612051775,9.30865,-19.6133,5.81312,0.28565,0.04777,-1.93142
1619612051795,6.95755,19.6127,-4.01268,0.18339,-0.25796,-1.72689
1619612051815,13.40274,-9.46667,7.44596,-0.1447,-0.09604,-1.63847
1619612051835,-2.11647,-2.1452,11.04684,-0.05309,0.48133,-1.89413
1619612051855,6.25365,15.71554,19.11051,-0.02326,-0.35809,-1.6683
1619612051875,-6.90487,-1.25456,12.51688,0.23878,-0.0694,-1.70558
1619612051895,4.87938,-17.32444,-7.08204,-0.09464,-0.01934,-1.6193
1619612051915,-8.59997,-2.40377,11.56878,-0.15962,0.21927,-1.75778
1619612051935,-3.68228,10.29985,16.28536,-0.07653,0.05629,-1.75032
1619612051955,11.09951,15.00206,-6.64151,-0.12766,-0.23772,-1.58414
1619612051975,-3.47638,16.87433,19.6127,0.10243,0.0744,-1.58734
1619612051995,-13.2112,-18.70829,-1.31202,0.16102,-0.08751,-1.63314
1619612052015,19.6133,-19.6133,19.6127,0.25369,-0.05662,-1.72795
1619612052035,-0.14844,-19.6133,19.6127,-0.73593,0.31089,-1.75139
1619612052055,1.81959,-19.6133,18.44971,0.11308,-0.41029,-1.76098
1619612052075,-1.52271,19.6127,-9.6199,0.39111,0.47707,-1.52555
1619612052095,6.98149,0.99119,1.28329,-0.51648,-0.29204,-1.57562
1619612052115,3.58172,-7.10599,13.57033,0.03638,-0.02999,-1.68215
1619612052135,1.16358,12.61744,19.6127,0.12373,-0.275,-1.64167
1619612052155,3.25132,0.33039,4.51067,0.08858,-0.16528,-1.70239
1619612052175,0.50757,3.39976,2.9305,-0.17134,-0.29311,-1.69067
1619612052195,19.6133,-19.6133,19.57978,0.11841,0.32473,-1.75565
1619612052215,-0.90021,-14.71476,12.45942,-0.18838,-0.34637,-1.68428
1619612052235,10.49618,-3.37582,-10.74996,0.02892,0.1234,-1.71837
1619612052255,-10.28549,19.6127,16.21832,-0.09251,0.0499,-1.68321
1619612052275,-12.11466,9.29907,7.5944,0.0236,-0.11734,-1.64912
1619612052295,-15.69159,19.6127,-5.1188,-0.02113,0.11701,-1.6896
1619612052315,3.63439,5.1188,10.49139,0.19617,-0.08325,-1.65338
1619612052335,-8.24563,19.6127,11.3102,-0.13938,-0.01401,-1.58734
1619612052355,19.6133,-5.38216,-16.40028,0.03212,0.06481,-1.71517
1619612052375,4.09408,-16.5152,3.64876,0.02679,0.03818,-1.68002
1619612052395,-4.38617,-1.94409,8.46589,-0.07014,0.0467,-1.68641
1619612052415,-13.83848,10.30464,0.95289,-0.39824,-0.02786,-1.66191
1619612052435,-11.41555,-14.60463,3.41892,-0.01368,0.27147,-1.6928
1619612052455,6.43561,-19.6133,19.6127,-0.04563,-0.13758,-1.63527
1619612052475,18.73223,-16.96052,19.6127,0.19617,-0.08432,-1.67043
1619612052495,19.6133,-3.42849,-3.53863,-0.09251,-0.06195,-1.60225
1619612052515,-19.6127,0.37349,19.6127,-0.48772,0.85417,-1.79506
1619612052535,19.6133,4.35265,13.73792,0.11628,-0.52001,-1.73115
