1619612448375 -0.200675 1.000000 0.000000
1619612448476 -0.200675 1.000000 0.000000
1619612448576 -0.200675 1.000000 0.000000
1619612448677 -0.200675 1.000000 0.000000
1619612448778 -0.200675 1.000000 0.000000
1619612448879 -0.200675 1.000000 0.000000
1619612448980 -0.200675 1.000000 0.000000
1619612449081 -0.200675 1.000000 0.000000
1619612449181 -0.200675 1.000000 0.000000
1619612449282 -0.200675 1.000000 0.000000
1619612449383 -0.200675 1.000000 0.000000
1619612449484 -0.200675 1.000000 0.000000
1619612449585 -0.200675 1.000000 0.000000
1619612449685 -0.200675 1.000000 0.000000
1619612449786 -0.200675 1.000000 0.000000
1619612449887 -0.200675 1.000000 0.000000
1619612449988 -0.200675 1.000000 0.000000
1619612450089 -0.200675 1.000000 0.000000
1619612450190 -0.200675 1.000000 0.000000
1619612450291 -0.200675 1.000000 0.000000
1619612450392 -0.200675 1.000000 0.000000
1619612450492 -0.200675 1.000000 0.000000
1619612450593 -0.200675 1.000000 0.000000
1619612450694 -0.200675 1.000000 0.000000
1619612450795 -0.200675 1.000000 0.000000
1619612450896 -0.200675 1.000000 0.000000
1619612450996 -0.200675 1.000000 0.000000
1619612451097 -0.200675 1.000000 0.000000
1619612451198 -0.200675 1.000000 0.000000
1619612451299 -0.200675 1.000000 0.000000
1619612451399 -0.200675 1.000000 0.000000
1619612451500 -0.200675 1.000000 0.000000
1619612451601 -0.200675 1.000000 0.000000
1619612451702 -0.200675 1.000000 0.000000
1619612451803 -0.200675 1.000000 0.000000
1619612451904 -0.200675 1.000000 0.000000
1619612452004 -0.200675 1.000000 0.000000
1619612452105 -0.200675 1.000000 0.000000
1619612452206 -0.200675 1.000000 0.000000
1619612452307 -0.200675 1.000000 0.000000
1619612452408 -0.200675 1.000000 0.000000
1619612452508 -0.200675 1.000000 0.000000
1619612452610 -0.200675 1.000000 0.000000
1619612452710 -0.200675 1.000000 0.000000
1619612452811 -0.200675 1.000000 0.000000
1619612452912 -0.200675 1.000000 0.000000
1619612453013 -0.200675 1.000000 0.000000
1619612453114 -0.200675 1.000000 0.000000
1619612453215 -0.200675 1.000000 0.000000
1619612453316 -0.200675 1.000000 0.000000
1619612453416 -0.200675 1.000000 0.000000
1619612453517 -0.200675 1.000000 0.000000
1619612453618 -0.200675 1.000000 0.000000
1619612453719 -0.200675 1.000000 0.000000
1619612453820 -0.200675 1.000000 0.000000
1619612453920 -0.200675 1.000000 0.000000
1619612454021 -0.200675 1.000000 0.000000
1619612454122 -0.200675 1.000000 0.000000
1619612454223 -0.200675 1.000000 0.000000
1619612454324 -0.200675 1.000000 0.000000
1619612454425 -0.200675 1.000000 0.000000
1619612454526 -0.200675 1.000000 0.000000
1619612454626 -0.200675 1.000000 0.000000
1619612454727 -0.200675 1.000000 0.000000
1619612454828 -0.200675 1.000000 0.000000
1619612454929 -0.200675 1.000000 0.000000
1619612455030 -0.200675 1.000000 0.000000
1619612455131 -0.200675 1.000000 0.000000
1619612455232 -0.200675 1.000000 0.000000
1619612455333 -0.200675 1.000000 0.000000
1619612455434 -0.200675 1.000000 0.000000
1619612455534 -0.200675 1.000000 0.000000
1619612455635 -0.200675 1.000000 0.000000
1619612455736 -0.200675 1.000000 0.000000
1619612455837 -0.200675 1.000000 0.000000
1619612455938 -0.200675 1.000000 0.000000
1619612456038 -0.200675 1.000000 0.000000
1619612456139 -0.200675 1.000000 0.000000
1619612456240 -0.200675 1.000000 0.000000
1619612456341 -0.200675 1.000000 0.000000
1619612456442 -0.200675 1.000000 0.000000
1619612456542 -0.200675 1.000000 0.000000
1619612456643 -0.200675 1.000000 0.000000
1619612456744 -0.200675 1.000000 0.000000
1619612456845 -0.200675 1.000000 0.000000
1619612456946 -0.200675 1.000000 0.000000
1619612457047 -0.200675 1.000000 0.000000
1619612457148 -0.200675 1.000000 0.000000
1619612457249 -0.200675 1.000000 0.000000
1619612457350 -0.200675 1.000000 0.000000
1619612457451 -0.200675 1.000000 0.000000
1619612457552 -0.200675 1.000000 0.000000
1619612457652 -0.200675 1.000000 0.000000
1619612457753 -0.200675 1.000000 0.000000
1619612457854 -0.200675 1.000000 0.000000
1619612457955 -0.200675 1.000000 0.000000
1619612458056 -0.200675 1.000000 0.000000
1619612458157 -0.200675 1.000000 0.000000
1619612458258 -0.200675 1.000000 0.000000
1619612458359 -0.200675 1.000000 0.000000
1619612458460 -0.200675 1.000000 0.000000
1619612458560 -0.200675 1.000000 0.000000
1619612458661 -0.200675 1.000000 0.000000
1619612458762 -0.200675 1.000000 0.000000
1619612458863 -0.200675 1.000000 0.000000
1619612458964 -0.200675 1.000000 0.000000
1619612459064 -0.200675 1.000000 0.000000
1619612459165 -0.200675 1.000000 0.000000
1619612459266 -0.200675 1.000000 0.000000
1619612459367 -0.200675 1.000000 0.000000
1619612459468 -0.200675 1.000000 0.000000
1619612459569 -0.200675 1.000000 0.000000
1619612459670 -0.200675 1.000000 0.000000
1619612459771 -0.200675 1.000000 0.000000
1619612459872 -0.200675 1.000000 0.000000
1619612459973 -0.200675 1.000000 0.000000
1619612460073 -0.200675 1.000000 0.000000
1619612460174 -0.200675 1.000000 0.000000
1619612460275 -0.200675 1.000000 0.000000
1619612460376 -0.200675 1.000000 0.000000
1619612460477 -0.200675 1.000000 0.000000
1619612460578 -0.200675 1.000000 0.000000
1619612460679 -0.200675 1.000000 0.000000
1619612460779 -0.200675 1.000000 0.000000
1619612460880 -0.200675 1.000000 0.000000
1619612460981 -0.200675 1.000000 0.000000
1619612461082 -0.200675 1.000000 0.000000
1619612461183 -0.200675 1.000000 0.000000
1619612461283 -0.200675 1.000000 0.000000
1619612461384 -0.200675 1.000000 0.000000
1619612461485 -0.200675 1.000000 0.000000
1619612461586 -0.200675 1.000000 0.000000
1619612461687 -0.200675 1.000000 0.000000
1619612461787 -0.200675 1.000000 0.000000
1619612461889 -0.200675 1.000000 0.000000
1619612461989 -0.200675 1.000000 0.000000
1619612462090 -0.200675 1.000000 0.000000
1619612462191 -0.200675 1.000000 0.000000
1619612462292 -0.200675 1.000000 0.000000
1619612462393 -0.200675 1.000000 0.000000
1619612462494 -0.200675 1.000000 0.000000
1619612462594 -0.200675 1.000000 0.000000
1619612462695 -0.200675 1.000000 0.000000
1619612462796 -0.200675 1.000000 0.000000
1619612462897 -0.200675 1.000000 0.000000
1619612462998 -0.200675 1.000000 0.000000
1619612463099 -0.200675 1.000000 0.000000
1619612463199 -0.200675 1.000000 0.000000
1619612463300 -0.200675 1.000000 0.000000
1619612463401 -0.200675 1.000000 0.000000
1619612463502 -0.200675 1.000000 0.000000
1619612463603 -0.200675 1.000000 0.000000
1619612463703 -0.200675 1.000000 0.000000
1619612463804 -0.200675 1.000000 0.000000
1619612463905 -0.200675 1.000000 0.000000
1619612464006 -0.200675 1.000000 0.000000
1619612464107 -0.200675 1.000000 0.000000
1619612464208 -0.200675 1.000000 0.000000
1619612464309 -0.200675 1.000000 0.000000
1619612464410 -0.200675 1.000000 0.000000
1619612464511 -0.200675 1.000000 0.000000
1619612464612 -0.200675 1.000000 0.000000
1619612464713 -0.200675 1.000000 0.000000
1619612464814 -0.200675 1.000000 0.000000
1619612464914 -0.200675 1.000000 0.000000
1619612465015 -0.200675 1.000000 0.000000
1619612465116 -0.200675 1.000000 0.000000
1619612465217 -0.200675 1.000000 0.000000
1619612465318 -0.200675 1.000000 0.000000
1619612465419 -0.200675 1.000000 0.000000
1619612465519 -0.200675 1.000000 0.000000
1619612465620 -0.200675 1.000000 0.000000
1619612465721 -0.200675 1.000000 0.000000
1619612465822 -0.200675 1.000000 0.000000
1619612465923 -0.200675 1.000000 0.000000
1619612466024 -0.200675 1.000000 0.000000
1619612466125 -0.200675 1.000000 0.000000
1619612466225 -0.200675 1.000000 0.000000
1619612466326 -0.200675 1.000000 0.000000
1619612466427 -0.200675 1.000000 0.000000
1619612466528 -0.200675 1.000000 0.000000
1619612466629 -0.200675 1.000000 0.000000
1619612466730 -0.200675 1.000000 0.000000
1619612466831 -0.200675 1.000000 0.000000
1619612466932 -0.200675 1.000000 0.000000
1619612467032 -0.200675 1.000000 0.000000
1619612467133 -0.200675 1.000000 0.000000
1619612467234 -0.200675 1.000000 0.000000
1619612467335 -0.200675 1.000000 0.000000
1619612467436 -0.200675 1.000000 0.000000
1619612467537 -0.200675 1.000000 0.000000
1619612467637 -0.200675 1.000000 0.000000
1619612467738 -0.200675 1.000000 0.000000
1619612467839 -0.200675 1.000000 0.000000
1619612467940 -0.200675 1.000000 0.000000
1619612468041 -0.200675 1.000000 0.000000
1619612468142 -0.200675 1.000000 0.000000
1619612468242 -0.200675 1.000000 0.000000
1619612468343 -0.200675 1.000000 0.000000
1619612468444 -0.200675 1.000000 0.000000
1619612468545 -0.200675 1.000000 0.000000
1619612468646 -0.200675 1.000000 0.000000
1619612468746 -0.200675 1.000000 0.000000
1619612468847 -0.200675 1.000000 0.000000
1619612468948 -0.200675 1.000000 0.000000
1619612469049 -0.200675 1.000000 0.000000
1619612469150 -0.200675 1.000000 0.000000
1619612469251 -0.200675 1.000000 0.000000
1619612469352 -0.200675 1.000000 0.000000
1619612469453 -0.200675 1.000000 0.000000
1619612469553 -0.200675 1.000000 0.000000
1619612469654 -0.200675 1.000000 0.000000
1619612469755 -0.200675 1.000000 0.000000
1619612469856 -0.200675 1.000000 0.000000
1619612469957 -0.200675 1.000000 0.000000
1619612470058 -0.200675 1.000000 0.000000
1619612470158 -0.200675 1.000000 0.000000
1619612470259 -0.200675 1.000000 0.000000
1619612470360 -0.200675 1.000000 0.000000
1619612470461 -0.200675 1.000000 0.000000
1619612470562 -0.200675 1.000000 0.000000
1619612470663 -0.200675 1.000000 0.000000
1619612470764 -0.200675 1.000000 0.000000
1619612470865 -0.200675 1.000000 0.000000
1619612470966 -0.200675 1.000000 0.000000
1619612471067 -0.200675 1.000000 0.000000
1619612471168 -0.200675 1.000000 0.000000
1619612471269 -0.200675 1.000000 0.000000
1619612471370 -0.200675 1.000000 0.000000
1619612471471 -0.200675 1.000000 0.000000
1619612471571 -0.200675 1.000000 0.000000
1619612471672 -0.200675 1.000000 0.000000
1619612471773 -0.200675 1.000000 0.000000
1619612471874 -0.200675 1.000000 0.000000
1619612471975 -0.200675 1.000000 0.000000
1619612472076 -0.200675 1.000000 0.000000
1619612472177 -0.200675 1.000000 0.000000
1619612472277 -0.200675 1.000000 0.000000
1619612472378 -0.200675 1.000000 0.000000
1619612472479 -0.200675 1.000000 0.000000
1619612472580 -0.200675 1.000000 0.000000
1619612472681 -0.200675 1.000000 0.000000
1619612472782 -0.200675 1.000000 0.000000
1619612472882 -0.200675 1.000000 0.000000
1619612472983 -0.200675 1.000000 0.000000
1619612473084 -0.200675 1.000000 0.000000
1619612473185 -0.200675 1.000000 0.000000
1619612473286 -0.200675 1.000000 0.000000
1619612473387 -0.200675 1.000000 0.000000
1619612473488 -0.200675 1.000000 0.000000
1619612473588 -0.200675 1.000000 0.000000
1619612473689 -0.200675 1.000000 0.000000
1619612473790 -0.200675 1.000000 0.000000
1619612473891 -0.200675 1.000000 0.000000
1619612473992 -0.200675 1.000000 0.000000
1619612474093 -0.200675 1.000000 0.000000
1619612474194 -0.200675 1.000000 0.000000
1619612474294 -0.200675 1.000000 0.000000
1619612474395 -0.200675 1.000000 0.000000
1619612474496 -0.200675 1.000000 0.000000
1619612474597 -0.200675 1.000000 0.000000
1619612474698 -0.200675 1.000000 0.000000
1619612474798 -0.200675 1.000000 0.000000
1619612474899 -0.200675 1.000000 0.000000
1619612475000 -0.200675 1.000000 0.000000
1619612475101 -0.200675 1.000000 0.000000
1619612475202 -0.200675 1.000000 0.000000
1619612475302 -0.200675 1.000000 0.000000
1619612475403 -0.200675 1.000000 0.000000
1619612475504 -0.200675 1.000000 0.000000
1619612475605 -0.200675 1.000000 0.000000
1619612475706 -0.200675 1.000000 0.000000
1619612475806 -0.200675 1.000000 0.000000
1619612475907 -0.200675 1.000000 0.000000
1619612476008 -0.200675 1.000000 0.000000
1619612476109 -0.200675 1.000000 0.000000
1619612476210 -0.200675 1.000000 0.000000
1619612476311 -0.200675 1.000000 0.000000
1619612476412 -0.200675 1.000000 0.000000
1619612476513 -0.200675 1.000000 0.000000
1619612476613 -0.200675 1.000000 0.000000
1619612476714 -0.200675 1.000000 0.000000
1619612476815 -0.200675 1.000000 0.000000
1619612476916 -0.200675 1.000000 0.000000
1619612477017 -0.200675 1.000000 0.000000
1619612477118 -0.200675 1.000000 0.000000
1619612477218 -0.200675 1.000000 0.000000
1619612477319 -0.200675 1.000000 0.000000
1619612477420 -0.200675 1.000000 0.000000
1619612477521 -0.200675 1.000000 0.000000
1619612477622 -0.200675 1.000000 0.000000
1619612477723 -0.200675 1.000000 0.000000
1619612477823 -0.200675 1.000000 0.000000
1619612477924 -0.200675 1.000000 0.000000
1619612478025 -0.200675 1.000000 0.000000
1619612478126 -0.200675 1.000000 0.000000
1619612478226 -0.200675 1.000000 0.000000
1619612478327 -0.200675 1.000000 0.000000
1619612478429 -0.200675 1.000000 0.000000
1619612478529 -0.200675 1.000000 0.000000
1619612478630 -0.200675 1.000000 0.000000
1619612478731 -0.200675 1.000000 0.000000
1619612478832 -0.200675 1.000000 0.000000
1619612478933 -0.200675 1.000000 0.000000
1619612479033 -0.200675 1.000000 0.000000
1619612479134 -0.200675 1.000000 0.000000
1619612479235 -0.200675 1.000000 0.000000
1619612479336 -0.200675 1.000000 0.000000
1619612479437 -0.200675 1.000000 0.000000
1619612479538 -0.200675 1.000000 0.000000
1619612479639 -0.200675 1.000000 0.000000
1619612479740 -0.200675 1.000000 0.000000
1619612479840 -0.200675 1.000000 0.000000
1619612479941 -0.200675 1.000000 0.000000
1619612480042 -0.200675 1.000000 0.000000
1619612480143 -0.200675 1.000000 0.000000
1619612480244 -0.200675 1.000000 0.000000
1619612480344 -0.200675 1.000000 0.000000
1619612480445 -0.200675 1.000000 0.000000
1619612480546 -0.200675 1.000000 0.000000
1619612480647 -0.200675 1.000000 0.000000
1619612480748 -0.200675 1.000000 0.000000
1619612480849 -0.200675 1.000000 0.000000
1619612480950 -0.200675 1.000000 0.000000
1619612481051 -0.200675 1.000000 0.000000
1619612481151 -0.200675 1.000000 0.000000
1619612481252 -0.200675 1.000000 0.000000
1619612481353 -0.200675 1.000000 0.000000
1619612481454 -0.200675 1.000000 0.000000
1619612481555 -0.200675 1.000000 0.000000
1619612481655 -0.200675 1.000000 0.000000
1619612481756 -0.200675 1.000000 0.000000
1619612481857 -0.200675 1.000000 0.000000
1619612481958 -0.200675 1.000000 0.000000
1619612482059 -0.200675 1.000000 0.000000
1619612482159 -0.200675 1.000000 0.000000
1619612482260 -0.200675 1.000000 0.000000
1619612482361 -0.200675 1.000000 0.000000
1619612482462 -0.200675 1.000000 0.000000
1619612482562 -0.200675 1.000000 0.000000
1619612482663 -0.200675 1.000000 0.000000
1619612482764 -0.200675 1.000000 0.000000
1619612482866 -0.200675 1.000000 0.000000
1619612482967 -0.200675 1.000000 0.000000
1619612483068 -0.200675 1.000000 0.000000
