1619611621393 -0.296650 0.980000 0.000000
1619611621494 -0.296650 0.980000 0.000000
1619611621595 -0.296650 0.980000 0.000000
1619611621695 -0.296650 0.980000 0.000000
1619611621796 -0.296650 0.980000 0.000000
1619611621897 -0.296650 0.980000 0.000000
1619611621998 -0.296650 0.980000 0.000000
1619611622099 -0.296650 0.980000 0.000000
1619611622199 -0.296650 0.980000 0.000000
1619611622300 -0.296650 0.980000 0.000000
1619611622401 -0.296650 0.980000 0.000000
1619611622502 -0.296650 0.980000 0.000000
1619611622603 -0.296650 0.980000 0.000000
1619611622704 -0.296650 0.980000 0.000000
1619611622805 -0.296650 0.980000 0.000000
1619611622905 -0.296650 0.980000 0.000000
1619611623006 -0.296650 0.980000 0.000000
1619611623107 -0.296650 0.980000 0.000000
1619611623209 -0.296650 0.980000 0.000000
1619611623310 -0.296650 0.980000 0.000000
1619611623411 -0.296650 0.980000 0.000000
1619611623511 -0.296650 0.980000 0.000000
1619611623612 -0.296650 0.980000 0.000000
1619611623713 -0.296650 0.980000 0.000000
1619611623814 -0.296650 0.980000 0.000000
1619611623915 -0.296650 0.980000 0.000000
1619611624016 -0.296650 0.980000 0.000000
1619611624116 -0.296650 0.980000 0.000000
1619611624217 -0.296650 0.980000 0.000000
1619611624318 -0.296650 0.980000 0.000000
1619611624419 -0.296650 0.980000 0.000000
1619611624520 -0.296650 0.980000 0.000000
1619611624620 -0.296650 0.980000 0.000000
1619611624721 -0.296650 0.980000 0.000000
1619611624822 -0.296650 0.980000 0.000000
1619611624923 -0.296650 0.980000 0.000000
1619611625024 -0.296650 0.980000 0.000000
1619611625125 -0.296650 0.980000 0.000000
1619611625225 -0.296650 0.980000 0.000000
1619611625326 -0.296650 0.980000 0.000000
1619611625427 -0.296650 0.980000 0.000000
1619611625528 -0.296650 0.980000 0.000000
1619611625629 -0.296650 0.980000 0.000000
1619611625730 -0.296650 0.980000 0.000000
1619611625831 -0.296650 0.980000 0.000000
1619611625932 -0.296650 0.980000 0.000000
1619611626032 -0.296650 0.980000 0.000000
1619611626133 -0.296650 0.980000 0.000000
1619611626234 -0.296650 0.980000 0.000000
1619611626335 -0.296650 0.978500 0.000000
1619611626436 -0.296650 0.977000 0.000000
1619611626537 -0.296650 0.975500 0.000000
1619611626638 -0.296650 0.974000 0.000000
1619611626739 -0.296650 0.975000 0.000000
1619611626839 -0.296650 0.976000 0.000000
1619611626940 -0.296650 0.977000 0.000000
1619611627041 -0.296650 0.978000 0.000000
1619611627142 -0.296650 0.979000 0.000000
1619611627243 -0.296650 0.980000 0.000000
1619611627343 -0.296650 0.980000 0.000000
1619611627444 -0.296650 0.980000 0.000000
1619611627545 -0.296650 0.978500 0.000000
1619611627646 -0.296650 0.977000 0.000000
1619611627747 -0.296650 0.978000 0.000000
1619611627848 -0.296650 0.979000 0.000000
1619611627949 -0.296650 0.980000 0.000000
1619611628050 -0.296650 0.980000 0.000000
1619611628151 -0.296650 0.980000 0.000000
1619611628252 -0.296650 0.980000 0.000000
1619611628352 -0.296650 0.980000 0.000000
1619611628453 -0.296650 0.980000 0.000000
1619611628554 -0.296650 0.980000 0.000000
1619611628655 -0.296650 0.980000 0.000000
1619611628756 -0.296650 0.980000 0.000000
1619611628857 -0.296650 0.980000 0.000000
1619611628957 -0.296650 0.980000 0.000000
1619611629058 -0.296650 0.980000 0.000000
1619611629159 -0.296650 0.980000 0.000000
1619611629260 -0.296650 0.980000 0.000000
1619611629361 -0.296650 0.980000 0.000000
1619611629462 -0.296650 0.980000 0.000000
1619611629562 -0.296650 0.980000 0.000000
1619611629663 -0.296650 0.978500 0.000000
1619611629764 -0.296650 0.977000 0.000000
1619611629865 -0.296650 0.975500 0.000000
1619611629966 -0.296650 0.974000 0.000000
1619611630067 -0.296650 0.972500 0.000000
1619611630168 -0.296650 0.971000 0.000000
1619611630269 -0.296650 0.969500 0.000000
1619611630370 -0.296650 0.968000 0.000000
1619611630471 -0.296650 0.966500 0.000000
1619611630572 -0.296650 0.965000 0.000000
1619611630673 -0.296650 0.963500 0.000000
1619611630773 -0.296650 0.962000 0.000000
1619611630874 -0.296650 0.963000 0.000000
1619611630975 -0.296650 0.964000 0.000000
1619611631076 -0.296650 0.965000 0.000000
1619611631177 -0.296650 0.963500 0.000000
1619611631277 -0.296650 0.964500 0.000000
1619611631378 -0.296650 0.965500 0.000000
1619611631479 -0.296650 0.966500 0.000000
1619611631580 -0.296650 0.967500 0.000000
1619611631681 -0.296650 0.968500 0.000000
1619611631782 -0.296650 0.969500 0.000000
1619611631882 -0.296650 0.970500 0.000000
1619611631983 -0.296650 0.971500 0.000000
1619611632084 -0.296650 0.972500 0.000000
1619611632185 -0.296650 0.973500 0.000000
1619611632286 -0.296650 0.974500 0.000000
1619611632387 -0.296650 0.975500 0.000000
1619611632487 -0.296650 0.976500 0.000000
1619611632588 -0.296650 0.977500 0.000000
1619611632689 -0.296650 0.978500 0.000000
1619611632790 -0.296650 0.979500 0.000000
1619611632891 -0.296650 0.980000 0.000000
1619611632992 -0.296650 0.978500 0.000000
1619611633093 -0.296650 0.979500 0.000000
1619611633194 -0.296650 0.980000 0.000000
1619611633295 -0.296650 0.978500 0.000000
1619611633396 -0.296650 0.979500 0.000000
1619611633496 -0.296650 0.978000 0.000000
1619611633597 -0.296650 0.976500 0.000000
1619611633698 -0.296650 0.977500 0.000000
1619611633799 -0.296650 0.978500 0.000000
1619611633900 -0.296650 0.977000 0.000000
1619611634000 -0.296650 0.978000 0.000000
1619611634101 -0.296650 0.976500 0.000000
1619611634202 -0.296650 0.975000 0.000000
1619611634303 -0.296650 0.973500 0.000000
1619611634404 -0.296650 0.972000 0.000000
1619611634504 -0.296650 0.970500 0.000000
1619611634605 -0.296650 0.971500 0.000000
1619611634706 -0.296650 0.972500 0.000000
1619611634807 -0.296650 0.973500 0.000000
1619611634908 -0.296650 0.974500 0.000000
1619611635008 -0.296650 0.975500 0.000000
1619611635109 -0.296650 0.976500 0.000000
1619611635210 -0.296650 0.975000 0.000000
1619611635311 -0.296650 0.973500 0.000000
1619611635412 -0.296650 0.974500 0.000000
1619611635513 -0.296650 0.973000 0.000000
1619611635614 -0.296650 0.974000 0.000000
1619611635715 -0.296650 0.975000 0.000000
1619611635816 -0.296650 0.976000 0.000000
1619611635917 -0.296650 0.977000 0.000000
1619611636017 -0.296650 0.975500 0.000000
1619611636118 -0.296650 0.974000 0.000000
1619611636219 -0.296650 0.975000 0.000000
1619611636320 -0.296650 0.973500 0.000000
1619611636421 -0.296650 0.972000 0.000000
1619611636522 -0.296650 0.973000 0.000000
1619611636623 -0.296650 0.974000 0.000000
1619611636724 -0.296650 0.972500 0.000000
1619611636825 -0.296650 0.971000 0.000000
1619611636925 -0.296650 0.972000 0.000000
1619611637026 -0.296650 0.973000 0.000000
1619611637127 -0.296650 0.974000 0.000000
1619611637228 -0.296650 0.972500 0.000000
1619611637329 -0.296650 0.973500 0.000000
1619611637430 -0.296650 0.974500 0.000000
1619611637531 -0.296650 0.975500 0.000000
1619611637632 -0.296650 0.976500 0.000000
1619611637733 -0.296650 0.977500 0.000000
1619611637834 -0.296650 0.978500 0.000000
1619611637935 -0.296650 0.977000 0.000000
1619611638036 -0.296650 0.978000 0.000000
1619611638136 -0.296650 0.979000 0.000000
1619611638237 -0.296650 0.980000 0.000000
1619611638338 -0.296650 0.980000 0.000000
1619611638439 -0.296650 0.978500 0.000000
1619611638540 -0.296650 0.977000 0.000000
1619611638641 -0.296650 0.978000 0.000000
1619611638742 -0.296650 0.979000 0.000000
1619611638842 -0.296650 0.980000 0.000000
1619611638943 -0.296650 0.980000 0.000000
1619611639044 -0.296650 0.980000 0.000000
1619611639145 -0.296650 0.980000 0.000000
1619611639246 -0.296650 0.978500 0.000000
1619611639346 -0.296650 0.977000 0.000000
1619611639448 -0.296650 0.975500 0.000000
1619611639549 -0.296650 0.974000 0.000000
1619611639650 -0.296650 0.972500 0.000000
1619611639751 -0.296650 0.971000 0.000000
1619611639851 -0.296650 0.969500 0.000000
1619611639952 -0.296650 0.970500 0.000000
1619611640053 -0.296650 0.971500 0.000000
1619611640154 -0.296650 0.972500 0.000000
1619611640255 -0.296650 0.973500 0.000000
1619611640356 -0.296650 0.974500 0.000000
1619611640456 -0.296650 0.975500 0.000000
1619611640557 -0.296650 0.976500 0.000000
1619611640658 -0.296650 0.977500 0.000000
1619611640759 -0.296650 0.978500 0.000000
1619611640860 -0.296650 0.979500 0.000000
1619611640960 -0.296650 0.980000 0.000000
1619611641061 -0.296650 0.978500 0.000000
1619611641162 -0.296650 0.979500 0.000000
1619611641263 -0.296650 0.978000 0.000000
1619611641364 -0.296650 0.979000 0.000000
1619611641464 -0.296650 0.977500 0.000000
1619611641565 -0.296650 0.976000 0.000000
1619611641666 -0.296650 0.977000 0.000000
1619611641767 -0.296650 0.975500 0.000000
1619611641868 -0.296650 0.974000 0.000000
1619611641969 -0.296650 0.972500 0.000000
1619611642070 -0.296650 0.971000 0.000000
1619611642171 -0.296650 0.969500 0.000000
1619611642272 -0.296650 0.968000 0.000000
1619611642373 -0.296650 0.969000 0.000000
1619611642473 -0.296650 0.970000 0.000000
1619611642574 -0.296650 0.968500 0.000000
1619611642675 -0.296650 0.969500 0.000000
1619611642776 -0.296650 0.970500 0.000000
1619611642877 -0.296650 0.971500 0.000000
1619611642978 -0.296650 0.972500 0.000000
1619611643079 -0.296650 0.973500 0.000000
1619611643179 -0.296650 0.974500 0.000000
1619611643280 -0.296650 0.975500 0.000000
1619611643381 -0.296650 0.976500 0.000000
1619611643482 -0.296650 0.977500 0.000000
1619611643583 -0.296650 0.978500 0.000000
1619611643684 -0.296650 0.979500 0.000000
1619611643785 -0.296650 0.980000 0.000000
1619611643886 -0.296650 0.980000 0.000000
1619611643986 -0.296650 0.980000 0.000000
1619611644088 -0.296650 0.980000 0.000000
1619611644188 -0.296650 0.980000 0.000000
1619611644289 -0.296650 0.978500 0.000000
1619611644390 -0.296650 0.979500 0.000000
1619611644491 -0.296650 0.980000 0.000000
1619611644592 -0.296650 0.978500 0.000000
1619611644693 -0.296650 0.977000 0.000000
1619611644793 -0.296650 0.978000 0.000000
1619611644894 -0.296650 0.976500 0.000000
1619611644995 -0.296650 0.975000 0.000000
1619611645096 -0.296650 0.973500 0.000000
1619611645197 -0.296650 0.972000 0.000000
1619611645298 -0.296650 0.970500 0.000000
1619611645398 -0.296650 0.971500 0.000000
1619611645499 -0.296650 0.970000 0.000000
1619611645600 -0.296650 0.971000 0.000000
1619611645701 -0.296650 0.972000 0.000000
1619611645802 -0.296650 0.973000 0.000000
1619611645903 -0.296650 0.974000 0.000000
1619611646004 -0.296650 0.975000 0.000000
1619611646105 -0.296650 0.976000 0.000000
1619611646206 -0.296650 0.977000 0.000000
1619611646306 -0.296650 0.978000 0.000000
1619611646407 -0.296650 0.979000 0.000000
1619611646508 -0.296650 0.980000 0.000000
1619611646609 -0.296650 0.980000 0.000000
1619611646710 -0.296650 0.980000 0.000000
1619611646811 -0.296650 0.980000 0.000000
1619611646912 -0.296650 0.980000 0.000000
1619611647013 -0.296650 0.978500 0.000000
1619611647114 -0.296650 0.977000 0.000000
1619611647214 -0.296650 0.975500 0.000000
1619611647315 -0.296650 0.974000 0.000000
1619611647416 -0.296650 0.972500 0.000000
1619611647517 -0.296650 0.971000 0.000000
1619611647618 -0.296650 0.972000 0.000000
1619611647719 -0.296650 0.970500 0.000000
1619611647820 -0.296650 0.969000 0.000000
1619611647921 -0.296650 0.970000 0.000000
1619611648022 -0.296650 0.971000 0.000000
1619611648122 -0.296650 0.972000 0.000000
1619611648223 -0.296650 0.970500 0.000000
1619611648324 -0.296650 0.971500 0.000000
1619611648425 -0.296650 0.970000 0.000000
1619611648526 -0.296650 0.971000 0.000000
1619611648627 -0.296650 0.972000 0.000000
1619611648728 -0.296650 0.973000 0.000000
1619611648829 -0.296650 0.971500 0.000000
1619611648930 -0.296650 0.972500 0.000000
1619611649031 -0.296650 0.973500 0.000000
1619611649132 -0.296650 0.974500 0.000000
1619611649233 -0.296650 0.975500 0.000000
1619611649333 -0.296650 0.976500 0.000000
1619611649434 -0.296650 0.977500 0.000000
1619611649535 -0.296650 0.976000 0.000000
1619611649636 -0.296650 0.977000 0.000000
1619611649737 -0.296650 0.975500 0.000000
1619611649838 -0.296650 0.976500 0.000000
1619611649938 -0.296650 0.977500 0.000000
1619611650039 -0.296650 0.978500 0.000000
1619611650140 -0.296650 0.979500 0.000000
1619611650241 -0.296650 0.980000 0.000000
1619611650342 -0.296650 0.980000 0.000000
1619611650442 -0.296650 0.980000 0.000000
1619611650543 -0.296650 0.980000 0.000000
1619611650644 -0.296650 0.980000 0.000000
1619611650745 -0.296650 0.978500 0.000000
1619611650846 -0.296650 0.977000 0.000000
1619611650947 -0.296650 0.978000 0.000000
1619611651048 -0.296650 0.979000 0.000000
1619611651149 -0.296650 0.980000 0.000000
1619611651250 -0.296650 0.980000 0.000000
1619611651351 -0.296650 0.978500 0.000000
1619611651452 -0.296650 0.979500 0.000000
1619611651553 -0.296650 0.978000 0.000000
1619611651654 -0.296650 0.976500 0.000000
1619611651755 -0.296650 0.977500 0.000000
1619611651855 -0.296650 0.976000 0.000000
1619611651956 -0.296650 0.974500 0.000000
1619611652057 -0.296650 0.975500 0.000000
1619611652158 -0.296650 0.976500 0.000000
1619611652259 -0.296650 0.977500 0.000000
1619611652360 -0.296650 0.976000 0.000000
1619611652461 -0.296650 0.977000 0.000000
1619611652562 -0.296650 0.975500 0.000000
1619611652664 -0.296650 0.974000 0.000000
1619611652764 -0.296650 0.975000 0.000000
1619611652865 -0.296650 0.973500 0.000000
1619611652966 -0.296650 0.972000 0.000000
1619611653067 -0.296650 0.973000 0.000000
1619611653168 -0.296650 0.974000 0.000000
1619611653269 -0.296650 0.975000 0.000000
1619611653370 -0.296650 0.976000 0.000000
1619611653471 -0.296650 0.977000 0.000000
1619611653572 -0.296650 0.975500 0.000000
1619611653673 -0.296650 0.974000 0.000000
1619611653773 -0.296650 0.972500 0.000000
1619611653874 -0.296650 0.973500 0.000000
1619611653975 -0.296650 0.974500 0.000000
1619611654076 -0.296650 0.975500 0.000000
1619611654177 -0.296650 0.976500 0.000000
1619611654277 -0.296650 0.977500 0.000000
1619611654378 -0.296650 0.978500 0.000000
1619611654479 -0.296650 0.979500 0.000000
1619611654580 -0.296650 0.980000 0.000000
1619611654681 -0.296650 0.978500 0.000000
1619611654781 -0.296650 0.977000 0.000000
1619611654882 -0.296650 0.975500 0.000000
1619611654983 -0.296650 0.976500 0.000000
1619611655084 -0.296650 0.975000 0.000000
1619611655185 -0.296650 0.976000 0.000000
1619611655286 -0.296650 0.977000 0.000000
1619611655386 -0.296650 0.978000 0.000000
1619611655487 -0.296650 0.979000 0.000000
1619611655588 -0.296650 0.980000 0.000000
1619611655690 -0.296650 0.980000 0.000000
1619611655790 -0.296650 0.980000 0.000000
1619611655891 -0.296650 0.980000 0.000000
1619611655992 -0.296650 0.978500 0.000000
1619611656093 -0.296650 0.979500 0.000000
