1619611225744,0.69431,1.4844,7.91044,-0.97841,-0.25839,0.64648
1619611225764,0.69431,1.4844,7.91044,-0.97841,-0.25839,0.64648
1619611225784,0.69431,1.4844,7.91044,-0.97841,-0.25839,0.64648
1619611225804,0.69431,1.4844,7.91044,-0.97841,-0.25839,0.64648
1619611225824,0.69431,1.4844,7.91044,-0.97841,-0.25839,0.64648
1619611225844,0.69431,1.4844,7.91044,-0.97841,-0.25839,0.64648
1619611225864,0.69431,1.4844,7.91044,-0.97841,-0.25839,0.64648
1619611225884,0.69431,1.4844,7.91044,-0.97841,-0.25839,0.64648
1619611225904,0.69431,1.4844,7.91044,-0.97841,-0.25839,0.64648
1619611225924,0.69431,1.4844,7.91044,-0.97841,-0.25839,0.64648
1619611225944,0.69431,1.4844,7.91044,-0.97841,-0.25839,0.64648
1619611225964,0.69431,1.4844,7.91044,-0.97841,-0.25839,0.64648
1619611225984,0.69431,1.4844,7.91044,-0.97841,-0.25839,0.64648
1619611226005,0.69431,1.4844,7.91044,-0.97841,-0.25839,0.64648
1619611226024,0.69431,1.4844,7.91044,-0.97841,-0.25839,0.64648
1619611226044,0.69431,1.4844,7.91044,-0.97841,-0.25839,0.64648
1619611226064,0.69431,1.4844,7.91044,-0.97841,-0.25839,0.64648
1619611226084,0.69431,1.4844,7.91044,-0.97841,-0.25839,0.64648
1619611226104,0.69431,1.4844,7.91044,-0.97841,-0.25839,0.64648
1619611226124,0.69431,1.4844,7.91044,-0.97841,-0.25839,0.64648
1619611226144,0.69431,1.4844,7.91044,-0.97841,-0.25839,0.64648
1619611226164,0.69431,1.4844,7.91044,-0.97841,-0.25839,0.64648
1619611226184,0.69431,1.4844,7.91044,-0.97841,-0.25839,0.64648
1619611226204,0.69431,1.4844,7.91044,-0.97841,-0.25839,0.64648
1619611226224,0.69431,1.4844,7.91044,-0.97841,-0.25839,0.64648
1619611226244,0.69431,1.4844,7.91044,-0.97841,-0.25839,0.64648
1619611226264,0.69431,1.4844,7.91044,-0.97841,-0.25839,0.64648
1619611226284,0.69431,1.4844,7.91044,-0.97841,-0.25839,0.64648
1619611226304,0.69431,1.4844,7.91044,-0.97841,-0.25839,0.64648
1619611226324,0.69431,1.4844,7.91044,-0.97841,-0.25839,0.64648
1619611226344,0.69431,1.4844,7.91044,-0.97841,-0.25839,0.64648
1619611226364,0.69431,1.4844,7.91044,-0.97841,-0.25839,0.64648
1619611226384,0.69431,1.4844,7.91044,-0.97841,-0.25839,0.64648
1619611226404,0.69431,1.4844,7.91044,-0.97841,-0.25839,0.64648
1619611226424,0.69431,1.4844,7.91044,-0.97841,-0.25839,0.64648
1619611226444,0.69431,1.4844,7.91044,-0.97841,-0.25839,0.64648
1619611226464,0.69431,1.4844,7.91044,-0.97841,-0.25839,0.64648
1619611226484,0.69431,1.4844,7.91044,-0.97841,-0.25839,0.64648
1619611226504,0.69431,1.4844,7.91044,-0.97841,-0.25839,0.64648
1619611226524,0.69431,1.4844,7.91044,-0.97841,-0.25839,0.64648
1619611226544,0.69431,1.4844,7.91044,-0.97841,-0.25839,0.64648
1619611226564,0.69431,1.4844,7.91044,-0.97841,-0.25839,0.64648
1619611226584,0.69431,1.4844,7.91044,-0.97841,-0.25839,0.64648
1619611226604,0.69431,1.4844,7.91044,-0.97841,-0.25839,0.64648
1619611226624,0.69431,1.4844,7.91044,-0.97841,-0.25839,0.64648
1619611226644,0.69431,1.4844,7.91044,-0.97841,-0.25839,0.64648
1619611226664,0.69431,1.4844,7.91044,-0.97841,-0.25839,0.64648
1619611226684,0.69431,1.4844,7.91044,-0.97841,-0.25839,0.64648
1619611226704,0.69431,1.4844,7.91044,-0.97841,-0.25839,0.64648
1619611226724,0.69431,1.4844,7.91044,-0.97841,-0.25839,0.64648
1619611226744,0.69431,1.4844,7.91044,-0.97841,-0.25839,0.64648
1619611226764,0.69431,1.4844,7.91044,-0.97841,-0.25839,0.64648
1619611226784,0.69431,1.4844,7.91044,-0.97841,-0.25839,0.64648
1619611226804,0.69431,1.4844,7.91044,-0.97841,-0.25839,0.64648
1619611226824,0.69431,1.4844,7.91044,-0.97841,-0.25839,0.64648
1619611226844,0.69431,1.4844,7.91044,-0.97841,-0.25839,0.64648
1619611226864,0.69431,1.4844,7.91044,-0.97841,-0.25839,0.64648
1619611226884,0.69431,1.4844,7.91044,-0.97841,-0.25839,0.64648
1619611226904,0.69431,1.4844,7.91044,-0.97841,-0.25839,0.64648
1619611226924,0.69431,1.4844,7.91044,-0.97841,-0.25839,0.64648
1619611226944,0.69431,1.4844,7.91044,-0.97841,-0.25839,0.64648
1619611226964,0.69431,1.4844,7.91044,-0.97841,-0.25839,0.64648
1619611226984,0.69431,1.4844,7.91044,-0.97841,-0.25839,0.64648
1619611227004,0.69431,1.4844,7.91044,-0.97841,-0.25839,0.64648
1619611227024,0.69431,1.4844,7.91044,-0.97841,-0.25839,0.64648
1619611227044,0.69431,1.4844,7.91044,-0.97841,-0.25839,0.64648
1619611227064,0.69431,1.4844,7.91044,-0.97841,-0.25839,0.64648
1619611227084,0.69431,1.4844,7.91044,-0.97841,-0.25839,0.64648
1619611227104,0.69431,1.4844,7.91044,-0.97841,-0.25839,0.64648
1619611227124,0.69431,1.4844,7.91044,-0.97841,-0.25839,0.64648
1619611227144,0.69431,1.4844,7.91044,-0.97841,-0.25839,0.64648
1619611227164,0.69431,1.4844,7.91044,-0.97841,-0.25839,0.64648
1619611227184,0.69431,1.4844,7.91044,-0.97841,-0.25839,0.64648
1619611227204,0.69431,1.4844,7.91044,-0.97841,-0.25839,0.64648
1619611227224,0.69431,1.4844,7.91044,-0.97841,-0.25839,0.64648
1619611227244,0.69431,1.4844,7.91044,-0.97841,-0.25839,0.64648
1619611227264,0.69431,1.4844,7.91044,-0.97841,-0.25839,0.64648
1619611227284,0.69431,1.4844,7.91044,-0.97841,-0.25839,0.64648
1619611227304,0.69431,1.4844,7.91044,-0.97841,-0.25839,0.64648
1619611227324,0.69431,1.4844,7.91044,-0.97841,-0.25839,0.64648
1619611227344,0.69431,1.4844,7.91044,-0.97841,-0.25839,0.64648
1619611227364,0.69431,1.4844,7.91044,-0.97841,-0.25839,0.64648
1619611227384,0.69431,1.4844,7.91044,-0.97841,-0.25839,0.64648
1619611227404,0.69431,1.4844,7.91044,-0.97841,-0.25839,0.64648
1619611227424,0.69431,1.4844,7.91044,-0.97841,-0.25839,0.64648
1619611227444,0.69431,1.4844,7.91044,-0.97841,-0.25839,0.64648
1619611227464,0.69431,1.4844,7.91044,-0.97841,-0.25839,0.64648
1619611227484,0.69431,1.4844,7.91044,-0.97841,-0.25839,0.64648
1619611227504,0.69431,1.4844,7.91044,-0.97841,-0.25839,0.64648
1619611227524,0.69431,1.4844,7.91044,-0.97841,-0.25839,0.64648
1619611227544,0.69431,1.4844,7.91044,-0.97841,-0.25839,0.64648
1619611227564,0.69431,1.4844,7.91044,-0.97841,-0.25839,0.64648
1619611227584,0.69431,1.4844,7.91044,-0.97841,-0.25839,0.64648
1619611227604,0.69431,1.4844,7.91044,-0.97841,-0.25839,0.64648
1619611227625,0.69431,1.4844,7.91044,-0.97841,-0.25839,0.64648
1619611227644,0.69431,1.4844,7.91044,-0.97841,-0.25839,0.64648
1619611227664,0.69431,1.4844,7.91044,-0.97841,-0.25839,0.64648
1619611227684,0.69431,1.4844,7.91044,-0.97841,-0.25839,0.64648
1619611227704,0.69431,1.4844,7.91044,-0.97841,-0.25839,0.64648
1619611227725,0.69431,1.4844,7.91044,-0.97841,-0.25839,0.64648
1619611227744,0.69431,1.4844,7.91044,-0.97841,-0.25839,0.64648
1619611227764,0.69431,1.4844,7.91044,-0.97841,-0.25839,0.64648
1619611227784,0.69431,1.4844,7.91044,-0.97841,-0.25839,0.64648
1619611227804,0.69431,1.4844,7.91044,-0.97841,-0.25839,0.64648
1619611227824,0.69431,1.4844,7.91044,-0.97841,-0.25839,0.64648
1619611227845,0.69431,1.4844,7.91044,-0.97841,-0.25839,0.64648
1619611227864,0.69431,1.4844,7.91044,-0.97841,-0.25839,0.64648
1619611227884,0.69431,1.4844,7.91044,-0.97841,-0.25839,0.64648
1619611227904,0.69431,1.4844,7.91044,-0.97841,-0.25839,0.64648
1619611227924,0.69431,1.4844,7.91044,-0.97841,-0.25839,0.64648
1619611227944,0.69431,1.4844,7.91044,-0.97841,-0.25839,0.64648
1619611227964,0.69431,1.4844,7.91044,-0.97841,-0.25839,0.64648
1619611227984,0.69431,1.4844,7.91044,-0.97841,-0.25839,0.64648
1619611228004,0.69431,1.4844,7.91044,-0.97841,-0.25839,0.64648
1619611228025,0.69431,1.4844,7.91044,-0.97841,-0.25839,0.64648
1619611228044,0.69431,1.4844,7.91044,-0.97841,-0.25839,0.64648
1619611228064,0.69431,1.4844,7.91044,-0.97841,-0.25839,0.64648
1619611228084,0.69431,1.4844,7.91044,-0.97841,-0.25839,0.64648
1619611228104,0.69431,1.4844,7.91044,-0.97841,-0.25839,0.64648
1619611228125,0.69431,1.4844,7.91044,-0.97841,-0.25839,0.64648
1619611228144,0.69431,1.4844,7.91044,-0.97841,-0.25839,0.64648
1619611228164,0.69431,1.4844,7.91044,-0.97841,-0.25839,0.64648
1619611228184,0.69431,1.4844,7.91044,-0.97841,-0.25839,0.64648
1619611228204,0.69431,1.4844,7.91044,-0.97841,-0.25839,0.64648
1619611228224,0.69431,1.4844,7.91044,-0.97841,-0.25839,0.64648
1619611228244,0.69431,1.4844,7.91044,-0.97841,-0.25839,0.64648
1619611228264,0.69431,1.4844,7.91044,-0.97841,-0.25839,0.64648
1619611228284,0.69431,1.4844,7.91044,-0.97841,-0.25839,0.64648
1619611228304,0.69431,1.4844,7.91044,-0.97841,-0.25839,0.64648
1619611228325,0.69431,1.4844,7.91044,-0.97841,-0.25839,0.64648
1619611228344,0.69431,1.4844,7.91044,-0.97841,-0.25839,0.64648
1619611228364,0.69431,1.4844,7.91044,-0.97841,-0.25839,0.64648
1619611228384,0.69431,1.4844,7.91044,-0.97841,-0.25839,0.64648
1619611228404,0.69431,1.4844,7.91044,-0.97841,-0.25839,0.64648
1619611228423,0.69431,1.4844,7.91044,-0.97841,-0.25839,0.64648
1619611228444,0.69431,1.4844,7.91044,-0.97841,-0.25839,0.64648
1619611228464,0.69431,1.4844,7.91044,-0.97841,-0.25839,0.64648
1619611228484,0.69431,1.4844,7.91044,-0.97841,-0.25839,0.64648
1619611228504,0.69431,1.4844,7.91044,-0.97841,-0.25839,0.64648
1619611228524,0.69431,1.4844,7.91044,-0.97841,-0.25839,0.64648
1619611228544,0.69431,1.4844,7.91044,-0.97841,-0.25839,0.64648
1619611228564,0.69431,1.4844,7.91044,-0.97841,-0.25839,0.64648
1619611228584,0.69431,1.4844,7.91044,-0.97841,-0.25839,0.64648
1619611228604,0.69431,1.4844,7.91044,-0.97841,-0.25839,0.64648
1619611228624,0.69431,1.4844,7.91044,-0.97841,-0.25839,0.64648
1619611228644,0.69431,1.4844,7.91044,-0.97841,-0.25839,0.64648
1619611228664,0.69431,1.4844,7.91044,-0.97841,-0.25839,0.64648
1619611228684,0.69431,1.4844,7.91044,-0.97841,-0.25839,0.64648
1619611228704,0.69431,1.4844,7.91044,-0.97841,-0.25839,0.64648
1619611228724,0.69431,1.4844,7.91044,-0.97841,-0.25839,0.64648
1619611228744,0.69431,1.4844,7.91044,-0.97841,-0.25839,0.64648
1619611228764,0.69431,1.4844,7.91044,-0.97841,-0.25839,0.64648
1619611228784,0.69431,1.4844,7.91044,-0.97841,-0.25839,0.64648
1619611228804,0.69431,1.4844,7.91044,-0.97841,-0.25839,0.64648
1619611228824,0.69431,1.4844,7.91044,-0.97841,-0.25839,0.64648
1619611228844,0.69431,1.4844,7.91044,-0.97841,-0.25839,0.64648
1619611228864,0.69431,1.4844,7.91044,-0.97841,-0.25839,0.64648
1619611228884,0.69431,1.4844,7.91044,-0.97841,-0.25839,0.64648
1619611228904,0.69431,1.4844,7.91044,-0.97841,-0.25839,0.64648
1619611228924,0.69431,1.4844,7.91044,-0.97841,-0.25839,0.64648
1619611228944,0.69431,1.4844,7.91044,-0.97841,-0.25839,0.64648
1619611228964,0.69431,1.4844,7.91044,-0.97841,-0.25839,0.64648
1619611228984,0.69431,1.4844,7.91044,-0.97841,-0.25839,0.64648
1619611229004,0.69431,1.4844,7.91044,-0.97841,-0.25839,0.64648
1619611229024,0.69431,1.4844,7.91044,-0.97841,-0.25839,0.64648
1619611229044,0.69431,1.4844,7.91044,-0.97841,-0.25839,0.64648
1619611229064,0.69431,1.4844,7.91044,-0.97841,-0.25839,0.64648
1619611229084,0.69431,1.4844,7.91044,-0.97841,-0.25839,0.64648
1619611229104,0.69431,1.4844,7.91044,-0.97841,-0.25839,0.64648
1619611229124,0.69431,1.4844,7.91044,-0.97841,-0.25839,0.64648
1619611229144,0.69431,1.4844,7.91044,-0.97841,-0.25839,0.64648
1619611229164,0.69431,1.4844,7.91044,-0.97841,-0.25839,0.64648
1619611229184,0.69431,1.4844,7.91044,-0.97841,-0.25839,0.64648
1619611229204,0.69431,1.4844,7.91044,-0.97841,-0.25839,0.64648
1619611229224,0.69431,1.4844,7.91044,-0.97841,-0.25839,0.64648
1619611229244,0.69431,1.4844,7.91044,-0.97841,-0.25839,0.64648
1619611229264,0.69431,1.4844,7.91044,-0.97841,-0.25839,0.64648
1619611229284,0.69431,1.4844,7.91044,-0.97841,-0.25839,0.64648
1619611229304,0.69431,1.4844,7.91044,-0.97841,-0.25839,0.64648
1619611229324,0.69431,1.4844,7.91044,-0.97841,-0.25839,0.64648
1619611229344,0.69431,1.4844,7.91044,-0.97841,-0.25839,0.64648
1619611229364,0.69431,1.4844,7.91044,-0.97841,-0.25839,0.64648
1619611229384,0.69431,1.4844,7.91044,-0.97841,-0.25839,0.64648
1619611229404,0.69431,1.4844,7.91044,-0.97841,-0.25839,0.64648
1619611229424,0.69431,1.4844,7.91044,-0.97841,-0.25839,0.64648
1619611229444,0.69431,1.4844,7.91044,-0.97841,-0.25839,0.64648
1619611229464,0.69431,1.4844,7.91044,-0.97841,-0.25839,0.64648
1619611229484,0.69431,1.4844,7.91044,-0.97841,-0.25839,0.64648
1619611229504,0.69431,1.4844,7.91044,-0.97841,-0.25839,0.64648
1619611229524,0.69431,1.4844,7.91044,-0.97841,-0.25839,0.64648
1619611229544,0.69431,1.4844,7.91044,-0.97841,-0.25839,0.64648
1619611229564,0.69431,1.4844,7.91044,-0.97841,-0.25839,0.64648
1619611229584,0.69431,1.4844,7.91044,-0.97841,-0.25839,0.64648
1619611229604,0.69431,1.4844,7.91044,-0.97841,-0.25839,0.64648
1619611229624,0.69431,1.4844,7.91044,-0.97841,-0.25839,0.64648
1619611229644,0.69431,1.4844,7.91044,-0.97841,-0.25839,0.64648
1619611229664,0.69431,1.4844,7.91044,-0.97841,-0.25839,0.64648
1619611229684,0.69431,1.4844,7.91044,-0.97841,-0.25839,0.64648
1619611229704,0.69431,1.4844,7.91044,-0.97841,-0.25839,0.64648
1619611229724,0.69431,1.4844,7.91044,-0.97841,-0.25839,0.64648
1619611229744,0.69431,1.4844,7.91044,-0.97841,-0.25839,0.64648
1619611229764,0.69431,1.4844,7.91044,-0.97841,-0.25839,0.64648
1619611229784,0.69431,1.4844,7.91044,-0.97841,-0.25839,0.64648
1619611229804,0.69431,1.4844,7.91044,-0.97841,-0.25839,0.64648
1619611229824,0.69431,1.4844,7.91044,-0.97841,-0.25839,0.64648
1619611229844,0.69431,1.4844,7.91044,-0.97841,-0.25839,0.64648
1619611229864,0.69431,1.4844,7.91044,-0.97841,-0.25839,0.64648
1619611229884,0.69431,1.4844,7.91044,-0.97841,-0.25839,0.64648
1619611229904,0.69431,1.4844,7.91044,-0.97841,-0.25839,0.64648
1619611229924,0.69431,1.4844,7.91044,-0.97841,-0.25839,0.64648
1619611229945,0.69431,1.4844,7.91044,-0.97841,-0.25839,0.64648
1619611229964,0.69431,1.4844,7.91044,-0.97841,-0.25839,0.64648
1619611229984,0.69431,1.4844,7.91044,-0.97841,-0.25839,0.64648
1619611230004,0.69431,1.4844,7.91044,-0.97841,-0.25839,0.64648
1619611230024,0.69431,1.4844,7.91044,-0.97841,-0.25839,0.64648
1619611230045,0.69431,1.4844,7.91044,-0.97841,-0.25839,0.64648
1619611230064,0.69431,1.4844,7.91044,-0.97841,-0.25839,0.64648
1619611230084,0.69431,1.4844,7.91044,-0.97841,-0.25839,0.64648
1619611230104,0.69431,1.4844,7.91044,-0.97841,-0.25839,0.64648
1619611230124,0.69431,1.4844,7.91044,-0.97841,-0.25839,0.64648
1619611230144,0.69431,1.4844,7.91044,-0.97841,-0.25839,0.64648
1619611230164,0.69431,1.4844,7.91044,-0.97841,-0.25839,0.64648
1619611230184,0.69431,1.4844,7.91044,-0.97841,-0.25839,0.64648
1619611230204,0.69431,1.4844,7.91044,-0.97841,-0.25839,0.64648
1619611230224,0.69431,1.4844,7.91044,-0.97841,-0.25839,0.64648
1619611230244,0.69431,1.4844,7.91044,-0.97841,-0.25839,0.64648
1619611230264,0.69431,1.4844,7.91044,-0.97841,-0.25839,0.64648
1619611230284,0.69431,1.4844,7.91044,-0.97841,-0.25839,0.64648
1619611230304,0.69431,1.4844,7.91044,-0.97841,-0.25839,0.64648
1619611230324,0.69431,1.4844,7.91044,-0.97841,-0.25839,0.64648
1619611230346,0.69431,1.4844,7.91044,-0.97841,-0.25839,0.64648
1619611230364,0.69431,1.4844,7.91044,-0.97841,-0.25839,0.64648
1619611230384,0.69431,1.4844,7.91044,-0.97841,-0.25839,0.64648
1619611230404,0.69431,1.4844,7.91044,-0.97841,-0.25839,0.64648
1619611230424,0.69431,1.4844,7.91044,-0.97841,-0.25839,0.64648
1619611230444,0.69431,1.4844,7.91044,-0.97841,-0.25839,0.64648
1619611230464,0.69431,1.4844,7.91044,-0.97841,-0.25839,0.64648
1619611230484,0.69431,1.4844,7.91044,-0.97841,-0.25839,0.64648
1619611230504,0.69431,1.4844,7.91044,-0.97841,-0.25839,0.64648
1619611230524,0.69431,1.4844,7.91044,-0.97841,-0.25839,0.64648
1619611230544,0.69431,1.4844,7.91044,-0.97841,-0.25839,0.64648
1619611230564,0.69431,1.4844,7.91044,-0.97841,-0.25839,0.64648
1619611230584,0.69431,1.4844,7.91044,-0.97841,-0.25839,0.64648
1619611230604,0.69431,1.4844,7.91044,-0.97841,-0.25839,0.64648
1619611230624,0.69431,1.4844,7.91044,-0.97841,-0.25839,0.64648
1619611230644,0.69431,1.4844,7.91044,-0.97841,-0.25839,0.64648
1619611230664,0.69431,1.4844,7.91044,-0.97841,-0.25839,0.64648
1619611230684,0.69431,1.4844,7.91044,-0.97841,-0.25839,0.64648
1619611230704,0.69431,1.4844,7.91044,-0.97841,-0.25839,0.64648
1619611230724,0.69431,1.4844,7.91044,-0.97841,-0.25839,0.64648
1619611230744,0.69431,1.4844,7.91044,-0.97841,-0.25839,0.64648
1619611230764,0.69431,1.4844,7.91044,-0.97841,-0.25839,0.64648
1619611230784,0.69431,1.4844,7.91044,-0.97841,-0.25839,0.64648
1619611230804,0.69431,1.4844,7.91044,-0.97841,-0.25839,0.64648
1619611230824,0.69431,1.4844,7.91044,-0.97841,-0.25839,0.64648
1619611230844,0.69431,1.4844,7.91044,-0.97841,-0.25839,0.64648
1619611230864,0.69431,1.4844,7.91044,-0.97841,-0.25839,0.64648
1619611230884,0.69431,1.4844,7.91044,-0.97841,-0.25839,0.64648
1619611230904,0.69431,1.4844,7.91044,-0.97841,-0.25839,0.64648
1619611230924,0.69431,1.4844,7.91044,-0.97841,-0.25839,0.64648
1619611230944,0.69431,1.4844,7.91044,-0.97841,-0.25839,0.64648
1619611230964,0.69431,1.4844,7.91044,-0.97841,-0.25839,0.64648
1619611230984,0.69431,1.4844,7.91044,-0.97841,-0.25839,0.64648
1619611231004,0.69431,1.4844,7.91044,-0.97841,-0.25839,0.64648
1619611231024,0.69431,1.4844,7.91044,-0.97841,-0.25839,0.64648
1619611231044,0.69431,1.4844,7.91044,-0.97841,-0.25839,0.64648
1619611231064,0.69431,1.4844,7.91044,-0.97841,-0.25839,0.64648
1619611231084,0.69431,1.4844,7.91044,-0.97841,-0.25839,0.64648
1619611231104,0.69431,1.4844,7.91044,-0.97841,-0.25839,0.64648
1619611231124,0.69431,1.4844,7.91044,-0.97841,-0.25839,0.64648
1619611231144,0.69431,1.4844,7.91044,-0.97841,-0.25839,0.64648
1619611231164,0.69431,1.4844,7.91044,-0.97841,-0.25839,0.64648
1619611231184,0.69431,1.4844,7.91044,-0.97841,-0.25839,0.64648
1619611231204,0.69431,1.4844,7.91044,-0.97841,-0.25839,0.64648
1619611231224,0.69431,1.4844,7.91044,-0.97841,-0.25839,0.64648
1619611231244,0.69431,1.4844,7.91044,-0.97841,-0.25839,0.64648
1619611231264,0.69431,1.4844,7.91044,-0.97841,-0.25839,0.64648
1619611231283,0.69431,1.4844,7.91044,-0.97841,-0.25839,0.64648
1619611231304,0.69431,1.4844,7.91044,-0.97841,-0.25839,0.64648
1619611231324,0.69431,1.4844,7.91044,-0.97841,-0.25839,0.64648
1619611231344,0.69431,1.4844,7.91044,-0.97841,-0.25839,0.64648
1619611231364,0.69431,1.4844,7.91044,-0.97841,-0.25839,0.64648
1619611231384,0.69431,1.4844,7.91044,-0.97841,-0.25839,0.64648
1619611231404,0.69431,1.4844,7.91044,-0.97841,-0.25839,0.64648
1619611231424,0.69431,1.4844,7.91044,-0.97841,-0.25839,0.64648
1619611231444,0.69431,1.4844,7.91044,-0.97841,-0.25839,0.64648
1619611231464,0.69431,1.4844,7.91044,-0.97841,-0.25839,0.64648
1619611231484,0.69431,1.4844,7.91044,-0.97841,-0.25839,0.64648
1619611231504,0.69431,1.4844,7.91044,-0.97841,-0.25839,0.64648
1619611231524,0.69431,1.4844,7.91044,-0.97841,-0.25839,0.64648
1619611231544,0.69431,1.4844,7.91044,-0.97841,-0.25839,0.64648
1619611231564,0.69431,1.4844,7.91044,-0.97841,-0.25839,0.64648
1619611231584,0.69431,1.4844,7.91044,-0.97841,-0.25839,0.64648
1619611231604,0.69431,1.4844,7.91044,-0.97841,-0.25839,0.64648
1619611231624,0.69431,1.4844,7.91044,-0.97841,-0.25839,0.64648
1619611231644,0.69431,1.4844,7.91044,-0.97841,-0.25839,0.64648
1619611231664,0.69431,1.4844,7.91044,-0.97841,-0.25839,0.64648
1619611231684,0.69431,1.4844,7.91044,-0.97841,-0.25839,0.64648
1619611231704,0.69431,1.4844,7.91044,-0.97841,-0.25839,0.64648
1619611231724,0.69431,1.4844,7.91044,-0.97841,-0.25839,0.64648
1619611231744,0.69431,1.4844,7.91044,-0.97841,-0.25839,0.64648
1619611231764,0.69431,1.4844,7.91044,-0.97841,-0.25839,0.64648
1619611231784,0.69431,1.4844,7.91044,-0.97841,-0.25839,0.64648
1619611231804,0.69431,1.4844,7.91044,-0.97841,-0.25839,0.64648
1619611231824,0.69431,1.4844,7.91044,-0.97841,-0.25839,0.64648
1619611231844,0.69431,1.4844,7.91044,-0.97841,-0.25839,0.64648
1619611231864,0.69431,1.4844,7.91044,-0.97841,-0.25839,0.64648
1619611231884,0.69431,1.4844,7.91044,-0.97841,-0.25839,0.64648
1619611231904,0.69431,1.4844,7.91044,-0.97841,-0.25839,0.64648
1619611231924,0.69431,1.4844,7.91044,-0.97841,-0.25839,0.64648
1619611231944,0.69431,1.4844,7.91044,-0.97841,-0.25839,0.64648
1619611231964,0.69431,1.4844,7.91044,-0.97841,-0.25839,0.64648
1619611231984,0.69431,1.4844,7.91044,-0.97841,-0.25839,0.64648
1619611232004,0.69431,1.4844,7.91044,-0.97841,-0.25839,0.64648
1619611232024,0.69431,1.4844,7.91044,-0.97841,-0.25839,0.64648
1619611232044,0.69431,1.4844,7.91044,-0.97841,-0.25839,0.64648
1619611232064,0.69431,1.4844,7.91044,-0.97841,-0.25839,0.64648
1619611232084,0.69431,1.4844,7.91044,-0.97841,-0.25839,0.64648
1619611232104,0.69431,1.4844,7.91044,-0.97841,-0.25839,0.64648
1619611232124,0.69431,1.4844,7.91044,-0.97841,-0.25839,0.64648
1619611232144,0.69431,1.4844,7.91044,-0.97841,-0.25839,0.64648
1619611232165,0.69431,1.4844,7.91044,-0.97841,-0.25839,0.64648
1619611232184,0.69431,1.4844,7.91044,-0.97841,-0.25839,0.64648
1619611232204,0.69431,1.4844,7.91044,-0.97841,-0.25839,0.64648
1619611232224,0.69431,1.4844,7.91044,-0.97841,-0.25839,0.64648
1619611232244,0.69431,1.4844,7.91044,-0.97841,-0.25839,0.64648
1619611232264,0.69431,1.4844,7.91044,-0.97841,-0.25839,0.64648
1619611232284,0.69431,1.4844,7.91044,-0.97841,-0.25839,0.64648
1619611232304,0.69431,1.4844,7.91044,-0.97841,-0.25839,0.64648
1619611232324,0.69431,1.4844,7.91044,-0.97841,-0.25839,0.64648
1619611232344,0.69431,1.4844,7.91044,-0.97841,-0.25839,0.64648
1619611232364,0.69431,1.4844,7.91044,-0.97841,-0.25839,0.64648
1619611232384,0.69431,1.4844,7.91044,-0.97841,-0.25839,0.64648
1619611232404,0.69431,1.4844,7.91044,-0.97841,-0.25839,0.64648
1619611232424,0.69431,1.4844,7.91044,-0.97841,-0.25839,0.64648
1619611232444,0.69431,1.4844,7.91044,-0.97841,-0.25839,0.64648
1619611232465,0.69431,1.4844,7.91044,-0.97841,-0.25839,0.64648
1619611232484,0.69431,1.4844,7.91044,-0.97841,-0.25839,0.64648
1619611232504,0.69431,1.4844,7.91044,-0.97841,-0.25839,0.64648
1619611232524,0.69431,1.4844,7.91044,-0.97841,-0.25839,0.64648
1619611232544,0.69431,1.4844,7.91044,-0.97841,-0.25839,0.64648
1619611232565,0.69431,1.4844,7.91044,-0.97841,-0.25839,0.64648
1619611232584,0.69431,1.4844,7.91044,-0.97841,-0.25839,0.64648
1619611232604,0.69431,1.4844,7.91044,-0.97841,-0.25839,0.64648
1619611232624,0.69431,1.4844,7.91044,-0.97841,-0.25839,0.64648
1619611232644,0.69431,1.4844,7.91044,-0.97841,-0.25839,0.64648
1619611232664,0.69431,1.4844,7.91044,-0.97841,-0.25839,0.64648
1619611232684,0.69431,1.4844,7.91044,-0.97841,-0.25839,0.64648
1619611232704,0.69431,1.4844,7.91044,-0.97841,-0.25839,0.64648
1619611232724,0.69431,1.4844,7.91044,-0.97841,-0.25839,0.64648
1619611232744,0.69431,1.4844,7.91044,-0.97841,-0.25839,0.64648
1619611232764,0.69431,1.4844,7.91044,-0.97841,-0.25839,0.64648
1619611232784,0.69431,1.4844,7.91044,-0.97841,-0.25839,0.64648
1619611232804,0.69431,1.4844,7.91044,-0.97841,-0.25839,0.64648
1619611232824,0.69431,1.4844,7.91044,-0.97841,-0.25839,0.64648
1619611232844,0.69431,1.4844,7.91044,-0.97841,-0.25839,0.64648
1619611232865,0.69431,1.4844,7.91044,-0.97841,-0.25839,0.64648
1619611232885,0.69431,1.4844,7.91044,-0.97841,-0.25839,0.64648
1619611232904,0.69431,1.4844,7.91044,-0.97841,-0.25839,0.64648
1619611232924,0.69431,1.4844,7.91044,-0.97841,-0.25839,0.64648
1619611232944,0.69431,1.4844,7.91044,-0.97841,-0.25839,0.64648
1619611232964,0.69431,1.4844,7.91044,-0.97841,-0.25839,0.64648
1619611232984,0.69431,1.4844,7.91044,-0.97841,-0.25839,0.64648
1619611233004,0.69431,1.4844,7.91044,-0.97841,-0.25839,0.64648
1619611233024,0.69431,1.4844,7.91044,-0.97841,-0.25839,0.64648
1619611233044,0.69431,1.4844,7.91044,-0.97841,-0.25839,0.64648
1619611233064,0.69431,1.4844,7.91044,-0.97841,-0.25839,0.64648
1619611233084,0.69431,1.4844,7.91044,-0.97841,-0.25839,0.64648
1619611233104,0.69431,1.4844,7.91044,-0.97841,-0.25839,0.64648
1619611233124,0.69431,1.4844,7.91044,-0.97841,-0.25839,0.64648
1619611233144,0.69431,1.4844,7.91044,-0.97841,-0.25839,0.64648
1619611233164,0.69431,1.4844,7.91044,-0.97841,-0.25839,0.64648
1619611233184,0.69431,1.4844,7.91044,-0.97841,-0.25839,0.64648
1619611233204,0.69431,1.4844,7.91044,-0.97841,-0.25839,0.64648
1619611233224,0.69431,1.4844,7.91044,-0.97841,-0.25839,0.64648
1619611233244,0.69431,1.4844,7.91044,-0.97841,-0.25839,0.64648
1619611233264,0.69431,1.4844,7.91044,-0.97841,-0.25839,0.64648
1619611233284,0.69431,1.4844,7.91044,-0.97841,-0.25839,0.64648
1619611233304,0.69431,1.4844,7.91044,-0.97841,-0.25839,0.64648
1619611233324,0.69431,1.4844,7.91044,-0.97841,-0.25839,0.64648
1619611233344,0.69431,1.4844,7.91044,-0.97841,-0.25839,0.64648
1619611233364,0.69431,1.4844,7.91044,-0.97841,-0.25839,0.64648
1619611233384,0.69431,1.4844,7.91044,-0.97841,-0.25839,0.64648
1619611233404,0.69431,1.4844,7.91044,-0.97841,-0.25839,0.64648
1619611233424,0.69431,1.4844,7.91044,-0.97841,-0.25839,0.64648
1619611233444,0.69431,1.4844,7.91044,-0.97841,-0.25839,0.64648
1619611233464,0.69431,1.4844,7.91044,-0.97841,-0.25839,0.64648
1619611233484,0.69431,1.4844,7.91044,-0.97841,-0.25839,0.64648
1619611233504,0.69431,1.4844,7.91044,-0.97841,-0.25839,0.64648
1619611233524,0.69431,1.4844,7.91044,-0.97841,-0.25839,0.64648
1619611233544,0.69431,1.4844,7.91044,-0.97841,-0.25839,0.64648
1619611233564,0.69431,1.4844,7.91044,-0.97841,-0.25839,0.64648
1619611233584,0.69431,1.4844,7.91044,-0.97841,-0.25839,0.64648
1619611233604,0.69431,1.4844,7.91044,-0.97841,-0.25839,0.64648
1619611233624,0.69431,1.4844,7.91044,-0.97841,-0.25839,0.64648
1619611233644,0.69431,1.4844,7.91044,-0.97841,-0.25839,0.64648
1619611233664,0.69431,1.4844,7.91044,-0.97841,-0.25839,0.64648
1619611233684,0.69431,1.4844,7.91044,-0.97841,-0.25839,0.64648
1619611233704,0.69431,1.4844,7.91044,-0.97841,-0.25839,0.64648
1619611233724,0.69431,1.4844,7.91044,-0.97841,-0.25839,0.64648
1619611233744,0.69431,1.4844,7.91044,-0.97841,-0.25839,0.64648
1619611233764,0.69431,1.4844,7.91044,-0.97841,-0.25839,0.64648
1619611233784,0.69431,1.4844,7.91044,-0.97841,-0.25839,0.64648
1619611233804,0.69431,1.4844,7.91044,-0.97841,-0.25839,0.64648
1619611233824,0.69431,1.4844,7.91044,-0.97841,-0.25839,0.64648
1619611233844,0.69431,1.4844,7.91044,-0.97841,-0.25839,0.64648
1619611233864,0.69431,1.4844,7.91044,-0.97841,-0.25839,0.64648
1619611233884,0.69431,1.4844,7.91044,-0.97841,-0.25839,0.64648
1619611233904,0.69431,1.4844,7.91044,-0.97841,-0.25839,0.64648
1619611233924,0.69431,1.4844,7.91044,-0.97841,-0.25839,0.64648
1619611233944,0.69431,1.4844,7.91044,-0.97841,-0.25839,0.64648
1619611233964,0.69431,1.4844,7.91044,-0.97841,-0.25839,0.64648
1619611233984,0.69431,1.4844,7.91044,-0.97841,-0.25839,0.64648
1619611234004,0.69431,1.4844,7.91044,-0.97841,-0.25839,0.64648
1619611234024,0.69431,1.4844,7.91044,-0.97841,-0.25839,0.64648
1619611234044,0.69431,1.4844,7.91044,-0.97841,-0.25839,0.64648
1619611234064,0.69431,1.4844,7.91044,-0.97841,-0.25839,0.64648
1619611234084,0.69431,1.4844,7.91044,-0.97841,-0.25839,0.64648
1619611234104,0.69431,1.4844,7.91044,-0.97841,-0.25839,0.64648
1619611234124,0.69431,1.4844,7.91044,-0.97841,-0.25839,0.64648
1619611234144,0.69431,1.4844,7.91044,-0.97841,-0.25839,0.64648
1619611234164,0.69431,1.4844,7.91044,-0.97841,-0.25839,0.64648
1619611234184,0.69431,1.4844,7.91044,-0.97841,-0.25839,0.64648
1619611234204,0.69431,1.4844,7.91044,-0.97841,-0.25839,0.64648
1619611234224,0.69431,1.4844,7.91044,-0.97841,-0.25839,0.64648
1619611234244,0.69431,1.4844,7.91044,-0.97841,-0.25839,0.64648
1619611234264,0.69431,1.4844,7.91044,-0.97841,-0.25839,0.64648
1619611234284,0.69431,1.4844,7.91044,-0.97841,-0.25839,0.64648
1619611234304,0.69431,1.4844,7.91044,-0.97841,-0.25839,0.64648
1619611234324,0.69431,1.4844,7.91044,-0.97841,-0.25839,0.64648
1619611234344,0.69431,1.4844,7.91044,-0.97841,-0.25839,0.64648
1619611234364,0.69431,1.4844,7.91044,-0.97841,-0.25839,0.64648
1619611234364,0.69431,1.4844,7.91044,-0.97841,-0.25839,0.64648
1619611234404,0.69431,1.4844,7.91044,-0.97841,-0.25839,0.64648
1619611234424,0.69431,1.4844,7.91044,-0.97841,-0.25839,0.64648
1619611234444,0.69431,1.4844,7.91044,-0.97841,-0.25839,0.64648
1619611234464,0.69431,1.4844,7.91044,-0.97841,-0.25839,0.64648
1619611234485,0.69431,1.4844,7.91044,-0.97841,-0.25839,0.64648
1619611234504,0.69431,1.4844,7.91044,-0.97841,-0.25839,0.64648
1619611234524,0.69431,1.4844,7.91044,-0.97841,-0.25839,0.64648
1619611234544,0.69431,1.4844,7.91044,-0.97841,-0.25839,0.64648
1619611234564,0.69431,1.4844,7.91044,-0.97841,-0.25839,0.64648
1619611234585,0.69431,1.4844,7.91044,-0.97841,-0.25839,0.64648
1619611234604,0.69431,1.4844,7.91044,-0.97841,-0.25839,0.64648
1619611234624,0.69431,1.4844,7.91044,-0.97841,-0.25839,0.64648
1619611234644,0.69431,1.4844,7.91044,-0.97841,-0.25839,0.64648
1619611234664,0.69431,1.4844,7.91044,-0.97841,-0.25839,0.64648
1619611234685,0.69431,1.4844,7.91044,-0.97841,-0.25839,0.64648
1619611234704,0.69431,1.4844,7.91044,-0.97841,-0.25839,0.64648
1619611234724,0.69431,1.4844,7.91044,-0.97841,-0.25839,0.64648
1619611234744,0.69431,1.4844,7.91044,-0.97841,-0.25839,0.64648
1619611234764,0.69431,1.4844,7.91044,-0.97841,-0.25839,0.64648
1619611234784,0.69431,1.4844,7.91044,-0.97841,-0.25839,0.64648
1619611234804,0.69431,1.4844,7.91044,-0.97841,-0.25839,0.64648
1619611234824,0.69431,1.4844,7.91044,-0.97841,-0.25839,0.64648
1619611234844,0.69431,1.4844,7.91044,-0.97841,-0.25839,0.64648
1619611234864,0.69431,1.4844,7.91044,-0.97841,-0.25839,0.64648
1619611234885,0.69431,1.4844,7.91044,-0.97841,-0.25839,0.64648
1619611234904,0.69431,1.4844,7.91044,-0.97841,-0.25839,0.64648
1619611234924,0.69431,1.4844,7.91044,-0.97841,-0.25839,0.64648
1619611234944,0.69431,1.4844,7.91044,-0.97841,-0.25839,0.64648
1619611234964,0.69431,1.4844,7.91044,-0.97841,-0.25839,0.64648
1619611234986,0.69431,1.4844,7.91044,-0.97841,-0.25839,0.64648
1619611235004,0.69431,1.4844,7.91044,-0.97841,-0.25839,0.64648
1619611235024,0.69431,1.4844,7.91044,-0.97841,-0.25839,0.64648
1619611235044,0.69431,1.4844,7.91044,-0.97841,-0.25839,0.64648
1619611235064,0.69431,1.4844,7.91044,-0.97841,-0.25839,0.64648
1619611235084,0.69431,1.4844,7.91044,-0.97841,-0.25839,0.64648
1619611235104,0.69431,1.4844,7.91044,-0.97841,-0.25839,0.64648
1619611235124,0.69431,1.4844,7.91044,-0.97841,-0.25839,0.64648
1619611235144,0.69431,1.4844,7.91044,-0.97841,-0.25839,0.64648
1619611235164,0.69431,1.4844,7.91044,-0.97841,-0.25839,0.64648
1619611235184,0.69431,1.4844,7.91044,-0.97841,-0.25839,0.64648
1619611235204,0.69431,1.4844,7.91044,-0.97841,-0.25839,0.64648
1619611235224,0.69431,1.4844,7.91044,-0.97841,-0.25839,0.64648
1619611235244,0.69431,1.4844,7.91044,-0.97841,-0.25839,0.64648
1619611235264,0.69431,1.4844,7.91044,-0.97841,-0.25839,0.64648
1619611235284,0.69431,1.4844,7.91044,-0.97841,-0.25839,0.64648
1619611235304,0.69431,1.4844,7.91044,-0.97841,-0.25839,0.64648
1619611235324,0.69431,1.4844,7.91044,-0.97841,-0.25839,0.64648
1619611235344,0.69431,1.4844,7.91044,-0.97841,-0.25839,0.64648
1619611235364,0.69431,1.4844,7.91044,-0.97841,-0.25839,0.64648
1619611235384,0.69431,1.4844,7.91044,-0.97841,-0.25839,0.64648
1619611235404,0.69431,1.4844,7.91044,-0.97841,-0.25839,0.64648
1619611235424,0.69431,1.4844,7.91044,-0.97841,-0.25839,0.64648
1619611235444,0.69431,1.4844,7.91044,-0.97841,-0.25839,0.64648
1619611235464,0.69431,1.4844,7.91044,-0.97841,-0.25839,0.64648
1619611235484,0.69431,1.4844,7.91044,-0.97841,-0.25839,0.64648
1619611235504,0.69431,1.4844,7.91044,-0.97841,-0.25839,0.64648
1619611235524,0.69431,1.4844,7.91044,-0.97841,-0.25839,0.64648
1619611235544,0.69431,1.4844,7.91044,-0.97841,-0.25839,0.64648
1619611235564,0.69431,1.4844,7.91044,-0.97841,-0.25839,0.64648
1619611235584,0.69431,1.4844,7.91044,-0.97841,-0.25839,0.64648
1619611235604,0.69431,1.4844,7.91044,-0.97841,-0.25839,0.64648
1619611235624,0.69431,1.4844,7.91044,-0.97841,-0.25839,0.64648
1619611235644,0.69431,1.4844,7.91044,-0.97841,-0.25839,0.64648
1619611235664,0.69431,1.4844,7.91044,-0.97841,-0.25839,0.64648
1619611235684,0.69431,1.4844,7.91044,-0.97841,-0.25839,0.64648
1619611235704,0.69431,1.4844,7.91044,-0.97841,-0.25839,0.64648
1619611235724,0.69431,1.4844,7.91044,-0.97841,-0.25839,0.64648
1619611235744,0.69431,1.4844,7.91044,-0.97841,-0.25839,0.64648
1619611235764,0.69431,1.4844,7.91044,-0.97841,-0.25839,0.64648
1619611235784,0.69431,1.4844,7.91044,-0.97841,-0.25839,0.64648
1619611235804,0.69431,1.4844,7.91044,-0.97841,-0.25839,0.64648
1619611235824,0.69431,1.4844,7.91044,-0.97841,-0.25839,0.64648
1619611235844,0.69431,1.4844,7.91044,-0.97841,-0.25839,0.64648
1619611235864,0.69431,1.4844,7.91044,-0.97841,-0.25839,0.64648
1619611235884,0.69431,1.4844,7.91044,-0.97841,-0.25839,0.64648
1619611235904,0.69431,1.4844,7.91044,-0.97841,-0.25839,0.64648
1619611235924,0.69431,1.4844,7.91044,-0.97841,-0.25839,0.64648
1619611235944,0.69431,1.4844,7.91044,-0.97841,-0.25839,0.64648
1619611235964,0.69431,1.4844,7.91044,-0.97841,-0.25839,0.64648
1619611235984,0.69431,1.4844,7.91044,-0.97841,-0.25839,0.64648
1619611236004,0.69431,1.4844,7.91044,-0.97841,-0.25839,0.64648
1619611236024,0.69431,1.4844,7.91044,-0.97841,-0.25839,0.64648
1619611236044,0.69431,1.4844,7.91044,-0.97841,-0.25839,0.64648
1619611236064,0.69431,1.4844,7.91044,-0.97841,-0.25839,0.64648
1619611236084,0.69431,1.4844,7.91044,-0.97841,-0.25839,0.64648
1619611236104,0.69431,1.4844,7.91044,-0.97841,-0.25839,0.64648
1619611236124,0.69431,1.4844,7.91044,-0.97841,-0.25839,0.64648
1619611236144,0.69431,1.4844,7.91044,-0.97841,-0.25839,0.64648
1619611236164,0.69431,1.4844,7.91044,-0.97841,-0.25839,0.64648
1619611236184,0.69431,1.4844,7.91044,-0.97841,-0.25839,0.64648
1619611236204,0.69431,1.4844,7.91044,-0.97841,-0.25839,0.64648
1619611236224,0.69431,1.4844,7.91044,-0.97841,-0.25839,0.64648
1619611236244,0.69431,1.4844,7.91044,-0.97841,-0.25839,0.64648
1619611236264,0.69431,1.4844,7.91044,-0.97841,-0.25839,0.64648
1619611236284,0.69431,1.4844,7.91044,-0.97841,-0.25839,0.64648
1619611236304,0.69431,1.4844,7.91044,-0.97841,-0.25839,0.64648
1619611236324,0.69431,1.4844,7.91044,-0.97841,-0.25839,0.64648
1619611236344,0.69431,1.4844,7.91044,-0.97841,-0.25839,0.64648
1619611236364,0.69431,1.4844,7.91044,-0.97841,-0.25839,0.64648
1619611236384,0.69431,1.4844,7.91044,-0.97841,-0.25839,0.64648
1619611236404,0.69431,1.4844,7.91044,-0.97841,-0.25839,0.64648
1619611236424,0.69431,1.4844,7.91044,-0.97841,-0.25839,0.64648
1619611236444,0.69431,1.4844,7.91044,-0.97841,-0.25839,0.64648
1619611236464,0.69431,1.4844,7.91044,-0.97841,-0.25839,0.64648
1619611236484,0.69431,1.4844,7.91044,-0.97841,-0.25839,0.64648
1619611236504,0.69431,1.4844,7.91044,-0.97841,-0.25839,0.64648
1619611236524,0.69431,1.4844,7.91044,-0.97841,-0.25839,0.64648
1619611236544,0.69431,1.4844,7.91044,-0.97841,-0.25839,0.64648
1619611236564,0.69431,1.4844,7.91044,-0.97841,-0.25839,0.64648
1619611236584,0.69431,1.4844,7.91044,-0.97841,-0.25839,0.64648
1619611236604,0.69431,1.4844,7.91044,-0.97841,-0.25839,0.64648
1619611236624,0.69431,1.4844,7.91044,-0.97841,-0.25839,0.64648
1619611236644,0.69431,1.4844,7.91044,-0.97841,-0.25839,0.64648
1619611236664,0.69431,1.4844,7.91044,-0.97841,-0.25839,0.64648
1619611236684,0.69431,1.4844,7.91044,-0.97841,-0.25839,0.64648
1619611236704,0.69431,1.4844,7.91044,-0.97841,-0.25839,0.64648
1619611236724,0.69431,1.4844,7.91044,-0.97841,-0.25839,0.64648
1619611236744,0.69431,1.4844,7.91044,-0.97841,-0.25839,0.64648
1619611236764,0.69431,1.4844,7.91044,-0.97841,-0.25839,0.64648
1619611236784,0.69431,1.4844,7.91044,-0.97841,-0.25839,0.64648
1619611236804,0.69431,1.4844,7.91044,-0.97841,-0.25839,0.64648
1619611236824,0.69431,1.4844,7.91044,-0.97841,-0.25839,0.64648
1619611236844,0.69431,1.4844,7.91044,-0.97841,-0.25839,0.64648
1619611236864,0.69431,1.4844,7.91044,-0.97841,-0.25839,0.64648
1619611236884,0.69431,1.4844,7.91044,-0.97841,-0.25839,0.64648
1619611236904,0.69431,1.4844,7.91044,-0.97841,-0.25839,0.64648
1619611236924,0.69431,1.4844,7.91044,-0.97841,-0.25839,0.64648
1619611236944,0.69431,1.4844,7.91044,-0.97841,-0.25839,0.64648
1619611236964,0.69431,1.4844,7.91044,-0.97841,-0.25839,0.64648
1619611236984,0.69431,1.4844,7.91044,-0.97841,-0.25839,0.64648
1619611237006,0.69431,1.4844,7.91044,-0.97841,-0.25839,0.64648
1619611237024,0.69431,1.4844,7.91044,-0.97841,-0.25839,0.64648
1619611237044,0.69431,1.4844,7.91044,-0.97841,-0.25839,0.64648
1619611237064,0.69431,1.4844,7.91044,-0.97841,-0.25839,0.64648
1619611237084,0.69431,1.4844,7.91044,-0.97841,-0.25839,0.64648
1619611237104,0.69431,1.4844,7.91044,-0.97841,-0.25839,0.64648
1619611237124,0.69431,1.4844,7.91044,-0.97841,-0.25839,0.64648
1619611237144,0.69431,1.4844,7.91044,-0.97841,-0.25839,0.64648
1619611237164,0.69431,1.4844,7.91044,-0.97841,-0.25839,0.64648
1619611237184,0.69431,1.4844,7.91044,-0.97841,-0.25839,0.64648
1619611237204,0.69431,1.4844,7.91044,-0.97841,-0.25839,0.64648
1619611237224,0.69431,1.4844,7.91044,-0.97841,-0.25839,0.64648
1619611237244,0.69431,1.4844,7.91044,-0.97841,-0.25839,0.64648
1619611237264,0.69431,1.4844,7.91044,-0.97841,-0.25839,0.64648
1619611237284,0.69431,1.4844,7.91044,-0.97841,-0.25839,0.64648
1619611237304,0.69431,1.4844,7.91044,-0.97841,-0.25839,0.64648
1619611237324,0.69431,1.4844,7.91044,-0.97841,-0.25839,0.64648
1619611237344,0.69431,1.4844,7.91044,-0.97841,-0.25839,0.64648
1619611237364,0.69431,1.4844,7.91044,-0.97841,-0.25839,0.64648
1619611237384,0.69431,1.4844,7.91044,-0.97841,-0.25839,0.64648
1619611237405,0.69431,1.4844,7.91044,-0.97841,-0.25839,0.64648
1619611237424,0.69431,1.4844,7.91044,-0.97841,-0.25839,0.64648
1619611237444,0.69431,1.4844,7.91044,-0.97841,-0.25839,0.64648
1619611237464,0.69431,1.4844,7.91044,-0.97841,-0.25839,0.64648
1619611237484,0.69431,1.4844,7.91044,-0.97841,-0.25839,0.64648
1619611237504,0.69431,1.4844,7.91044,-0.97841,-0.25839,0.64648
1619611237524,0.69431,1.4844,7.91044,-0.97841,-0.25839,0.64648
1619611237544,0.69431,1.4844,7.91044,-0.97841,-0.25839,0.64648
1619611237564,0.69431,1.4844,7.91044,-0.97841,-0.25839,0.64648
1619611237584,0.69431,1.4844,7.91044,-0.97841,-0.25839,0.64648
1619611237604,0.69431,1.4844,7.91044,-0.97841,-0.25839,0.64648
1619611237624,0.69431,1.4844,7.91044,-0.97841,-0.25839,0.64648
1619611237644,0.69431,1.4844,7.91044,-0.97841,-0.25839,0.64648
1619611237664,0.69431,1.4844,7.91044,-0.97841,-0.25839,0.64648
1619611237684,0.69431,1.4844,7.91044,-0.97841,-0.25839,0.64648
1619611237704,0.69431,1.4844,7.91044,-0.97841,-0.25839,0.64648
1619611237724,0.69431,1.4844,7.91044,-0.97841,-0.25839,0.64648
1619611237744,0.69431,1.4844,7.91044,-0.97841,-0.25839,0.64648
1619611237764,0.69431,1.4844,7.91044,-0.97841,-0.25839,0.64648
1619611237784,0.69431,1.4844,7.91044,-0.97841,-0.25839,0.64648
1619611237804,0.69431,1.4844,7.91044,-0.97841,-0.25839,0.64648
1619611237824,0.69431,1.4844,7.91044,-0.97841,-0.25839,0.64648
1619611237844,0.69431,1.4844,7.91044,-0.97841,-0.25839,0.64648
1619611237864,0.69431,1.4844,7.91044,-0.97841,-0.25839,0.64648
1619611237884,0.69431,1.4844,7.91044,-0.97841,-0.25839,0.64648
1619611237904,0.69431,1.4844,7.91044,-0.97841,-0.25839,0.64648
1619611237924,0.69431,1.4844,7.91044,-0.97841,-0.25839,0.64648
1619611237944,0.69431,1.4844,7.91044,-0.97841,-0.25839,0.64648
1619611237964,0.69431,1.4844,7.91044,-0.97841,-0.25839,0.64648
1619611237984,0.69431,1.4844,7.91044,-0.97841,-0.25839,0.64648
1619611238004,0.69431,1.4844,7.91044,-0.97841,-0.25839,0.64648
1619611238024,0.69431,1.4844,7.91044,-0.97841,-0.25839,0.64648
1619611238044,0.69431,1.4844,7.91044,-0.97841,-0.25839,0.64648
1619611238064,0.69431,1.4844,7.91044,-0.97841,-0.25839,0.64648
1619611238084,0.69431,1.4844,7.91044,-0.97841,-0.25839,0.64648
1619611238104,0.69431,1.4844,7.91044,-0.97841,-0.25839,0.64648
1619611238124,0.69431,1.4844,7.91044,-0.97841,-0.25839,0.64648
1619611238144,0.69431,1.4844,7.91044,-0.97841,-0.25839,0.64648
1619611238164,0.69431,1.4844,7.91044,-0.97841,-0.25839,0.64648
1619611238184,0.69431,1.4844,7.91044,-0.97841,-0.25839,0.64648
1619611238204,0.69431,1.4844,7.91044,-0.97841,-0.25839,0.64648
1619611238224,0.69431,1.4844,7.91044,-0.97841,-0.25839,0.64648
1619611238244,0.69431,1.4844,7.91044,-0.97841,-0.25839,0.64648
1619611238264,0.69431,1.4844,7.91044,-0.97841,-0.25839,0.64648
1619611238284,0.69431,1.4844,7.91044,-0.97841,-0.25839,0.64648
1619611238304,0.69431,1.4844,7.91044,-0.97841,-0.25839,0.64648
1619611238324,0.69431,1.4844,7.91044,-0.97841,-0.25839,0.64648
1619611238344,0.69431,1.4844,7.91044,-0.97841,-0.25839,0.64648
1619611238364,0.69431,1.4844,7.91044,-0.97841,-0.25839,0.64648
1619611238384,0.69431,1.4844,7.91044,-0.97841,-0.25839,0.64648
1619611238404,0.69431,1.4844,7.91044,-0.97841,-0.25839,0.64648
1619611238424,0.69431,1.4844,7.91044,-0.97841,-0.25839,0.64648
1619611238444,0.69431,1.4844,7.91044,-0.97841,-0.25839,0.64648
1619611238464,0.69431,1.4844,7.91044,-0.97841,-0.25839,0.64648
1619611238484,0.69431,1.4844,7.91044,-0.97841,-0.25839,0.64648
1619611238504,0.69431,1.4844,7.91044,-0.97841,-0.25839,0.64648
1619611238524,0.69431,1.4844,7.91044,-0.97841,-0.25839,0.64648
1619611238544,0.69431,1.4844,7.91044,-0.97841,-0.25839,0.64648
1619611238564,0.69431,1.4844,7.91044,-0.97841,-0.25839,0.64648
1619611238584,0.69431,1.4844,7.91044,-0.97841,-0.25839,0.64648
1619611238604,0.69431,1.4844,7.91044,-0.97841,-0.25839,0.64648
1619611238624,0.69431,1.4844,7.91044,-0.97841,-0.25839,0.64648
1619611238644,0.69431,1.4844,7.91044,-0.97841,-0.25839,0.64648
1619611238664,0.69431,1.4844,7.91044,-0.97841,-0.25839,0.64648
1619611238684,0.69431,1.4844,7.91044,-0.97841,-0.25839,0.64648
1619611238704,0.69431,1.4844,7.91044,-0.97841,-0.25839,0.64648
1619611238724,0.69431,1.4844,7.91044,-0.97841,-0.25839,0.64648
1619611238744,0.69431,1.4844,7.91044,-0.97841,-0.25839,0.64648
1619611238764,0.69431,1.4844,7.91044,-0.97841,-0.25839,0.64648
1619611238784,0.69431,1.4844,7.91044,-0.97841,-0.25839,0.64648
1619611238804,0.69431,1.4844,7.91044,-0.97841,-0.25839,0.64648
1619611238824,0.69431,1.4844,7.91044,-0.97841,-0.25839,0.64648
1619611238844,0.69431,1.4844,7.91044,-0.97841,-0.25839,0.64648
1619611238864,0.69431,1.4844,7.91044,-0.97841,-0.25839,0.64648
1619611238884,0.69431,1.4844,7.91044,-0.97841,-0.25839,0.64648
1619611238904,0.69431,1.4844,7.91044,-0.97841,-0.25839,0.64648
1619611238924,0.69431,1.4844,7.91044,-0.97841,-0.25839,0.64648
1619611238944,0.69431,1.4844,7.91044,-0.97841,-0.25839,0.64648
1619611238964,0.69431,1.4844,7.91044,-0.97841,-0.25839,0.64648
1619611238984,0.69431,1.4844,7.91044,-0.97841,-0.25839,0.64648
1619611239004,0.69431,1.4844,7.91044,-0.97841,-0.25839,0.64648
1619611239024,0.69431,1.4844,7.91044,-0.97841,-0.25839,0.64648
1619611239044,0.69431,1.4844,7.91044,-0.97841,-0.25839,0.64648
1619611239064,0.69431,1.4844,7.91044,-0.97841,-0.25839,0.64648
1619611239084,0.69431,1.4844,7.91044,-0.97841,-0.25839,0.64648
1619611239104,0.69431,1.4844,7.91044,-0.97841,-0.25839,0.64648
1619611239125,0.69431,1.4844,7.91044,-0.97841,-0.25839,0.64648
1619611239144,0.69431,1.4844,7.91044,-0.97841,-0.25839,0.64648
1619611239164,0.69431,1.4844,7.91044,-0.97841,-0.25839,0.64648
1619611239184,0.69431,1.4844,7.91044,-0.97841,-0.25839,0.64648
1619611239204,0.69431,1.4844,7.91044,-0.97841,-0.25839,0.64648
1619611239225,0.69431,1.4844,7.91044,-0.97841,-0.25839,0.64648
1619611239244,0.69431,1.4844,7.91044,-0.97841,-0.25839,0.64648
1619611239264,0.69431,1.4844,7.91044,-0.97841,-0.25839,0.64648
1619611239284,0.69431,1.4844,7.91044,-0.97841,-0.25839,0.64648
1619611239304,0.69431,1.4844,7.91044,-0.97841,-0.25839,0.64648
1619611239326,0.69431,1.4844,7.91044,-0.97841,-0.25839,0.64648
1619611239345,0.69431,1.4844,7.91044,-0.97841,-0.25839,0.64648
1619611239363,0.69431,1.4844,7.91044,-0.97841,-0.25839,0.64648
1619611239384,0.69431,1.4844,7.91044,-0.97841,-0.25839,0.64648
1619611239404,0.69431,1.4844,7.91044,-0.97841,-0.25839,0.64648
1619611239426,0.69431,1.4844,7.91044,-0.97841,-0.25839,0.64648
1619611239444,0.69431,1.4844,7.91044,-0.97841,-0.25839,0.64648
1619611239464,0.69431,1.4844,7.91044,-0.97841,-0.25839,0.64648
1619611239484,0.69431,1.4844,7.91044,-0.97841,-0.25839,0.64648
1619611239504,0.69431,1.4844,7.91044,-0.97841,-0.25839,0.64648
1619611239525,0.69431,1.4844,7.91044,-0.97841,-0.25839,0.64648
1619611239544,0.69431,1.4844,7.91044,-0.97841,-0.25839,0.64648
1619611239564,0.69431,1.4844,7.91044,-0.97841,-0.25839,0.64648
1619611239584,0.69431,1.4844,7.91044,-0.97841,-0.25839,0.64648
1619611239604,0.69431,1.4844,7.91044,-0.97841,-0.25839,0.64648
1619611239625,0.69431,1.4844,7.91044,-0.97841,-0.25839,0.64648
1619611239644,0.69431,1.4844,7.91044,-0.97841,-0.25839,0.64648
1619611239664,0.69431,1.4844,7.91044,-0.97841,-0.25839,0.64648
1619611239684,0.69431,1.4844,7.91044,-0.97841,-0.25839,0.64648
1619611239704,0.69431,1.4844,7.91044,-0.97841,-0.25839,0.64648
1619611239724,0.69431,1.4844,7.91044,-0.97841,-0.25839,0.64648
1619611239744,0.69431,1.4844,7.91044,-0.97841,-0.25839,0.64648
1619611239764,0.69431,1.4844,7.91044,-0.97841,-0.25839,0.64648
1619611239784,0.69431,1.4844,7.91044,-0.97841,-0.25839,0.64648
1619611239804,0.69431,1.4844,7.91044,-0.97841,-0.25839,0.64648
1619611239824,0.69431,1.4844,7.91044,-0.97841,-0.25839,0.64648
1619611239844,0.69431,1.4844,7.91044,-0.97841,-0.25839,0.64648
1619611239864,0.69431,1.4844,7.91044,-0.97841,-0.25839,0.64648
1619611239884,0.69431,1.4844,7.91044,-0.97841,-0.25839,0.64648
1619611239904,0.69431,1.4844,7.91044,-0.97841,-0.25839,0.64648
1619611239924,0.69431,1.4844,7.91044,-0.97841,-0.25839,0.64648
1619611239944,0.69431,1.4844,7.91044,-0.97841,-0.25839,0.64648
1619611239964,0.69431,1.4844,7.91044,-0.97841,-0.25839,0.64648
1619611239984,0.69431,1.4844,7.91044,-0.97841,-0.25839,0.64648
1619611240004,0.69431,1.4844,7.91044,-0.97841,-0.25839,0.64648
1619611240024,0.69431,1.4844,7.91044,-0.97841,-0.25839,0.64648
1619611240044,0.69431,1.4844,7.91044,-0.97841,-0.25839,0.64648
1619611240064,0.69431,1.4844,7.91044,-0.97841,-0.25839,0.64648
1619611240084,0.69431,1.4844,7.91044,-0.97841,-0.25839,0.64648
1619611240104,0.69431,1.4844,7.91044,-0.97841,-0.25839,0.64648
1619611240124,0.69431,1.4844,7.91044,-0.97841,-0.25839,0.64648
1619611240144,0.69431,1.4844,7.91044,-0.97841,-0.25839,0.64648
1619611240164,0.69431,1.4844,7.91044,-0.97841,-0.25839,0.64648
1619611240184,0.69431,1.4844,7.91044,-0.97841,-0.25839,0.64648
1619611240204,0.69431,1.4844,7.91044,-0.97841,-0.25839,0.64648
1619611240224,0.69431,1.4844,7.91044,-0.97841,-0.25839,0.64648
1619611240244,0.69431,1.4844,7.91044,-0.97841,-0.25839,0.64648
1619611240264,0.69431,1.4844,7.91044,-0.97841,-0.25839,0.64648
1619611240284,0.69431,1.4844,7.91044,-0.97841,-0.25839,0.64648
1619611240304,0.69431,1.4844,7.91044,-0.97841,-0.25839,0.64648
1619611240324,0.69431,1.4844,7.91044,-0.97841,-0.25839,0.64648
1619611240344,0.69431,1.4844,7.91044,-0.97841,-0.25839,0.64648
1619611240364,0.69431,1.4844,7.91044,-0.97841,-0.25839,0.64648
1619611240384,0.69431,1.4844,7.91044,-0.97841,-0.25839,0.64648
1619611240404,0.69431,1.4844,7.91044,-0.97841,-0.25839,0.64648
1619611240424,0.69431,1.4844,7.91044,-0.97841,-0.25839,0.64648
1619611240444,0.69431,1.4844,7.91044,-0.97841,-0.25839,0.64648
1619611240464,0.69431,1.4844,7.91044,-0.97841,-0.25839,0.64648
1619611240484,0.69431,1.4844,7.91044,-0.97841,-0.25839,0.64648
1619611240504,0.69431,1.4844,7.91044,-0.97841,-0.25839,0.64648
1619611240524,0.69431,1.4844,7.91044,-0.97841,-0.25839,0.64648
1619611240544,0.69431,1.4844,7.91044,-0.97841,-0.25839,0.64648
1619611240564,0.69431,1.4844,7.91044,-0.97841,-0.25839,0.64648
1619611240584,0.69431,1.4844,7.91044,-0.97841,-0.25839,0.64648
1619611240604,0.69431,1.4844,7.91044,-0.97841,-0.25839,0.64648
1619611240624,0.69431,1.4844,7.91044,-0.97841,-0.25839,0.64648
1619611240644,0.69431,1.4844,7.91044,-0.97841,-0.25839,0.64648
1619611240664,0.69431,1.4844,7.91044,-0.97841,-0.25839,0.64648
1619611240684,0.69431,1.4844,7.91044,-0.97841,-0.25839,0.64648
1619611240704,0.69431,1.4844,7.91044,-0.97841,-0.25839,0.64648
1619611240724,0.69431,1.4844,7.91044,-0.97841,-0.25839,0.64648
1619611240744,0.69431,1.4844,7.91044,-0.97841,-0.25839,0.64648
1619611240764,0.69431,1.4844,7.91044,-0.97841,-0.25839,0.64648
1619611240784,0.69431,1.4844,7.91044,-0.97841,-0.25839,0.64648
1619611240804,0.69431,1.4844,7.91044,-0.97841,-0.25839,0.64648
1619611240824,0.69431,1.4844,7.91044,-0.97841,-0.25839,0.64648
1619611240844,0.69431,1.4844,7.91044,-0.97841,-0.25839,0.64648
1619611240864,0.69431,1.4844,7.91044,-0.97841,-0.25839,0.64648
1619611240884,0.69431,1.4844,7.91044,-0.97841,-0.25839,0.64648
1619611240904,0.69431,1.4844,7.91044,-0.97841,-0.25839,0.64648
1619611240924,0.69431,1.4844,7.91044,-0.97841,-0.25839,0.64648
1619611240944,0.69431,1.4844,7.91044,-0.97841,-0.25839,0.64648
1619611240964,0.69431,1.4844,7.91044,-0.97841,-0.25839,0.64648
1619611240984,0.69431,1.4844,7.91044,-0.97841,-0.25839,0.64648
1619611241004,0.69431,1.4844,7.91044,-0.97841,-0.25839,0.64648
1619611241024,0.69431,1.4844,7.91044,-0.97841,-0.25839,0.64648
1619611241044,0.69431,1.4844,7.91044,-0.97841,-0.25839,0.64648
1619611241064,0.69431,1.4844,7.91044,-0.97841,-0.25839,0.64648
1619611241084,0.69431,1.4844,7.91044,-0.97841,-0.25839,0.64648
1619611241104,0.69431,1.4844,7.91044,-0.97841,-0.25839,0.64648
1619611241124,0.69431,1.4844,7.91044,-0.97841,-0.25839,0.64648
1619611241144,0.69431,1.4844,7.91044,-0.97841,-0.25839,0.64648
1619611241164,0.69431,1.4844,7.91044,-0.97841,-0.25839,0.64648
1619611241184,0.69431,1.4844,7.91044,-0.97841,-0.25839,0.64648
1619611241204,0.69431,1.4844,7.91044,-0.97841,-0.25839,0.64648
1619611241224,0.69431,1.4844,7.91044,-0.97841,-0.25839,0.64648
1619611241244,0.69431,1.4844,7.91044,-0.97841,-0.25839,0.64648
1619611241264,0.69431,1.4844,7.91044,-0.97841,-0.25839,0.64648
1619611241284,0.69431,1.4844,7.91044,-0.97841,-0.25839,0.64648
1619611241304,0.69431,1.4844,7.91044,-0.97841,-0.25839,0.64648
1619611241324,0.69431,1.4844,7.91044,-0.97841,-0.25839,0.64648
1619611241344,0.69431,1.4844,7.91044,-0.97841,-0.25839,0.64648
1619611241364,0.69431,1.4844,7.91044,-0.97841,-0.25839,0.64648
1619611241384,0.69431,1.4844,7.91044,-0.97841,-0.25839,0.64648
1619611241404,0.69431,1.4844,7.91044,-0.97841,-0.25839,0.64648
1619611241424,0.69431,1.4844,7.91044,-0.97841,-0.25839,0.64648
1619611241445,0.69431,1.4844,7.91044,-0.97841,-0.25839,0.64648
1619611241464,0.69431,1.4844,7.91044,-0.97841,-0.25839,0.64648
1619611241484,0.69431,1.4844,7.91044,-0.97841,-0.25839,0.64648
1619611241504,0.69431,1.4844,7.91044,-0.97841,-0.25839,0.64648
1619611241524,0.69431,1.4844,7.91044,-0.97841,-0.25839,0.64648
1619611241544,0.69431,1.4844,7.91044,-0.97841,-0.25839,0.64648
1619611241564,0.69431,1.4844,7.91044,-0.97841,-0.25839,0.64648
1619611241584,0.69431,1.4844,7.91044,-0.97841,-0.25839,0.64648
1619611241604,0.69431,1.4844,7.91044,-0.97841,-0.25839,0.64648
1619611241624,0.69431,1.4844,7.91044,-0.97841,-0.25839,0.64648
1619611241644,0.69431,1.4844,7.91044,-0.97841,-0.25839,0.64648
1619611241664,0.69431,1.4844,7.91044,-0.97841,-0.25839,0.64648
1619611241684,0.69431,1.4844,7.91044,-0.97841,-0.25839,0.64648
1619611241704,0.69431,1.4844,7.91044,-0.97841,-0.25839,0.64648
1619611241724,0.69431,1.4844,7.91044,-0.97841,-0.25839,0.64648
1619611241744,0.69431,1.4844,7.91044,-0.97841,-0.25839,0.64648
1619611241764,0.69431,1.4844,7.91044,-0.97841,-0.25839,0.64648
1619611241784,0.69431,1.4844,7.91044,-0.97841,-0.25839,0.64648
1619611241804,0.69431,1.4844,7.91044,-0.97841,-0.25839,0.64648
1619611241824,0.69431,1.4844,7.91044,-0.97841,-0.25839,0.64648
1619611241845,0.69431,1.4844,7.91044,-0.97841,-0.25839,0.64648
1619611241864,0.69431,1.4844,7.91044,-0.97841,-0.25839,0.64648
1619611241884,0.69431,1.4844,7.91044,-0.97841,-0.25839,0.64648
1619611241904,0.69431,1.4844,7.91044,-0.97841,-0.25839,0.64648
1619611241924,0.69431,1.4844,7.91044,-0.97841,-0.25839,0.64648
1619611241944,0.69431,1.4844,7.91044,-0.97841,-0.25839,0.64648
1619611241964,0.69431,1.4844,7.91044,-0.97841,-0.25839,0.64648
1619611241984,0.69431,1.4844,7.91044,-0.97841,-0.25839,0.64648
1619611242004,0.69431,1.4844,7.91044,-0.97841,-0.25839,0.64648
1619611242024,0.69431,1.4844,7.91044,-0.97841,-0.25839,0.64648
1619611242045,0.69431,1.4844,7.91044,-0.97841,-0.25839,0.64648
1619611242064,0.69431,1.4844,7.91044,-0.97841,-0.25839,0.64648
1619611242084,0.69431,1.4844,7.91044,-0.97841,-0.25839,0.64648
1619611242104,0.69431,1.4844,7.91044,-0.97841,-0.25839,0.64648
1619611242124,0.69431,1.4844,7.91044,-0.97841,-0.25839,0.64648
1619611242144,0.69431,1.4844,7.91044,-0.97841,-0.25839,0.64648
1619611242164,0.69431,1.4844,7.91044,-0.97841,-0.25839,0.64648
1619611242184,0.69431,1.4844,7.91044,-0.97841,-0.25839,0.64648
1619611242204,0.69431,1.4844,7.91044,-0.97841,-0.25839,0.64648
1619611242224,0.69431,1.4844,7.91044,-0.97841,-0.25839,0.64648
1619611242244,0.69431,1.4844,7.91044,-0.97841,-0.25839,0.64648
1619611242264,0.69431,1.4844,7.91044,-0.97841,-0.25839,0.64648
1619611242284,0.69431,1.4844,7.91044,-0.97841,-0.25839,0.64648
1619611242304,0.69431,1.4844,7.91044,-0.97841,-0.25839,0.64648
1619611242324,0.69431,1.4844,7.91044,-0.97841,-0.25839,0.64648
1619611242344,0.69431,1.4844,7.91044,-0.97841,-0.25839,0.64648
1619611242363,0.69431,1.4844,7.91044,-0.97841,-0.25839,0.64648
1619611242384,0.69431,1.4844,7.91044,-0.97841,-0.25839,0.64648
1619611242404,0.69431,1.4844,7.91044,-0.97841,-0.25839,0.64648
1619611242424,0.69431,1.4844,7.91044,-0.97841,-0.25839,0.64648
1619611242444,0.69431,1.4844,7.91044,-0.97841,-0.25839,0.64648
1619611242464,0.69431,1.4844,7.91044,-0.97841,-0.25839,0.64648
1619611242484,0.69431,1.4844,7.91044,-0.97841,-0.25839,0.64648
1619611242504,0.69431,1.4844,7.91044,-0.97841,-0.25839,0.64648
1619611242524,0.69431,1.4844,7.91044,-0.97841,-0.25839,0.64648
1619611242544,0.69431,1.4844,7.91044,-0.97841,-0.25839,0.64648
1619611242564,0.69431,1.4844,7.91044,-0.97841,-0.25839,0.64648
1619611242584,0.69431,1.4844,7.91044,-0.97841,-0.25839,0.64648
1619611242604,0.69431,1.4844,7.91044,-0.97841,-0.25839,0.64648
1619611242624,0.69431,1.4844,7.91044,-0.97841,-0.25839,0.64648
1619611242644,0.69431,1.4844,7.91044,-0.97841,-0.25839,0.64648
1619611242664,0.69431,1.4844,7.91044,-0.97841,-0.25839,0.64648
1619611242684,0.69431,1.4844,7.91044,-0.97841,-0.25839,0.64648
1619611242704,0.69431,1.4844,7.91044,-0.97841,-0.25839,0.64648
1619611242724,0.69431,1.4844,7.91044,-0.97841,-0.25839,0.64648
1619611242744,0.69431,1.4844,7.91044,-0.97841,-0.25839,0.64648
1619611242764,0.69431,1.4844,7.91044,-0.97841,-0.25839,0.64648
1619611242784,0.69431,1.4844,7.91044,-0.97841,-0.25839,0.64648
1619611242804,0.69431,1.4844,7.91044,-0.97841,-0.25839,0.64648
1619611242824,0.69431,1.4844,7.91044,-0.97841,-0.25839,0.64648
1619611242844,0.69431,1.4844,7.91044,-0.97841,-0.25839,0.64648
1619611242864,0.69431,1.4844,7.91044,-0.97841,-0.25839,0.64648
1619611242884,0.69431,1.4844,7.91044,-0.97841,-0.25839,0.64648
1619611242904,0.69431,1.4844,7.91044,-0.97841,-0.25839,0.64648
1619611242924,0.69431,1.4844,7.91044,-0.97841,-0.25839,0.64648
1619611242944,0.69431,1.4844,7.91044,-0.97841,-0.25839,0.64648
1619611242963,0.69431,1.4844,7.91044,-0.97841,-0.25839,0.64648
1619611242984,0.69431,1.4844,7.91044,-0.97841,-0.25839,0.64648
1619611243004,0.69431,1.4844,7.91044,-0.97841,-0.25839,0.64648
1619611243024,0.69431,1.4844,7.91044,-0.97841,-0.25839,0.64648
1619611243044,0.69431,1.4844,7.91044,-0.97841,-0.25839,0.64648
1619611243064,0.69431,1.4844,7.91044,-0.97841,-0.25839,0.64648
1619611243084,0.69431,1.4844,7.91044,-0.97841,-0.25839,0.64648
1619611243104,0.69431,1.4844,7.91044,-0.97841,-0.25839,0.64648
1619611243124,0.69431,1.4844,7.91044,-0.97841,-0.25839,0.64648
1619611243144,0.69431,1.4844,7.91044,-0.97841,-0.25839,0.64648
1619611243164,0.69431,1.4844,7.91044,-0.97841,-0.25839,0.64648
1619611243184,0.69431,1.4844,7.91044,-0.97841,-0.25839,0.64648
1619611243204,0.69431,1.4844,7.91044,-0.97841,-0.25839,0.64648
1619611243224,0.69431,1.4844,7.91044,-0.97841,-0.25839,0.64648
1619611243244,0.69431,1.4844,7.91044,-0.97841,-0.25839,0.64648
1619611243264,0.69431,1.4844,7.91044,-0.97841,-0.25839,0.64648
1619611243284,0.69431,1.4844,7.91044,-0.97841,-0.25839,0.64648
1619611243304,0.69431,1.4844,7.91044,-0.97841,-0.25839,0.64648
1619611243324,0.69431,1.4844,7.91044,-0.97841,-0.25839,0.64648
1619611243344,0.69431,1.4844,7.91044,-0.97841,-0.25839,0.64648
1619611243364,0.69431,1.4844,7.91044,-0.97841,-0.25839,0.64648
1619611243384,0.69431,1.4844,7.91044,-0.97841,-0.25839,0.64648
1619611243404,0.69431,1.4844,7.91044,-0.97841,-0.25839,0.64648
1619611243424,0.69431,1.4844,7.91044,-0.97841,-0.25839,0.64648
1619611243444,0.69431,1.4844,7.91044,-0.97841,-0.25839,0.64648
1619611243464,0.69431,1.4844,7.91044,-0.97841,-0.25839,0.64648
1619611243484,0.69431,1.4844,7.91044,-0.97841,-0.25839,0.64648
1619611243504,0.69431,1.4844,7.91044,-0.97841,-0.25839,0.64648
1619611243524,0.69431,1.4844,7.91044,-0.97841,-0.25839,0.64648
1619611243544,0.69431,1.4844,7.91044,-0.97841,-0.25839,0.64648
1619611243564,0.69431,1.4844,7.91044,-0.97841,-0.25839,0.64648
1619611243584,0.69431,1.4844,7.91044,-0.97841,-0.25839,0.64648
1619611243604,0.69431,1.4844,7.91044,-0.97841,-0.25839,0.64648
1619611243624,0.69431,1.4844,7.91044,-0.97841,-0.25839,0.64648
1619611243644,0.69431,1.4844,7.91044,-0.97841,-0.25839,0.64648
1619611243644,0.69431,1.4844,7.91044,-0.97841,-0.25839,0.64648
1619611243684,0.69431,1.4844,7.91044,-0.97841,-0.25839,0.64648
1619611243704,0.69431,1.4844,7.91044,-0.97841,-0.25839,0.64648
1619611243724,0.69431,1.4844,7.91044,-0.97841,-0.25839,0.64648
1619611243744,0.69431,1.4844,7.91044,-0.97841,-0.25839,0.64648
1619611243764,0.69431,1.4844,7.91044,-0.97841,-0.25839,0.64648
1619611243784,0.69431,1.4844,7.91044,-0.97841,-0.25839,0.64648
1619611243804,0.69431,1.4844,7.91044,-0.97841,-0.25839,0.64648
1619611243824,0.69431,1.4844,7.91044,-0.97841,-0.25839,0.64648
1619611243844,0.69431,1.4844,7.91044,-0.97841,-0.25839,0.64648
1619611243865,0.69431,1.4844,7.91044,-0.97841,-0.25839,0.64648
1619611243884,0.69431,1.4844,7.91044,-0.97841,-0.25839,0.64648
1619611243904,0.69431,1.4844,7.91044,-0.97841,-0.25839,0.64648
1619611243924,0.69431,1.4844,7.91044,-0.97841,-0.25839,0.64648
1619611243944,0.69431,1.4844,7.91044,-0.97841,-0.25839,0.64648
1619611243964,0.69431,1.4844,7.91044,-0.97841,-0.25839,0.64648
1619611243984,0.69431,1.4844,7.91044,-0.97841,-0.25839,0.64648
1619611244004,0.69431,1.4844,7.91044,-0.97841,-0.25839,0.64648
1619611244024,0.69431,1.4844,7.91044,-0.97841,-0.25839,0.64648
1619611244044,0.69431,1.4844,7.91044,-0.97841,-0.25839,0.64648
1619611244064,0.69431,1.4844,7.91044,-0.97841,-0.25839,0.64648
1619611244084,0.69431,1.4844,7.91044,-0.97841,-0.25839,0.64648
1619611244104,0.69431,1.4844,7.91044,-0.97841,-0.25839,0.64648
1619611244124,0.69431,1.4844,7.91044,-0.97841,-0.25839,0.64648
1619611244144,0.69431,1.4844,7.91044,-0.97841,-0.25839,0.64648
1619611244165,0.69431,1.4844,7.91044,-0.97841,-0.25839,0.64648
1619611244184,0.69431,1.4844,7.91044,-0.97841,-0.25839,0.64648
1619611244204,0.69431,1.4844,7.91044,-0.97841,-0.25839,0.64648
1619611244224,0.69431,1.4844,7.91044,-0.97841,-0.25839,0.64648
1619611244244,0.69431,1.4844,7.91044,-0.97841,-0.25839,0.64648
1619611244264,0.69431,1.4844,7.91044,-0.97841,-0.25839,0.64648
1619611244284,0.69431,1.4844,7.91044,-0.97841,-0.25839,0.64648
1619611244304,0.69431,1.4844,7.91044,-0.97841,-0.25839,0.64648
1619611244324,0.69431,1.4844,7.91044,-0.97841,-0.25839,0.64648
1619611244344,0.69431,1.4844,7.91044,-0.97841,-0.25839,0.64648
1619611244364,0.69431,1.4844,7.91044,-0.97841,-0.25839,0.64648
1619611244384,0.69431,1.4844,7.91044,-0.97841,-0.25839,0.64648
1619611244404,0.69431,1.4844,7.91044,-0.97841,-0.25839,0.64648
1619611244424,0.69431,1.4844,7.91044,-0.97841,-0.25839,0.64648
1619611244444,0.69431,1.4844,7.91044,-0.97841,-0.25839,0.64648
1619611244465,0.69431,1.4844,7.91044,-0.97841,-0.25839,0.64648
1619611244484,0.69431,1.4844,7.91044,-0.97841,-0.25839,0.64648
1619611244504,0.69431,1.4844,7.91044,-0.97841,-0.25839,0.64648
1619611244524,0.69431,1.4844,7.91044,-0.97841,-0.25839,0.64648
1619611244544,0.69431,1.4844,7.91044,-0.97841,-0.25839,0.64648
1619611244564,0.69431,1.4844,7.91044,-0.97841,-0.25839,0.64648
1619611244584,0.69431,1.4844,7.91044,-0.97841,-0.25839,0.64648
1619611244604,0.69431,1.4844,7.91044,-0.97841,-0.25839,0.64648
1619611244624,0.69431,1.4844,7.91044,-0.97841,-0.25839,0.64648
1619611244644,0.69431,1.4844,7.91044,-0.97841,-0.25839,0.64648
1619611244664,0.69431,1.4844,7.91044,-0.97841,-0.25839,0.64648
1619611244684,0.69431,1.4844,7.91044,-0.97841,-0.25839,0.64648
1619611244704,0.69431,1.4844,7.91044,-0.97841,-0.25839,0.64648
1619611244724,0.69431,1.4844,7.91044,-0.97841,-0.25839,0.64648
1619611244744,0.69431,1.4844,7.91044,-0.97841,-0.25839,0.64648
1619611244764,0.69431,1.4844,7.91044,-0.97841,-0.25839,0.64648
1619611244784,0.69431,1.4844,7.91044,-0.97841,-0.25839,0.64648
1619611244804,0.69431,1.4844,7.91044,-0.97841,-0.25839,0.64648
1619611244824,0.69431,1.4844,7.91044,-0.97841,-0.25839,0.64648
1619611244844,0.69431,1.4844,7.91044,-0.97841,-0.25839,0.64648
1619611244864,0.69431,1.4844,7.91044,-0.97841,-0.25839,0.64648
1619611244884,0.69431,1.4844,7.91044,-0.97841,-0.25839,0.64648
1619611244904,0.69431,1.4844,7.91044,-0.97841,-0.25839,0.64648
1619611244924,0.69431,1.4844,7.91044,-0.97841,-0.25839,0.64648
1619611244944,0.69431,1.4844,7.91044,-0.97841,-0.25839,0.64648
1619611244964,0.69431,1.4844,7.91044,-0.97841,-0.25839,0.64648
1619611244984,0.69431,1.4844,7.91044,-0.97841,-0.25839,0.64648
1619611245004,0.69431,1.4844,7.91044,-0.97841,-0.25839,0.64648
1619611245024,0.69431,1.4844,7.91044,-0.97841,-0.25839,0.64648
1619611245044,0.69431,1.4844,7.91044,-0.97841,-0.25839,0.64648
1619611245064,0.69431,1.4844,7.91044,-0.97841,-0.25839,0.64648
1619611245084,0.69431,1.4844,7.91044,-0.97841,-0.25839,0.64648
1619611245104,0.69431,1.4844,7.91044,-0.97841,-0.25839,0.64648
1619611245124,0.69431,1.4844,7.91044,-0.97841,-0.25839,0.64648
1619611245144,0.69431,1.4844,7.91044,-0.97841,-0.25839,0.64648
1619611245164,0.69431,1.4844,7.91044,-0.97841,-0.25839,0.64648
1619611245184,0.69431,1.4844,7.91044,-0.97841,-0.25839,0.64648
1619611245204,0.69431,1.4844,7.91044,-0.97841,-0.25839,0.64648
1619611245224,0.69431,1.4844,7.91044,-0.97841,-0.25839,0.64648
1619611245244,0.69431,1.4844,7.91044,-0.97841,-0.25839,0.64648
1619611245264,0.69431,1.4844,7.91044,-0.97841,-0.25839,0.64648
1619611245284,0.69431,1.4844,7.91044,-0.97841,-0.25839,0.64648
1619611245304,0.69431,1.4844,7.91044,-0.97841,-0.25839,0.64648
1619611245324,0.69431,1.4844,7.91044,-0.97841,-0.25839,0.64648
1619611245344,0.69431,1.4844,7.91044,-0.97841,-0.25839,0.64648
1619611245364,0.69431,1.4844,7.91044,-0.97841,-0.25839,0.64648
1619611245384,0.69431,1.4844,7.91044,-0.97841,-0.25839,0.64648
1619611245404,0.69431,1.4844,7.91044,-0.97841,-0.25839,0.64648
1619611245424,0.69431,1.4844,7.91044,-0.97841,-0.25839,0.64648
1619611245444,0.69431,1.4844,7.91044,-0.97841,-0.25839,0.64648
1619611245464,0.69431,1.4844,7.91044,-0.97841,-0.25839,0.64648
1619611245484,0.69431,1.4844,7.91044,-0.97841,-0.25839,0.64648
1619611245504,0.69431,1.4844,7.91044,-0.97841,-0.25839,0.64648
1619611245524,0.69431,1.4844,7.91044,-0.97841,-0.25839,0.64648
1619611245544,0.69431,1.4844,7.91044,-0.97841,-0.25839,0.64648
1619611245564,0.69431,1.4844,7.91044,-0.97841,-0.25839,0.64648
1619611245584,0.69431,1.4844,7.91044,-0.97841,-0.25839,0.64648
1619611245604,0.69431,1.4844,7.91044,-0.97841,-0.25839,0.64648
1619611245624,0.69431,1.4844,7.91044,-0.97841,-0.25839,0.64648
1619611245644,0.69431,1.4844,7.91044,-0.97841,-0.25839,0.64648
1619611245664,0.69431,1.4844,7.91044,-0.97841,-0.25839,0.64648
1619611245684,0.69431,1.4844,7.91044,-0.97841,-0.25839,0.64648
1619611245704,0.69431,1.4844,7.91044,-0.97841,-0.25839,0.64648
1619611245724,0.69431,1.4844,7.91044,-0.97841,-0.25839,0.64648
1619611245744,0.69431,1.4844,7.91044,-0.97841,-0.25839,0.64648
1619611245764,0.69431,1.4844,7.91044,-0.97841,-0.25839,0.64648
1619611245784,0.69431,1.4844,7.91044,-0.97841,-0.25839,0.64648
1619611245804,0.69431,1.4844,7.91044,-0.97841,-0.25839,0.64648
1619611245824,0.69431,1.4844,7.91044,-0.97841,-0.25839,0.64648
1619611245844,0.69431,1.4844,7.91044,-0.97841,-0.25839,0.64648
1619611245864,0.69431,1.4844,7.91044,-0.97841,-0.25839,0.64648
1619611245884,0.69431,1.4844,7.91044,-0.97841,-0.25839,0.64648
1619611245904,0.69431,1.4844,7.91044,-0.97841,-0.25839,0.64648
1619611245924,0.69431,1.4844,7.91044,-0.97841,-0.25839,0.64648
1619611245944,0.69431,1.4844,7.91044,-0.97841,-0.25839,0.64648
1619611245964,0.69431,1.4844,7.91044,-0.97841,-0.25839,0.64648
1619611245964,0.69431,1.4844,7.91044,-0.97841,-0.25839,0.64648
1619611246004,0.69431,1.4844,7.91044,-0.97841,-0.25839,0.64648
1619611246024,0.69431,1.4844,7.91044,-0.97841,-0.25839,0.64648
1619611246044,0.69431,1.4844,7.91044,-0.97841,-0.25839,0.64648
1619611246064,0.69431,1.4844,7.91044,-0.97841,-0.25839,0.64648
1619611246085,0.69431,1.4844,7.91044,-0.97841,-0.25839,0.64648
1619611246104,0.69431,1.4844,7.91044,-0.97841,-0.25839,0.64648
1619611246124,0.69431,1.4844,7.91044,-0.97841,-0.25839,0.64648
1619611246144,0.69431,1.4844,7.91044,-0.97841,-0.25839,0.64648
1619611246164,0.69431,1.4844,7.91044,-0.97841,-0.25839,0.64648
1619611246185,0.69431,1.4844,7.91044,-0.97841,-0.25839,0.64648
1619611246204,0.69431,1.4844,7.91044,-0.97841,-0.25839,0.64648
1619611246224,0.69431,1.4844,7.91044,-0.97841,-0.25839,0.64648
1619611246244,0.69431,1.4844,7.91044,-0.97841,-0.25839,0.64648
1619611246264,0.69431,1.4844,7.91044,-0.97841,-0.25839,0.64648
1619611246285,0.69431,1.4844,7.91044,-0.97841,-0.25839,0.64648
1619611246304,0.69431,1.4844,7.91044,-0.97841,-0.25839,0.64648
1619611246324,0.69431,1.4844,7.91044,-0.97841,-0.25839,0.64648
1619611246344,0.69431,1.4844,7.91044,-0.97841,-0.25839,0.64648
1619611246364,0.69431,1.4844,7.91044,-0.97841,-0.25839,0.64648
1619611246384,0.69431,1.4844,7.91044,-0.97841,-0.25839,0.64648
1619611246404,0.69431,1.4844,7.91044,-0.97841,-0.25839,0.64648
1619611246424,0.69431,1.4844,7.91044,-0.97841,-0.25839,0.64648
1619611246444,0.69431,1.4844,7.91044,-0.97841,-0.25839,0.64648
1619611246464,0.69431,1.4844,7.91044,-0.97841,-0.25839,0.64648
1619611246484,0.69431,1.4844,7.91044,-0.97841,-0.25839,0.64648
1619611246504,0.69431,1.4844,7.91044,-0.97841,-0.25839,0.64648
1619611246524,0.69431,1.4844,7.91044,-0.97841,-0.25839,0.64648
1619611246544,0.69431,1.4844,7.91044,-0.97841,-0.25839,0.64648
1619611246564,0.69431,1.4844,7.91044,-0.97841,-0.25839,0.64648
1619611246584,0.69431,1.4844,7.91044,-0.97841,-0.25839,0.64648
1619611246604,0.69431,1.4844,7.91044,-0.97841,-0.25839,0.64648
1619611246624,0.69431,1.4844,7.91044,-0.97841,-0.25839,0.64648
1619611246644,0.69431,1.4844,7.91044,-0.97841,-0.25839,0.64648
1619611246664,0.69431,1.4844,7.91044,-0.97841,-0.25839,0.64648
1619611246684,0.69431,1.4844,7.91044,-0.97841,-0.25839,0.64648
1619611246704,0.69431,1.4844,7.91044,-0.97841,-0.25839,0.64648
1619611246724,0.69431,1.4844,7.91044,-0.97841,-0.25839,0.64648
1619611246744,0.69431,1.4844,7.91044,-0.97841,-0.25839,0.64648
1619611246764,0.69431,1.4844,7.91044,-0.97841,-0.25839,0.64648
1619611246784,0.69431,1.4844,7.91044,-0.97841,-0.25839,0.64648
1619611246804,0.69431,1.4844,7.91044,-0.97841,-0.25839,0.64648
1619611246824,0.69431,1.4844,7.91044,-0.97841,-0.25839,0.64648
1619611246844,0.69431,1.4844,7.91044,-0.97841,-0.25839,0.64648
1619611246864,0.69431,1.4844,7.91044,-0.97841,-0.25839,0.64648
1619611246884,0.69431,1.4844,7.91044,-0.97841,-0.25839,0.64648
1619611246904,0.69431,1.4844,7.91044,-0.97841,-0.25839,0.64648
1619611246924,0.69431,1.4844,7.91044,-0.97841,-0.25839,0.64648
1619611246944,0.69431,1.4844,7.91044,-0.97841,-0.25839,0.64648
1619611246964,0.69431,1.4844,7.91044,-0.97841,-0.25839,0.64648
1619611246984,0.69431,1.4844,7.91044,-0.97841,-0.25839,0.64648
1619611247004,0.69431,1.4844,7.91044,-0.97841,-0.25839,0.64648
1619611247024,0.69431,1.4844,7.91044,-0.97841,-0.25839,0.64648
1619611247044,0.69431,1.4844,7.91044,-0.97841,-0.25839,0.64648
1619611247064,0.69431,1.4844,7.91044,-0.97841,-0.25839,0.64648
1619611247084,0.69431,1.4844,7.91044,-0.97841,-0.25839,0.64648
1619611247104,0.69431,1.4844,7.91044,-0.97841,-0.25839,0.64648
1619611247124,0.69431,1.4844,7.91044,-0.97841,-0.25839,0.64648
1619611247144,0.69431,1.4844,7.91044,-0.97841,-0.25839,0.64648
1619611247164,0.69431,1.4844,7.91044,-0.97841,-0.25839,0.64648
1619611247184,0.69431,1.4844,7.91044,-0.97841,-0.25839,0.64648
1619611247204,0.69431,1.4844,7.91044,-0.97841,-0.25839,0.64648
1619611247224,0.69431,1.4844,7.91044,-0.97841,-0.25839,0.64648
1619611247244,0.69431,1.4844,7.91044,-0.97841,-0.25839,0.64648
1619611247264,0.69431,1.4844,7.91044,-0.97841,-0.25839,0.64648
1619611247284,0.69431,1.4844,7.91044,-0.97841,-0.25839,0.64648
1619611247304,0.69431,1.4844,7.91044,-0.97841,-0.25839,0.64648
1619611247324,0.69431,1.4844,7.91044,-0.97841,-0.25839,0.64648
1619611247344,0.69431,1.4844,7.91044,-0.97841,-0.25839,0.64648
1619611247364,0.69431,1.4844,7.91044,-0.97841,-0.25839,0.64648
1619611247384,0.69431,1.4844,7.91044,-0.97841,-0.25839,0.64648
1619611247404,0.69431,1.4844,7.91044,-0.97841,-0.25839,0.64648
1619611247424,0.69431,1.4844,7.91044,-0.97841,-0.25839,0.64648
1619611247444,0.69431,1.4844,7.91044,-0.97841,-0.25839,0.64648
1619611247464,0.69431,1.4844,7.91044,-0.97841,-0.25839,0.64648
1619611247484,0.69431,1.4844,7.91044,-0.97841,-0.25839,0.64648
1619611247504,0.69431,1.4844,7.91044,-0.97841,-0.25839,0.64648
1619611247524,0.69431,1.4844,7.91044,-0.97841,-0.25839,0.64648
1619611247544,0.69431,1.4844,7.91044,-0.97841,-0.25839,0.64648
1619611247564,0.69431,1.4844,7.91044,-0.97841,-0.25839,0.64648
1619611247584,0.69431,1.4844,7.91044,-0.97841,-0.25839,0.64648
1619611247604,0.69431,1.4844,7.91044,-0.97841,-0.25839,0.64648
1619611247624,0.69431,1.4844,7.91044,-0.97841,-0.25839,0.64648
1619611247644,0.69431,1.4844,7.91044,-0.97841,-0.25839,0.64648
1619611247664,0.69431,1.4844,7.91044,-0.97841,-0.25839,0.64648
1619611247684,0.69431,1.4844,7.91044,-0.97841,-0.25839,0.64648
1619611247704,0.69431,1.4844,7.91044,-0.97841,-0.25839,0.64648
1619611247724,0.69431,1.4844,7.91044,-0.97841,-0.25839,0.64648
1619611247744,0.69431,1.4844,7.91044,-0.97841,-0.25839,0.64648
1619611247764,0.69431,1.4844,7.91044,-0.97841,-0.25839,0.64648
1619611247784,0.69431,1.4844,7.91044,-0.97841,-0.25839,0.64648
1619611247804,0.69431,1.4844,7.91044,-0.97841,-0.25839,0.64648
1619611247824,0.69431,1.4844,7.91044,-0.97841,-0.25839,0.64648
1619611247844,0.69431,1.4844,7.91044,-0.97841,-0.25839,0.64648
1619611247864,0.69431,1.4844,7.91044,-0.97841,-0.25839,0.64648
1619611247884,0.69431,1.4844,7.91044,-0.97841,-0.25839,0.64648
1619611247904,0.69431,1.4844,7.91044,-0.97841,-0.25839,0.64648
1619611247924,0.69431,1.4844,7.91044,-0.97841,-0.25839,0.64648
1619611247944,0.69431,1.4844,7.91044,-0.97841,-0.25839,0.64648
1619611247964,0.69431,1.4844,7.91044,-0.97841,-0.25839,0.64648
1619611247984,0.69431,1.4844,7.91044,-0.97841,-0.25839,0.64648
1619611248004,0.69431,1.4844,7.91044,-0.97841,-0.25839,0.64648
1619611248024,0.69431,1.4844,7.91044,-0.97841,-0.25839,0.64648
1619611248044,0.69431,1.4844,7.91044,-0.97841,-0.25839,0.64648
1619611248064,0.69431,1.4844,7.91044,-0.97841,-0.25839,0.64648
1619611248084,0.69431,1.4844,7.91044,-0.97841,-0.25839,0.64648
1619611248104,0.69431,1.4844,7.91044,-0.97841,-0.25839,0.64648
1619611248124,0.69431,1.4844,7.91044,-0.97841,-0.25839,0.64648
1619611248144,0.69431,1.4844,7.91044,-0.97841,-0.25839,0.64648
1619611248164,0.69431,1.4844,7.91044,-0.97841,-0.25839,0.64648
1619611248184,0.69431,1.4844,7.91044,-0.97841,-0.25839,0.64648
1619611248204,0.69431,1.4844,7.91044,-0.97841,-0.25839,0.64648
1619611248224,0.69431,1.4844,7.91044,-0.97841,-0.25839,0.64648
1619611248244,0.69431,1.4844,7.91044,-0.97841,-0.25839,0.64648
1619611248264,0.69431,1.4844,7.91044,-0.97841,-0.25839,0.64648
1619611248284,0.69431,1.4844,7.91044,-0.97841,-0.25839,0.64648
1619611248304,0.69431,1.4844,7.91044,-0.97841,-0.25839,0.64648
1619611248324,0.69431,1.4844,7.91044,-0.97841,-0.25839,0.64648
1619611248344,0.69431,1.4844,7.91044,-0.97841,-0.25839,0.64648
1619611248364,0.69431,1.4844,7.91044,-0.97841,-0.25839,0.64648
1619611248384,0.69431,1.4844,7.91044,-0.97841,-0.25839,0.64648
1619611248404,0.69431,1.4844,7.91044,-0.97841,-0.25839,0.64648
1619611248424,0.69431,1.4844,7.91044,-0.97841,-0.25839,0.64648
1619611248444,0.69431,1.4844,7.91044,-0.97841,-0.25839,0.64648
1619611248464,0.69431,1.4844,7.91044,-0.97841,-0.25839,0.64648
1619611248484,0.69431,1.4844,7.91044,-0.97841,-0.25839,0.64648
1619611248505,0.69431,1.4844,7.91044,-0.97841,-0.25839,0.64648
1619611248524,0.69431,1.4844,7.91044,-0.97841,-0.25839,0.64648
1619611248544,0.69431,1.4844,7.91044,-0.97841,-0.25839,0.64648
1619611248564,0.69431,1.4844,7.91044,-0.97841,-0.25839,0.64648
1619611248584,0.69431,1.4844,7.91044,-0.97841,-0.25839,0.64648
1619611248605,0.69431,1.4844,7.91044,-0.97841,-0.25839,0.64648
1619611248624,0.69431,1.4844,7.91044,-0.97841,-0.25839,0.64648
1619611248644,0.69431,1.4844,7.91044,-0.97841,-0.25839,0.64648
1619611248664,0.69431,1.4844,7.91044,-0.97841,-0.25839,0.64648
1619611248684,0.69431,1.4844,7.91044,-0.97841,-0.25839,0.64648
1619611248705,0.69431,1.4844,7.91044,-0.97841,-0.25839,0.64648
1619611248724,0.69431,1.4844,7.91044,-0.97841,-0.25839,0.64648
1619611248744,0.69431,1.4844,7.91044,-0.97841,-0.25839,0.64648
1619611248764,0.69431,1.4844,7.91044,-0.97841,-0.25839,0.64648
1619611248784,0.69431,1.4844,7.91044,-0.97841,-0.25839,0.64648
1619611248806,0.69431,1.4844,7.91044,-0.97841,-0.25839,0.64648
1619611248824,0.69431,1.4844,7.91044,-0.97841,-0.25839,0.64648
1619611248844,0.69431,1.4844,7.91044,-0.97841,-0.25839,0.64648
1619611248864,0.69431,1.4844,7.91044,-0.97841,-0.25839,0.64648
1619611248884,0.69431,1.4844,7.91044,-0.97841,-0.25839,0.64648
1619611248905,0.69431,1.4844,7.91044,-0.97841,-0.25839,0.64648
1619611248924,0.69431,1.4844,7.91044,-0.97841,-0.25839,0.64648
1619611248944,0.69431,1.4844,7.91044,-0.97841,-0.25839,0.64648
1619611248964,0.69431,1.4844,7.91044,-0.97841,-0.25839,0.64648
1619611248984,0.69431,1.4844,7.91044,-0.97841,-0.25839,0.64648
1619611249006,0.69431,1.4844,7.91044,-0.97841,-0.25839,0.64648
1619611249024,0.69431,1.4844,7.91044,-0.97841,-0.25839,0.64648
1619611249044,0.69431,1.4844,7.91044,-0.97841,-0.25839,0.64648
1619611249064,0.69431,1.4844,7.91044,-0.97841,-0.25839,0.64648
1619611249084,0.69431,1.4844,7.91044,-0.97841,-0.25839,0.64648
1619611249105,0.69431,1.4844,7.91044,-0.97841,-0.25839,0.64648
1619611249124,0.69431,1.4844,7.91044,-0.97841,-0.25839,0.64648
1619611249144,0.69431,1.4844,7.91044,-0.97841,-0.25839,0.64648
1619611249164,0.69431,1.4844,7.91044,-0.97841,-0.25839,0.64648
1619611249184,0.69431,1.4844,7.91044,-0.97841,-0.25839,0.64648
1619611249204,0.69431,1.4844,7.91044,-0.97841,-0.25839,0.64648
1619611249224,0.69431,1.4844,7.91044,-0.97841,-0.25839,0.64648
1619611249244,0.69431,1.4844,7.91044,-0.97841,-0.25839,0.64648
1619611249264,0.69431,1.4844,7.91044,-0.97841,-0.25839,0.64648
1619611249284,0.69431,1.4844,7.91044,-0.97841,-0.25839,0.64648
1619611249305,0.69431,1.4844,7.91044,-0.97841,-0.25839,0.64648
1619611249324,0.69431,1.4844,7.91044,-0.97841,-0.25839,0.64648
1619611249344,0.69431,1.4844,7.91044,-0.97841,-0.25839,0.64648
1619611249364,0.69431,1.4844,7.91044,-0.97841,-0.25839,0.64648
1619611249384,0.69431,1.4844,7.91044,-0.97841,-0.25839,0.64648
1619611249404,0.69431,1.4844,7.91044,-0.97841,-0.25839,0.64648
1619611249424,0.69431,1.4844,7.91044,-0.97841,-0.25839,0.64648
1619611249444,0.69431,1.4844,7.91044,-0.97841,-0.25839,0.64648
1619611249464,0.69431,1.4844,7.91044,-0.97841,-0.25839,0.64648
1619611249484,0.69431,1.4844,7.91044,-0.97841,-0.25839,0.64648
1619611249504,0.69431,1.4844,7.91044,-0.97841,-0.25839,0.64648
1619611249524,0.69431,1.4844,7.91044,-0.97841,-0.25839,0.64648
1619611249544,0.69431,1.4844,7.91044,-0.97841,-0.25839,0.64648
1619611249564,0.69431,1.4844,7.91044,-0.97841,-0.25839,0.64648
1619611249584,0.69431,1.4844,7.91044,-0.97841,-0.25839,0.64648
1619611249604,0.69431,1.4844,7.91044,-0.97841,-0.25839,0.64648
1619611249624,0.69431,1.4844,7.91044,-0.97841,-0.25839,0.64648
1619611249644,0.69431,1.4844,7.91044,-0.97841,-0.25839,0.64648
1619611249664,0.69431,1.4844,7.91044,-0.97841,-0.25839,0.64648
1619611249684,0.69431,1.4844,7.91044,-0.97841,-0.25839,0.64648
1619611249704,0.69431,1.4844,7.91044,-0.97841,-0.25839,0.64648
1619611249724,0.69431,1.4844,7.91044,-0.97841,-0.25839,0.64648
1619611249744,0.69431,1.4844,7.91044,-0.97841,-0.25839,0.64648
1619611249764,0.69431,1.4844,7.91044,-0.97841,-0.25839,0.64648
1619611249784,0.69431,1.4844,7.91044,-0.97841,-0.25839,0.64648
1619611249804,0.69431,1.4844,7.91044,-0.97841,-0.25839,0.64648
1619611249824,0.69431,1.4844,7.91044,-0.97841,-0.25839,0.64648
1619611249844,0.69431,1.4844,7.91044,-0.97841,-0.25839,0.64648
1619611249864,0.69431,1.4844,7.91044,-0.97841,-0.25839,0.64648
1619611249884,0.69431,1.4844,7.91044,-0.97841,-0.25839,0.64648
1619611249904,0.69431,1.4844,7.91044,-0.97841,-0.25839,0.64648
1619611249924,0.69431,1.4844,7.91044,-0.97841,-0.25839,0.64648
1619611249944,0.69431,1.4844,7.91044,-0.97841,-0.25839,0.64648
1619611249964,0.69431,1.4844,7.91044,-0.97841,-0.25839,0.64648
1619611249984,0.69431,1.4844,7.91044,-0.97841,-0.25839,0.64648
1619611250004,0.69431,1.4844,7.91044,-0.97841,-0.25839,0.64648
1619611250024,0.69431,1.4844,7.91044,-0.97841,-0.25839,0.64648
1619611250044,0.69431,1.4844,7.91044,-0.97841,-0.25839,0.64648
1619611250064,0.69431,1.4844,7.91044,-0.97841,-0.25839,0.64648
1619611250084,0.69431,1.4844,7.91044,-0.97841,-0.25839,0.64648
1619611250104,0.69431,1.4844,7.91044,-0.97841,-0.25839,0.64648
1619611250124,0.69431,1.4844,7.91044,-0.97841,-0.25839,0.64648
1619611250144,0.69431,1.4844,7.91044,-0.97841,-0.25839,0.64648
1619611250164,0.69431,1.4844,7.91044,-0.97841,-0.25839,0.64648
1619611250184,0.69431,1.4844,7.91044,-0.97841,-0.25839,0.64648
1619611250204,0.69431,1.4844,7.91044,-0.97841,-0.25839,0.64648
1619611250224,0.69431,1.4844,7.91044,-0.97841,-0.25839,0.64648
1619611250244,0.69431,1.4844,7.91044,-0.97841,-0.25839,0.64648
1619611250264,0.69431,1.4844,7.91044,-0.97841,-0.25839,0.64648
1619611250284,0.69431,1.4844,7.91044,-0.97841,-0.25839,0.64648
1619611250304,0.69431,1.4844,7.91044,-0.97841,-0.25839,0.64648
1619611250324,0.69431,1.4844,7.91044,-0.97841,-0.25839,0.64648
1619611250344,0.69431,1.4844,7.91044,-0.97841,-0.25839,0.64648
1619611250364,0.69431,1.4844,7.91044,-0.97841,-0.25839,0.64648
1619611250384,0.69431,1.4844,7.91044,-0.97841,-0.25839,0.64648
1619611250404,0.69431,1.4844,7.91044,-0.97841,-0.25839,0.64648
1619611250424,0.69431,1.4844,7.91044,-0.97841,-0.25839,0.64648
1619611250444,0.69431,1.4844,7.91044,-0.97841,-0.25839,0.64648
1619611250464,0.69431,1.4844,7.91044,-0.97841,-0.25839,0.64648
1619611250484,0.69431,1.4844,7.91044,-0.97841,-0.25839,0.64648
1619611250504,0.69431,1.4844,7.91044,-0.97841,-0.25839,0.64648
1619611250524,0.69431,1.4844,7.91044,-0.97841,-0.25839,0.64648
1619611250544,0.69431,1.4844,7.91044,-0.97841,-0.25839,0.64648
1619611250564,0.69431,1.4844,7.91044,-0.97841,-0.25839,0.64648
1619611250584,0.69431,1.4844,7.91044,-0.97841,-0.25839,0.64648
1619611250604,0.69431,1.4844,7.91044,-0.97841,-0.25839,0.64648
1619611250624,0.69431,1.4844,7.91044,-0.97841,-0.25839,0.64648
1619611250644,0.69431,1.4844,7.91044,-0.97841,-0.25839,0.64648
1619611250664,0.69431,1.4844,7.91044,-0.97841,-0.25839,0.64648
1619611250684,0.69431,1.4844,7.91044,-0.97841,-0.25839,0.64648
1619611250704,0.69431,1.4844,7.91044,-0.97841,-0.25839,0.64648
1619611250724,0.69431,1.4844,7.91044,-0.97841,-0.25839,0.64648
1619611250744,0.69431,1.4844,7.91044,-0.97841,-0.25839,0.64648
1619611250764,0.69431,1.4844,7.91044,-0.97841,-0.25839,0.64648
1619611250784,0.69431,1.4844,7.91044,-0.97841,-0.25839,0.64648
1619611250804,0.69431,1.4844,7.91044,-0.97841,-0.25839,0.64648
1619611250804,0.69431,1.4844,7.91044,-0.97841,-0.25839,0.64648
1619611250844,0.69431,1.4844,7.91044,-0.97841,-0.25839,0.64648
1619611250864,0.69431,1.4844,7.91044,-0.97841,-0.25839,0.64648
1619611250884,0.69431,1.4844,7.91044,-0.97841,-0.25839,0.64648
1619611250904,0.69431,1.4844,7.91044,-0.97841,-0.25839,0.64648
1619611250924,0.69431,1.4844,7.91044,-0.97841,-0.25839,0.64648
1619611250944,0.69431,1.4844,7.91044,-0.97841,-0.25839,0.64648
1619611250964,0.69431,1.4844,7.91044,-0.97841,-0.25839,0.64648
1619611250984,0.69431,1.4844,7.91044,-0.97841,-0.25839,0.64648
1619611251004,0.69431,1.4844,7.91044,-0.97841,-0.25839,0.64648
1619611251024,0.69431,1.4844,7.91044,-0.97841,-0.25839,0.64648
1619611251044,0.69431,1.4844,7.91044,-0.97841,-0.25839,0.64648
1619611251064,0.69431,1.4844,7.91044,-0.97841,-0.25839,0.64648
1619611251084,0.69431,1.4844,7.91044,-0.97841,-0.25839,0.64648
1619611251104,0.69431,1.4844,7.91044,-0.97841,-0.25839,0.64648
1619611251124,0.69431,1.4844,7.91044,-0.97841,-0.25839,0.64648
1619611251144,0.69431,1.4844,7.91044,-0.97841,-0.25839,0.64648
1619611251164,0.69431,1.4844,7.91044,-0.97841,-0.25839,0.64648
1619611251184,0.69431,1.4844,7.91044,-0.97841,-0.25839,0.64648
1619611251204,0.69431,1.4844,7.91044,-0.97841,-0.25839,0.64648
1619611251225,0.69431,1.4844,7.91044,-0.97841,-0.25839,0.64648
1619611251244,0.69431,1.4844,7.91044,-0.97841,-0.25839,0.64648
1619611251264,0.69431,1.4844,7.91044,-0.97841,-0.25839,0.64648
1619611251284,0.69431,1.4844,7.91044,-0.97841,-0.25839,0.64648
1619611251304,0.69431,1.4844,7.91044,-0.97841,-0.25839,0.64648
1619611251324,0.69431,1.4844,7.91044,-0.97841,-0.25839,0.64648
1619611251344,0.69431,1.4844,7.91044,-0.97841,-0.25839,0.64648
1619611251364,0.69431,1.4844,7.91044,-0.97841,-0.25839,0.64648
1619611251384,0.69431,1.4844,7.91044,-0.97841,-0.25839,0.64648
1619611251404,0.69431,1.4844,7.91044,-0.97841,-0.25839,0.64648
1619611251426,0.69431,1.4844,7.91044,-0.97841,-0.25839,0.64648
1619611251444,0.69431,1.4844,7.91044,-0.97841,-0.25839,0.64648
1619611251464,0.69431,1.4844,7.91044,-0.97841,-0.25839,0.64648
1619611251484,0.69431,1.4844,7.91044,-0.97841,-0.25839,0.64648
1619611251504,0.69431,1.4844,7.91044,-0.97841,-0.25839,0.64648
1619611251524,0.69431,1.4844,7.91044,-0.97841,-0.25839,0.64648
1619611251544,0.69431,1.4844,7.91044,-0.97841,-0.25839,0.64648
1619611251564,0.69431,1.4844,7.91044,-0.97841,-0.25839,0.64648
1619611251584,0.69431,1.4844,7.91044,-0.97841,-0.25839,0.64648
1619611251604,0.69431,1.4844,7.91044,-0.97841,-0.25839,0.64648
1619611251624,0.69431,1.4844,7.91044,-0.97841,-0.25839,0.64648
1619611251644,0.69431,1.4844,7.91044,-0.97841,-0.25839,0.64648
1619611251664,0.69431,1.4844,7.91044,-0.97841,-0.25839,0.64648
1619611251684,0.69431,1.4844,7.91044,-0.97841,-0.25839,0.64648
1619611251704,0.69431,1.4844,7.91044,-0.97841,-0.25839,0.64648
1619611251724,0.69431,1.4844,7.91044,-0.97841,-0.25839,0.64648
1619611251744,0.69431,1.4844,7.91044,-0.97841,-0.25839,0.64648
