1619611048529 -0.099465 0.500000 0.000000
1619611048630 -0.099465 0.500000 0.000000
1619611048731 -0.099465 0.500000 0.000000
1619611048832 -0.099465 0.500000 0.000000
1619611048933 -0.099465 0.500000 0.000000
1619611049033 -0.099465 0.500000 0.000000
1619611049134 -0.099465 0.500000 0.000000
1619611049235 -0.099465 0.500000 0.000000
1619611049336 -0.099465 0.500000 0.000000
1619611049437 -0.099465 0.500000 0.000000
1619611049537 -0.099465 0.500000 0.000000
1619611049638 -0.099465 0.500000 0.000000
1619611049739 -0.099465 0.500000 0.000000
1619611049840 -0.099465 0.500000 0.000000
1619611049941 -0.099465 0.500000 0.000000
1619611050042 -0.099465 0.500000 0.000000
1619611050142 -0.099465 0.500000 0.000000
1619611050243 -0.099465 0.500000 0.000000
1619611050344 -0.099465 0.500000 0.000000
1619611050445 -0.099465 0.500000 0.000000
1619611050546 -0.099465 0.500000 0.000000
1619611050647 -0.099465 0.500000 0.000000
1619611050748 -0.099465 0.500000 0.000000
1619611050849 -0.099465 0.500000 0.000000
1619611050949 -0.099465 0.500000 0.000000
1619611051050 -0.099465 0.500000 0.000000
1619611051151 -0.099465 0.500000 0.000000
1619611051252 -0.099465 0.500000 0.000000
1619611051353 -0.099465 0.500000 0.000000
1619611051453 -0.099465 0.500000 0.000000
1619611051554 -0.099465 0.500000 0.000000
1619611051655 -0.099465 0.500000 0.000000
1619611051756 -0.099465 0.500000 0.000000
1619611051857 -0.099465 0.500000 0.000000
1619611051958 -0.099465 0.500000 0.000000
1619611052058 -0.099465 0.500000 0.000000
1619611052159 -0.099465 0.500000 0.000000
1619611052260 -0.099465 0.500000 0.000000
1619611052361 -0.099465 0.500000 0.000000
1619611052462 -0.099465 0.500000 0.000000
1619611052563 -0.099465 0.500000 0.000000
1619611052663 -0.099465 0.500000 0.000000
1619611052764 -0.099465 0.500000 0.000000
1619611052865 -0.099465 0.500000 0.000000
1619611052966 -0.099465 0.500000 0.000000
1619611053067 -0.099465 0.500000 0.000000
1619611053168 -0.099465 0.500000 0.000000
1619611053269 -0.099465 0.500000 0.000000
1619611053370 -0.099465 0.500000 0.000000
1619611053471 -0.099465 0.500000 0.000000
1619611053572 -0.099465 0.500000 0.000000
1619611053672 -0.099465 0.500000 0.000000
1619611053773 -0.099465 0.500000 0.000000
1619611053874 -0.099465 0.500000 0.000000
1619611053975 -0.099465 0.500000 0.000000
1619611054076 -0.099465 0.500000 0.000000
1619611054176 -0.099465 0.500000 0.000000
1619611054277 -0.099465 0.500000 0.000000
1619611054378 -0.099465 0.500000 0.000000
1619611054479 -0.099465 0.500000 0.000000
1619611054580 -0.099465 0.500000 0.000000
1619611054681 -0.099465 0.500000 0.000000
1619611054782 -0.099465 0.500000 0.000000
1619611054882 -0.099465 0.500000 0.000000
1619611054983 -0.099465 0.500000 0.000000
1619611055084 -0.099465 0.500000 0.000000
1619611055185 -0.099465 0.500000 0.000000
1619611055286 -0.099465 0.500000 0.000000
1619611055387 -0.099465 0.500000 0.000000
1619611055488 -0.099465 0.500000 0.000000
1619611055589 -0.099465 0.500000 0.000000
1619611055689 -0.099465 0.500000 0.000000
1619611055790 -0.099465 0.500000 0.000000
1619611055891 -0.099465 0.500000 0.000000
1619611055992 -0.099465 0.500000 0.000000
1619611056093 -0.099465 0.500000 0.000000
1619611056193 -0.099465 0.500000 0.000000
1619611056294 -0.099465 0.500000 0.000000
1619611056395 -0.099465 0.500000 0.000000
1619611056496 -0.099465 0.500000 0.000000
1619611056597 -0.099465 0.500000 0.000000
1619611056697 -0.099465 0.500000 0.000000
1619611056798 -0.099465 0.500000 0.000000
1619611056899 -0.099465 0.500000 0.000000
1619611057000 -0.099465 0.500000 0.000000
1619611057101 -0.099465 0.500000 0.000000
1619611057201 -0.099465 0.500000 0.000000
1619611057302 -0.099465 0.500000 0.000000
1619611057403 -0.099465 0.500000 0.000000
1619611057504 -0.099465 0.500000 0.000000
1619611057605 -0.099465 0.500000 0.000000
1619611057705 -0.099465 0.500000 0.000000
1619611057807 -0.099465 0.500000 0.000000
1619611057907 -0.099465 0.500000 0.000000
1619611058008 -0.099465 0.500000 0.000000
1619611058109 -0.099465 0.500000 0.000000
1619611058210 -0.099465 0.500000 0.000000
1619611058311 -0.099465 0.500000 0.000000
1619611058412 -0.099465 0.500000 0.000000
1619611058512 -0.099465 0.500000 0.000000
1619611058613 -0.099465 0.500000 0.000000
1619611058714 -0.099465 0.500000 0.000000
1619611058815 -0.099465 0.500000 0.000000
1619611058916 -0.099465 0.500000 0.000000
1619611059017 -0.099465 0.500000 0.000000
1619611059118 -0.099465 0.500000 0.000000
1619611059218 -0.099465 0.500000 0.000000
1619611059319 -0.099465 0.500000 0.000000
1619611059420 -0.099465 0.500000 0.000000
1619611059521 -0.099465 0.500000 0.000000
1619611059622 -0.099465 0.500000 0.000000
1619611059723 -0.099465 0.500000 0.000000
1619611059824 -0.099465 0.500000 0.000000
1619611059925 -0.099465 0.500000 0.000000
1619611060026 -0.099465 0.500000 0.000000
1619611060127 -0.099465 0.500000 0.000000
1619611060228 -0.099465 0.500000 0.000000
1619611060328 -0.099465 0.500000 0.000000
1619611060429 -0.099465 0.500000 0.000000
1619611060530 -0.099465 0.500000 0.000000
1619611060631 -0.099465 0.500000 0.000000
1619611060732 -0.099465 0.500000 0.000000
1619611060833 -0.099465 0.500000 0.000000
1619611060933 -0.099465 0.500000 0.000000
1619611061034 -0.099465 0.500000 0.000000
1619611061135 -0.099465 0.500000 0.000000
1619611061236 -0.099465 0.500000 0.000000
1619611061337 -0.099465 0.500000 0.000000
1619611061438 -0.099465 0.500000 0.000000
1619611061538 -0.099465 0.500000 0.000000
1619611061639 -0.099465 0.500000 0.000000
1619611061740 -0.099465 0.500000 0.000000
1619611061841 -0.099465 0.500000 0.000000
1619611061942 -0.099465 0.500000 0.000000
1619611062042 -0.099465 0.500000 0.000000
1619611062143 -0.099465 0.500000 0.000000
1619611062244 -0.099465 0.500000 0.000000
1619611062345 -0.099465 0.500000 0.000000
1619611062446 -0.099465 0.500000 0.000000
1619611062547 -0.099465 0.500000 0.000000
1619611062647 -0.099465 0.500000 0.000000
1619611062748 -0.099465 0.500000 0.000000
1619611062849 -0.099465 0.500000 0.000000
1619611062950 -0.099465 0.500000 0.000000
1619611063051 -0.099465 0.500000 0.000000
1619611063151 -0.099465 0.500000 0.000000
1619611063252 -0.099465 0.500000 0.000000
1619611063353 -0.099465 0.500000 0.000000
1619611063454 -0.099465 0.500000 0.000000
1619611063555 -0.099465 0.500000 0.000000
1619611063655 -0.099465 0.500000 0.000000
1619611063756 -0.099465 0.500000 0.000000
1619611063857 -0.099465 0.500000 0.000000
1619611063958 -0.099465 0.500000 0.000000
1619611064059 -0.099465 0.500000 0.000000
1619611064160 -0.099465 0.500000 0.000000
1619611064260 -0.099465 0.500000 0.000000
1619611064361 -0.099465 0.500000 0.000000
1619611064462 -0.099465 0.500000 0.000000
1619611064563 -0.099465 0.500000 0.000000
1619611064664 -0.099465 0.500000 0.000000
1619611064765 -0.099465 0.500000 0.000000
1619611064866 -0.099465 0.500000 0.000000
1619611064967 -0.099465 0.500000 0.000000
1619611065067 -0.099465 0.500000 0.000000
1619611065168 -0.099465 0.500000 0.000000
1619611065269 -0.099465 0.500000 0.000000
1619611065370 -0.099465 0.500000 0.000000
1619611065471 -0.099465 0.500000 0.000000
1619611065572 -0.099465 0.500000 0.000000
1619611065673 -0.099465 0.500000 0.000000
1619611065774 -0.099465 0.500000 0.000000
1619611065875 -0.099465 0.500000 0.000000
1619611065976 -0.099465 0.500000 0.000000
1619611066077 -0.099465 0.500000 0.000000
1619611066177 -0.099465 0.500000 0.000000
1619611066278 -0.099465 0.500000 0.000000
1619611066379 -0.099465 0.500000 0.000000
1619611066480 -0.099465 0.500000 0.000000
1619611066581 -0.099465 0.500000 0.000000
1619611066681 -0.099465 0.500000 0.000000
1619611066782 -0.099465 0.500000 0.000000
1619611066883 -0.099465 0.500000 0.000000
1619611066984 -0.099465 0.500000 0.000000
1619611067085 -0.099465 0.500000 0.000000
1619611067186 -0.099465 0.500000 0.000000
1619611067287 -0.099465 0.500000 0.000000
1619611067388 -0.099465 0.500000 0.000000
1619611067488 -0.099465 0.500000 0.000000
1619611067589 -0.099465 0.500000 0.000000
1619611067690 -0.099465 0.500000 0.000000
1619611067791 -0.099465 0.500000 0.000000
1619611067892 -0.099465 0.500000 0.000000
1619611067992 -0.099465 0.500000 0.000000
1619611068093 -0.099465 0.500000 0.000000
1619611068194 -0.099465 0.500000 0.000000
1619611068295 -0.099465 0.500000 0.000000
1619611068396 -0.099465 0.500000 0.000000
1619611068497 -0.099465 0.500000 0.000000
1619611068597 -0.099465 0.500000 0.000000
1619611068698 -0.099465 0.500000 0.000000
1619611068799 -0.099465 0.500000 0.000000
1619611068900 -0.099465 0.500000 0.000000
1619611069001 -0.099465 0.500000 0.000000
1619611069102 -0.099465 0.500000 0.000000
1619611069202 -0.099465 0.500000 0.000000
1619611069304 -0.099465 0.500000 0.000000
1619611069404 -0.099465 0.500000 0.000000
1619611069505 -0.099465 0.500000 0.000000
1619611069606 -0.099465 0.500000 0.000000
1619611069707 -0.099465 0.500000 0.000000
1619611069808 -0.099465 0.500000 0.000000
1619611069909 -0.099465 0.500000 0.000000
1619611070009 -0.099465 0.500000 0.000000
1619611070110 -0.099465 0.500000 0.000000
1619611070211 -0.099465 0.500000 0.000000
1619611070312 -0.099465 0.500000 0.000000
1619611070413 -0.099465 0.500000 0.000000
1619611070514 -0.099465 0.500000 0.000000
1619611070614 -0.099465 0.500000 0.000000
1619611070716 -0.099465 0.500000 0.000000
1619611070816 -0.099465 0.500000 0.000000
1619611070917 -0.099465 0.500000 0.000000
1619611071018 -0.099465 0.500000 0.000000
1619611071119 -0.099465 0.500000 0.000000
1619611071220 -0.099465 0.500000 0.000000
1619611071320 -0.099465 0.500000 0.000000
1619611071421 -0.099465 0.500000 0.000000
1619611071522 -0.099465 0.500000 0.000000
1619611071623 -0.099465 0.500000 0.000000
1619611071724 -0.099465 0.500000 0.000000
1619611071824 -0.099465 0.500000 0.000000
1619611071925 -0.099465 0.500000 0.000000
1619611072026 -0.099465 0.500000 0.000000
1619611072127 -0.099465 0.500000 0.000000
1619611072228 -0.099465 0.500000 0.000000
1619611072329 -0.099465 0.500000 0.000000
1619611072429 -0.099465 0.500000 0.000000
1619611072530 -0.099465 0.500000 0.000000
1619611072631 -0.099465 0.500000 0.000000
1619611072732 -0.099465 0.500000 0.000000
1619611072833 -0.099465 0.500000 0.000000
1619611072933 -0.099465 0.500000 0.000000
1619611073034 -0.099465 0.500000 0.000000
1619611073135 -0.099465 0.500000 0.000000
1619611073236 -0.099465 0.500000 0.000000
1619611073337 -0.099465 0.500000 0.000000
1619611073437 -0.099465 0.500000 0.000000
1619611073538 -0.099465 0.500000 0.000000
1619611073639 -0.099465 0.500000 0.000000
1619611073740 -0.099465 0.500000 0.000000
1619611073841 -0.099465 0.500000 0.000000
1619611073941 -0.099465 0.500000 0.000000
1619611074042 -0.099465 0.500000 0.000000
1619611074143 -0.099465 0.500000 0.000000
1619611074244 -0.099465 0.500000 0.000000
1619611074345 -0.099465 0.500000 0.000000
1619611074446 -0.099465 0.500000 0.000000
1619611074547 -0.099465 0.500000 0.000000
1619611074648 -0.099465 0.500000 0.000000
1619611074748 -0.099465 0.500000 0.000000
1619611074849 -0.099465 0.500000 0.000000
1619611074950 -0.099465 0.500000 0.000000
1619611075051 -0.099465 0.500000 0.000000
1619611075152 -0.099465 0.500000 0.000000
1619611075253 -0.099465 0.500000 0.000000
1619611075354 -0.099465 0.500000 0.000000
1619611075454 -0.099465 0.500000 0.000000
1619611075555 -0.099465 0.500000 0.000000
1619611075656 -0.099465 0.500000 0.000000
1619611075757 -0.099465 0.500000 0.000000
1619611075858 -0.099465 0.500000 0.000000
1619611075958 -0.099465 0.500000 0.000000
1619611076059 -0.099465 0.500000 0.000000
1619611076160 -0.099465 0.500000 0.000000
1619611076261 -0.099465 0.500000 0.000000
1619611076361 -0.099465 0.500000 0.000000
1619611076462 -0.099465 0.500000 0.000000
1619611076563 -0.099465 0.500000 0.000000
1619611076664 -0.099465 0.500000 0.000000
1619611076765 -0.099465 0.500000 0.000000
1619611076866 -0.099465 0.500000 0.000000
1619611076967 -0.099465 0.500000 0.000000
1619611077068 -0.099465 0.500000 0.000000
1619611077169 -0.099465 0.500000 0.000000
1619611077269 -0.099465 0.500000 0.000000
1619611077370 -0.099465 0.500000 0.000000
1619611077471 -0.099465 0.500000 0.000000
1619611077572 -0.099465 0.500000 0.000000
1619611077672 -0.099465 0.500000 0.000000
1619611077773 -0.099465 0.500000 0.000000
1619611077874 -0.099465 0.500000 0.000000
1619611077975 -0.099465 0.500000 0.000000
1619611078076 -0.099465 0.500000 0.000000
1619611078177 -0.099465 0.500000 0.000000
1619611078278 -0.099465 0.500000 0.000000
1619611078378 -0.099465 0.500000 0.000000
1619611078479 -0.099465 0.500000 0.000000
1619611078580 -0.099465 0.500000 0.000000
1619611078681 -0.099465 0.500000 0.000000
1619611078782 -0.099465 0.500000 0.000000
1619611078883 -0.099465 0.500000 0.000000
1619611078984 -0.099465 0.500000 0.000000
1619611079084 -0.099465 0.500000 0.000000
1619611079185 -0.099465 0.500000 0.000000
1619611079286 -0.099465 0.500000 0.000000
1619611079387 -0.099465 0.500000 0.000000
1619611079488 -0.099465 0.500000 0.000000
1619611079588 -0.099465 0.500000 0.000000
1619611079689 -0.099465 0.500000 0.000000
1619611079790 -0.099465 0.500000 0.000000
1619611079891 -0.099465 0.500000 0.000000
1619611079992 -0.099465 0.500000 0.000000
1619611080093 -0.099465 0.500000 0.000000
1619611080194 -0.099465 0.500000 0.000000
1619611080295 -0.099465 0.500000 0.000000
1619611080395 -0.099465 0.500000 0.000000
1619611080496 -0.099465 0.500000 0.000000
1619611080597 -0.099465 0.500000 0.000000
1619611080698 -0.099465 0.500000 0.000000
1619611080799 -0.099465 0.500000 0.000000
1619611080899 -0.099465 0.500000 0.000000
1619611081000 -0.099465 0.500000 0.000000
1619611081101 -0.099465 0.500000 0.000000
1619611081202 -0.099465 0.500000 0.000000
1619611081303 -0.099465 0.500000 0.000000
1619611081404 -0.099465 0.500000 0.000000
1619611081504 -0.099465 0.500000 0.000000
1619611081605 -0.099465 0.500000 0.000000
1619611081706 -0.099465 0.500000 0.000000
1619611081807 -0.099465 0.500000 0.000000
1619611081908 -0.099465 0.500000 0.000000
1619611082009 -0.099465 0.500000 0.000000
1619611082110 -0.099465 0.500000 0.000000
1619611082210 -0.099465 0.500000 0.000000
1619611082312 -0.099465 0.500000 0.000000
1619611082412 -0.099465 0.500000 0.000000
1619611082513 -0.099465 0.500000 0.000000
1619611082614 -0.099465 0.500000 0.000000
1619611082715 -0.099465 0.500000 0.000000
1619611082816 -0.099465 0.500000 0.000000
1619611082916 -0.099465 0.500000 0.000000
1619611083017 -0.099465 0.500000 0.000000
1619611083118 -0.099465 0.500000 0.000000
1619611083219 -0.099465 0.500000 0.000000
