1619609347653 -0.296650 0.400000 0.000000
1619609347753 -0.296650 0.400000 0.000000
1619609347854 -0.296650 0.400000 0.000000
1619609347955 -0.296650 0.400000 0.000000
1619609348056 -0.296650 0.400000 0.000000
1619609348157 -0.296650 0.400000 0.000000
1619609348258 -0.296650 0.400000 0.000000
1619609348359 -0.296650 0.400000 0.000000
1619609348460 -0.296650 0.400000 0.000000
1619609348561 -0.296650 0.400000 0.000000
1619609348661 -0.296650 0.400000 0.000000
1619609348762 -0.296650 0.400000 0.000000
1619609348863 -0.296650 0.400000 0.000000
1619609348964 -0.296650 0.400000 0.000000
1619609349065 -0.296650 0.400000 0.000000
1619609349166 -0.296650 0.400000 0.000000
1619609349267 -0.296650 0.400000 0.000000
1619609349368 -0.296650 0.400000 0.000000
1619609349468 -0.296650 0.400000 0.000000
1619609349569 -0.296650 0.400000 0.000000
1619609349670 -0.296650 0.400000 0.000000
1619609349771 -0.296650 0.400000 0.000000
1619609349872 -0.296650 0.400000 0.000000
1619609349973 -0.296650 0.400000 0.000000
1619609350073 -0.296650 0.400000 0.000000
1619609350174 -0.296650 0.400000 0.000000
1619609350275 -0.296650 0.400000 0.000000
1619609350376 -0.296650 0.400000 0.000000
1619609350477 -0.296650 0.400000 0.000000
1619609350578 -0.296650 0.400000 0.000000
1619609350679 -0.296650 0.400000 0.000000
1619609350780 -0.296650 0.400000 0.000000
1619609350881 -0.296650 0.400000 0.000000
1619609350981 -0.296650 0.400000 0.000000
1619609351082 -0.296650 0.400000 0.000000
1619609351183 -0.296650 0.400000 0.000000
1619609351284 -0.296650 0.400000 0.000000
1619609351385 -0.296650 0.400000 0.000000
1619609351486 -0.296650 0.400000 0.000000
1619609351586 -0.296650 0.400000 0.000000
1619609351687 -0.296650 0.400000 0.000000
1619609351788 -0.296650 0.400000 0.000000
1619609351889 -0.296650 0.400000 0.000000
1619609351990 -0.296650 0.400000 0.000000
1619609352090 -0.296650 0.400000 0.000000
1619609352191 -0.296650 0.400000 0.000000
1619609352292 -0.296650 0.400000 0.000000
1619609352393 -0.296650 0.400000 0.000000
1619609352494 -0.296650 0.400000 0.000000
1619609352595 -0.296650 0.400000 0.000000
1619609352696 -0.296650 0.400000 0.000000
1619609352797 -0.296650 0.400000 0.000000
1619609352898 -0.296650 0.400000 0.000000
1619609352998 -0.296650 0.400000 0.000000
1619609353099 -0.296650 0.400000 0.000000
1619609353200 -0.296650 0.400000 0.000000
1619609353301 -0.296650 0.400000 0.000000
1619609353402 -0.296650 0.400000 0.000000
1619609353503 -0.296650 0.400000 0.000000
1619609353604 -0.296650 0.400000 0.000000
1619609353705 -0.296650 0.400000 0.000000
1619609353806 -0.296650 0.400000 0.000000
1619609353907 -0.296650 0.400000 0.000000
1619609354007 -0.296650 0.400000 0.000000
1619609354108 -0.296650 0.400000 0.000000
1619609354209 -0.296650 0.400000 0.000000
1619609354310 -0.296650 0.400000 0.000000
1619609354411 -0.296650 0.400000 0.000000
1619609354511 -0.296650 0.400000 0.000000
1619609354612 -0.296650 0.400000 0.000000
1619609354713 -0.296650 0.400000 0.000000
1619609354814 -0.296650 0.400000 0.000000
1619609354915 -0.296650 0.400000 0.000000
1619609355016 -0.296650 0.400000 0.000000
1619609355116 -0.296650 0.400000 0.000000
1619609355217 -0.296650 0.400000 0.000000
1619609355318 -0.296650 0.400000 0.000000
1619609355419 -0.296650 0.400000 0.000000
1619609355520 -0.296650 0.400000 0.000000
1619609355621 -0.296650 0.400000 0.000000
1619609355721 -0.296650 0.400000 0.000000
1619609355822 -0.296650 0.400000 0.000000
1619609355923 -0.296650 0.400000 0.000000
1619609356024 -0.296650 0.400000 0.000000
1619609356125 -0.296650 0.400000 0.000000
1619609356226 -0.296650 0.400000 0.000000
1619609356327 -0.296650 0.400000 0.000000
1619609356428 -0.296650 0.400000 0.000000
1619609356529 -0.296650 0.400000 0.000000
1619609356630 -0.296650 0.400000 0.000000
1619609356731 -0.296650 0.400000 0.000000
1619609356832 -0.296650 0.400000 0.000000
1619609356933 -0.296650 0.400000 0.000000
1619609357033 -0.296650 0.400000 0.000000
1619609357134 -0.296650 0.400000 0.000000
1619609357235 -0.296650 0.400000 0.000000
1619609357336 -0.296650 0.400000 0.000000
1619609357437 -0.296650 0.400000 0.000000
1619609357538 -0.296650 0.400000 0.000000
1619609357639 -0.296650 0.400000 0.000000
1619609357740 -0.296650 0.400000 0.000000
1619609357841 -0.296650 0.400000 0.000000
1619609357941 -0.296650 0.400000 0.000000
1619609358042 -0.296650 0.400000 0.000000
1619609358143 -0.296650 0.400000 0.000000
1619609358244 -0.296650 0.400000 0.000000
1619609358345 -0.296650 0.400000 0.000000
1619609358446 -0.296650 0.400000 0.000000
1619609358547 -0.296650 0.400000 0.000000
1619609358648 -0.296650 0.400000 0.000000
1619609358749 -0.296650 0.400000 0.000000
1619609358850 -0.296650 0.400000 0.000000
1619609358951 -0.296650 0.400000 0.000000
1619609359052 -0.296650 0.400000 0.000000
1619609359152 -0.296650 0.400000 0.000000
1619609359253 -0.296650 0.400000 0.000000
1619609359354 -0.296650 0.400000 0.000000
1619609359455 -0.296650 0.400000 0.000000
1619609359556 -0.296650 0.400000 0.000000
1619609359656 -0.296650 0.400000 0.000000
1619609359757 -0.296650 0.400000 0.000000
1619609359858 -0.296650 0.400000 0.000000
1619609359959 -0.296650 0.400000 0.000000
1619609360060 -0.296650 0.400000 0.000000
1619609360161 -0.296650 0.400000 0.000000
1619609360262 -0.296650 0.400000 0.000000
1619609360363 -0.296650 0.400000 0.000000
1619609360464 -0.296650 0.400000 0.000000
1619609360565 -0.296650 0.400000 0.000000
1619609360666 -0.296650 0.400000 0.000000
1619609360767 -0.296650 0.400000 0.000000
1619609360867 -0.296650 0.400000 0.000000
1619609360968 -0.296650 0.400000 0.000000
1619609361069 -0.296650 0.400000 0.000000
1619609361170 -0.296650 0.400000 0.000000
1619609361270 -0.296650 0.400000 0.000000
1619609361371 -0.296650 0.400000 0.000000
1619609361472 -0.296650 0.400000 0.000000
1619609361573 -0.296650 0.400000 0.000000
1619609361674 -0.296650 0.400000 0.000000
1619609361775 -0.296650 0.400000 0.000000
1619609361876 -0.296650 0.400000 0.000000
1619609361977 -0.296650 0.400000 0.000000
1619609362078 -0.296650 0.400000 0.000000
1619609362179 -0.296650 0.400000 0.000000
1619609362279 -0.296650 0.400000 0.000000
1619609362380 -0.296650 0.400000 0.000000
1619609362481 -0.296650 0.400000 0.000000
1619609362582 -0.296650 0.400000 0.000000
1619609362683 -0.296650 0.400000 0.000000
1619609362783 -0.296650 0.400000 0.000000
1619609362884 -0.296650 0.400000 0.000000
1619609362985 -0.296650 0.400000 0.000000
1619609363086 -0.296650 0.400000 0.000000
1619609363187 -0.296650 0.400000 0.000000
1619609363288 -0.296650 0.400000 0.000000
1619609363389 -0.296650 0.400000 0.000000
1619609363490 -0.296650 0.400000 0.000000
1619609363590 -0.296650 0.400000 0.000000
1619609363691 -0.296650 0.400000 0.000000
1619609363792 -0.296650 0.400000 0.000000
1619609363893 -0.296650 0.400000 0.000000
1619609363994 -0.296650 0.400000 0.000000
1619609364094 -0.296650 0.400000 0.000000
1619609364195 -0.296650 0.400000 0.000000
1619609364296 -0.296650 0.400000 0.000000
1619609364397 -0.296650 0.400000 0.000000
1619609364500 -0.296650 0.400000 0.000000
1619609364601 -0.296650 0.400000 0.000000
1619609364702 -0.296650 0.400000 0.000000
1619609364802 -0.296650 0.400000 0.000000
1619609364903 -0.296650 0.400000 0.000000
1619609365004 -0.296650 0.400000 0.000000
1619609365105 -0.296650 0.400000 0.000000
1619609365206 -0.296650 0.400000 0.000000
1619609365307 -0.296650 0.400000 0.000000
1619609365408 -0.296650 0.400000 0.000000
1619609365509 -0.296650 0.400000 0.000000
1619609365610 -0.296650 0.400000 0.000000
1619609365711 -0.296650 0.400000 0.000000
1619609365812 -0.296650 0.400000 0.000000
1619609365912 -0.296650 0.400000 0.000000
1619609366013 -0.296650 0.400000 0.000000
1619609366114 -0.296650 0.400000 0.000000
1619609366215 -0.296650 0.400000 0.000000
1619609366315 -0.296650 0.400000 0.000000
1619609366416 -0.296650 0.400000 0.000000
1619609366517 -0.296650 0.400000 0.000000
1619609366618 -0.296650 0.400000 0.000000
1619609366719 -0.296650 0.400000 0.000000
1619609366820 -0.296650 0.400000 0.000000
1619609366921 -0.296650 0.400000 0.000000
1619609367021 -0.296650 0.400000 0.000000
1619609367122 -0.296650 0.400000 0.000000
1619609367223 -0.296650 0.400000 0.000000
1619609367324 -0.296650 0.400000 0.000000
1619609367425 -0.296650 0.400000 0.000000
1619609367526 -0.296650 0.400000 0.000000
1619609367627 -0.296650 0.400000 0.000000
1619609367727 -0.296650 0.400000 0.000000
1619609367828 -0.296650 0.400000 0.000000
1619609367929 -0.296650 0.400000 0.000000
1619609368030 -0.296650 0.400000 0.000000
1619609368131 -0.296650 0.400000 0.000000
1619609368232 -0.296650 0.400000 0.000000
1619609368332 -0.296650 0.400000 0.000000
1619609368433 -0.296650 0.400000 0.000000
1619609368534 -0.296650 0.400000 0.000000
1619609368635 -0.296650 0.400000 0.000000
1619609368736 -0.296650 0.400000 0.000000
1619609368837 -0.296650 0.400000 0.000000
1619609368938 -0.296650 0.400000 0.000000
1619609369038 -0.296650 0.400000 0.000000
1619609369139 -0.296650 0.400000 0.000000
1619609369240 -0.296650 0.400000 0.000000
1619609369341 -0.296650 0.400000 0.000000
1619609369442 -0.296650 0.400000 0.000000
1619609369543 -0.296650 0.400000 0.000000
1619609369643 -0.296650 0.400000 0.000000
1619609369744 -0.296650 0.400000 0.000000
1619609369845 -0.296650 0.400000 0.000000
1619609369946 -0.296650 0.400000 0.000000
1619609370047 -0.296650 0.400000 0.000000
1619609370148 -0.296650 0.400000 0.000000
1619609370249 -0.296650 0.400000 0.000000
1619609370349 -0.296650 0.400000 0.000000
1619609370450 -0.296650 0.400000 0.000000
1619609370551 -0.296650 0.400000 0.000000
1619609370652 -0.296650 0.400000 0.000000
1619609370753 -0.296650 0.400000 0.000000
1619609370853 -0.296650 0.400000 0.000000
1619609370954 -0.296650 0.400000 0.000000
1619609371055 -0.296650 0.400000 0.000000
1619609371156 -0.296650 0.400000 0.000000
1619609371257 -0.296650 0.400000 0.000000
1619609371358 -0.296650 0.400000 0.000000
1619609371458 -0.296650 0.400000 0.000000
1619609371559 -0.296650 0.400000 0.000000
1619609371660 -0.296650 0.400000 0.000000
1619609371761 -0.296650 0.400000 0.000000
1619609371862 -0.296650 0.400000 0.000000
1619609371963 -0.296650 0.400000 0.000000
1619609372064 -0.296650 0.400000 0.000000
1619609372165 -0.296650 0.400000 0.000000
1619609372265 -0.296650 0.400000 0.000000
1619609372366 -0.296650 0.400000 0.000000
1619609372467 -0.296650 0.400000 0.000000
1619609372568 -0.296650 0.400000 0.000000
1619609372669 -0.296650 0.400000 0.000000
1619609372770 -0.296650 0.400000 0.000000
1619609372870 -0.296650 0.400000 0.000000
1619609372971 -0.296650 0.400000 0.000000
1619609373072 -0.296650 0.400000 0.000000
1619609373173 -0.296650 0.400000 0.000000
1619609373274 -0.296650 0.400000 0.000000
1619609373374 -0.296650 0.400000 0.000000
1619609373475 -0.296650 0.400000 0.000000
1619609373576 -0.296650 0.400000 0.000000
1619609373677 -0.296650 0.400000 0.000000
1619609373778 -0.296650 0.400000 0.000000
1619609373878 -0.296650 0.400000 0.000000
1619609373979 -0.296650 0.400000 0.000000
1619609374080 -0.296650 0.400000 0.000000
1619609374181 -0.296650 0.400000 0.000000
1619609374282 -0.296650 0.400000 0.000000
1619609374383 -0.296650 0.400000 0.000000
1619609374483 -0.296650 0.400000 0.000000
1619609374584 -0.296650 0.400000 0.000000
1619609374685 -0.296650 0.400000 0.000000
1619609374786 -0.296650 0.400000 0.000000
1619609374887 -0.296650 0.400000 0.000000
1619609374988 -0.296650 0.400000 0.000000
1619609375089 -0.296650 0.400000 0.000000
1619609375190 -0.296650 0.400000 0.000000
1619609375290 -0.296650 0.400000 0.000000
1619609375391 -0.296650 0.400000 0.000000
1619609375492 -0.296650 0.400000 0.000000
1619609375593 -0.296650 0.400000 0.000000
1619609375694 -0.296650 0.400000 0.000000
1619609375794 -0.296650 0.400000 0.000000
1619609375895 -0.296650 0.400000 0.000000
1619609375996 -0.296650 0.400000 0.000000
1619609376097 -0.296650 0.400000 0.000000
1619609376198 -0.296650 0.400000 0.000000
1619609376298 -0.296650 0.400000 0.000000
1619609376399 -0.296650 0.400000 0.000000
1619609376500 -0.296650 0.400000 0.000000
1619609376601 -0.296650 0.400000 0.000000
1619609376702 -0.296650 0.400000 0.000000
1619609376803 -0.296650 0.400000 0.000000
1619609376903 -0.296650 0.400000 0.000000
1619609377004 -0.296650 0.400000 0.000000
1619609377105 -0.296650 0.400000 0.000000
1619609377206 -0.296650 0.400000 0.000000
1619609377307 -0.296650 0.400000 0.000000
1619609377407 -0.296650 0.400000 0.000000
1619609377508 -0.296650 0.400000 0.000000
1619609377609 -0.296650 0.400000 0.000000
1619609377710 -0.296650 0.400000 0.000000
1619609377811 -0.296650 0.400000 0.000000
1619609377912 -0.296650 0.400000 0.000000
1619609378013 -0.296650 0.400000 0.000000
1619609378114 -0.296650 0.400000 0.000000
1619609378215 -0.296650 0.400000 0.000000
1619609378315 -0.296650 0.400000 0.000000
1619609378416 -0.296650 0.400000 0.000000
1619609378517 -0.296650 0.400000 0.000000
1619609378618 -0.296650 0.400000 0.000000
1619609378719 -0.296650 0.400000 0.000000
1619609378820 -0.296650 0.400000 0.000000
1619609378921 -0.296650 0.400000 0.000000
1619609379022 -0.296650 0.400000 0.000000
1619609379123 -0.296650 0.400000 0.000000
1619609379223 -0.296650 0.400000 0.000000
1619609379324 -0.296650 0.400000 0.000000
1619609379425 -0.296650 0.400000 0.000000
1619609379526 -0.296650 0.400000 0.000000
1619609379627 -0.296650 0.400000 0.000000
1619609379728 -0.296650 0.400000 0.000000
1619609379828 -0.296650 0.400000 0.000000
1619609379929 -0.296650 0.400000 0.000000
1619609380030 -0.296650 0.400000 0.000000
1619609380131 -0.296650 0.400000 0.000000
1619609380232 -0.296650 0.400000 0.000000
1619609380333 -0.296650 0.400000 0.000000
1619609380433 -0.296650 0.400000 0.000000
1619609380534 -0.296650 0.400000 0.000000
1619609380635 -0.296650 0.400000 0.000000
1619609380737 -0.296650 0.400000 0.000000
1619609380838 -0.296650 0.400000 0.000000
1619609380939 -0.296650 0.400000 0.000000
1619609381040 -0.296650 0.400000 0.000000
1619609381141 -0.296650 0.400000 0.000000
1619609381241 -0.296650 0.400000 0.000000
1619609381342 -0.296650 0.400000 0.000000
1619609381443 -0.296650 0.400000 0.000000
1619609381544 -0.296650 0.400000 0.000000
1619609381645 -0.296650 0.400000 0.000000
1619609381746 -0.296650 0.400000 0.000000
1619609381848 -0.296650 0.400000 0.000000
1619609381948 -0.296650 0.400000 0.000000
1619609382049 -0.296650 0.400000 0.000000
1619609382150 -0.296650 0.400000 0.000000
1619609382251 -0.296650 0.400000 0.000000
1619609382352 -0.296650 0.400000 0.000000
