1619609351484,0.401,0,0,0,0,0.708
1619609351504,0.394,0,0,0,0,0.708
1619609351524,0.398,0,0,0,0,0.708
1619609351544,0.415,0,0,0,0,0.708
1619609351564,0.381,0,0,0,0,0.708
1619609351584,0.394,0,0,0,0,0.708
1619609351604,0.405,0,0,0,0,0.708
1619609351624,0.394,0,0,0,0,0.708
1619609351644,0.394,0,0,0,0,0.708
1619609351664,0.401,0,0,0,0,0.708
1619609351684,0.394,0,0,0,0,0.708
1619609351704,0.391,0,0,0,0,0.708
1619609351724,0.415,0,0,0,0,0.708
1619609351744,0.374,0,0,0,0,0.708
1619609351764,0.394,0,0,0,0,0.708
1619609351784,0.394,0,0,0,0,0.708
1619609351804,0.398,0,0,0,0,0.708
1619609351824,0.391,0,0,0,0,0.708
1619609351844,0.401,0,0,0,0,0.708
1619609351864,0.394,0,0,0,0,0.708
1619609351884,0.398,0,0,0,0,0.708
1619609351904,0.394,0,0,0,0,0.708
1619609351924,0.401,0,0,0,0,0.708
1619609351944,0.387,0,0,0,0,0.708
1619609351964,0.408,0,0,0,0,0.708
1619609351983,0.405,0,0,0,0,0.708
1619609352004,0.394,0,0,0,0,0.708
1619609352024,0.394,0,0,0,0,0.708
1619609352044,0.408,0,0,0,0,0.708
1619609352064,0.398,0,0,0,0,0.708
1619609352083,0.401,0,0,0,0,0.708
1619609352104,0.398,0,0,0,0,0.708
1619609352124,0.398,0,0,0,0,0.708
1619609352144,0.394,0,0,0,0,0.708
1619609352163,0.398,0,0,0,0,0.708
1619609352184,0.391,0,0,0,0,0.708
1619609352204,0.391,0,0,0,0,0.708
1619609352224,0.398,0,0,0,0,0.708
1619609352244,0.394,0,0,0,0,0.708
1619609352264,0.394,0,0,0,0,0.708
1619609352283,0.405,0,0,0,0,0.708
1619609352304,0.391,0,0,0,0,0.708
1619609352323,0.387,0,0,0,0,0.708
1619609352344,0.405,0,0,0,0,0.708
1619609352363,0.394,0,0,0,0,0.708
1619609352383,0.398,0,0,0,0,0.708
1619609352404,0.408,0,0,0,0,0.708
1619609352424,0.391,0,0,0,0,0.708
1619609352444,0.384,0,0,0,0,0.708
1619609352463,0.401,0,0,0,0,0.708
1619609352483,0.401,0,0,0,0,0.708
1619609352504,0.398,0,0,0,0,0.708
1619609352524,0.394,0,0,0,0,0.708
1619609352544,0.401,0,0,0,0,0.708
1619609352564,0.391,0,0,0,0,0.708
1619609352583,0.394,0,0,0,0,0.708
1619609352603,0.411,0,0,0,0,0.708
1619609352623,0.391,0,0,0,0,0.708
1619609352644,0.387,0,0,0,0,0.708
1619609352664,0.394,0,0,0,0,0.708
1619609352684,0.391,0,0,0,0,0.708
1619609352714,0.405,0,0,0,0,0.708
1619609352723,0.398,0,0,0,0,0.708
1619609352744,0.394,0,0,0,0,0.708
1619609352764,0.401,0,0,0,0,0.708
1619609352784,0.405,0,0,0,0,0.708
1619609352804,0.387,0,0,0,0,0.708
1619609352824,0.391,0,0,0,0,0.708
1619609352844,0.391,0,0,0,0,0.708
1619609352864,0.401,0,0,0,0,0.708
1619609352884,0.401,0,0,0,0,0.708
1619609352904,0.394,0,0,0,0,0.708
1619609352924,0.387,0,0,0,0,0.708
1619609352944,0.398,0,0,0,0,0.708
1619609352964,0.398,0,0,0,0,0.708
1619609352983,0.408,0,0,0,0,0.708
1619609353004,0.377,0,0,0,0,0.708
1619609353024,0.394,0,0,0,0,0.708
1619609353044,0.391,0,0,0,0,0.708
1619609353064,0.398,0,0,0,0,0.708
1619609353084,0.391,0,0,0,0,0.708
1619609353104,0.398,0,0,0,0,0.708
1619609353124,0.391,0,0,0,0,0.708
1619609353144,0.408,0,0,0,0,0.708
1619609353164,0.398,0,0,0,0,0.708
1619609353183,0.394,0,0,0,0,0.708
1619609353216,0.401,0,0,0,0,0.708
1619609353224,0.401,0,0,0,0,0.708
1619609353244,0.401,0,0,0,0,0.708
1619609353264,0.391,0,0,0,0,0.708
1619609353284,0.405,0,0,0,0,0.708
1619609353304,0.398,0,0,0,0,0.708
1619609353323,0.398,0,0,0,0,0.708
1619609353343,0.398,0,0,0,0,0.708
1619609353364,0.391,0,0,0,0,0.708
1619609353384,0.391,0,0,0,0,0.708
1619609353404,0.394,0,0,0,0,0.708
1619609353424,0.394,0,0,0,0,0.708
1619609353444,0.391,0,0,0,0,0.708
1619609353463,0.391,0,0,0,0,0.708
1619609353483,0.398,0,0,0,0,0.708
1619609353504,0.401,0,0,0,0,0.708
1619609353524,0.394,0,0,0,0,0.708
1619609353544,0.384,0,0,0,0,0.708
1619609353564,0.398,0,0,0,0,0.708
1619609353583,0.398,0,0,0,0,0.708
1619609353604,0.398,0,0,0,0,0.708
1619609353624,0.394,0,0,0,0,0.708
1619609353644,0.401,0,0,0,0,0.708
1619609353664,0.394,0,0,0,0,0.708
1619609353684,0.401,0,0,0,0,0.708
1619609353704,0.408,0,0,0,0,0.708
1619609353724,0.394,0,0,0,0,0.708
1619609353743,0.394,0,0,0,0,0.708
1619609353764,0.391,0,0,0,0,0.708
1619609353783,0.401,0,0,0,0,0.708
1619609353804,0.401,0,0,0,0,0.708
1619609353824,0.391,0,0,0,0,0.708
1619609353844,0.391,0,0,0,0,0.708
1619609353864,0.398,0,0,0,0,0.708
1619609353884,0.408,0,0,0,0,0.708
1619609353904,0.381,0,0,0,0,0.708
1619609353924,0.394,0,0,0,0,0.708
1619609353944,0.394,0,0,0,0,0.708
1619609353963,0.391,0,0,0,0,0.708
1619609353984,0.401,0,0,0,0,0.708
1619609354004,0.394,0,0,0,0,0.708
1619609354024,0.398,0,0,0,0,0.708
1619609354044,0.401,0,0,0,0,0.708
1619609354064,0.422,0,0,0,0,0.708
1619609354084,0.374,0,0,0,0,0.708
1619609354104,0.401,0,0,0,0,0.708
1619609354123,0.405,0,0,0,0,0.708
1619609354144,0.391,0,0,0,0,0.708
1619609354164,0.405,0,0,0,0,0.708
1619609354184,0.405,0,0,0,0,0.708
1619609354203,0.387,0,0,0,0,0.708
1619609354224,0.401,0,0,0,0,0.708
1619609354244,0.398,0,0,0,0,0.708
1619609354264,0.391,0,0,0,0,0.708
1619609354284,0.391,0,0,0,0,0.708
1619609354304,0.401,0,0,0,0,0.708
1619609354324,0.394,0,0,0,0,0.708
1619609354344,0.387,0,0,0,0,0.708
1619609354363,0.401,0,0,0,0,0.708
1619609354383,0.398,0,0,0,0,0.708
1619609354404,0.398,0,0,0,0,0.708
1619609354424,0.398,0,0,0,0,0.708
1619609354444,0.394,0,0,0,0,0.708
1619609354464,0.394,0,0,0,0,0.708
1619609354484,0.405,0,0,0,0,0.708
1619609354504,0.398,0,0,0,0,0.708
1619609354524,0.387,0,0,0,0,0.708
1619609354544,0.405,0,0,0,0,0.708
1619609354564,0.398,0,0,0,0,0.708
1619609354584,0.405,0,0,0,0,0.708
1619609354604,0.391,0,0,0,0,0.708
1619609354624,0.391,0,0,0,0,0.708
1619609354644,0.391,0,0,0,0,0.708
1619609354664,0.391,0,0,0,0,0.708
1619609354684,0.394,0,0,0,0,0.708
1619609354703,0.387,0,0,0,0,0.708
1619609354724,0.391,0,0,0,0,0.708
1619609354743,0.394,0,0,0,0,0.708
1619609354763,0.384,0,0,0,0,0.708
1619609354783,0.405,0,0,0,0,0.708
1619609354804,0.387,0,0,0,0,0.708
1619609354824,0.391,0,0,0,0,0.708
1619609354843,0.401,0,0,0,0,0.708
1619609354863,0.401,0,0,0,0,0.708
1619609354883,0.391,0,0,0,0,0.708
1619609354904,0.405,0,0,0,0,0.708
1619609354923,0.405,0,0,0,0,0.708
1619609354943,0.387,0,0,0,0,0.708
1619609354963,0.415,0,0,0,0,0.708
1619609354983,0.387,0,0,0,0,0.708
1619609355003,0.387,0,0,0,0,0.708
1619609355024,0.391,0,0,0,0,0.708
1619609355044,0.398,0,0,0,0,0.708
1619609355064,0.398,0,0,0,0,0.708
1619609355083,0.387,0,0,0,0,0.708
1619609355103,0.394,0,0,0,0,0.708
1619609355124,0.398,0,0,0,0,0.708
1619609355143,0.415,0,0,0,0,0.708
1619609355164,0.377,0,0,0,0,0.708
1619609355183,0.394,0,0,0,0,0.708
1619609355203,0.391,0,0,0,0,0.708
1619609355224,0.401,0,0,0,0,0.708
1619609355244,0.394,0,0,0,0,0.708
1619609355264,0.398,0,0,0,0,0.708
1619609355283,0.401,0,0,0,0,0.708
1619609355303,0.398,0,0,0,0,0.708
1619609355324,0.391,0,0,0,0,0.708
1619609355344,0.391,0,0,0,0,0.708
1619609355364,0.408,0,0,0,0,0.708
1619609355384,0.391,0,0,0,0,0.708
1619609355403,0.391,0,0,0,0,0.708
1619609355424,0.401,0,0,0,0,0.708
1619609355444,0.394,0,0,0,0,0.708
1619609355464,0.394,0,0,0,0,0.708
1619609355484,0.401,0,0,0,0,0.708
1619609355504,0.401,0,0,0,0,0.708
1619609355524,0.381,0,0,0,0,0.708
1619609355544,0.408,0,0,0,0,0.708
1619609355563,0.391,0,0,0,0,0.708
1619609355584,0.391,0,0,0,0,0.708
1619609355603,0.401,0,0,0,0,0.708
1619609355625,0.398,0,0,0,0,0.708
1619609355644,0.391,0,0,0,0,0.708
1619609355664,0.405,0,0,0,0,0.708
1619609355683,0.405,0,0,0,0,0.708
1619609355704,0.381,0,0,0,0,0.708
1619609355724,0.381,0,0,0,0,0.708
1619609355744,0.405,0,0,0,0,0.708
1619609355764,0.401,0,0,0,0,0.708
1619609355783,0.387,0,0,0,0,0.708
1619609355803,0.405,0,0,0,0,0.708
1619609355824,0.398,0,0,0,0,0.708
1619609355844,0.387,0,0,0,0,0.708
1619609355864,0.391,0,0,0,0,0.708
1619609355884,0.408,0,0,0,0,0.708
1619609355903,0.377,0,0,0,0,0.708
1619609355925,0.394,0,0,0,0,0.708
1619609355944,0.391,0,0,0,0,0.708
1619609355964,0.391,0,0,0,0,0.708
1619609355983,0.394,0,0,0,0,0.708
1619609356003,0.391,0,0,0,0,0.708
1619609356023,0.391,0,0,0,0,0.708
1619609356044,0.398,0,0,0,0,0.708
1619609356064,0.415,0,0,0,0,0.708
1619609356083,0.415,0,0,0,0,0.708
1619609356103,0.381,0,0,0,0,0.708
1619609356123,0.398,0,0,0,0,0.708
1619609356144,0.398,0,0,0,0,0.708
1619609356164,0.401,0,0,0,0,0.708
1619609356184,0.391,0,0,0,0,0.708
1619609356203,0.398,0,0,0,0,0.708
1619609356223,0.405,0,0,0,0,0.708
1619609356243,0.394,0,0,0,0,0.708
1619609356264,0.398,0,0,0,0,0.708
1619609356284,0.394,0,0,0,0,0.708
1619609356304,0.394,0,0,0,0,0.708
1619609356323,0.401,0,0,0,0,0.708
1619609356344,0.394,0,0,0,0,0.708
1619609356364,0.394,0,0,0,0,0.708
1619609356384,0.405,0,0,0,0,0.708
1619609356404,0.398,0,0,0,0,0.708
1619609356423,0.398,0,0,0,0,0.708
1619609356443,0.394,0,0,0,0,0.708
1619609356464,0.394,0,0,0,0,0.708
1619609356484,0.394,0,0,0,0,0.708
1619609356504,0.401,0,0,0,0,0.708
1619609356524,0.401,0,0,0,0,0.708
1619609356544,0.391,0,0,0,0,0.708
1619609356564,0.401,0,0,0,0,0.708
1619609356583,0.391,0,0,0,0,0.708
1619609356604,0.405,0,0,0,0,0.708
1619609356623,0.391,0,0,0,0,0.708
1619609356643,0.394,0,0,0,0,0.708
1619609356664,0.401,0,0,0,0,0.708
1619609356684,0.387,0,0,0,0,0.708
1619609356704,0.398,0,0,0,0,0.708
1619609356723,0.398,0,0,0,0,0.708
1619609356744,0.391,0,0,0,0,0.708
1619609356764,0.394,0,0,0,0,0.708
1619609356784,0.405,0,0,0,0,0.708
1619609356804,0.405,0,0,0,0,0.708
1619609356824,0.387,0,0,0,0,0.708
1619609356844,0.391,0,0,0,0,0.708
1619609356864,0.398,0,0,0,0,0.708
1619609356884,0.401,0,0,0,0,0.708
1619609356904,0.398,0,0,0,0,0.708
1619609356924,0.394,0,0,0,0,0.708
1619609356944,0.401,0,0,0,0,0.708
1619609356964,0.401,0,0,0,0,0.708
1619609356984,0.411,0,0,0,0,0.708
1619609357004,0.387,0,0,0,0,0.708
1619609357024,0.398,0,0,0,0,0.708
1619609357044,0.387,0,0,0,0,0.708
1619609357064,0.405,0,0,0,0,0.708
1619609357084,0.394,0,0,0,0,0.708
1619609357104,0.394,0,0,0,0,0.708
1619609357124,0.398,0,0,0,0,0.708
1619609357144,0.394,0,0,0,0,0.708
1619609357164,0.411,0,0,0,0,0.708
1619609357184,0.411,0,0,0,0,0.708
1619609357204,0.374,0,0,0,0,0.708
1619609357224,0.391,0,0,0,0,0.708
1619609357255,0.391,0,0,0,0,0.708
1619609357264,0.394,0,0,0,0,0.708
1619609357284,0.394,0,0,0,0,0.708
1619609357304,0.391,0,0,0,0,0.708
1619609357324,0.401,0,0,0,0,0.708
1619609357344,0.398,0,0,0,0,0.708
1619609357364,0.391,0,0,0,0,0.708
1619609357384,0.401,0,0,0,0,0.708
1619609357403,0.394,0,0,0,0,0.708
1619609357424,0.401,0,0,0,0,0.708
1619609357444,0.405,0,0,0,0,0.708
1619609357464,0.394,0,0,0,0,0.708
1619609357484,0.398,0,0,0,0,0.708
1619609357506,0.401,0,0,0,0,0.708
1619609357524,0.391,0,0,0,0,0.708
1619609357544,0.391,0,0,0,0,0.708
1619609357564,0.394,0,0,0,0,0.708
1619609357584,0.394,0,0,0,0,0.708
1619609357604,0.394,0,0,0,0,0.708
1619609357624,0.398,0,0,0,0,0.708
1619609357645,0.391,0,0,0,0,0.708
1619609357664,0.394,0,0,0,0,0.708
1619609357683,0.394,0,0,0,0,0.708
1619609357704,0.398,0,0,0,0,0.708
1619609357723,0.398,0,0,0,0,0.708
1619609357745,0.394,0,0,0,0,0.708
1619609357764,0.398,0,0,0,0,0.708
1619609357783,0.394,0,0,0,0,0.708
1619609357803,0.391,0,0,0,0,0.708
1619609357823,0.401,0,0,0,0,0.708
1619609357845,0.398,0,0,0,0,0.708
1619609357864,0.394,0,0,0,0,0.708
1619609357884,0.415,0,0,0,0,0.708
1619609357903,0.415,0,0,0,0,0.708
1619609357924,0.384,0,0,0,0,0.708
1619609357944,0.394,0,0,0,0,0.708
1619609357964,0.405,0,0,0,0,0.708
1619609357983,0.394,0,0,0,0,0.708
1619609358003,0.398,0,0,0,0,0.708
1619609358023,0.398,0,0,0,0,0.708
1619609358044,0.394,0,0,0,0,0.708
1619609358064,0.394,0,0,0,0,0.708
1619609358084,0.408,0,0,0,0,0.708
1619609358104,0.394,0,0,0,0,0.708
1619609358123,0.401,0,0,0,0,0.708
1619609358144,0.401,0,0,0,0,0.708
1619609358164,0.387,0,0,0,0,0.708
1619609358183,0.401,0,0,0,0,0.708
1619609358203,0.401,0,0,0,0,0.708
1619609358223,0.394,0,0,0,0,0.708
1619609358243,0.415,0,0,0,0,0.708
1619609358264,0.415,0,0,0,0,0.708
1619609358284,0.381,0,0,0,0,0.708
1619609358304,0.384,0,0,0,0,0.708
1619609358324,0.405,0,0,0,0,0.708
1619609358344,0.401,0,0,0,0,0.708
1619609358363,0.394,0,0,0,0,0.708
1619609358384,0.398,0,0,0,0,0.708
1619609358404,0.398,0,0,0,0,0.708
1619609358424,0.398,0,0,0,0,0.708
1619609358443,0.391,0,0,0,0,0.708
1619609358464,0.398,0,0,0,0,0.708
1619609358484,0.394,0,0,0,0,0.708
1619609358504,0.391,0,0,0,0,0.708
1619609358524,0.391,0,0,0,0,0.708
1619609358544,0.394,0,0,0,0,0.708
1619609358564,0.394,0,0,0,0,0.708
1619609358583,0.401,0,0,0,0,0.708
1619609358604,0.401,0,0,0,0,0.708
1619609358624,0.387,0,0,0,0,0.708
1619609358643,0.398,0,0,0,0,0.708
1619609358664,0.391,0,0,0,0,0.708
1619609358683,0.394,0,0,0,0,0.708
1619609358704,0.398,0,0,0,0,0.708
1619609358723,0.398,0,0,0,0,0.708
1619609358744,0.401,0,0,0,0,0.708
1619609358764,0.394,0,0,0,0,0.708
1619609358784,0.408,0,0,0,0,0.708
1619609358803,0.394,0,0,0,0,0.708
1619609358823,0.394,0,0,0,0,0.708
1619609358843,0.398,0,0,0,0,0.708
1619609358863,0.398,0,0,0,0,0.708
1619609358883,0.398,0,0,0,0,0.708
1619609358903,0.398,0,0,0,0,0.708
1619609358923,0.401,0,0,0,0,0.708
1619609358944,0.391,0,0,0,0,0.708
1619609358963,0.391,0,0,0,0,0.708
1619609358984,0.408,0,0,0,0,0.708
1619609359003,0.387,0,0,0,0,0.708
1619609359023,0.391,0,0,0,0,0.708
1619609359043,0.401,0,0,0,0,0.708
1619609359064,0.391,0,0,0,0,0.708
1619609359084,0.391,0,0,0,0,0.708
1619609359103,0.405,0,0,0,0,0.708
1619609359124,0.398,0,0,0,0,0.708
1619609359143,0.387,0,0,0,0,0.708
1619609359164,0.415,0,0,0,0,0.708
1619609359183,0.381,0,0,0,0,0.708
1619609359203,0.398,0,0,0,0,0.708
1619609359223,0.401,0,0,0,0,0.708
1619609359243,0.398,0,0,0,0,0.708
1619609359263,0.391,0,0,0,0,0.708
1619609359284,0.405,0,0,0,0,0.708
1619609359304,0.394,0,0,0,0,0.708
1619609359324,0.394,0,0,0,0,0.708
1619609359343,0.394,0,0,0,0,0.708
1619609359363,0.401,0,0,0,0,0.708
1619609359383,0.391,0,0,0,0,0.708
1619609359403,0.394,0,0,0,0,0.708
1619609359424,0.394,0,0,0,0,0.708
1619609359443,0.398,0,0,0,0,0.708
1619609359464,0.398,0,0,0,0,0.708
1619609359484,0.394,0,0,0,0,0.708
1619609359504,0.398,0,0,0,0,0.708
1619609359524,0.398,0,0,0,0,0.708
1619609359544,0.398,0,0,0,0,0.708
1619609359574,0.398,0,0,0,0,0.708
1619609359584,0.401,0,0,0,0,0.708
1619609359604,0.394,0,0,0,0,0.708
1619609359624,0.394,0,0,0,0,0.708
1619609359644,0.394,0,0,0,0,0.708
1619609359664,0.394,0,0,0,0,0.708
1619609359683,0.391,0,0,0,0,0.708
1619609359703,0.405,0,0,0,0,0.708
1619609359723,0.391,0,0,0,0,0.708
1619609359743,0.387,0,0,0,0,0.708
1619609359765,0.398,0,0,0,0,0.708
1619609359784,0.398,0,0,0,0,0.708
1619609359804,0.387,0,0,0,0,0.708
1619609359823,0.398,0,0,0,0,0.708
1619609359843,0.391,0,0,0,0,0.708
1619609359864,0.398,0,0,0,0,0.708
1619609359884,0.408,0,0,0,0,0.708
1619609359903,0.384,0,0,0,0,0.708
1619609359923,0.398,0,0,0,0,0.708
1619609359943,0.398,0,0,0,0,0.708
1619609359965,0.394,0,0,0,0,0.708
1619609359984,0.405,0,0,0,0,0.708
1619609360004,0.394,0,0,0,0,0.708
1619609360023,0.398,0,0,0,0,0.708
1619609360043,0.398,0,0,0,0,0.708
1619609360064,0.401,0,0,0,0,0.708
1619609360084,0.401,0,0,0,0,0.708
1619609360103,0.387,0,0,0,0,0.708
1619609360124,0.391,0,0,0,0,0.708
1619609360144,0.394,0,0,0,0,0.708
1619609360166,0.401,0,0,0,0,0.708
1619609360183,0.387,0,0,0,0,0.708
1619609360203,0.398,0,0,0,0,0.708
1619609360223,0.394,0,0,0,0,0.708
1619609360243,0.387,0,0,0,0,0.708
1619609360264,0.415,0,0,0,0,0.708
1619609360284,0.374,0,0,0,0,0.708
1619609360304,0.398,0,0,0,0,0.708
1619609360324,0.401,0,0,0,0,0.708
1619609360344,0.394,0,0,0,0,0.708
1619609360365,0.398,0,0,0,0,0.708
1619609360384,0.398,0,0,0,0,0.708
1619609360403,0.398,0,0,0,0,0.708
1619609360424,0.398,0,0,0,0,0.708
1619609360444,0.398,0,0,0,0,0.708
1619609360464,0.391,0,0,0,0,0.708
1619609360484,0.398,0,0,0,0,0.708
1619609360504,0.394,0,0,0,0,0.708
1619609360524,0.394,0,0,0,0,0.708
1619609360543,0.398,0,0,0,0,0.708
1619609360564,0.391,0,0,0,0,0.708
1619609360584,0.401,0,0,0,0,0.708
1619609360604,0.401,0,0,0,0,0.708
1619609360624,0.391,0,0,0,0,0.708
1619609360644,0.401,0,0,0,0,0.708
1619609360663,0.394,0,0,0,0,0.708
1619609360683,0.394,0,0,0,0,0.708
1619609360704,0.398,0,0,0,0,0.708
1619609360724,0.391,0,0,0,0,0.708
1619609360743,0.391,0,0,0,0,0.708
1619609360764,0.401,0,0,0,0,0.708
1619609360783,0.394,0,0,0,0,0.708
1619609360803,0.405,0,0,0,0,0.708
1619609360823,0.387,0,0,0,0,0.708
1619609360843,0.394,0,0,0,0,0.708
1619609360863,0.401,0,0,0,0,0.708
1619609360883,0.394,0,0,0,0,0.708
1619609360904,0.394,0,0,0,0,0.708
1619609360924,0.398,0,0,0,0,0.708
1619609360943,0.391,0,0,0,0,0.708
1619609360964,0.401,0,0,0,0,0.708
1619609360984,0.405,0,0,0,0,0.708
1619609361003,0.381,0,0,0,0,0.708
1619609361023,0.391,0,0,0,0,0.708
1619609361043,0.394,0,0,0,0,0.708
1619609361063,0.398,0,0,0,0,0.708
1619609361083,0.394,0,0,0,0,0.708
1619609361104,0.394,0,0,0,0,0.708
1619609361124,0.394,0,0,0,0,0.708
1619609361143,0.391,0,0,0,0,0.708
1619609361164,0.387,0,0,0,0,0.708
1619609361183,0.415,0,0,0,0,0.708
1619609361203,0.384,0,0,0,0,0.708
1619609361223,0.401,0,0,0,0,0.708
1619609361243,0.401,0,0,0,0,0.708
1619609361264,0.391,0,0,0,0,0.708
1619609361284,0.405,0,0,0,0,0.708
1619609361303,0.394,0,0,0,0,0.708
1619609361324,0.398,0,0,0,0,0.708
1619609361343,0.415,0,0,0,0,0.708
1619609361363,0.381,0,0,0,0,0.708
1619609361383,0.387,0,0,0,0,0.708
1619609361404,0.398,0,0,0,0,0.708
1619609361424,0.391,0,0,0,0,0.708
1619609361443,0.391,0,0,0,0,0.708
1619609361463,0.391,0,0,0,0,0.708
1619609361483,0.394,0,0,0,0,0.708
1619609361503,0.391,0,0,0,0,0.708
1619609361524,0.394,0,0,0,0,0.708
1619609361543,0.391,0,0,0,0,0.708
1619609361563,0.394,0,0,0,0,0.708
1619609361583,0.398,0,0,0,0,0.708
1619609361603,0.398,0,0,0,0,0.708
1619609361624,0.394,0,0,0,0,0.708
1619609361643,0.394,0,0,0,0,0.708
1619609361664,0.398,0,0,0,0,0.708
1619609361684,0.401,0,0,0,0,0.708
1619609361703,0.394,0,0,0,0,0.708
1619609361723,0.401,0,0,0,0,0.708
1619609361744,0.394,0,0,0,0,0.708
1619609361763,0.394,0,0,0,0,0.708
1619609361784,0.401,0,0,0,0,0.708
1619609361804,0.401,0,0,0,0,0.708
1619609361823,0.401,0,0,0,0,0.708
1619609361844,0.394,0,0,0,0,0.708
1619609361864,0.394,0,0,0,0,0.708
1619609361884,0.405,0,0,0,0,0.708
1619609361904,0.387,0,0,0,0,0.708
1619609361924,0.394,0,0,0,0,0.708
1619609361943,0.398,0,0,0,0,0.708
1619609361964,0.394,0,0,0,0,0.708
1619609361985,0.398,0,0,0,0,0.708
1619609362004,0.398,0,0,0,0,0.708
1619609362024,0.394,0,0,0,0,0.708
1619609362043,0.394,0,0,0,0,0.708
1619609362063,0.408,0,0,0,0,0.708
1619609362084,0.381,0,0,0,0,0.708
1619609362104,0.394,0,0,0,0,0.708
1619609362123,0.398,0,0,0,0,0.708
1619609362143,0.398,0,0,0,0,0.708
1619609362163,0.394,0,0,0,0,0.708
1619609362184,0.394,0,0,0,0,0.708
1619609362204,0.398,0,0,0,0,0.708
1619609362223,0.394,0,0,0,0,0.708
1619609362243,0.391,0,0,0,0,0.708
1619609362264,0.411,0,0,0,0,0.708
1619609362284,0.381,0,0,0,0,0.708
1619609362304,0.398,0,0,0,0,0.708
1619609362324,0.401,0,0,0,0,0.708
1619609362343,0.391,0,0,0,0,0.708
1619609362364,0.394,0,0,0,0,0.708
1619609362384,0.401,0,0,0,0,0.708
1619609362404,0.394,0,0,0,0,0.708
1619609362424,0.411,0,0,0,0,0.708
1619609362444,0.381,0,0,0,0,0.708
1619609362464,0.394,0,0,0,0,0.708
1619609362485,0.398,0,0,0,0,0.708
1619609362504,0.398,0,0,0,0,0.708
1619609362523,0.398,0,0,0,0,0.708
1619609362544,0.391,0,0,0,0,0.708
1619609362563,0.398,0,0,0,0,0.708
1619609362584,0.398,0,0,0,0,0.708
1619609362604,0.401,0,0,0,0,0.708
1619609362624,0.391,0,0,0,0,0.708
1619609362644,0.398,0,0,0,0,0.708
1619609362663,0.398,0,0,0,0,0.708
1619609362684,0.394,0,0,0,0,0.708
1619609362704,0.387,0,0,0,0,0.708
1619609362723,0.394,0,0,0,0,0.708
1619609362743,0.394,0,0,0,0,0.708
1619609362763,0.394,0,0,0,0,0.708
1619609362783,0.405,0,0,0,0,0.708
1619609362804,0.391,0,0,0,0,0.708
1619609362823,0.398,0,0,0,0,0.708
1619609362843,0.394,0,0,0,0,0.708
1619609362863,0.391,0,0,0,0,0.708
1619609362883,0.391,0,0,0,0,0.708
1619609362904,0.398,0,0,0,0,0.708
1619609362923,0.398,0,0,0,0,0.708
1619609362943,0.398,0,0,0,0,0.708
1619609362963,0.394,0,0,0,0,0.708
1619609362984,0.408,0,0,0,0,0.708
1619609363003,0.391,0,0,0,0,0.708
1619609363024,0.394,0,0,0,0,0.708
1619609363043,0.398,0,0,0,0,0.708
1619609363063,0.401,0,0,0,0,0.708
1619609363083,0.401,0,0,0,0,0.708
1619609363103,0.391,0,0,0,0,0.708
1619609363124,0.394,0,0,0,0,0.708
1619609363143,0.398,0,0,0,0,0.708
1619609363163,0.408,0,0,0,0,0.708
1619609363183,0.384,0,0,0,0,0.708
1619609363203,0.398,0,0,0,0,0.708
1619609363224,0.398,0,0,0,0,0.708
1619609363243,0.391,0,0,0,0,0.708
1619609363263,0.391,0,0,0,0,0.708
1619609363283,0.401,0,0,0,0,0.708
1619609363303,0.394,0,0,0,0,0.708
1619609363324,0.401,0,0,0,0,0.708
1619609363344,0.394,0,0,0,0,0.708
1619609363363,0.415,0,0,0,0,0.708
1619609363383,0.384,0,0,0,0,0.708
1619609363403,0.401,0,0,0,0,0.708
1619609363424,0.398,0,0,0,0,0.708
1619609363444,0.394,0,0,0,0,0.708
1619609363464,0.394,0,0,0,0,0.708
1619609363484,0.398,0,0,0,0,0.708
1619609363504,0.398,0,0,0,0,0.708
1619609363524,0.394,0,0,0,0,0.708
1619609363544,0.394,0,0,0,0,0.708
1619609363564,0.401,0,0,0,0,0.708
1619609363584,0.391,0,0,0,0,0.708
1619609363604,0.391,0,0,0,0,0.708
1619609363624,0.387,0,0,0,0,0.708
1619609363643,0.401,0,0,0,0,0.708
1619609363664,0.394,0,0,0,0,0.708
1619609363683,0.401,0,0,0,0,0.708
1619609363704,0.401,0,0,0,0,0.708
1619609363724,0.391,0,0,0,0,0.708
1619609363743,0.398,0,0,0,0,0.708
1619609363763,0.398,0,0,0,0,0.708
1619609363783,0.391,0,0,0,0,0.708
1619609363803,0.398,0,0,0,0,0.708
1619609363824,0.398,0,0,0,0,0.708
1619609363843,0.398,0,0,0,0,0.708
1619609363863,0.394,0,0,0,0,0.708
1619609363883,0.405,0,0,0,0,0.708
1619609363904,0.391,0,0,0,0,0.708
1619609363924,0.394,0,0,0,0,0.708
1619609363943,0.401,0,0,0,0,0.708
1619609363963,0.401,0,0,0,0,0.708
1619609363983,0.394,0,0,0,0,0.708
1619609364004,0.401,0,0,0,0,0.708
1619609364024,0.394,0,0,0,0,0.708
1619609364043,0.391,0,0,0,0,0.708
1619609364063,0.401,0,0,0,0,0.708
1619609364083,0.408,0,0,0,0,0.708
1619609364103,0.384,0,0,0,0,0.708
1619609364124,0.398,0,0,0,0,0.708
1619609364144,0.398,0,0,0,0,0.708
1619609364163,0.394,0,0,0,0,0.708
1619609364183,0.398,0,0,0,0,0.708
1619609364204,0.394,0,0,0,0,0.708
1619609364224,0.391,0,0,0,0,0.708
1619609364244,0.405,0,0,0,0,0.708
1619609364263,0.411,0,0,0,0,0.708
1619609364283,0.381,0,0,0,0,0.708
1619609364314,0.401,0,0,0,0,0.708
1619609364323,0.398,0,0,0,0,0.708
1619609364344,0.398,0,0,0,0,0.708
1619609364363,0.398,0,0,0,0,0.708
1619609364384,0.401,0,0,0,0,0.708
1619609364404,0.398,0,0,0,0,0.708
1619609364424,0.401,0,0,0,0,0.708
1619609364443,0.394,0,0,0,0,0.708
1619609364463,0.411,0,0,0,0,0.708
1619609364483,0.377,0,0,0,0,0.708
1619609364504,0.394,0,0,0,0,0.708
1619609364524,0.394,0,0,0,0,0.708
1619609364544,0.405,0,0,0,0,0.708
1619609364563,0.391,0,0,0,0,0.708
1619609364583,0.394,0,0,0,0,0.708
1619609364605,0.401,0,0,0,0,0.708
1619609364624,0.398,0,0,0,0,0.708
1619609364643,0.394,0,0,0,0,0.708
1619609364663,0.394,0,0,0,0,0.708
1619609364684,0.394,0,0,0,0,0.708
1619609364704,0.394,0,0,0,0,0.708
1619609364724,0.398,0,0,0,0,0.708
1619609364743,0.401,0,0,0,0,0.708
1619609364763,0.391,0,0,0,0,0.708
1619609364783,0.401,0,0,0,0,0.708
1619609364804,0.408,0,0,0,0,0.708
1619609364824,0.387,0,0,0,0,0.708
1619609364844,0.398,0,0,0,0,0.708
1619609364863,0.401,0,0,0,0,0.708
1619609364883,0.391,0,0,0,0,0.708
1619609364904,0.401,0,0,0,0,0.708
1619609364924,0.401,0,0,0,0,0.708
1619609364944,0.391,0,0,0,0,0.708
1619609364964,0.401,0,0,0,0,0.708
1619609364983,0.405,0,0,0,0,0.708
1619609365003,0.381,0,0,0,0,0.708
1619609365024,0.401,0,0,0,0,0.708
1619609365043,0.401,0,0,0,0,0.708
1619609365063,0.394,0,0,0,0,0.708
1619609365083,0.391,0,0,0,0,0.708
1619609365103,0.394,0,0,0,0,0.708
1619609365123,0.391,0,0,0,0,0.708
1619609365143,0.391,0,0,0,0,0.708
1619609365164,0.394,0,0,0,0,0.708
1619609365183,0.408,0,0,0,0,0.708
1619609365203,0.384,0,0,0,0,0.708
1619609365224,0.401,0,0,0,0,0.708
1619609365243,0.398,0,0,0,0,0.708
1619609365264,0.398,0,0,0,0,0.708
1619609365283,0.405,0,0,0,0,0.708
1619609365303,0.387,0,0,0,0,0.708
1619609365324,0.401,0,0,0,0,0.708
1619609365344,0.408,0,0,0,0,0.708
1619609365363,0.405,0,0,0,0,0.708
1619609365384,0.377,0,0,0,0,0.708
1619609365403,0.377,0,0,0,0,0.708
1619609365423,0.401,0,0,0,0,0.708
1619609365444,0.391,0,0,0,0,0.708
1619609365463,0.394,0,0,0,0,0.708
1619609365484,0.398,0,0,0,0,0.708
1619609365504,0.398,0,0,0,0,0.708
1619609365523,0.391,0,0,0,0,0.708
1619609365543,0.411,0,0,0,0,0.708
1619609365564,0.374,0,0,0,0,0.708
1619609365583,0.398,0,0,0,0,0.708
1619609365604,0.387,0,0,0,0,0.708
1619609365623,0.398,0,0,0,0,0.708
1619609365644,0.405,0,0,0,0,0.708
1619609365664,0.394,0,0,0,0,0.708
1619609365683,0.394,0,0,0,0,0.708
1619609365704,0.401,0,0,0,0,0.708
1619609365724,0.387,0,0,0,0,0.708
1619609365744,0.387,0,0,0,0,0.708
1619609365763,0.394,0,0,0,0,0.708
1619609365783,0.394,0,0,0,0,0.708
1619609365803,0.394,0,0,0,0,0.708
1619609365823,0.394,0,0,0,0,0.708
1619609365844,0.394,0,0,0,0,0.708
1619609365863,0.398,0,0,0,0,0.708
1619609365884,0.398,0,0,0,0,0.708
1619609365903,0.398,0,0,0,0,0.708
1619609365923,0.391,0,0,0,0,0.708
1619609365944,0.394,0,0,0,0,0.708
1619609365963,0.391,0,0,0,0,0.708
1619609365983,0.405,0,0,0,0,0.708
1619609366003,0.394,0,0,0,0,0.708
1619609366023,0.398,0,0,0,0,0.708
1619609366044,0.401,0,0,0,0,0.708
1619609366064,0.391,0,0,0,0,0.708
1619609366084,0.411,0,0,0,0,0.708
1619609366104,0.391,0,0,0,0,0.708
1619609366123,0.391,0,0,0,0,0.708
1619609366144,0.398,0,0,0,0,0.708
1619609366164,0.394,0,0,0,0,0.708
1619609366184,0.394,0,0,0,0,0.708
1619609366204,0.398,0,0,0,0,0.708
1619609366223,0.394,0,0,0,0,0.708
1619609366243,0.394,0,0,0,0,0.708
1619609366263,0.401,0,0,0,0,0.708
1619609366283,0.401,0,0,0,0,0.708
1619609366303,0.384,0,0,0,0,0.708
1619609366324,0.394,0,0,0,0,0.708
1619609366343,0.391,0,0,0,0,0.708
1619609366363,0.391,0,0,0,0,0.708
1619609366384,0.394,0,0,0,0,0.708
1619609366403,0.394,0,0,0,0,0.708
1619609366435,0.394,0,0,0,0,0.708
1619609366443,0.398,0,0,0,0,0.708
1619609366464,0.418,0,0,0,0,0.708
1619609366484,0.418,0,0,0,0,0.708
1619609366504,0.384,0,0,0,0,0.708
1619609366525,0.398,0,0,0,0,0.708
1619609366544,0.401,0,0,0,0,0.708
1619609366564,0.401,0,0,0,0,0.708
1619609366583,0.394,0,0,0,0,0.708
1619609366603,0.394,0,0,0,0,0.708
1619609366624,0.405,0,0,0,0,0.708
1619609366643,0.394,0,0,0,0,0.708
1619609366663,0.391,0,0,0,0,0.708
1619609366684,0.394,0,0,0,0,0.708
1619609366703,0.398,0,0,0,0,0.708
1619609366724,0.398,0,0,0,0,0.708
1619609366743,0.394,0,0,0,0,0.708
1619609366764,0.394,0,0,0,0,0.708
1619609366784,0.408,0,0,0,0,0.708
1619609366803,0.408,0,0,0,0,0.708
1619609366824,0.394,0,0,0,0,0.708
1619609366844,0.387,0,0,0,0,0.708
1619609366864,0.394,0,0,0,0,0.708
1619609366884,0.387,0,0,0,0,0.708
1619609366904,0.401,0,0,0,0,0.708
1619609366926,0.398,0,0,0,0,0.708
1619609366943,0.394,0,0,0,0,0.708
1619609366963,0.408,0,0,0,0,0.708
1619609366983,0.391,0,0,0,0,0.708
1619609367003,0.394,0,0,0,0,0.708
1619609367024,0.394,0,0,0,0,0.708
1619609367044,0.398,0,0,0,0,0.708
1619609367063,0.398,0,0,0,0,0.708
1619609367083,0.394,0,0,0,0,0.708
1619609367104,0.394,0,0,0,0,0.708
1619609367124,0.398,0,0,0,0,0.708
1619609367144,0.408,0,0,0,0,0.708
1619609367163,0.391,0,0,0,0,0.708
1619609367183,0.391,0,0,0,0,0.708
1619609367203,0.391,0,0,0,0,0.708
1619609367225,0.398,0,0,0,0,0.708
1619609367244,0.401,0,0,0,0,0.708
1619609367263,0.391,0,0,0,0,0.708
1619609367283,0.391,0,0,0,0,0.708
1619609367304,0.401,0,0,0,0,0.708
1619609367323,0.391,0,0,0,0,0.708
1619609367344,0.418,0,0,0,0,0.708
1619609367364,0.391,0,0,0,0,0.708
1619609367383,0.387,0,0,0,0,0.708
1619609367403,0.405,0,0,0,0,0.708
1619609367423,0.394,0,0,0,0,0.708
1619609367444,0.398,0,0,0,0,0.708
1619609367463,0.401,0,0,0,0,0.708
1619609367483,0.398,0,0,0,0,0.708
1619609367503,0.394,0,0,0,0,0.708
1619609367523,0.415,0,0,0,0,0.708
1619609367543,0.415,0,0,0,0,0.708
1619609367564,0.374,0,0,0,0,0.708
1619609367583,0.387,0,0,0,0,0.708
1619609367603,0.401,0,0,0,0,0.708
1619609367624,0.398,0,0,0,0,0.708
1619609367643,0.394,0,0,0,0,0.708
1619609367664,0.394,0,0,0,0,0.708
1619609367683,0.398,0,0,0,0,0.708
1619609367703,0.398,0,0,0,0,0.708
1619609367723,0.405,0,0,0,0,0.708
1619609367743,0.394,0,0,0,0,0.708
1619609367764,0.398,0,0,0,0,0.708
1619609367784,0.415,0,0,0,0,0.708
1619609367803,0.394,0,0,0,0,0.708
1619609367824,0.394,0,0,0,0,0.708
1619609367843,0.401,0,0,0,0,0.708
1619609367863,0.401,0,0,0,0,0.708
1619609367883,0.401,0,0,0,0,0.708
1619609367904,0.391,0,0,0,0,0.708
1619609367924,0.401,0,0,0,0,0.708
1619609367943,0.394,0,0,0,0,0.708
1619609367963,0.391,0,0,0,0,0.708
1619609367983,0.401,0,0,0,0,0.708
1619609368003,0.394,0,0,0,0,0.708
1619609368023,0.391,0,0,0,0,0.708
1619609368043,0.394,0,0,0,0,0.708
1619609368063,0.405,0,0,0,0,0.708
1619609368083,0.387,0,0,0,0,0.708
1619609368103,0.394,0,0,0,0,0.708
1619609368124,0.387,0,0,0,0,0.708
1619609368143,0.391,0,0,0,0,0.708
1619609368163,0.398,0,0,0,0,0.708
1619609368183,0.391,0,0,0,0,0.708
1619609368203,0.401,0,0,0,0,0.708
1619609368223,0.401,0,0,0,0,0.708
1619609368244,0.398,0,0,0,0,0.708
1619609368264,0.394,0,0,0,0,0.708
1619609368283,0.394,0,0,0,0,0.708
1619609368303,0.391,0,0,0,0,0.708
1619609368323,0.391,0,0,0,0,0.708
1619609368343,0.398,0,0,0,0,0.708
1619609368363,0.398,0,0,0,0,0.708
1619609368383,0.387,0,0,0,0,0.708
1619609368403,0.398,0,0,0,0,0.708
1619609368424,0.398,0,0,0,0,0.708
1619609368444,0.405,0,0,0,0,0.708
1619609368464,0.394,0,0,0,0,0.708
1619609368484,0.387,0,0,0,0,0.708
1619609368504,0.391,0,0,0,0,0.708
1619609368523,0.401,0,0,0,0,0.708
1619609368543,0.398,0,0,0,0,0.708
1619609368564,0.391,0,0,0,0,0.708
1619609368584,0.405,0,0,0,0,0.708
1619609368603,0.401,0,0,0,0,0.708
1619609368623,0.411,0,0,0,0,0.708
1619609368643,0.411,0,0,0,0,0.708
1619609368664,0.381,0,0,0,0,0.708
1619609368683,0.401,0,0,0,0,0.708
1619609368703,0.394,0,0,0,0,0.708
1619609368723,0.394,0,0,0,0,0.708
1619609368744,0.405,0,0,0,0,0.708
1619609368764,0.387,0,0,0,0,0.708
1619609368783,0.394,0,0,0,0,0.708
1619609368804,0.398,0,0,0,0,0.708
1619609368823,0.387,0,0,0,0,0.708
1619609368844,0.387,0,0,0,0,0.708
1619609368864,0.398,0,0,0,0,0.708
1619609368883,0.398,0,0,0,0,0.708
1619609368903,0.394,0,0,0,0,0.708
1619609368924,0.394,0,0,0,0,0.708
1619609368944,0.391,0,0,0,0,0.708
1619609368964,0.408,0,0,0,0,0.708
1619609368983,0.408,0,0,0,0,0.708
1619609369003,0.391,0,0,0,0,0.708
1619609369023,0.394,0,0,0,0,0.708
1619609369044,0.401,0,0,0,0,0.708
1619609369063,0.398,0,0,0,0,0.708
1619609369083,0.394,0,0,0,0,0.708
1619609369103,0.405,0,0,0,0,0.708
1619609369123,0.394,0,0,0,0,0.708
1619609369145,0.391,0,0,0,0,0.708
1619609369163,0.411,0,0,0,0,0.708
1619609369183,0.381,0,0,0,0,0.708
1619609369203,0.398,0,0,0,0,0.708
1619609369223,0.398,0,0,0,0,0.708
1619609369245,0.391,0,0,0,0,0.708
1619609369264,0.391,0,0,0,0,0.708
1619609369284,0.398,0,0,0,0,0.708
1619609369303,0.398,0,0,0,0,0.708
1619609369323,0.398,0,0,0,0,0.708
1619609369344,0.408,0,0,0,0,0.708
1619609369364,0.408,0,0,0,0,0.708
1619609369384,0.377,0,0,0,0,0.708
1619609369404,0.405,0,0,0,0,0.708
1619609369424,0.398,0,0,0,0,0.708
1619609369444,0.387,0,0,0,0,0.708
1619609369464,0.401,0,0,0,0,0.708
1619609369484,0.398,0,0,0,0,0.708
1619609369503,0.394,0,0,0,0,0.708
1619609369523,0.391,0,0,0,0,0.708
1619609369545,0.415,0,0,0,0,0.708
1619609369564,0.374,0,0,0,0,0.708
1619609369583,0.401,0,0,0,0,0.708
1619609369604,0.391,0,0,0,0,0.708
1619609369624,0.394,0,0,0,0,0.708
1619609369644,0.398,0,0,0,0,0.708
1619609369664,0.394,0,0,0,0,0.708
1619609369683,0.391,0,0,0,0,0.708
1619609369703,0.398,0,0,0,0,0.708
1619609369723,0.398,0,0,0,0,0.708
1619609369743,0.398,0,0,0,0,0.708
1619609369764,0.398,0,0,0,0,0.708
1619609369784,0.401,0,0,0,0,0.708
1619609369804,0.394,0,0,0,0,0.708
1619609369824,0.398,0,0,0,0,0.708
1619609369843,0.401,0,0,0,0,0.708
1619609369863,0.394,0,0,0,0,0.708
1619609369884,0.408,0,0,0,0,0.708
1619609369904,0.401,0,0,0,0,0.708
1619609369923,0.387,0,0,0,0,0.708
1619609369944,0.398,0,0,0,0,0.708
1619609369964,0.401,0,0,0,0,0.708
1619609369984,0.387,0,0,0,0,0.708
1619609370004,0.391,0,0,0,0,0.708
1619609370024,0.398,0,0,0,0,0.708
1619609370044,0.398,0,0,0,0,0.708
1619609370064,0.398,0,0,0,0,0.708
1619609370083,0.391,0,0,0,0,0.708
1619609370103,0.391,0,0,0,0,0.708
1619609370123,0.394,0,0,0,0,0.708
1619609370144,0.391,0,0,0,0,0.708
1619609370164,0.398,0,0,0,0,0.708
1619609370184,0.398,0,0,0,0,0.708
1619609370203,0.394,0,0,0,0,0.708
1619609370223,0.394,0,0,0,0,0.708
1619609370243,0.411,0,0,0,0,0.708
1619609370263,0.394,0,0,0,0,0.708
1619609370284,0.398,0,0,0,0,0.708
1619609370304,0.405,0,0,0,0,0.708
1619609370323,0.398,0,0,0,0,0.708
1619609370343,0.394,0,0,0,0,0.708
1619609370364,0.401,0,0,0,0,0.708
1619609370384,0.398,0,0,0,0,0.708
1619609370403,0.398,0,0,0,0,0.708
1619609370424,0.394,0,0,0,0,0.708
1619609370443,0.415,0,0,0,0,0.708
1619609370463,0.381,0,0,0,0,0.708
1619609370484,0.391,0,0,0,0,0.708
1619609370504,0.398,0,0,0,0,0.708
1619609370524,0.387,0,0,0,0,0.708
1619609370543,0.398,0,0,0,0,0.708
1619609370563,0.394,0,0,0,0,0.708
1619609370583,0.391,0,0,0,0,0.708
1619609370604,0.394,0,0,0,0,0.708
1619609370624,0.408,0,0,0,0,0.708
1619609370644,0.381,0,0,0,0,0.708
1619609370663,0.405,0,0,0,0,0.708
1619609370684,0.398,0,0,0,0,0.708
1619609370704,0.391,0,0,0,0,0.708
1619609370723,0.401,0,0,0,0,0.708
1619609370743,0.398,0,0,0,0,0.708
1619609370763,0.398,0,0,0,0,0.708
1619609370783,0.394,0,0,0,0,0.708
1619609370803,0.401,0,0,0,0,0.708
1619609370824,0.398,0,0,0,0,0.708
1619609370844,0.394,0,0,0,0,0.708
1619609370864,0.398,0,0,0,0,0.708
1619609370883,0.394,0,0,0,0,0.708
1619609370904,0.391,0,0,0,0,0.708
1619609370923,0.398,0,0,0,0,0.708
1619609370944,0.394,0,0,0,0,0.708
1619609370963,0.405,0,0,0,0,0.708
1619609370984,0.394,0,0,0,0,0.708
1619609371003,0.398,0,0,0,0,0.708
1619609371023,0.391,0,0,0,0,0.708
1619609371043,0.398,0,0,0,0,0.708
1619609371063,0.391,0,0,0,0,0.708
1619609371083,0.398,0,0,0,0,0.708
1619609371103,0.398,0,0,0,0,0.708
1619609371123,0.401,0,0,0,0,0.708
1619609371144,0.387,0,0,0,0,0.708
1619609371174,0.408,0,0,0,0,0.708
1619609371184,0.398,0,0,0,0,0.708
1619609371203,0.398,0,0,0,0,0.708
1619609371223,0.394,0,0,0,0,0.708
1619609371243,0.401,0,0,0,0,0.708
1619609371265,0.394,0,0,0,0,0.708
1619609371284,0.394,0,0,0,0,0.708
1619609371304,0.401,0,0,0,0,0.708
1619609371324,0.387,0,0,0,0,0.708
1619609371343,0.405,0,0,0,0,0.708
1619609371364,0.387,0,0,0,0,0.708
1619609371384,0.394,0,0,0,0,0.708
1619609371404,0.398,0,0,0,0,0.708
1619609371424,0.394,0,0,0,0,0.708
1619609371444,0.394,0,0,0,0,0.708
1619609371464,0.398,0,0,0,0,0.708
1619609371483,0.398,0,0,0,0,0.708
1619609371503,0.398,0,0,0,0,0.708
1619609371524,0.398,0,0,0,0,0.708
1619609371543,0.422,0,0,0,0,0.708
1619609371565,0.377,0,0,0,0,0.708
1619609371583,0.394,0,0,0,0,0.708
1619609371604,0.418,0,0,0,0,0.708
1619609371623,0.384,0,0,0,0,0.708
1619609371644,0.398,0,0,0,0,0.708
1619609371664,0.401,0,0,0,0,0.708
1619609371684,0.391,0,0,0,0,0.708
1619609371704,0.405,0,0,0,0,0.708
1619609371724,0.387,0,0,0,0,0.708
1619609371744,0.398,0,0,0,0,0.708
1619609371764,0.391,0,0,0,0,0.708
1619609371784,0.401,0,0,0,0,0.708
1619609371804,0.387,0,0,0,0,0.708
1619609371824,0.394,0,0,0,0,0.708
1619609371843,0.394,0,0,0,0,0.708
1619609371864,0.398,0,0,0,0,0.708
1619609371884,0.394,0,0,0,0,0.708
1619609371903,0.398,0,0,0,0,0.708
1619609371923,0.401,0,0,0,0,0.708
1619609371944,0.398,0,0,0,0,0.708
1619609371964,0.398,0,0,0,0,0.708
1619609371984,0.398,0,0,0,0,0.708
1619609372004,0.387,0,0,0,0,0.708
1619609372024,0.394,0,0,0,0,0.708
1619609372044,0.405,0,0,0,0,0.708
1619609372064,0.391,0,0,0,0,0.708
1619609372084,0.398,0,0,0,0,0.708
1619609372103,0.401,0,0,0,0,0.708
1619609372124,0.384,0,0,0,0,0.708
1619609372143,0.401,0,0,0,0,0.708
1619609372164,0.398,0,0,0,0,0.708
1619609372183,0.398,0,0,0,0,0.708
1619609372204,0.391,0,0,0,0,0.708
1619609372223,0.398,0,0,0,0,0.708
1619609372243,0.405,0,0,0,0,0.708
1619609372263,0.387,0,0,0,0,0.708
1619609372283,0.394,0,0,0,0,0.708
1619609372304,0.398,0,0,0,0,0.708
1619609372324,0.394,0,0,0,0,0.708
1619609372344,0.401,0,0,0,0,0.708
1619609372363,0.391,0,0,0,0,0.708
1619609372383,0.401,0,0,0,0,0.708
1619609372404,0.401,0,0,0,0,0.708
1619609372424,0.398,0,0,0,0,0.708
1619609372443,0.391,0,0,0,0,0.708
1619609372463,0.391,0,0,0,0,0.708
1619609372483,0.398,0,0,0,0,0.708
1619609372504,0.398,0,0,0,0,0.708
1619609372524,0.401,0,0,0,0,0.708
1619609372544,0.387,0,0,0,0,0.708
1619609372563,0.387,0,0,0,0,0.708
1619609372583,0.391,0,0,0,0,0.708
1619609372604,0.401,0,0,0,0,0.708
1619609372623,0.405,0,0,0,0,0.708
1619609372643,0.387,0,0,0,0,0.708
1619609372663,0.394,0,0,0,0,0.708
1619609372683,0.394,0,0,0,0,0.708
1619609372703,0.401,0,0,0,0,0.708
1619609372724,0.398,0,0,0,0,0.708
1619609372744,0.394,0,0,0,0,0.708
1619609372763,0.401,0,0,0,0,0.708
1619609372783,0.411,0,0,0,0,0.708
1619609372804,0.377,0,0,0,0,0.708
1619609372823,0.401,0,0,0,0,0.708
1619609372843,0.391,0,0,0,0,0.708
1619609372863,0.394,0,0,0,0,0.708
1619609372884,0.401,0,0,0,0,0.708
1619609372904,0.401,0,0,0,0,0.708
1619609372924,0.391,0,0,0,0,0.708
1619609372944,0.398,0,0,0,0,0.708
1619609372964,0.398,0,0,0,0,0.708
1619609372983,0.394,0,0,0,0,0.708
1619609373004,0.387,0,0,0,0,0.708
1619609373024,0.398,0,0,0,0,0.708
1619609373043,0.391,0,0,0,0,0.708
1619609373063,0.398,0,0,0,0,0.708
1619609373083,0.398,0,0,0,0,0.708
1619609373104,0.391,0,0,0,0,0.708
1619609373123,0.405,0,0,0,0,0.708
1619609373144,0.391,0,0,0,0,0.708
1619609373164,0.394,0,0,0,0,0.708
1619609373184,0.398,0,0,0,0,0.708
1619609373204,0.391,0,0,0,0,0.708
1619609373224,0.394,0,0,0,0,0.708
1619609373244,0.394,0,0,0,0,0.708
1619609373263,0.394,0,0,0,0,0.708
1619609373284,0.398,0,0,0,0,0.708
1619609373304,0.405,0,0,0,0,0.708
1619609373324,0.401,0,0,0,0,0.708
1619609373344,0.387,0,0,0,0,0.708
1619609373363,0.405,0,0,0,0,0.708
1619609373383,0.398,0,0,0,0,0.708
1619609373403,0.405,0,0,0,0,0.708
1619609373424,0.391,0,0,0,0,0.708
1619609373443,0.401,0,0,0,0,0.708
1619609373463,0.398,0,0,0,0,0.708
1619609373483,0.387,0,0,0,0,0.708
1619609373503,0.411,0,0,0,0,0.708
1619609373523,0.381,0,0,0,0,0.708
1619609373543,0.391,0,0,0,0,0.708
1619609373564,0.398,0,0,0,0,0.708
1619609373584,0.394,0,0,0,0,0.708
1619609373604,0.398,0,0,0,0,0.708
1619609373623,0.398,0,0,0,0,0.708
1619609373643,0.398,0,0,0,0,0.708
1619609373663,0.394,0,0,0,0,0.708
1619609373684,0.401,0,0,0,0,0.708
1619609373704,0.408,0,0,0,0,0.708
1619609373723,0.384,0,0,0,0,0.708
1619609373743,0.398,0,0,0,0,0.708
1619609373764,0.398,0,0,0,0,0.708
1619609373784,0.394,0,0,0,0,0.708
1619609373804,0.394,0,0,0,0,0.708
1619609373823,0.391,0,0,0,0,0.708
1619609373843,0.401,0,0,0,0,0.708
1619609373863,0.408,0,0,0,0,0.708
1619609373884,0.384,0,0,0,0,0.708
1619609373904,0.391,0,0,0,0,0.708
1619609373923,0.398,0,0,0,0,0.708
1619609373943,0.394,0,0,0,0,0.708
1619609373963,0.394,0,0,0,0,0.708
1619609373984,0.401,0,0,0,0,0.708
1619609374004,0.391,0,0,0,0,0.708
1619609374024,0.398,0,0,0,0,0.708
1619609374044,0.401,0,0,0,0,0.708
1619609374064,0.394,0,0,0,0,0.708
1619609374084,0.405,0,0,0,0,0.708
1619609374104,0.391,0,0,0,0,0.708
1619609374124,0.394,0,0,0,0,0.708
1619609374143,0.398,0,0,0,0,0.708
1619609374163,0.398,0,0,0,0,0.708
1619609374185,0.394,0,0,0,0,0.708
1619609374204,0.401,0,0,0,0,0.708
1619609374223,0.387,0,0,0,0,0.708
1619609374244,0.401,0,0,0,0,0.708
1619609374263,0.394,0,0,0,0,0.708
1619609374284,0.391,0,0,0,0,0.708
1619609374303,0.391,0,0,0,0,0.708
1619609374324,0.405,0,0,0,0,0.708
1619609374344,0.398,0,0,0,0,0.708
1619609374364,0.394,0,0,0,0,0.708
1619609374384,0.394,0,0,0,0,0.708
1619609374403,0.408,0,0,0,0,0.708
1619609374423,0.384,0,0,0,0,0.708
1619609374443,0.398,0,0,0,0,0.708
1619609374463,0.394,0,0,0,0,0.708
1619609374484,0.401,0,0,0,0,0.708
1619609374504,0.401,0,0,0,0,0.708
1619609374524,0.394,0,0,0,0,0.708
1619609374544,0.391,0,0,0,0,0.708
1619609374564,0.401,0,0,0,0,0.708
1619609374584,0.405,0,0,0,0,0.708
1619609374604,0.384,0,0,0,0,0.708
1619609374623,0.405,0,0,0,0,0.708
1619609374644,0.391,0,0,0,0,0.708
1619609374663,0.394,0,0,0,0,0.708
1619609374683,0.394,0,0,0,0,0.708
1619609374704,0.401,0,0,0,0,0.708
1619609374724,0.394,0,0,0,0,0.708
1619609374743,0.394,0,0,0,0,0.708
1619609374763,0.391,0,0,0,0,0.708
1619609374783,0.408,0,0,0,0,0.708
1619609374803,0.377,0,0,0,0,0.708
1619609374823,0.394,0,0,0,0,0.708
1619609374843,0.394,0,0,0,0,0.708
1619609374863,0.401,0,0,0,0,0.708
1619609374883,0.394,0,0,0,0,0.708
1619609374903,0.394,0,0,0,0,0.708
1619609374924,0.398,0,0,0,0,0.708
1619609374944,0.401,0,0,0,0,0.708
1619609374963,0.398,0,0,0,0,0.708
1619609374983,0.398,0,0,0,0,0.708
1619609375003,0.394,0,0,0,0,0.708
1619609375024,0.394,0,0,0,0,0.708
1619609375044,0.401,0,0,0,0,0.708
1619609375064,0.394,0,0,0,0,0.708
1619609375083,0.394,0,0,0,0,0.708
1619609375103,0.394,0,0,0,0,0.708
1619609375124,0.401,0,0,0,0,0.708
1619609375144,0.391,0,0,0,0,0.708
1619609375164,0.398,0,0,0,0,0.708
1619609375184,0.394,0,0,0,0,0.708
1619609375204,0.391,0,0,0,0,0.708
1619609375223,0.401,0,0,0,0,0.708
1619609375243,0.391,0,0,0,0,0.708
1619609375264,0.398,0,0,0,0,0.708
1619609375283,0.405,0,0,0,0,0.708
1619609375303,0.401,0,0,0,0,0.708
1619609375323,0.381,0,0,0,0,0.708
1619609375344,0.405,0,0,0,0,0.708
1619609375363,0.398,0,0,0,0,0.708
1619609375383,0.398,0,0,0,0,0.708
1619609375404,0.391,0,0,0,0,0.708
1619609375423,0.401,0,0,0,0,0.708
1619609375443,0.394,0,0,0,0,0.708
1619609375464,0.394,0,0,0,0,0.708
1619609375484,0.398,0,0,0,0,0.708
1619609375503,0.405,0,0,0,0,0.708
1619609375524,0.377,0,0,0,0,0.708
1619609375543,0.401,0,0,0,0,0.708
1619609375563,0.394,0,0,0,0,0.708
1619609375583,0.394,0,0,0,0,0.708
1619609375604,0.398,0,0,0,0,0.708
1619609375623,0.391,0,0,0,0,0.708
1619609375643,0.391,0,0,0,0,0.708
1619609375663,0.394,0,0,0,0,0.708
1619609375683,0.411,0,0,0,0,0.708
1619609375703,0.387,0,0,0,0,0.708
1619609375723,0.398,0,0,0,0,0.708
1619609375744,0.387,0,0,0,0,0.708
1619609375763,0.387,0,0,0,0,0.708
1619609375783,0.401,0,0,0,0,0.708
1619609375804,0.401,0,0,0,0,0.708
1619609375824,0.394,0,0,0,0,0.708
1619609375844,0.401,0,0,0,0,0.708
1619609375863,0.405,0,0,0,0,0.708
1619609375883,0.405,0,0,0,0,0.708
1619609375903,0.387,0,0,0,0,0.708
1619609375923,0.394,0,0,0,0,0.708
1619609375944,0.391,0,0,0,0,0.708
1619609375963,0.398,0,0,0,0,0.708
1619609375983,0.394,0,0,0,0,0.708
1619609376014,0.391,0,0,0,0,0.708
1619609376024,0.398,0,0,0,0,0.708
1619609376043,0.398,0,0,0,0,0.708
1619609376063,0.391,0,0,0,0,0.708
1619609376084,0.391,0,0,0,0,0.708
1619609376104,0.391,0,0,0,0,0.708
1619609376124,0.394,0,0,0,0,0.708
1619609376144,0.401,0,0,0,0,0.708
1619609376164,0.394,0,0,0,0,0.708
1619609376183,0.398,0,0,0,0,0.708
1619609376203,0.394,0,0,0,0,0.708
1619609376223,0.411,0,0,0,0,0.708
1619609376244,0.387,0,0,0,0,0.708
1619609376264,0.391,0,0,0,0,0.708
1619609376284,0.398,0,0,0,0,0.708
1619609376304,0.398,0,0,0,0,0.708
1619609376324,0.394,0,0,0,0,0.708
1619609376344,0.394,0,0,0,0,0.708
1619609376363,0.398,0,0,0,0,0.708
1619609376383,0.398,0,0,0,0,0.708
1619609376404,0.401,0,0,0,0,0.708
1619609376424,0.384,0,0,0,0,0.708
1619609376444,0.394,0,0,0,0,0.708
1619609376463,0.394,0,0,0,0,0.708
1619609376484,0.398,0,0,0,0,0.708
1619609376504,0.394,0,0,0,0,0.708
1619609376524,0.394,0,0,0,0,0.708
1619609376544,0.401,0,0,0,0,0.708
1619609376564,0.391,0,0,0,0,0.708
1619609376584,0.401,0,0,0,0,0.708
1619609376604,0.405,0,0,0,0,0.708
1619609376624,0.387,0,0,0,0,0.708
1619609376644,0.401,0,0,0,0,0.708
1619609376664,0.391,0,0,0,0,0.708
1619609376684,0.394,0,0,0,0,0.708
1619609376704,0.398,0,0,0,0,0.708
1619609376723,0.394,0,0,0,0,0.708
1619609376744,0.398,0,0,0,0,0.708
1619609376763,0.394,0,0,0,0,0.708
1619609376783,0.408,0,0,0,0,0.708
1619609376805,0.381,0,0,0,0,0.708
1619609376824,0.387,0,0,0,0,0.708
1619609376844,0.387,0,0,0,0,0.708
1619609376863,0.398,0,0,0,0,0.708
1619609376884,0.398,0,0,0,0,0.708
1619609376904,0.398,0,0,0,0,0.708
1619609376924,0.398,0,0,0,0,0.708
1619609376944,0.394,0,0,0,0,0.708
1619609376964,0.418,0,0,0,0,0.708
1619609376983,0.381,0,0,0,0,0.708
1619609377004,0.398,0,0,0,0,0.708
1619609377024,0.405,0,0,0,0,0.708
1619609377044,0.398,0,0,0,0,0.708
1619609377063,0.401,0,0,0,0,0.708
1619609377083,0.394,0,0,0,0,0.708
1619609377104,0.405,0,0,0,0,0.708
1619609377123,0.394,0,0,0,0,0.708
1619609377144,0.394,0,0,0,0,0.708
1619609377164,0.394,0,0,0,0,0.708
1619609377184,0.398,0,0,0,0,0.708
1619609377204,0.394,0,0,0,0,0.708
1619609377224,0.394,0,0,0,0,0.708
1619609377244,0.387,0,0,0,0,0.708
1619609377263,0.398,0,0,0,0,0.708
1619609377283,0.398,0,0,0,0,0.708
1619609377304,0.391,0,0,0,0,0.708
1619609377324,0.391,0,0,0,0,0.708
1619609377344,0.394,0,0,0,0,0.708
1619609377364,0.391,0,0,0,0,0.708
1619609377383,0.398,0,0,0,0,0.708
1619609377403,0.401,0,0,0,0,0.708
1619609377423,0.398,0,0,0,0,0.708
1619609377443,0.401,0,0,0,0,0.708
1619609377463,0.391,0,0,0,0,0.708
1619609377483,0.408,0,0,0,0,0.708
1619609377503,0.398,0,0,0,0,0.708
1619609377524,0.398,0,0,0,0,0.708
1619609377543,0.391,0,0,0,0,0.708
1619609377564,0.394,0,0,0,0,0.708
1619609377583,0.405,0,0,0,0,0.708
1619609377603,0.394,0,0,0,0,0.708
1619609377623,0.401,0,0,0,0,0.708
1619609377644,0.398,0,0,0,0,0.708
1619609377663,0.391,0,0,0,0,0.708
1619609377684,0.408,0,0,0,0,0.708
1619609377704,0.384,0,0,0,0,0.708
1619609377724,0.391,0,0,0,0,0.708
1619609377744,0.394,0,0,0,0,0.708
1619609377763,0.394,0,0,0,0,0.708
1619609377783,0.394,0,0,0,0,0.708
1619609377803,0.398,0,0,0,0,0.708
1619609377823,0.401,0,0,0,0,0.708
1619609377844,0.391,0,0,0,0,0.708
1619609377864,0.408,0,0,0,0,0.708
1619609377883,0.408,0,0,0,0,0.708
1619609377904,0.384,0,0,0,0,0.708
1619609377923,0.387,0,0,0,0,0.708
1619609377944,0.401,0,0,0,0,0.708
1619609377964,0.398,0,0,0,0,0.708
1619609377983,0.391,0,0,0,0,0.708
1619609378004,0.405,0,0,0,0,0.708
1619609378024,0.394,0,0,0,0,0.708
1619609378044,0.391,0,0,0,0,0.708
1619609378063,0.401,0,0,0,0,0.708
1619609378083,0.391,0,0,0,0,0.708
1619609378103,0.398,0,0,0,0,0.708
1619609378123,0.398,0,0,0,0,0.708
1619609378144,0.394,0,0,0,0,0.708
1619609378163,0.391,0,0,0,0,0.708
1619609378184,0.401,0,0,0,0,0.708
1619609378204,0.398,0,0,0,0,0.708
1619609378223,0.398,0,0,0,0,0.708
1619609378244,0.401,0,0,0,0,0.708
1619609378263,0.394,0,0,0,0,0.708
1619609378283,0.394,0,0,0,0,0.708
1619609378303,0.401,0,0,0,0,0.708
1619609378323,0.398,0,0,0,0,0.708
1619609378343,0.398,0,0,0,0,0.708
1619609378364,0.401,0,0,0,0,0.708
1619609378384,0.398,0,0,0,0,0.708
1619609378403,0.387,0,0,0,0,0.708
1619609378434,0.401,0,0,0,0,0.708
1619609378443,0.394,0,0,0,0,0.708
1619609378463,0.391,0,0,0,0,0.708
1619609378483,0.405,0,0,0,0,0.708
1619609378504,0.394,0,0,0,0,0.708
1619609378524,0.387,0,0,0,0,0.708
1619609378544,0.405,0,0,0,0,0.708
1619609378564,0.405,0,0,0,0,0.708
1619609378584,0.405,0,0,0,0,0.708
1619609378604,0.387,0,0,0,0,0.708
1619609378635,0.401,0,0,0,0,0.708
1619609378643,0.405,0,0,0,0,0.708
1619609378663,0.405,0,0,0,0,0.708
1619609378683,0.394,0,0,0,0,0.708
1619609378703,0.387,0,0,0,0,0.708
1619609378725,0.398,0,0,0,0,0.708
1619609378744,0.401,0,0,0,0,0.708
1619609378764,0.408,0,0,0,0,0.708
1619609378784,0.391,0,0,0,0,0.708
1619609378803,0.401,0,0,0,0,0.708
1619609378825,0.384,0,0,0,0,0.708
1619609378844,0.401,0,0,0,0,0.708
1619609378864,0.391,0,0,0,0,0.708
1619609378884,0.394,0,0,0,0,0.708
1619609378903,0.398,0,0,0,0,0.708
1619609378926,0.398,0,0,0,0,0.708
1619609378944,0.405,0,0,0,0,0.708
1619609378964,0.405,0,0,0,0,0.708
1619609378983,0.384,0,0,0,0,0.708
1619609379003,0.391,0,0,0,0,0.708
1619609379024,0.394,0,0,0,0,0.708
1619609379043,0.401,0,0,0,0,0.708
1619609379063,0.394,0,0,0,0,0.708
1619609379084,0.401,0,0,0,0,0.708
1619609379103,0.398,0,0,0,0,0.708
1619609379124,0.394,0,0,0,0,0.708
1619609379144,0.398,0,0,0,0,0.708
1619609379164,0.401,0,0,0,0,0.708
1619609379183,0.391,0,0,0,0,0.708
1619609379203,0.401,0,0,0,0,0.708
1619609379224,0.401,0,0,0,0,0.708
1619609379243,0.387,0,0,0,0,0.708
1619609379264,0.394,0,0,0,0,0.708
1619609379283,0.405,0,0,0,0,0.708
1619609379304,0.405,0,0,0,0,0.708
1619609379323,0.387,0,0,0,0,0.708
1619609379344,0.394,0,0,0,0,0.708
1619609379363,0.398,0,0,0,0,0.708
1619609379383,0.391,0,0,0,0,0.708
1619609379404,0.394,0,0,0,0,0.708
1619609379424,0.401,0,0,0,0,0.708
1619609379444,0.394,0,0,0,0,0.708
1619609379463,0.394,0,0,0,0,0.708
1619609379484,0.411,0,0,0,0,0.708
1619609379503,0.384,0,0,0,0,0.708
1619609379523,0.401,0,0,0,0,0.708
1619609379543,0.405,0,0,0,0,0.708
1619609379564,0.391,0,0,0,0,0.708
1619609379583,0.394,0,0,0,0,0.708
1619609379603,0.398,0,0,0,0,0.708
1619609379623,0.391,0,0,0,0,0.708
1619609379644,0.401,0,0,0,0,0.708
1619609379664,0.408,0,0,0,0,0.708
1619609379684,0.408,0,0,0,0,0.708
1619609379704,0.377,0,0,0,0,0.708
1619609379723,0.398,0,0,0,0,0.708
1619609379743,0.401,0,0,0,0,0.708
1619609379764,0.384,0,0,0,0,0.708
1619609379784,0.398,0,0,0,0,0.708
1619609379803,0.398,0,0,0,0,0.708
1619609379823,0.391,0,0,0,0,0.708
1619609379843,0.394,0,0,0,0,0.708
1619609379863,0.411,0,0,0,0,0.708
1619609379884,0.384,0,0,0,0,0.708
1619609379904,0.394,0,0,0,0,0.708
1619609379923,0.394,0,0,0,0,0.708
1619609379944,0.401,0,0,0,0,0.708
1619609379963,0.405,0,0,0,0,0.708
1619609379984,0.394,0,0,0,0,0.708
1619609380003,0.391,0,0,0,0,0.708
1619609380023,0.405,0,0,0,0,0.708
1619609380043,0.408,0,0,0,0,0.708
1619609380063,0.408,0,0,0,0,0.708
1619609380083,0.381,0,0,0,0,0.708
1619609380104,0.391,0,0,0,0,0.708
1619609380124,0.391,0,0,0,0,0.708
1619609380143,0.401,0,0,0,0,0.708
1619609380164,0.394,0,0,0,0,0.708
1619609380183,0.394,0,0,0,0,0.708
1619609380203,0.405,0,0,0,0,0.708
1619609380224,0.394,0,0,0,0,0.708
1619609380244,0.387,0,0,0,0,0.708
1619609380263,0.401,0,0,0,0,0.708
1619609380284,0.394,0,0,0,0,0.708
1619609380303,0.394,0,0,0,0,0.708
1619609380323,0.401,0,0,0,0,0.708
1619609380343,0.391,0,0,0,0,0.708
1619609380363,0.408,0,0,0,0,0.708
1619609380383,0.408,0,0,0,0,0.708
1619609380404,0.398,0,0,0,0,0.708
1619609380423,0.387,0,0,0,0,0.708
1619609380443,0.401,0,0,0,0,0.708
1619609380463,0.394,0,0,0,0,0.708
1619609380483,0.398,0,0,0,0,0.708
1619609380503,0.401,0,0,0,0,0.708
1619609380523,0.391,0,0,0,0,0.708
1619609380543,0.401,0,0,0,0,0.708
1619609380563,0.398,0,0,0,0,0.708
1619609380583,0.384,0,0,0,0,0.708
1619609380603,0.394,0,0,0,0,0.708
1619609380624,0.394,0,0,0,0,0.708
1619609380644,0.398,0,0,0,0,0.708
1619609380664,0.394,0,0,0,0,0.708
1619609380683,0.391,0,0,0,0,0.708
1619609380703,0.398,0,0,0,0,0.708
1619609380723,0.408,0,0,0,0,0.708
1619609380745,0.408,0,0,0,0,0.708
1619609380763,0.391,0,0,0,0,0.708
1619609380783,0.391,0,0,0,0,0.708
1619609380803,0.398,0,0,0,0,0.708
1619609380823,0.394,0,0,0,0,0.708
1619609380844,0.405,0,0,0,0,0.708
1619609380863,0.398,0,0,0,0,0.708
1619609380883,0.401,0,0,0,0,0.708
1619609380904,0.398,0,0,0,0,0.708
1619609380924,0.405,0,0,0,0,0.708
1619609380944,0.394,0,0,0,0,0.708
1619609380964,0.387,0,0,0,0,0.708
1619609380983,0.391,0,0,0,0,0.708
1619609381003,0.398,0,0,0,0,0.708
1619609381023,0.391,0,0,0,0,0.708
1619609381045,0.398,0,0,0,0,0.708
1619609381064,0.398,0,0,0,0,0.708
1619609381084,0.398,0,0,0,0,0.708
1619609381104,0.398,0,0,0,0,0.708
1619609381123,0.408,0,0,0,0,0.708
1619609381145,0.377,0,0,0,0,0.708
1619609381164,0.398,0,0,0,0,0.708
1619609381184,0.394,0,0,0,0,0.708
1619609381203,0.405,0,0,0,0,0.708
1619609381223,0.398,0,0,0,0,0.708
1619609381244,0.394,0,0,0,0,0.708
1619609381264,0.401,0,0,0,0,0.708
1619609381283,0.401,0,0,0,0,0.708
1619609381304,0.398,0,0,0,0,0.708
1619609381323,0.405,0,0,0,0,0.708
1619609381344,0.394,0,0,0,0,0.708
1619609381364,0.391,0,0,0,0,0.708
1619609381384,0.398,0,0,0,0,0.708
1619609381403,0.398,0,0,0,0,0.708
1619609381424,0.391,0,0,0,0,0.708
1619609381445,0.391,0,0,0,0,0.708
1619609381464,0.408,0,0,0,0,0.708
1619609381484,0.387,0,0,0,0,0.708
