accVertical_data,Timestamp,Action,Bump,Traffic congestion
2.172,1576134974202,4,0,0
2.262,1576134974652,4,0,0
1.952,1576134975102,4,0,0
1.67,1576134975552,4,0,0
1.9160000000000001,1576134976002,4,0,0
2.346,1576134976452,4,0,0
2.2760000000000002,1576134976902,4,0,0
2.146,1576134977352,4,0,0
2.0420000000000003,1576134977802,4,0,0
1.788,1576134978252,4,0,0
1.734,1576134978702,4,0,0
1.77,1576134979152,4,0,0
1.762,1576134979612,4,0,0
1.6400000000000001,1576134980062,1,0,0
0.9440000000000001,1576134980512,1,0,0
0.4,1576134980962,1,0,0
0.058,1576134981412,1,0,0
0.038,1576134981862,1,0,0
0.07,1576134982312,1,0,0
0.10200000000000001,1576134982762,1,0,0
0.18,1576134983212,1,0,0
0.212,1576134983662,1,0,0
0.216,1576134984112,1,0,0
0.228,1576134984562,1,0,0
0.074,1576134985012,1,0,0
-0.046,1576134985462,1,0,0
-0.08600000000000001,1576134985912,1,0,0
-0.042,1576134986362,1,0,0
0.318,1576134986812,1,0,0
0.796,1576134987262,1,0,0
0.856,1576134987712,1,0,0
0.554,1576134988162,1,0,0
0.11800000000000001,1576134988612,1,0,0
-0.11,1576134989062,1,0,0
-0.17400000000000002,1576134989512,1,0,0
-0.068,1576134989962,1,0,0
0.15,1576134990412,1,0,0
0.304,1576134990862,1,0,0
0.374,1576134991312,1,0,0
0.38,1576134991762,1,0,0
0.374,1576134992212,1,0,0
0.366,1576134992662,1,0,0
0.374,1576134993112,1,0,0
0.41200000000000003,1576134993562,1,0,0
0.41200000000000003,1576134994012,1,0,0
0.402,1576134994462,1,0,0
0.39,1576134994912,1,0,0
0.404,1576134995362,1,0,0
0.372,1576134995812,1,0,0
0.34,1576134996262,1,0,0
0.17400000000000002,1576134996712,1,0,0
0.026000000000000002,1576134997162,1,0,0
0.146,1576134997612,1,0,0
0.368,1576134998062,1,0,0
0.352,1576134998512,1,0,0
0.55,1576134998962,1,0,0
0.88,1576134999412,1,0,0
1.034,1576134999862,1,0,0
0.714,1576135000312,1,0,0
0.318,1576135000762,1,0,0
-0.036000000000000004,1576135001212,1,0,0
-0.214,1576135001662,1,0,0
-0.328,1576135002122,1,0,0
-0.35000000000000003,1576135002572,1,0,0
-0.336,1576135003023,1,0,0
-0.334,1576135003472,1,0,0
-0.326,1576135003922,1,0,0
-0.336,1576135004373,1,0,0
-0.334,1576135004823,1,0,0
-0.808,1576135005273,1,0,0
-1.1260000000000001,1576135005722,1,0,0
-1.026,1576135006173,1,0,0
-1.1320000000000001,1576135006622,1,0,0
-0.978,1576135007073,1,0,0
-0.51,1576135007522,1,0,0
-0.266,1576135007973,1,0,0
-0.23600000000000002,1576135008422,1,0,0
-0.712,1576135008872,1,0,0
-1.462,1576135009332,1,0,0
-1.672,1576135009782,1,0,0
-1.754,1576135010232,1,0,0
-1.47,1576135010682,1,0,0
-0.712,1576135011132,1,0,0
-0.35000000000000003,1576135011583,1,0,0
0.074,1576135012032,1,0,0
1.118,1576135012482,1,0,0
1.274,1576135012933,1,0,0
1.194,1576135013382,1,0,0
1.706,1576135013832,1,0,0
1.87,1576135014282,1,0,0
1.034,1576135014732,1,0,0
0.56,1576135015183,1,0,0
1.33,1576135015632,1,0,0
1.812,1576135016082,1,0,0
1.8980000000000001,1576135016532,8,0,0
1.326,1576135016982,8,0,0
0.854,1576135017432,8,0,0
0.746,1576135017882,8,0,0
0.93,1576135018332,8,0,0
1.01,1576135018782,8,0,0
0.642,1576135019232,8,0,0
0.318,1576135019683,8,0,0
0.334,1576135020132,8,0,0
0.856,1576135020582,8,0,0
1.466,1576135021032,8,0,0
1.926,1576135021482,8,0,0
1.776,1576135021932,8,0,0
1.594,1576135022382,8,0,0
1.45,1576135022832,8,0,0
1.302,1576135023282,8,0,0
0.848,1576135023732,8,0,0
0.398,1576135024182,8,0,0
0.308,1576135024632,8,0,0
0.6880000000000001,1576135025082,8,0,0
0.912,1576135025532,8,0,0
0.644,1576135025982,8,0,0
0.562,1576135026432,8,0,0
0.446,1576135026882,8,0,0
0.336,1576135027332,8,0,0
0.298,1576135027782,8,0,0
0.232,1576135028232,8,0,0
0.134,1576135028682,8,0,0
0.116,1576135029132,8,0,0
0.10400000000000001,1576135029582,8,0,0
0.126,1576135030033,8,0,0
0.1,1576135030482,8,0,0
-0.032,1576135030932,8,0,0
-0.158,1576135031383,8,0,0
-0.434,1576135031832,8,0,0
-0.716,1576135032282,8,0,0
-0.792,1576135032732,8,0,0
-0.88,1576135033182,8,0,0
-1.034,1576135033632,8,0,0
-1.154,1576135034082,8,0,0
-0.746,1576135034533,8,0,0
0.17,1576135034983,8,0,0
0.6920000000000001,1576135035433,8,0,0
0.85,1576135035883,8,0,0
0.532,1576135036332,8,0,0
0.21,1576135036782,8,0,0
-0.128,1576135037232,8,0,0
-0.3,1576135037683,8,0,0
-0.55,1576135038132,8,0,0
-1.032,1576135038582,8,0,0
-0.852,1576135039032,8,0,0
-0.58,1576135039482,8,0,0
-0.452,1576135039932,8,0,0
-0.192,1576135040383,4,0,0
0.048,1576135040832,4,0,0
0.114,1576135041283,4,0,0
0.024,1576135041732,4,0,0
-0.122,1576135042182,4,0,0
-0.228,1576135042632,4,0,0
-0.132,1576135043082,4,0,0
0.26,1576135043532,4,0,0
0.45,1576135043982,4,0,0
0.266,1576135044433,4,0,0
0.064,1576135044903,4,0,0
0.14400000000000002,1576135045353,4,0,0
0.374,1576135045803,4,0,0
0.524,1576135046253,4,0,0
0.378,1576135046703,4,0,0
0.164,1576135047153,4,0,0
0.242,1576135047603,4,0,0
0.5740000000000001,1576135048053,4,0,0
0.772,1576135048503,4,0,0
0.636,1576135048953,4,0,0
0.296,1576135049403,4,0,0
0.042,1576135049853,4,0,0
-0.158,1576135050303,4,0,0
-0.522,1576135050753,5,0,0
-1.162,1576135051203,5,0,0
-1.302,1576135051653,5,0,0
-0.98,1576135052103,5,0,0
-0.9480000000000001,1576135052553,5,0,0
-0.608,1576135053003,5,0,0
-0.34800000000000003,1576135053453,5,0,0
-0.23,1576135053903,5,0,0
-0.15,1576135054353,5,0,0
0.014,1576135054803,5,0,0
1.044,1576135055253,5,0,0
1.274,1576135055703,5,0,0
0.678,1576135056153,5,0,0
0.258,1576135056603,5,0,0
0.09,1576135057053,5,0,0
0.28600000000000003,1576135057503,5,0,0
0.51,1576135057953,5,0,0
0.428,1576135058403,5,0,0
0.16,1576135058853,5,0,0
-0.16,1576135059303,5,0,0
-0.396,1576135059753,5,0,0
-0.338,1576135060203,5,0,0
-0.222,1576135060653,5,0,0
-0.156,1576135061103,1,0,0
-0.122,1576135061553,1,0,0
-0.094,1576135062003,1,0,0
-0.028,1576135062453,1,0,0
0.23800000000000002,1576135062903,1,0,0
0.252,1576135063353,1,0,0
0.134,1576135063803,1,0,0
0.058,1576135064253,1,0,0
0.022,1576135064703,1,0,0
0.008,1576135065163,1,0,0
0.05,1576135065613,1,0,0
0.404,1576135066063,1,0,0
0.634,1576135066513,1,0,0
0.398,1576135066963,1,0,0
0.038,1576135067413,1,0,0
-0.302,1576135067863,1,0,0
-0.124,1576135068323,1,0,0
0.20600000000000002,1576135068773,1,0,0
0.338,1576135069223,1,0,0
0.47600000000000003,1576135069673,1,0,0
0.8180000000000001,1576135070123,1,0,0
1.106,1576135070573,1,0,0
1.118,1576135071023,1,0,0
0.8300000000000001,1576135071473,1,0,0
0.40800000000000003,1576135071922,1,0,0
-0.13,1576135072373,1,0,0
-0.114,1576135072823,1,0,0
0.08600000000000001,1576135073273,1,0,0
0.214,1576135073723,1,0,0
0.218,1576135074173,1,0,0
0.232,1576135074633,1,0,0
0.244,1576135075083,1,0,0
0.242,1576135075533,1,0,0
0.314,1576135075983,1,0,0
0.766,1576135076433,-1,0,0
1.158,1576135076883,-1,0,0
0.8160000000000001,1576135077333,-1,0,0
1.022,1576135077783,-1,0,0
1.574,1576135078233,-1,0,0
1.472,1576135078683,-1,0,0
1.7,1576135079133,-1,0,0
2.312,1576135079583,-1,0,0
2.39,1576135080033,-1,0,0
1.728,1576135080483,-1,0,0
1.172,1576135080933,-1,0,0
1.154,1576135081383,-1,0,0
1.106,1576135081833,-1,0,0
1.222,1576135082283,-1,0,0
1.492,1576135082733,-1,0,0
1.68,1576135083183,-1,0,0
1.82,1576135083633,-1,0,0
1.6280000000000001,1576135084083,-1,0,0
1.104,1576135084533,-1,0,0
0.812,1576135084983,-1,0,0
0.874,1576135085433,-1,0,0
1.12,1576135085883,-1,0,0
1.298,1576135086333,-1,0,0
1.2,1576135086783,-1,0,0
0.9560000000000001,1576135087233,-1,0,0
0.536,1576135087683,-1,0,0
0.202,1576135088123,-1,0,0
-0.184,1576135088573,-1,0,0
-0.326,1576135089023,-1,0,0
-0.332,1576135089473,-1,0,0
-0.332,1576135089923,-1,0,0
-0.29,1576135090373,-1,0,0
-0.332,1576135090823,-1,0,0
-0.27,1576135091273,-1,0,0
0.116,1576135091723,3,0,0
0.606,1576135092173,3,0,0
0.584,1576135092623,3,0,0
0.304,1576135093073,3,0,0
0.096,1576135093523,3,0,0
-0.036000000000000004,1576135093973,3,0,0
0.06,1576135094423,3,0,0
0.374,1576135094873,3,0,0
0.68,1576135095323,3,0,0
0.582,1576135095773,3,0,0
0.578,1576135096233,3,0,0
0.53,1576135096683,3,0,0
0.40800000000000003,1576135097133,3,0,0
0.594,1576135097583,3,0,0
1.1420000000000001,1576135098033,3,0,0
1.204,1576135098483,1,0,0
0.7000000000000001,1576135098933,1,0,0
0.338,1576135099383,1,0,0
0.18,1576135099833,1,0,0
0.092,1576135100283,1,0,0
0.066,1576135100733,1,0,0
-0.15,1576135101183,1,0,0
-1.432,1576135101633,1,0,0
-2.616,1576135102083,1,0,0
-3.094,1576135102533,1,0,0
-2.68,1576135102983,1,0,0
-2.742,1576135103433,1,0,0
-1.99,1576135103883,0,0,0
-0.502,1576135104333,0,0,0
0.212,1576135104783,0,0,0
0.466,1576135105233,0,0,0
0.534,1576135105683,0,0,0
0.554,1576135106133,0,0,0
0.56,1576135106583,0,0,0
0.562,1576135107033,0,0,0
0.562,1576135107483,0,0,0
0.562,1576135107933,0,0,0
0.562,1576135108383,0,0,0
0.562,1576135108833,0,0,0
0.562,1576135109284,0,0,0
0.562,1576135109733,0,0,0
0.562,1576135110184,0,0,0
0.562,1576135110633,0,0,0
0.562,1576135111084,0,0,0
0.562,1576135111533,0,0,0
0.562,1576135111984,0,0,0
0.562,1576135112433,0,0,0
0.562,1576135112884,0,0,0
0.562,1576135113333,0,0,0
0.562,1576135113784,0,0,0
0.562,1576135114233,0,0,0
0.562,1576135114684,0,0,0
0.562,1576135115133,0,0,0
0.5640000000000001,1576135115584,0,0,0
0.562,1576135116033,0,0,0
0.562,1576135116483,0,0,0
0.562,1576135116933,0,0,0
0.562,1576135117383,0,0,0
0.562,1576135117833,0,0,0
0.562,1576135118283,0,0,0
0.562,1576135118733,0,0,0
0.562,1576135119183,0,0,0
0.562,1576135119633,0,0,0
0.562,1576135120083,0,0,0
0.562,1576135120533,0,0,0
0.562,1576135120983,0,0,0
0.562,1576135121433,3,0,0
0.562,1576135121883,3,0,0
0.89,1576135122333,3,0,0
2.128,1576135122783,3,0,0
3.112,1576135123233,3,0,0
3.012,1576135123683,3,0,0
2.608,1576135124133,3,0,0
2.464,1576135124583,3,0,0
2.5380000000000003,1576135125033,3,0,0
2.718,1576135125483,3,0,0
2.434,1576135125933,3,0,0
1.5,1576135126383,3,0,0
1.172,1576135126833,3,0,0
0.9420000000000001,1576135127283,3,0,0
0.8,1576135127733,3,0,0
0.728,1576135128183,3,0,0
0.774,1576135128633,3,0,0
0.774,1576135129083,3,0,0
0.792,1576135129533,3,0,0
0.728,1576135129983,3,0,0
0.746,1576135130433,3,0,0
0.736,1576135130883,3,0,0
0.734,1576135131333,3,0,0
0.736,1576135131784,3,0,0
0.768,1576135132233,3,0,0
0.736,1576135132683,3,0,0
0.878,1576135133133,3,0,0
1.278,1576135133583,3,0,0
1.612,1576135134033,3,0,0
1.758,1576135134483,3,0,0
1.778,1576135134933,3,0,0
1.782,1576135135383,3,0,0
1.806,1576135135833,3,0,0
1.6380000000000001,1576135136283,3,0,0
1.576,1576135136733,3,0,0
1.41,1576135137183,1,0,0
1.286,1576135137633,1,0,0
1.218,1576135138083,1,0,0
1.2,1576135138533,1,0,0
1.1460000000000001,1576135138984,1,0,0
1.196,1576135139433,1,0,0
1.488,1576135139883,1,0,0
1.8980000000000001,1576135140333,1,0,0
2.262,1576135140784,1,0,0
2.418,1576135141233,1,0,0
2.302,1576135141683,1,0,0
1.966,1576135142133,1,0,0
1.6380000000000001,1576135142583,1,0,0
1.542,1576135143033,1,0,0
1.95,1576135143483,1,0,0
2.308,1576135143933,1,0,0
2.39,1576135144383,1,0,0
2.312,1576135144833,1,0,0
1.706,1576135145283,1,0,0
0.986,1576135145733,1,0,0
1.1280000000000001,1576135146183,1,0,0
1.344,1576135146633,1,0,0
1.422,1576135147083,1,0,0
1.364,1576135147533,1,0,0
1.3860000000000001,1576135147983,1,0,0
1.42,1576135148433,4,0,0
1.354,1576135148883,4,0,0
0.9,1576135149333,4,0,0
0.41400000000000003,1576135149783,4,0,0
0.32,1576135150233,4,0,0
0.682,1576135150683,4,0,0
1.024,1576135151133,4,0,0
1.212,1576135151583,4,0,0
1.316,1576135152033,4,0,0
1.372,1576135152483,4,0,0
1.46,1576135152933,4,0,0
1.45,1576135153383,4,0,0
1.346,1576135153833,4,0,0
1.312,1576135154283,4,0,0
1.304,1576135154733,4,0,0
1.314,1576135155183,4,0,0
1.346,1576135155633,4,0,0
1.258,1576135156093,4,0,0
0.678,1576135156554,1,0,0
0.43,1576135157003,1,0,0
0.802,1576135157453,1,0,0
1.1380000000000001,1576135157903,1,0,0
1.1400000000000001,1576135158353,1,0,0
0.91,1576135158803,1,0,0
1.1300000000000001,1576135159253,1,0,0
1.4020000000000001,1576135159703,1,0,0
2.218,1576135160153,1,0,0
2.582,1576135160603,1,0,0
2.22,1576135161053,1,0,0
2.0260000000000002,1576135161503,1,0,0
2.228,1576135161953,1,0,0
2.088,1576135162403,1,0,0
1.364,1576135162853,1,0,0
1.702,1576135163303,1,0,0
2.254,1576135163753,1,0,0
2.492,1576135164204,1,0,0
2.2600000000000002,1576135164653,1,0,0
2.016,1576135165103,1,0,0
1.856,1576135165553,1,0,0
1.754,1576135166003,1,0,0
1.608,1576135166453,1,0,0
1.5,1576135166903,1,0,0
1.464,1576135167353,1,0,0
1.468,1576135167803,1,0,0
1.304,1576135168263,1,0,0
1.1400000000000001,1576135168713,1,0,0
1.098,1576135169163,1,0,0
1.064,1576135169613,1,0,0
1.036,1576135170063,1,0,0
0.98,1576135170514,1,0,0
0.986,1576135170964,1,0,0
0.776,1576135171413,1,0,0
0.332,1576135171863,1,0,0
-0.052000000000000005,1576135172313,1,0,0
0.008,1576135172765,1,0,0
0.138,1576135173213,1,0,0
0.156,1576135173663,1,0,0
0.182,1576135174113,1,0,0
0.19,1576135174564,1,0,0
0.256,1576135175013,1,0,0
0.356,1576135175463,1,0,0
0.588,1576135175913,1,0,0
0.8220000000000001,1576135176364,1,0,0
0.982,1576135176813,1,0,0
1.1320000000000001,1576135177263,1,0,0
1.244,1576135177713,1,0,0
1.298,1576135178163,1,0,0
1.274,1576135178613,1,0,0
1.204,1576135179063,1,0,0
1.162,1576135179514,1,0,0
1.042,1576135179963,1,0,0
0.912,1576135180413,1,0,0
0.8,1576135180864,1,0,0
0.6940000000000001,1576135181313,1,0,0
0.598,1576135181764,1,0,0
0.48,1576135182214,1,0,0
0.326,1576135182663,1,0,0
0.256,1576135183113,1,0,0
0.132,1576135183563,1,0,0
-0.07200000000000001,1576135184013,1,0,0
-0.108,1576135184464,1,0,0
0.20800000000000002,1576135184914,1,0,0
0.438,1576135185364,1,0,0
0.522,1576135185814,1,0,0
0.53,1576135186263,1,0,0
0.494,1576135186713,1,0,0
0.454,1576135187164,1,0,0
0.402,1576135187614,1,0,0
0.334,1576135188064,1,0,0
0.302,1576135188513,1,0,0
0.278,1576135188963,1,0,0
0.28400000000000003,1576135189413,1,0,0
0.3,1576135189863,1,0,0
0.35000000000000003,1576135190313,1,0,0
0.526,1576135190763,1,0,0
0.67,1576135191214,1,0,0
0.722,1576135191664,1,0,0
0.722,1576135192113,1,0,0
0.638,1576135192564,1,0,0
0.562,1576135193013,1,0,0
0.582,1576135193473,1,0,0
0.5760000000000001,1576135193923,1,0,0
0.58,1576135194373,1,0,0
0.642,1576135194824,1,0,0
0.872,1576135195273,1,0,0
0.748,1576135195723,1,0,0
0.316,1576135196173,1,0,0
-0.166,1576135196623,1,0,0
-0.24,1576135197073,1,0,0
0.052000000000000005,1576135197523,1,0,0
0.41400000000000003,1576135197973,1,0,0
0.562,1576135198424,1,0,0
0.648,1576135198875,1,0,0
0.762,1576135199324,1,0,0
0.974,1576135199773,1,0,0
0.962,1576135200223,1,0,0
1.3920000000000001,1576135200673,1,0,0
1.744,1576135201124,1,0,0
1.828,1576135201573,1,0,0
1.826,1576135202024,1,0,0
1.818,1576135202474,1,0,0
1.792,1576135202924,1,0,0
1.17,1576135203374,1,0,0
0.49,1576135203824,1,0,0
0.296,1576135204273,1,0,0
0.3,1576135204724,1,0,0
0.156,1576135205173,1,0,0
0.02,1576135205623,1,0,0
0.058,1576135206074,1,0,0
0.162,1576135206524,1,0,0
0.254,1576135206973,1,0,0
0.29,1576135207424,1,0,0
0.308,1576135207873,1,0,0
0.34800000000000003,1576135208323,1,0,0
0.654,1576135208774,1,0,0
0.908,1576135209223,1,0,0
0.988,1576135209673,1,0,0
1.374,1576135210124,1,0,0
1.788,1576135210574,1,0,0
1.806,1576135211023,1,0,0
1.566,1576135211475,1,0,0
1.256,1576135211924,1,0,0
1.122,1576135212374,1,0,0
0.984,1576135212824,1,0,0
0.912,1576135213274,1,0,0
1.046,1576135213724,1,0,0
1.188,1576135214184,1,0,0
1.28,1576135214644,1,0,0
1.344,1576135215094,1,0,0
1.276,1576135215544,1,0,0
1.24,1576135215994,1,0,0
1.188,1576135216444,1,0,0
1.1420000000000001,1576135216894,1,0,0
0.616,1576135217354,1,0,0
0.028,1576135217804,1,0,0
-0.32,1576135218254,1,0,0
-0.528,1576135218704,1,0,0
-1.214,1576135219154,1,0,0
-1.248,1576135219604,1,0,0
-0.834,1576135220054,1,0,0
-0.634,1576135220504,1,0,0
-0.47200000000000003,1576135220954,1,0,0
-0.34800000000000003,1576135221404,1,0,0
-0.20400000000000001,1576135221854,1,0,0
-0.052000000000000005,1576135222304,1,0,0
0.244,1576135222754,1,0,0
0.528,1576135223204,1,0,0
0.682,1576135223654,1,0,0
0.726,1576135224104,1,0,0
0.684,1576135224574,1,0,0
0.548,1576135225024,1,0,0
0.28400000000000003,1576135225474,1,0,0
-0.178,1576135225924,1,0,0
-0.528,1576135226374,1,0,0
-0.438,1576135226824,1,0,0
-0.34400000000000003,1576135227274,1,0,0
-0.298,1576135227724,1,0,0
-0.374,1576135228174,1,0,0
-0.45,1576135228624,1,0,0
-0.518,1576135229074,1,0,0
-0.744,1576135229524,1,0,0
-0.922,1576135229974,1,0,0
-0.778,1576135230424,1,0,0
-0.706,1576135230874,1,0,0
-0.846,1576135231324,1,0,0
-0.884,1576135231774,1,0,0
-1.02,1576135232224,1,0,0
-1.064,1576135232674,1,0,0
-0.96,1576135233124,1,0,0
-1.004,1576135233574,1,0,0
-1.6400000000000001,1576135234024,1,0,0
-2.23,1576135234474,1,0,0
-2.16,1576135234924,1,0,0
-1.986,1576135235374,1,0,0
-1.862,1576135235824,1,0,0
-1.562,1576135236274,1,0,0
-1.468,1576135236724,1,0,0
-1.606,1576135237174,1,0,0
-1.05,1576135237624,1,0,0
-0.648,1576135238074,5,0,0
-0.494,1576135238524,5,0,0
-0.44,1576135238974,5,0,0
-0.192,1576135239424,5,0,0
0.3,1576135239874,5,0,0
0.728,1576135240324,5,0,0
1.088,1576135240774,5,0,0
1.518,1576135241224,5,0,0
1.83,1576135241674,5,0,0
2.0060000000000002,1576135242124,5,0,0
1.954,1576135242574,5,0,0
1.8,1576135243024,5,0,0
1.312,1576135243474,5,0,0
1.17,1576135243924,5,0,0
0.888,1576135244384,5,0,0
0.638,1576135244834,5,0,0
0.552,1576135245284,5,0,0
0.546,1576135245734,5,0,0
0.546,1576135246184,5,0,0
0.54,1576135246634,5,0,0
0.492,1576135247084,5,0,0
0.486,1576135247534,5,0,0
0.5760000000000001,1576135247984,5,0,0
0.654,1576135248434,5,0,0
0.602,1576135248884,5,0,0
0.498,1576135249334,5,0,0
0.402,1576135249784,5,0,0
0.218,1576135250234,5,0,0
-0.07200000000000001,1576135250684,5,0,0
-1.09,1576135251134,1,0,0
-1.98,1576135251584,1,0,0
-1.708,1576135252034,1,0,0
-1.056,1576135252484,1,0,0
-0.78,1576135252934,1,0,0
-1.02,1576135253384,1,0,0
-1.9160000000000001,1576135253834,1,0,0
-2.214,1576135254284,3,0,0
-2.05,1576135254734,3,0,0
-1.166,1576135255184,3,0,0
-0.754,1576135255634,3,0,0
-0.716,1576135256084,3,0,0
-0.548,1576135256534,3,0,0
-0.41400000000000003,1576135256984,3,0,0
0.746,1576135257434,3,0,0
2.148,1576135257884,3,0,0
2.68,1576135258334,3,0,0
2.062,1576135258784,3,0,0
1.06,1576135259234,3,0,0
0.49,1576135259684,3,0,0
0.758,1576135260134,3,0,0
1.442,1576135260584,3,0,0
1.54,1576135261034,3,0,0
1.556,1576135261484,3,0,0
1.09,1576135261934,3,0,0
0.506,1576135262384,3,0,0
0.05,1576135262834,3,0,0
0.31,1576135263284,3,0,0
0.986,1576135263734,3,0,0
1.426,1576135264184,3,0,0
1.518,1576135264644,3,0,0
1.336,1576135265094,3,0,0
1.098,1576135265544,3,0,0
0.664,1576135265994,3,0,0
0.28600000000000003,1576135266445,3,0,0
0.094,1576135266894,1,0,0
-0.078,1576135267344,1,0,0
-0.202,1576135267794,1,0,0
-0.152,1576135268244,1,0,0
0.028,1576135268694,1,0,0
0.092,1576135269144,1,0,0
0.08,1576135269594,1,0,0
0.036000000000000004,1576135270044,1,0,0
0.098,1576135270494,1,0,0
0.19,1576135270944,1,0,0
0.112,1576135271394,1,0,0
0.108,1576135271844,1,0,0
0.422,1576135272294,1,0,0
0.798,1576135272744,1,0,0
1.004,1576135273194,1,0,0
0.9380000000000001,1576135273644,1,0,0
0.8320000000000001,1576135274094,1,0,0
0.892,1576135274544,1,0,0
1.082,1576135274994,1,0,0
1.224,1576135275444,1,0,0
1.304,1576135275894,1,0,0
0.908,1576135276344,1,0,0
0.424,1576135276794,1,0,0
0.302,1576135277245,1,0,0
0.334,1576135277704,1,0,0
0.28,1576135278154,1,0,0
0.358,1576135278614,1,0,0
0.422,1576135279064,1,0,0
0.46,1576135279514,1,0,0
0.47600000000000003,1576135279964,1,0,0
0.422,1576135280415,1,0,0
0.316,1576135280864,1,0,0
0.226,1576135281314,1,0,0
0.228,1576135281764,1,0,0
0.306,1576135282224,1,0,0
0.534,1576135282684,1,0,0
0.676,1576135283134,1,0,0
0.744,1576135283584,1,0,0
0.722,1576135284034,1,0,0
0.612,1576135284484,1,0,0
0.504,1576135284934,1,0,0
0.42,1576135285384,1,0,0
0.34400000000000003,1576135285834,1,0,0
0.332,1576135286284,1,0,0
0.556,1576135286734,1,0,0
0.792,1576135287184,1,0,0
0.96,1576135287634,1,0,0
0.982,1576135288104,1,0,0
0.92,1576135288554,1,0,0
0.878,1576135289004,1,0,0
0.862,1576135289454,1,0,0
0.848,1576135289904,1,0,0
0.588,1576135290354,1,0,0
0.28,1576135290804,1,0,0
0.126,1576135291254,1,0,0
0.148,1576135291704,1,0,0
0.432,1576135292154,1,0,0
0.776,1576135292604,1,0,0
0.972,1576135293054,1,0,0
0.982,1576135293504,1,0,0
0.716,1576135293954,1,0,0
0.34800000000000003,1576135294404,1,0,0
-0.038,1576135294854,1,0,0
-0.33,1576135295304,1,0,0
-0.358,1576135295754,1,0,0
0.10400000000000001,1576135296204,1,0,0
0.79,1576135296654,1,0,0
1.074,1576135297104,1,0,0
1.092,1576135297554,1,0,0
0.996,1576135298004,1,0,0
0.848,1576135298454,1,0,0
0.5700000000000001,1576135298904,1,0,0
0.212,1576135299354,1,0,0
-0.07200000000000001,1576135299804,1,0,0
-0.106,1576135300254,1,0,0
0.014,1576135300704,1,0,0
0.18,1576135301154,1,0,0
0.29,1576135301604,1,0,0
0.512,1576135302054,1,0,0
0.72,1576135302504,1,0,0
0.652,1576135302954,1,0,0
0.5640000000000001,1576135303404,1,0,0
0.51,1576135303854,1,0,0
0.502,1576135304305,1,0,0
0.514,1576135304754,1,0,0
0.508,1576135305204,1,0,0
0.362,1576135305654,1,0,0
0.338,1576135306104,1,0,0
0.262,1576135306554,1,0,0
0.41600000000000004,1576135307004,1,0,0
0.842,1576135307454,1,0,0
0.646,1576135307914,1,0,0
0.318,1576135308364,1,0,0
0.14400000000000002,1576135308814,1,0,0
0.41600000000000004,1576135309264,1,0,0
0.8320000000000001,1576135309714,1,0,0
0.93,1576135310164,1,0,0
0.892,1576135310614,1,0,0
0.736,1576135311064,1,0,0
0.42,1576135311514,1,0,0
0.192,1576135311964,1,0,0
0.1,1576135312414,1,0,0
0.114,1576135312864,1,0,0
0.152,1576135313314,1,0,0
0.17400000000000002,1576135313764,1,0,0
0.198,1576135314214,1,0,0
0.218,1576135314664,1,0,0
0.228,1576135315114,1,0,0
0.20800000000000002,1576135315564,1,0,0
0.28,1576135316014,1,0,0
0.292,1576135316464,1,0,0
0.342,1576135316914,1,0,0
0.34800000000000003,1576135317364,1,0,0
0.226,1576135317814,1,0,0
0.304,1576135318264,1,0,0
0.45,1576135318714,1,0,0
0.378,1576135319164,1,0,0
0.2,1576135319615,1,0,0
0.158,1576135320064,1,0,0
0.192,1576135320514,1,0,0
0.222,1576135320964,1,0,0
0.24,1576135321416,1,0,0
0.266,1576135321865,1,0,0
0.276,1576135322316,1,0,0
0.28200000000000003,1576135322765,1,0,0
0.278,1576135323216,1,0,0
0.28400000000000003,1576135323665,1,0,0
0.29,1576135324115,1,0,0
0.302,1576135324565,1,0,0
0.308,1576135325015,1,0,0
0.306,1576135325465,1,0,0
0.298,1576135325915,1,0,0
0.232,1576135326365,1,0,0
0.026000000000000002,1576135326815,1,0,0
-0.186,1576135327265,1,0,0
-0.14200000000000002,1576135327715,1,0,0
-0.038,1576135328165,1,0,0
0.054,1576135328615,1,0,0
0.114,1576135329065,1,0,0
0.132,1576135329515,1,0,0
0.154,1576135329965,1,0,0
0.2,1576135330415,1,0,0
0.248,1576135330865,1,0,0
0.292,1576135331315,1,0,0
0.528,1576135331765,1,0,0
1.018,1576135332215,1,0,0
1.168,1576135332665,1,0,0
2.884,1576135333115,1,0,0
4.032,1576135333565,1,0,0
3.982,1576135334015,1,0,0
3.386,1576135334465,1,0,0
3.148,1576135334915,1,0,0
2.572,1576135335365,1,0,0
1.198,1576135335815,1,0,0
0.454,1576135336265,1,0,0
0.084,1576135336715,1,0,0
-0.19,1576135337165,1,0,0
-0.41400000000000003,1576135337615,1,0,0
-0.546,1576135338065,1,0,0
-0.512,1576135338515,1,0,0
-0.34600000000000003,1576135338965,1,0,0
-0.14,1576135339415,1,0,0
-0.008,1576135339865,1,0,0
0.064,1576135340315,1,0,0
0.062,1576135340765,1,0,0
-0.04,1576135341215,1,0,0
-0.222,1576135341665,1,0,0
-0.4,1576135342115,1,0,0
-0.458,1576135342565,1,0,0
-0.484,1576135343015,1,0,0
-0.516,1576135343465,1,0,0
-0.544,1576135343915,1,0,0
-0.554,1576135344365,1,0,0
-0.51,1576135344815,1,0,0
-0.274,1576135345265,1,0,0
-0.034,1576135345715,1,0,0
-0.028,1576135346165,1,0,0
-0.192,1576135346615,1,0,0
-0.364,1576135347065,1,0,0
-0.468,1576135347515,1,0,0
-0.596,1576135347975,1,0,0
-1.43,1576135348425,1,0,0
-2.232,1576135348875,1,0,0
-1.52,1576135349325,1,0,0
-0.862,1576135349775,1,0,0
-0.974,1576135350225,1,0,0
-1.734,1576135350675,1,0,0
-2.494,1576135351125,1,0,0
-3.016,1576135351575,1,0,0
-2.888,1576135352035,1,0,0
-1.786,1576135352485,1,0,0
-0.992,1576135352935,1,0,0
-0.722,1576135353385,1,0,0
-0.504,1576135353835,1,0,0
-0.254,1576135354285,1,0,0
0.164,1576135354735,1,0,0
0.47400000000000003,1576135355185,1,0,0
0.578,1576135355635,1,0,0
0.5680000000000001,1576135356085,1,0,0
0.546,1576135356535,1,0,0
0.536,1576135356985,1,0,0
0.546,1576135357435,1,0,0
0.552,1576135357885,1,0,0
0.5660000000000001,1576135358335,1,0,0
0.562,1576135358785,1,0,0
0.554,1576135359235,1,0,0
0.558,1576135359685,1,0,0
0.542,1576135360135,1,0,0
0.45,1576135360585,1,0,0
0.356,1576135361035,1,0,0
0.276,1576135361485,1,0,0
0.222,1576135361945,1,0,0
0.196,1576135362396,1,0,0
0.168,1576135362845,1,0,0
0.146,1576135363305,1,0,0
0.11,1576135363755,1,0,0
0.126,1576135364205,1,0,0
0.184,1576135364655,1,0,0
0.092,1576135365105,1,0,0
-0.108,1576135365555,1,0,0
-0.258,1576135366005,1,0,0
-0.248,1576135366455,1,0,0
-0.178,1576135366915,1,0,0
-0.11800000000000001,1576135367365,1,0,0
-0.08,1576135367815,1,0,0
0.066,1576135368275,1,0,0
0.20400000000000001,1576135368725,1,0,0
0.246,1576135369175,1,0,0
0.1,1576135369625,1,0,0
-0.124,1576135370075,1,0,0
-0.19,1576135370525,1,0,0
-0.17400000000000002,1576135370975,1,0,0
-0.152,1576135371425,1,0,0
-0.14400000000000002,1576135371875,1,0,0
-0.14400000000000002,1576135372325,1,0,0
-0.28800000000000003,1576135372775,1,0,0
-0.43,1576135373225,1,0,0
-0.552,1576135373675,1,0,0
-0.588,1576135374125,1,0,0
-0.586,1576135374575,1,0,0
-0.592,1576135375025,1,0,0
-0.598,1576135375475,1,0,0
-0.58,1576135375925,1,0,0
-0.582,1576135376375,1,0,0
-0.424,1576135376825,1,0,0
-0.23,1576135377275,1,0,0
-0.23,1576135377725,1,0,0
-0.362,1576135378175,1,0,0
-0.496,1576135378625,1,0,0
-0.5760000000000001,1576135379075,1,0,0
-0.602,1576135379525,1,0,0
-0.5740000000000001,1576135379975,1,0,0
-0.604,1576135380425,1,0,0
-1.1460000000000001,1576135380875,1,0,0
-1.58,1576135381325,1,0,0
-1.05,1576135381775,1,0,0
-0.9500000000000001,1576135382225,1,0,0
-0.86,1576135382675,1,0,0
-0.6940000000000001,1576135383125,1,0,0
-0.598,1576135383575,1,0,0
-0.4,1576135384025,1,0,0
-0.26,1576135384475,1,0,0
-0.186,1576135384925,1,0,0
-0.148,1576135385375,1,0,0
-0.124,1576135385825,1,0,0
-0.186,1576135386275,1,0,0
-0.212,1576135386725,1,0,0
-0.112,1576135387175,1,0,0
0.0,1576135387625,1,0,0
0.084,1576135388075,1,0,0
0.128,1576135388525,1,0,0
0.148,1576135388975,1,0,0
0.294,1576135389425,1,0,0
0.538,1576135389875,1,0,0
0.642,1576135390325,1,0,0
0.672,1576135390775,1,0,0
0.68,1576135391225,1,0,0
0.73,1576135391675,1,0,0
0.834,1576135392125,1,0,0
0.864,1576135392575,4,0,0
0.808,1576135393025,4,0,0
0.756,1576135393475,4,0,0
0.838,1576135393925,4,0,0
0.782,1576135394375,4,0,0
0.748,1576135394825,4,0,0
0.67,1576135395275,4,0,0
0.632,1576135395725,4,0,0
0.644,1576135396175,4,0,0
0.664,1576135396625,4,0,0
0.736,1576135397075,4,0,0
0.8280000000000001,1576135397525,4,0,0
0.86,1576135397975,1,0,0
0.85,1576135398425,1,0,0
0.836,1576135398875,1,0,0
0.8280000000000001,1576135399325,1,0,0
0.844,1576135399775,1,0,0
0.802,1576135400225,1,0,0
0.72,1576135400675,1,0,0
0.58,1576135401125,1,0,0
0.502,1576135401575,1,0,0
0.45,1576135402025,1,0,0
0.39,1576135402475,1,0,0
0.20600000000000002,1576135402925,1,0,0
-0.028,1576135403375,1,0,0
-0.266,1576135403825,1,0,0
-0.292,1576135404275,1,0,0
-0.214,1576135404725,1,0,0
-0.128,1576135405175,1,0,0
-0.058,1576135405625,1,0,0
-0.05,1576135406075,1,0,0
-0.046,1576135406525,1,0,0
-0.004,1576135406975,1,0,0
0.042,1576135407425,1,0,0
0.076,1576135407875,1,0,0
0.098,1576135408325,1,0,0
0.096,1576135408775,1,0,0
0.074,1576135409225,1,0,0
0.088,1576135409675,1,0,0
0.096,1576135410125,1,0,0
0.112,1576135410575,1,0,0
0.05,1576135411025,1,0,0
-0.136,1576135411475,4,0,0
-0.268,1576135411925,4,0,0
-0.27,1576135412375,4,0,0
-0.232,1576135412825,4,0,0
-0.182,1576135413275,4,0,0
-0.146,1576135413725,4,0,0
-0.128,1576135414175,4,0,0
-0.108,1576135414625,4,0,0
-0.068,1576135415075,4,0,0
0.114,1576135415525,4,0,0
0.37,1576135415975,4,0,0
0.502,1576135416425,4,0,0
0.62,1576135416875,4,0,0
0.656,1576135417325,4,0,0
0.636,1576135417775,1,0,0
0.62,1576135418225,1,0,0
0.53,1576135418675,1,0,0
0.418,1576135419125,1,0,0
0.328,1576135419575,1,0,0
0.21,1576135420025,1,0,0
0.17,1576135420475,1,0,0
0.128,1576135420925,1,0,0
0.07,1576135421375,1,0,0
0.124,1576135421825,1,0,0
0.20800000000000002,1576135422275,1,0,0
0.098,1576135422725,1,0,0
-0.01,1576135423175,1,0,0
0.058,1576135423625,1,0,0
0.164,1576135424075,1,0,0
0.218,1576135424525,1,0,0
0.252,1576135424975,1,0,0
0.272,1576135425425,1,0,0
0.28200000000000003,1576135425875,1,0,0
0.27,1576135426325,1,0,0
0.242,1576135426775,1,0,0
0.212,1576135427225,1,0,0
0.218,1576135427675,1,0,0
0.226,1576135428125,1,0,0
0.22,1576135428575,1,0,0
0.22,1576135429025,1,0,0
0.228,1576135429475,1,0,0
0.248,1576135429925,1,0,0
0.244,1576135430375,1,0,0
0.258,1576135430825,1,0,0
0.25,1576135431275,1,0,0
0.23600000000000002,1576135431725,1,0,0
0.232,1576135432176,1,0,0
0.23600000000000002,1576135432625,1,0,0
0.224,1576135433076,1,0,0
0.228,1576135433525,1,0,0
0.232,1576135433975,1,0,0
0.23800000000000002,1576135434425,1,0,0
0.246,1576135434875,1,0,0
0.258,1576135435325,1,0,0
0.28800000000000003,1576135435775,1,0,0
0.302,1576135436225,1,0,0
0.306,1576135436675,1,0,0
0.308,1576135437125,1,0,0
0.31,1576135437575,1,0,0
0.31,1576135438025,1,0,0
0.312,1576135438475,1,0,0
0.308,1576135438925,1,0,0
0.312,1576135439375,1,0,0
0.312,1576135439826,1,0,0
0.312,1576135440276,1,0,0
0.312,1576135440725,1,0,0
0.316,1576135441175,1,0,0
0.312,1576135441625,1,0,0
0.178,1576135442075,1,0,0
-0.032,1576135442525,1,0,0
-0.28800000000000003,1576135442976,1,0,0
-0.482,1576135443426,1,0,0
-0.5640000000000001,1576135443875,1,0,0
-0.594,1576135444325,1,0,0
-0.6,1576135444776,1,0,0
-0.41200000000000003,1576135445225,1,0,0
-0.308,1576135445676,1,0,0
-0.358,1576135446126,1,0,0
-0.296,1576135446575,1,0,0
-0.202,1576135447025,1,0,0
-0.182,1576135447475,1,0,0
-0.304,1576135447926,1,0,0
-0.41200000000000003,1576135448375,1,0,0
-0.38,1576135448835,1,0,0
-0.424,1576135449285,1,0,0
-0.484,1576135449736,1,0,0
-0.466,1576135450186,1,0,0
-0.47000000000000003,1576135450635,1,0,0
-0.51,1576135451086,1,0,0
-0.548,1576135451536,1,0,0
-0.582,1576135451985,1,0,0
-0.6,1576135452435,1,0,0
-0.596,1576135452886,1,0,0
-0.456,1576135453335,1,0,0
-0.316,1576135453786,1,0,0
-0.222,1576135454236,1,0,0
-0.15,1576135454686,1,0,0
-0.082,1576135455136,1,0,0
-0.036000000000000004,1576135455585,1,0,0
-0.022,1576135456035,1,0,0
-0.012,1576135456486,1,0,0
-0.004,1576135456935,1,0,0
-0.004,1576135457386,1,0,0
-0.042,1576135457835,1,0,0
-0.188,1576135458286,1,0,0
-0.212,1576135458735,1,0,0
-0.352,1576135459185,1,0,0
-0.452,1576135459635,1,0,0
-0.482,1576135460085,1,0,0
-0.54,1576135460535,1,0,0
-0.546,1576135460985,1,0,0
-0.556,1576135461435,1,0,0
-0.5680000000000001,1576135461885,1,0,0
-0.77,1576135462335,1,0,0
-0.96,1576135462786,1,0,0
-0.668,1576135463236,2,0,0
-0.038,1576135463685,2,0,0
0.328,1576135464135,2,0,0
0.232,1576135464555,2,0,0
0.048,1576135465005,2,0,0
-0.164,1576135465455,2,0,0
-0.3,1576135465906,2,0,0
-0.332,1576135466356,2,0,0
-0.436,1576135466805,2,0,0
-0.598,1576135467265,2,0,0
-0.738,1576135467715,2,0,0
-0.904,1576135468166,2,0,0
-1.1260000000000001,1576135468615,2,0,0
-1.116,1576135469065,2,0,0
-1.246,1576135469516,2,0,0
-1.302,1576135469965,2,0,0
-0.888,1576135470416,2,0,0
-0.366,1576135470865,2,0,0
0.482,1576135471315,2,0,0
1.212,1576135471766,2,0,0
1.6380000000000001,1576135472216,2,0,0
1.862,1576135472666,2,0,0
1.922,1576135473116,2,0,0
1.858,1576135473566,1,0,0
1.828,1576135474016,1,0,0
1.73,1576135474466,1,0,0
1.576,1576135474916,1,0,0
1.408,1576135475366,1,0,0
0.962,1576135475816,1,0,0
0.67,1576135476266,1,0,0
0.554,1576135476716,1,0,0
0.514,1576135477166,1,0,0
0.23600000000000002,1576135477616,5,0,0
-0.022,1576135478066,5,0,0
-0.34800000000000003,1576135478516,5,0,0
-0.536,1576135478966,5,0,0
-0.58,1576135479416,5,0,0
-0.676,1576135479866,5,0,0
-0.646,1576135480316,5,0,0
-0.48,1576135480766,5,0,0
-0.372,1576135481216,5,0,0
-0.256,1576135481666,5,0,0
-0.17200000000000001,1576135482116,5,0,0
-0.108,1576135482566,5,0,0
-0.058,1576135483016,5,0,0
-0.042,1576135483466,5,0,0
-0.07,1576135483916,5,0,0
-0.11800000000000001,1576135484366,5,0,0
-0.17,1576135484816,5,0,0
-0.214,1576135485266,5,0,0
-0.276,1576135485716,5,0,0
-0.602,1576135486166,5,0,0
-0.904,1576135486616,5,0,0
-0.8200000000000001,1576135487066,5,0,0
-0.438,1576135487516,5,0,0
-0.024,1576135487966,4,0,0
0.968,1576135488416,4,0,0
2.32,1576135488866,4,0,0
3.478,1576135489316,4,0,0
3.624,1576135489766,4,0,0
3.154,1576135490215,4,0,0
2.696,1576135490666,4,0,0
2.422,1576135491116,4,0,0
1.978,1576135491566,4,0,0
1.77,1576135492015,4,0,0
1.738,1576135492465,4,0,0
1.7,1576135492915,4,0,0
1.732,1576135493366,4,0,0
1.702,1576135493815,4,0,0
1.526,1576135494266,4,0,0
1.372,1576135494715,4,0,0
1.292,1576135495165,1,0,0
1.06,1576135495615,1,0,0
0.718,1576135496065,1,0,0
0.8200000000000001,1576135496515,1,0,0
0.996,1576135496966,1,0,0
1.064,1576135497415,1,0,0
1.05,1576135497865,1,0,0
0.662,1576135498315,1,0,0
0.27,1576135498765,1,0,0
-0.066,1576135499215,1,0,0
-0.214,1576135499665,1,0,0
-0.342,1576135500115,1,0,0
-0.544,1576135500565,1,0,0
-0.65,1576135501015,1,0,0
-0.546,1576135501465,1,0,0
-0.41200000000000003,1576135501916,1,0,0
-0.352,1576135502365,1,0,0
-0.32,1576135502815,1,0,0
-0.298,1576135503265,1,0,0
-0.308,1576135503716,1,0,0
-0.498,1576135504165,1,0,0
-0.896,1576135504615,1,0,0
-1.1340000000000001,1576135505065,1,0,0
-0.786,1576135505515,1,0,0
-0.378,1576135505965,1,0,0
0.81,1576135506416,1,0,0
2.124,1576135506865,1,0,0
3.248,1576135507315,1,0,0
3.508,1576135507765,1,0,0
3.3160000000000003,1576135508216,1,0,0
2.848,1576135508665,1,0,0
2.0340000000000003,1576135509115,1,0,0
1.726,1576135509565,1,0,0
1.45,1576135510025,1,0,0
1.318,1576135510476,1,0,0
1.272,1576135510925,1,0,0
1.106,1576135511375,1,0,0
0.986,1576135511826,1,0,0
0.864,1576135512275,1,0,0
0.84,1576135512726,1,0,0
0.858,1576135513175,1,0,0
0.86,1576135513625,1,0,0
0.8320000000000001,1576135514076,1,0,0
0.8300000000000001,1576135514526,1,0,0
0.648,1576135514976,1,0,0
0.41200000000000003,1576135515426,1,0,0
0.11800000000000001,1576135515875,1,0,0
-0.074,1576135516326,1,0,0
-0.132,1576135516776,1,0,0
-0.156,1576135517226,1,0,0
-0.16,1576135517676,1,0,0
-0.166,1576135518126,1,0,0
-0.166,1576135518576,1,0,0
-0.13,1576135519036,1,0,0
-0.088,1576135519486,1,0,0
-0.058,1576135519936,1,0,0
-0.048,1576135520396,1,0,0
-0.048,1576135520855,1,0,0
-0.05,1576135521306,1,0,0
-0.04,1576135521766,1,0,0
-0.034,1576135522216,1,0,0
-0.018000000000000002,1576135522676,1,0,0
0.154,1576135523126,1,0,0
0.37,1576135523576,1,0,0
0.456,1576135524026,1,0,0
0.47200000000000003,1576135524476,1,0,0
0.448,1576135524926,1,0,0
0.426,1576135525376,1,0,0
0.396,1576135525826,1,0,0
0.366,1576135526286,1,0,0
0.34600000000000003,1576135526736,1,0,0
0.328,1576135527186,1,0,0
0.316,1576135527636,1,0,0
0.29,1576135528086,1,0,0
0.24,1576135528536,1,0,0
0.19,1576135528985,1,0,0
0.146,1576135529436,1,0,0
0.068,1576135529885,1,0,0
-0.108,1576135530336,1,0,0
-0.342,1576135530786,1,0,0
-0.506,1576135531236,1,0,0
-0.394,1576135531685,1,0,0
-0.188,1576135532136,1,0,0
0.01,1576135532585,1,0,0
0.11800000000000001,1576135533036,1,0,0
0.134,1576135533485,1,0,0
0.12,1576135533935,1,0,0
0.042,1576135534385,1,0,0
-0.182,1576135534835,1,0,0
-0.37,1576135535285,1,0,0
-0.494,1576135535736,1,0,0
-0.5660000000000001,1576135536185,1,0,0
-0.5700000000000001,1576135536635,1,0,0
-0.48,1576135537086,1,0,0
-0.644,1576135537536,1,0,0
-0.438,1576135537985,1,0,0
-0.252,1576135538435,1,0,0
-0.18,1576135538886,1,0,0
-0.198,1576135539336,1,0,0
-0.382,1576135539785,1,0,0
-0.484,1576135540235,1,0,0
-0.35000000000000003,1576135540686,5,0,0
-0.20400000000000001,1576135541136,5,0,0
-0.194,1576135541586,5,0,0
-0.26,1576135542036,5,0,0
-0.386,1576135542486,5,0,0
-0.786,1576135542936,5,0,0
-1.278,1576135543386,5,0,0
-1.466,1576135543836,5,0,0
-1.27,1576135544286,5,0,0
-1.09,1576135544736,5,0,0
-1.526,1576135545186,5,0,0
-1.688,1576135545636,5,0,0
-1.498,1576135546086,5,0,0
-1.366,1576135546536,5,0,0
-1.408,1576135546986,5,0,0
-1.324,1576135547436,5,0,0
-1.198,1576135547886,5,0,0
-1.338,1576135548336,5,0,0
-1.756,1576135548786,5,0,0
-1.9160000000000001,1576135549236,5,0,0
-1.9160000000000001,1576135549686,5,0,0
-1.6480000000000001,1576135550136,5,0,0
-1.37,1576135550596,0,0,0
-1.058,1576135551046,0,0,0
-0.516,1576135551496,0,0,0
0.014,1576135551946,0,0,0
0.264,1576135552396,0,0,0
0.34800000000000003,1576135552846,0,0,0
0.372,1576135553296,0,0,0
0.374,1576135553746,0,0,0
0.38,1576135554196,0,0,0
0.384,1576135554646,0,0,0
0.382,1576135555096,0,0,0
0.382,1576135555546,0,0,0
0.382,1576135555996,0,0,0
0.378,1576135556446,0,0,0
0.374,1576135556896,0,0,0
0.374,1576135557346,0,0,0
0.374,1576135557796,0,0,0
0.374,1576135558246,0,0,0
0.374,1576135558696,0,0,0
0.374,1576135559146,0,0,0
0.374,1576135559596,0,0,0
0.374,1576135560046,0,0,0
0.374,1576135560496,0,0,0
0.374,1576135560946,0,0,0
0.382,1576135561396,0,0,0
0.38,1576135561846,0,0,0
0.386,1576135562296,0,0,0
0.386,1576135562746,0,0,0
0.384,1576135563196,0,0,0
0.386,1576135563646,0,0,0
0.38,1576135564096,0,0,0
0.378,1576135564546,0,0,0
0.376,1576135564996,0,0,0
0.382,1576135565446,0,0,0
0.382,1576135565896,0,0,0
0.38,1576135566346,0,0,0
0.388,1576135566796,0,0,0
0.388,1576135567246,0,0,0
0.384,1576135567696,0,0,0
0.384,1576135568146,0,0,0
0.382,1576135568596,0,0,0
0.378,1576135569046,0,0,0
0.374,1576135569496,0,0,0
0.38,1576135569946,0,0,0
0.38,1576135570396,0,0,0
0.382,1576135570846,0,0,0
0.378,1576135571296,0,0,0
0.382,1576135571746,0,0,0
0.398,1576135572196,0,0,0
0.406,1576135572646,0,0,0
0.41600000000000004,1576135573096,0,0,0
0.422,1576135573546,0,0,0
0.422,1576135573996,0,0,0
0.422,1576135574446,0,0,0
0.426,1576135574896,0,0,0
0.444,1576135575346,0,0,0
0.444,1576135575796,0,0,0
0.45,1576135576246,0,0,0
0.466,1576135576696,0,0,0
0.464,1576135577146,0,0,0
0.462,1576135577596,0,0,0
0.464,1576135578046,0,0,0
0.466,1576135578496,0,0,0
0.47200000000000003,1576135578946,0,0,0
0.47000000000000003,1576135579396,0,0,0
0.468,1576135579846,0,0,0
0.462,1576135580296,0,0,0
0.458,1576135580746,0,0,0
0.462,1576135581196,0,0,0
0.456,1576135581646,0,0,0
0.458,1576135582096,0,0,0
0.458,1576135582546,0,0,0
0.464,1576135582996,0,0,0
0.464,1576135583446,0,0,0
0.464,1576135583896,0,0,0
0.464,1576135584346,0,0,0
0.466,1576135584796,0,0,0
0.454,1576135585246,0,0,0
0.458,1576135585696,0,0,0
0.46,1576135586146,0,0,0
0.462,1576135586596,0,0,0
0.462,1576135587046,0,0,0
0.458,1576135587496,0,0,0
0.462,1576135587946,0,0,0
0.458,1576135588396,0,0,0
0.464,1576135588846,0,0,0
0.458,1576135589296,0,0,0
0.458,1576135589746,0,0,0
0.458,1576135590196,0,0,0
0.456,1576135590646,0,0,0
0.456,1576135591096,0,0,0
0.46,1576135591546,0,0,0
0.456,1576135591996,0,0,0
0.452,1576135592446,0,0,0
0.454,1576135592896,0,0,0
0.458,1576135593346,0,0,0
0.454,1576135593796,0,0,0
0.458,1576135594246,0,0,0
0.454,1576135594696,0,0,0
0.454,1576135595146,0,0,0
0.448,1576135595596,0,0,0
0.442,1576135596046,0,0,0
0.442,1576135596496,0,0,0
0.438,1576135596946,0,0,0
0.436,1576135597396,0,0,0
0.442,1576135597846,0,0,0
0.454,1576135598296,0,0,0
0.46,1576135598746,0,0,0
0.46,1576135599196,0,0,0
0.46,1576135599646,0,0,0
0.458,1576135600096,0,0,0
0.46,1576135600556,0,0,0
0.464,1576135601006,0,0,0
0.464,1576135601456,0,0,0
0.464,1576135601916,0,0,0
0.464,1576135602366,0,0,0
0.464,1576135602816,0,0,0
0.456,1576135603276,0,0,0
0.46,1576135603736,0,0,0
0.458,1576135604187,0,0,0
0.456,1576135604636,0,0,0
0.458,1576135605086,0,0,0
0.454,1576135605536,0,0,0
0.45,1576135605986,0,0,0
0.45,1576135606436,0,0,0
0.45,1576135606886,0,0,0
0.45,1576135607336,0,0,0
0.448,1576135607786,0,0,0
0.444,1576135608236,0,0,0
0.438,1576135608696,0,0,0
0.436,1576135609156,0,0,0
0.444,1576135609616,0,0,0
0.444,1576135610076,0,0,0
0.45,1576135610526,0,0,0
0.448,1576135610976,0,0,0
0.44,1576135611426,0,0,0
0.438,1576135611876,0,0,0
0.436,1576135612326,0,0,0
0.436,1576135612776,0,0,0
0.44,1576135613226,0,0,0
0.438,1576135613676,0,0,0
0.436,1576135614132,0,0,0
0.436,1576135614596,0,0,0
0.438,1576135615046,0,0,0
0.438,1576135615496,0,0,0
0.436,1576135615946,0,0,0
0.436,1576135616396,0,0,0
0.436,1576135616846,0,0,0
0.436,1576135617296,0,0,0
0.444,1576135617746,0,0,0
0.442,1576135618196,0,0,0
0.446,1576135618646,0,0,0
0.446,1576135619096,0,0,0
0.446,1576135619546,0,0,0
0.45,1576135619996,0,0,0
0.452,1576135620446,0,0,0
0.454,1576135620896,0,0,0
0.45,1576135621346,0,0,0
0.46,1576135621796,0,0,0
0.454,1576135622246,0,0,0
0.452,1576135622696,0,0,0
0.458,1576135623146,0,0,0
0.458,1576135623596,0,0,0
0.456,1576135624046,0,0,0
0.458,1576135624496,0,0,0
0.458,1576135624946,0,0,0
0.448,1576135625396,0,0,0
0.442,1576135625846,0,0,0
0.438,1576135626296,0,0,0
0.438,1576135626756,0,0,0
0.448,1576135627206,0,0,0
0.448,1576135627656,0,0,0
0.45,1576135628106,0,0,0
0.442,1576135628556,0,0,0
0.446,1576135629006,0,0,0
0.444,1576135629456,0,0,0
0.438,1576135629916,0,0,0
0.45,1576135630366,0,0,0
0.452,1576135630816,0,0,0
0.448,1576135631266,0,0,0
0.456,1576135631716,0,0,0
0.462,1576135632166,0,0,0
0.458,1576135632616,0,0,0
0.454,1576135633066,0,0,0
0.444,1576135633516,0,0,0
0.456,1576135633966,0,0,0
0.458,1576135634416,0,0,0
0.456,1576135634866,0,0,0
0.458,1576135635326,0,0,0
0.452,1576135635776,0,0,0
0.458,1576135636226,0,0,0
0.458,1576135636676,0,0,0
0.448,1576135637126,0,0,0
0.446,1576135637576,0,0,0
0.446,1576135638026,0,0,0
0.458,1576135638476,0,0,0
0.456,1576135638926,0,0,0
0.458,1576135639376,0,0,0
0.454,1576135639826,0,0,0
0.452,1576135640276,0,0,0
0.448,1576135640726,0,0,0
0.454,1576135641176,0,0,0
0.456,1576135641626,0,0,0
0.452,1576135642076,0,0,0
0.45,1576135642526,0,0,0
0.448,1576135642977,0,0,0
0.454,1576135643426,0,0,0
0.45,1576135643876,0,0,0
0.456,1576135644326,0,0,0
0.458,1576135644776,0,0,0
0.452,1576135645226,0,0,0
0.46,1576135645677,0,0,0
0.46,1576135646126,0,0,0
0.45,1576135646576,0,0,0
0.456,1576135647026,0,0,0
0.46,1576135647476,0,0,0
0.464,1576135647926,0,0,0
0.462,1576135648376,0,0,0
0.45,1576135648827,0,0,0
0.444,1576135649277,0,0,0
0.446,1576135649727,0,0,0
0.45,1576135650177,0,0,0
0.458,1576135650626,0,0,0
0.464,1576135651077,0,0,0
0.458,1576135651526,0,0,0
0.456,1576135651977,0,0,0
0.452,1576135652426,0,0,0
0.452,1576135652876,0,0,0
0.454,1576135653326,0,0,0
