rpm_data,Timestamp,Action,Bump,Traffic congestion
698.5,1576127715755,0,0,0
700.5,1576127716205,0,0,0
703.0,1576127716655,0,0,0
703.0,1576127717105,0,0,0
702.0,1576127717555,0,0,0
705.0,1576127718005,0,0,0
708.0,1576127718455,0,0,0
693.0,1576127718905,0,0,0
700.5,1576127719355,0,0,0
703.5,1576127719805,0,0,0
703.5,1576127720255,0,0,0
702.5,1576127720705,0,0,0
704.0,1576127721155,0,0,0
740.0,1576127721605,4,0,0
711.5,1576127722055,4,0,0
671.5,1576127722505,4,0,0
588.0,1576127722955,4,0,0
756.5,1576127723406,4,0,0
696.5,1576127723855,4,0,0
731.0,1576127724305,4,0,0
730.5,1576127724755,4,0,0
731.0,1576127725205,4,0,0
747.0,1576127725655,4,0,0
737.5,1576127726105,4,0,0
748.5,1576127726555,4,0,0
748.5,1576127727005,4,0,0
760.0,1576127727455,4,0,0
780.0,1576127727905,4,0,0
802.0,1576127728355,4,0,0
842.0,1576127728805,4,0,0
883.5,1576127729255,4,0,0
881.5,1576127729705,4,0,0
902.5,1576127730155,4,0,0
973.0,1576127730605,4,0,0
1070.5,1576127731055,4,0,0
1152.5,1576127731506,4,0,0
1237.0,1576127731955,4,0,0
1305.5,1576127732405,4,0,0
1282.5,1576127732855,1,0,0
1197.5,1576127733305,1,0,0
1186.0,1576127733755,1,0,0
1512.5,1576127734205,1,0,0
1751.0,1576127734655,1,0,0
1841.0,1576127735105,1,0,0
1790.5,1576127735555,1,0,0
1622.0,1576127736005,1,0,0
1347.5,1576127736455,1,0,0
1247.0,1576127736905,1,0,0
1171.5,1576127737355,1,0,0
1129.0,1576127737805,1,0,0
1159.0,1576127738255,1,0,0
1168.0,1576127738705,1,0,0
1038.5,1576127739155,1,0,0
978.5,1576127739605,1,0,0
937.5,1576127740055,1,0,0
900.0,1576127740505,1,0,0
871.0,1576127740955,1,0,0
860.0,1576127741405,1,0,0
851.5,1576127741855,1,0,0
841.5,1576127742305,1,0,0
862.5,1576127742755,2,0,0
887.0,1576127743205,2,0,0
839.0,1576127743655,2,0,0
821.5,1576127744105,2,0,0
816.5,1576127744555,2,0,0
808.0,1576127745005,2,0,0
871.5,1576127745455,2,0,0
1044.0,1576127745905,2,0,0
1355.5,1576127746355,2,0,0
1586.5,1576127746805,2,0,0
1613.5,1576127747255,2,0,0
1592.0,1576127747675,2,0,0
1587.0,1576127748125,2,0,0
1615.5,1576127748575,2,0,0
1653.0,1576127749025,2,0,0
1681.0,1576127749475,2,0,0
1716.5,1576127749925,1,0,0
2000.5,1576127750375,1,0,0
2111.5,1576127750825,1,0,0
1734.0,1576127751275,1,0,0
1455.5,1576127751725,1,0,0
1425.0,1576127752175,1,0,0
1401.5,1576127752625,1,0,0
1366.5,1576127753075,1,0,0
1324.0,1576127753526,1,0,0
1306.0,1576127753975,1,0,0
1317.0,1576127754425,1,0,0
1334.5,1576127754875,1,0,0
1359.5,1576127755325,1,0,0
1378.5,1576127755775,1,0,0
1386.5,1576127756225,1,0,0
1383.0,1576127756675,1,0,0
1301.5,1576127757125,1,0,0
1205.5,1576127757575,1,0,0
1151.0,1576127758025,1,0,0
1117.0,1576127758475,1,0,0
1091.0,1576127758925,1,0,0
1062.5,1576127759375,1,0,0
1032.5,1576127759825,1,0,0
1012.0,1576127760275,1,0,0
997.0,1576127760725,1,0,0
956.0,1576127761175,1,0,0
940.0,1576127761625,1,0,0
922.0,1576127762075,1,0,0
922.5,1576127762525,1,0,0
883.5,1576127762975,1,0,0
882.5,1576127763425,1,0,0
888.5,1576127763875,1,0,0
891.0,1576127764325,1,0,0
860.0,1576127764775,1,0,0
874.5,1576127765225,1,0,0
861.5,1576127765675,1,0,0
886.5,1576127766125,1,0,0
903.0,1576127766575,1,0,0
897.5,1576127767025,1,0,0
923.0,1576127767475,1,0,0
947.5,1576127767925,1,0,0
992.0,1576127768375,1,0,0
1009.0,1576127768825,1,0,0
1067.5,1576127769275,1,0,0
1115.5,1576127769726,1,0,0
1098.0,1576127770176,1,0,0
1099.0,1576127770625,1,0,0
1087.5,1576127771075,1,0,0
1075.0,1576127771525,1,0,0
1082.0,1576127771976,1,0,0
1093.0,1576127772425,1,0,0
1104.5,1576127772875,1,0,0
1079.5,1576127773325,1,0,0
1063.5,1576127773775,1,0,0
1054.0,1576127774225,1,0,0
1054.5,1576127774675,1,0,0
1063.0,1576127775125,1,0,0
1052.5,1576127775575,1,0,0
1037.5,1576127776025,1,0,0
1012.0,1576127776476,1,0,0
979.5,1576127776935,1,0,0
892.0,1576127777385,1,0,0
860.0,1576127777840,1,0,0
846.5,1576127778296,1,0,0
863.0,1576127778747,1,0,0
839.5,1576127779196,1,0,0
803.5,1576127779646,1,0,0
814.5,1576127780096,1,0,0
836.5,1576127780556,1,0,0
838.5,1576127781016,1,0,0
852.5,1576127781466,1,0,0
831.0,1576127781916,1,0,0
824.0,1576127782366,1,0,0
825.0,1576127782816,1,0,0
814.5,1576127783266,1,0,0
798.0,1576127783716,1,0,0
792.5,1576127784176,1,0,0
784.5,1576127784636,1,0,0
754.5,1576127785086,1,0,0
768.5,1576127785546,1,0,0
792.0,1576127785996,1,0,0
791.5,1576127786446,1,0,0
799.5,1576127786896,1,0,0
805.0,1576127787356,1,0,0
788.5,1576127787806,1,0,0
784.5,1576127788256,1,0,0
781.5,1576127788706,1,0,0
783.0,1576127789156,1,0,0
773.0,1576127789607,1,0,0
779.5,1576127790056,1,0,0
781.0,1576127790516,1,0,0
779.0,1576127790966,1,0,0
779.5,1576127791416,1,0,0
782.5,1576127791866,1,0,0
775.5,1576127792316,1,0,0
787.5,1576127792766,1,0,0
772.0,1576127793216,1,0,0
718.0,1576127793676,1,0,0
699.0,1576127794126,1,0,0
789.5,1576127794576,1,0,0
800.5,1576127795026,1,0,0
790.5,1576127795476,1,0,0
807.0,1576127795926,1,0,0
798.5,1576127796376,0,0,0
801.0,1576127796826,0,0,0
795.0,1576127797276,0,0,0
786.0,1576127797726,0,0,0
777.0,1576127798176,0,0,0
767.0,1576127798636,0,0,0
758.5,1576127799086,0,0,0
754.0,1576127799546,0,0,0
738.5,1576127799996,0,0,0
735.5,1576127800446,0,0,0
727.0,1576127800896,0,0,0
732.5,1576127801346,0,0,0
713.0,1576127801796,0,0,0
712.0,1576127802246,0,0,0
712.0,1576127802696,0,0,0
704.0,1576127803146,0,0,0
711.0,1576127803596,0,0,0
707.5,1576127804046,0,0,0
704.5,1576127804496,0,0,0
707.5,1576127804946,0,0,0
706.5,1576127805396,0,0,0
703.5,1576127805846,0,0,0
703.0,1576127806296,0,0,0
698.5,1576127806746,0,0,0
707.0,1576127807196,0,0,0
706.0,1576127807646,0,0,0
695.5,1576127808096,0,0,0
705.5,1576127808546,0,0,0
701.5,1576127808996,0,0,0
698.0,1576127809446,0,0,0
698.5,1576127809896,0,0,0
702.5,1576127810346,0,0,0
692.5,1576127810796,0,0,0
699.0,1576127811246,0,0,0
700.0,1576127811696,0,0,0
701.0,1576127812146,0,0,0
707.0,1576127812596,0,0,0
703.0,1576127813046,0,0,0
703.0,1576127813496,0,0,0
703.0,1576127813946,0,0,0
698.0,1576127814396,0,0,0
697.5,1576127814846,0,0,0
698.5,1576127815296,0,0,0
700.5,1576127815746,0,0,0
708.0,1576127816196,0,0,0
698.0,1576127816646,0,0,0
701.0,1576127817096,0,0,0
697.0,1576127817546,0,0,0
698.5,1576127817997,0,0,0
696.0,1576127818446,0,0,0
703.0,1576127818897,0,0,0
702.0,1576127819346,0,0,0
708.0,1576127819796,0,0,0
703.5,1576127820246,0,0,0
695.0,1576127820696,0,0,0
701.0,1576127821146,0,0,0
705.0,1576127821596,0,0,0
693.0,1576127822046,0,0,0
701.0,1576127822496,0,0,0
701.5,1576127822946,0,0,0
705.5,1576127823396,0,0,0
696.5,1576127823846,0,0,0
696.5,1576127824296,0,0,0
702.0,1576127824747,2,0,0
703.5,1576127825196,2,0,0
696.0,1576127825646,2,0,0
678.5,1576127826106,2,0,0
712.5,1576127826556,2,0,0
728.5,1576127827006,2,0,0
733.5,1576127827456,2,0,0
761.0,1576127827906,2,0,0
780.0,1576127828356,2,0,0
785.5,1576127828806,2,0,0
789.0,1576127829256,2,0,0
787.0,1576127829706,2,0,0
785.5,1576127830156,2,0,0
797.5,1576127830606,2,0,0
797.0,1576127831056,2,0,0
793.0,1576127831506,2,0,0
799.5,1576127831956,2,0,0
797.5,1576127832406,2,0,0
801.5,1576127832856,2,0,0
795.5,1576127833306,2,0,0
797.0,1576127833766,2,0,0
809.0,1576127834216,-1,0,0
835.5,1576127834666,-1,0,0
842.0,1576127835116,-1,0,0
841.5,1576127835566,-1,0,0
857.0,1576127836016,-1,0,0
837.0,1576127836466,-1,0,0
845.5,1576127836916,-1,0,0
851.0,1576127837366,-1,0,0
833.5,1576127837816,-1,0,0
853.0,1576127838266,-1,0,0
864.0,1576127838716,-1,0,0
868.5,1576127839166,-1,0,0
860.0,1576127839626,-1,0,0
857.0,1576127840076,-1,0,0
850.5,1576127840526,9,0,0
820.5,1576127840976,9,0,0
828.5,1576127841426,9,0,0
828.5,1576127841877,9,0,0
821.5,1576127842326,9,0,0
909.5,1576127842786,9,0,0
1204.5,1576127843236,9,0,0
1499.0,1576127843686,9,0,0
1774.5,1576127844136,9,0,0
1874.5,1576127844596,9,0,0
1929.0,1576127845047,9,0,0
1895.0,1576127845497,9,0,0
1807.5,1576127845946,1,0,0
1675.0,1576127846396,1,0,0
1511.0,1576127846846,1,0,0
1307.0,1576127847296,1,0,0
1190.5,1576127847746,1,0,0
1085.5,1576127848206,1,0,0
1033.5,1576127848656,1,0,0
976.5,1576127849106,1,0,0
929.5,1576127849556,1,0,0
872.0,1576127850006,1,0,0
884.5,1576127850456,1,0,0
867.0,1576127850906,1,0,0
846.5,1576127851366,1,0,0
848.5,1576127851816,3,0,0
818.0,1576127852266,3,0,0
801.0,1576127852716,3,0,0
799.0,1576127853166,3,0,0
811.5,1576127853616,3,0,0
815.5,1576127854066,3,0,0
805.0,1576127854516,3,0,0
814.5,1576127854966,3,0,0
794.0,1576127855417,3,0,0
858.5,1576127855866,3,0,0
1368.5,1576127856316,3,0,0
1517.5,1576127856766,3,0,0
1582.5,1576127857216,3,0,0
1622.5,1576127857666,3,0,0
1662.0,1576127858116,3,0,0
1730.5,1576127858566,3,0,0
1718.5,1576127859016,3,0,0
1768.5,1576127859466,4,0,0
1786.0,1576127859916,4,0,0
1752.5,1576127860366,4,0,0
1762.0,1576127860816,4,0,0
1830.0,1576127861267,4,0,0
1905.0,1576127861716,4,0,0
2011.0,1576127862166,4,0,0
2128.0,1576127862616,4,0,0
2194.5,1576127863066,4,0,0
2271.0,1576127863516,4,0,0
2333.5,1576127863966,1,0,0
2184.5,1576127864416,1,0,0
1664.5,1576127864866,1,0,0
1617.0,1576127865316,1,0,0
1632.0,1576127865766,1,0,0
1530.5,1576127866216,1,0,0
1443.0,1576127866666,1,0,0
1430.5,1576127867116,1,0,0
1453.5,1576127867566,1,0,0
1477.5,1576127868016,1,0,0
1498.0,1576127868466,1,0,0
1511.5,1576127868916,1,0,0
1540.5,1576127869366,1,0,0
1560.5,1576127869816,1,0,0
1581.0,1576127870266,1,0,0
1609.0,1576127870716,1,0,0
1633.5,1576127871166,1,0,0
1671.0,1576127871616,1,0,0
1697.0,1576127872066,1,0,0
1713.0,1576127872526,1,0,0
1748.5,1576127872976,1,0,0
1779.0,1576127873436,1,0,0
1791.0,1576127873896,1,0,0
1808.5,1576127874346,1,0,0
1824.0,1576127874796,1,0,0
1838.5,1576127875246,1,0,0
1835.0,1576127875696,1,0,0
1806.5,1576127876146,1,0,0
1832.0,1576127876596,1,0,0
1856.0,1576127877047,1,0,0
1855.5,1576127877496,1,0,0
1860.0,1576127877946,1,0,0
1863.0,1576127878397,1,0,0
1867.0,1576127878846,1,0,0
1884.0,1576127879296,1,0,0
1887.0,1576127879747,1,0,0
1891.5,1576127880197,1,0,0
1892.0,1576127880647,1,0,0
1902.5,1576127881097,1,0,0
1908.0,1576127881547,1,0,0
1909.0,1576127881997,1,0,0
1905.0,1576127882447,1,0,0
1900.0,1576127882897,1,0,0
1910.0,1576127883347,1,0,0
1889.5,1576127883797,1,0,0
1867.0,1576127884247,1,0,0
1852.5,1576127884697,1,0,0
1849.0,1576127885147,1,0,0
1832.5,1576127885597,1,0,0
1830.0,1576127886047,1,0,0
1822.5,1576127886497,1,0,0
1815.5,1576127886947,1,0,0
1806.5,1576127887397,1,0,0
1806.5,1576127887847,1,0,0
1804.5,1576127888297,1,0,0
1798.5,1576127888747,1,0,0
1813.5,1576127889197,1,0,0
1814.5,1576127889647,1,0,0
1823.0,1576127890097,1,0,0
1825.0,1576127890547,1,0,0
1844.5,1576127890997,1,0,0
1853.5,1576127891447,1,0,0
1867.5,1576127891897,1,0,0
1894.0,1576127892347,1,0,0
1903.5,1576127892797,1,0,0
1918.5,1576127893247,1,0,0
1925.0,1576127893697,1,0,0
1939.5,1576127894147,1,0,0
1939.5,1576127894597,1,0,0
1928.0,1576127895047,1,0,0
1923.5,1576127895497,1,0,0
1886.0,1576127895947,1,0,0
1881.0,1576127896397,1,0,0
1865.0,1576127896847,1,0,0
1830.5,1576127897297,1,0,0
1824.0,1576127897747,1,0,0
1793.5,1576127898197,1,0,0
1778.5,1576127898647,1,0,0
1769.5,1576127899097,1,0,0
1744.0,1576127899547,1,0,0
1729.5,1576127899997,1,0,0
1717.0,1576127900447,1,0,0
1707.0,1576127900897,1,0,0
1702.0,1576127901347,1,0,0
1674.0,1576127901797,1,0,0
1659.5,1576127902247,1,0,0
1648.5,1576127902697,1,0,0
1632.5,1576127903148,1,0,0
1604.0,1576127903597,1,0,0
1582.5,1576127904057,1,0,0
1563.0,1576127904507,8,0,0
1531.5,1576127904957,8,0,0
1242.5,1576127905408,8,0,0
1155.0,1576127905857,8,0,0
1101.5,1576127906307,8,0,0
1104.0,1576127906757,8,0,0
1518.5,1576127907208,8,0,0
1617.5,1576127907657,8,0,0
1703.0,1576127908107,8,0,0
1742.5,1576127908557,8,0,0
1723.5,1576127909008,8,0,0
1720.0,1576127909457,8,0,0
1726.0,1576127909907,8,0,0
1743.0,1576127910357,8,0,0
1757.5,1576127910807,8,0,0
1773.5,1576127911257,8,0,0
1733.5,1576127911707,8,0,0
1726.0,1576127912157,8,0,0
1629.0,1576127912607,8,0,0
1487.0,1576127913057,8,0,0
1316.5,1576127913507,8,0,0
1187.0,1576127913957,8,0,0
1271.0,1576127914407,8,0,0
1328.0,1576127914857,8,0,0
1384.5,1576127915307,8,0,0
1410.5,1576127915767,8,0,0
1407.0,1576127916217,8,0,0
1398.5,1576127916667,8,0,0
1275.0,1576127917117,8,0,0
1138.5,1576127917577,8,0,0
1067.0,1576127918028,8,0,0
1033.5,1576127918487,8,0,0
996.0,1576127918937,8,0,0
919.5,1576127919387,8,0,0
887.5,1576127919839,8,0,0
888.0,1576127920277,8,0,0
892.5,1576127920718,8,0,0
986.5,1576127921087,8,0,0
1417.5,1576127921538,8,0,0
1575.5,1576127921987,8,0,0
1520.0,1576127922437,8,0,0
1633.5,1576127922887,8,0,0
1784.0,1576127923337,8,0,0
1920.0,1576127923787,8,0,0
2019.0,1576127924237,8,0,0
2104.5,1576127924687,8,0,0
2178.0,1576127925137,8,0,0
2103.5,1576127925587,8,0,0
1995.5,1576127926037,8,0,0
1988.5,1576127926487,8,0,0
2072.0,1576127926937,8,0,0
2106.5,1576127927387,8,0,0
2127.5,1576127927837,8,0,0
2145.5,1576127928287,8,0,0
2167.5,1576127928737,8,0,0
2127.0,1576127929187,8,0,0
1512.5,1576127929637,8,0,0
1470.0,1576127930087,8,0,0
1457.5,1576127930537,8,0,0
1452.0,1576127930987,8,0,0
1456.5,1576127931437,8,0,0
1459.0,1576127931888,8,0,0
1461.5,1576127932337,1,0,0
1464.5,1576127932787,1,0,0
1466.5,1576127933237,1,0,0
1465.5,1576127933687,1,0,0
1465.5,1576127934137,1,0,0
1465.0,1576127934587,1,0,0
1466.0,1576127935037,1,0,0
1465.5,1576127935487,1,0,0
1464.0,1576127935937,1,0,0
1464.0,1576127936391,1,0,0
1461.5,1576127936807,1,0,0
1457.0,1576127937257,1,0,0
1453.0,1576127937707,1,0,0
1357.0,1576127938157,1,0,0
1262.5,1576127938607,1,0,0
1269.5,1576127939057,1,0,0
1275.5,1576127939507,1,0,0
1274.0,1576127939957,1,0,0
1271.5,1576127940407,1,0,0
1158.5,1576127940857,1,0,0
1071.5,1576127941307,1,0,0
1053.5,1576127941727,1,0,0
1416.0,1576127942177,1,0,0
1730.5,1576127942627,1,0,0
1795.0,1576127943077,1,0,0
1822.5,1576127943527,1,0,0
1873.5,1576127943977,1,0,0
1898.0,1576127944427,1,0,0
1938.5,1576127944877,1,0,0
1972.0,1576127945327,1,0,0
2015.0,1576127945778,1,0,0
2052.0,1576127946227,1,0,0
2091.5,1576127946677,5,0,0
2116.5,1576127947127,5,0,0
2001.5,1576127947587,5,0,0
1929.5,1576127948037,5,0,0
1898.5,1576127948487,5,0,0
1937.0,1576127948937,5,0,0
1933.5,1576127949387,5,0,0
1829.5,1576127949837,5,0,0
1696.5,1576127950287,5,0,0
1509.5,1576127950737,5,0,0
1271.0,1576127951187,5,0,0
1339.0,1576127951637,5,0,0
1496.0,1576127952087,5,0,0
1545.5,1576127952537,5,0,0
1429.0,1576127952987,5,0,0
1410.0,1576127953437,5,0,0
1268.5,1576127953887,5,0,0
1154.0,1576127954337,3,0,0
1141.5,1576127954797,3,0,0
1362.0,1576127955247,3,0,0
1405.5,1576127955697,3,0,0
1442.5,1576127956147,3,0,0
1478.0,1576127956597,3,0,0
1500.0,1576127957047,3,0,0
1514.0,1576127957497,3,0,0
1533.5,1576127957947,3,0,0
1556.0,1576127958397,3,0,0
1574.5,1576127958847,3,0,0
1596.0,1576127959297,3,0,0
1625.5,1576127959747,3,0,0
1653.5,1576127960197,3,0,0
1639.0,1576127960647,3,0,0
1634.5,1576127961097,3,0,0
1510.5,1576127961547,3,0,0
1388.5,1576127961997,3,0,0
1277.5,1576127962447,1,0,0
1193.5,1576127962898,1,0,0
1111.0,1576127963348,1,0,0
1015.5,1576127963797,1,0,0
968.5,1576127964247,1,0,0
923.5,1576127964698,1,0,0
892.0,1576127965147,1,0,0
858.5,1576127965597,1,0,0
855.5,1576127966048,1,0,0
844.5,1576127966498,1,0,0
812.0,1576127966947,1,0,0
731.0,1576127967407,1,0,0
812.0,1576127967857,1,0,0
815.0,1576127968317,1,0,0
815.5,1576127968767,1,0,0
803.5,1576127969217,1,0,0
803.0,1576127969667,1,0,0
807.0,1576127970117,1,0,0
794.0,1576127970568,1,0,0
778.5,1576127971017,1,0,0
780.0,1576127971468,1,0,0
790.0,1576127971917,1,0,0
765.5,1576127972367,1,0,0
790.0,1576127972817,1,0,0
780.0,1576127973267,1,0,0
736.0,1576127973718,1,0,0
904.0,1576127974167,1,0,0
1085.0,1576127974617,1,0,0
984.0,1576127975068,1,0,0
851.0,1576127975518,1,0,0
848.0,1576127975968,1,0,0
870.0,1576127976418,1,0,0
870.5,1576127976867,1,0,0
873.5,1576127977318,1,0,0
867.0,1576127977768,3,0,0
858.5,1576127978218,3,0,0
852.5,1576127978668,3,0,0
837.5,1576127979118,3,0,0
874.5,1576127979568,3,0,0
889.5,1576127980018,3,0,0
1066.0,1576127980468,3,0,0
1185.5,1576127980918,3,0,0
1247.0,1576127981369,3,0,0
1345.0,1576127981818,3,0,0
1487.0,1576127982268,3,0,0
1624.0,1576127982718,3,0,0
1841.0,1576127983169,3,0,0
2176.5,1576127983618,3,0,0
2355.5,1576127984068,3,0,0
1900.5,1576127984518,3,0,0
1796.5,1576127984968,3,0,0
1734.5,1576127985418,3,0,0
1783.0,1576127985868,3,0,0
1834.5,1576127986318,3,0,0
1892.0,1576127986768,3,0,0
1986.5,1576127987218,3,0,0
2036.5,1576127987668,3,0,0
2082.5,1576127988118,3,0,0
2132.0,1576127988568,3,0,0
2195.5,1576127989018,3,0,0
2245.5,1576127989468,3,0,0
2288.5,1576127989918,3,0,0
2341.0,1576127990368,3,0,0
1932.5,1576127990818,3,0,0
1872.5,1576127991268,1,0,0
1846.5,1576127991718,1,0,0
1843.5,1576127992168,1,0,0
1858.5,1576127992618,1,0,0
1963.5,1576127993068,1,0,0
2153.5,1576127993518,1,0,0
2155.0,1576127993968,4,0,0
1976.5,1576127994418,4,0,0
1826.5,1576127994878,4,0,0
1698.0,1576127995338,4,0,0
1724.5,1576127995788,4,0,0
1757.5,1576127996238,4,0,0
1786.5,1576127996688,4,0,0
1804.5,1576127997138,4,0,0
1847.0,1576127997588,4,0,0
1844.5,1576127998039,4,0,0
1829.0,1576127998488,4,0,0
1799.5,1576127998938,4,0,0
1777.5,1576127999388,4,0,0
1771.0,1576127999843,4,0,0
1768.5,1576128000208,4,0,0
1769.0,1576128000658,4,0,0
1764.5,1576128001108,4,0,0
1765.0,1576128001558,4,0,0
1765.0,1576128002008,4,0,0
1764.0,1576128002458,4,0,0
1763.0,1576128002908,4,0,0
1767.0,1576128003358,4,0,0
1790.0,1576128003808,4,0,0
1813.0,1576128004258,4,0,0
1846.5,1576128004708,4,0,0
1879.5,1576128005158,4,0,0
1942.0,1576128005608,4,0,0
1978.5,1576128006058,4,0,0
2033.0,1576128006508,4,0,0
2086.5,1576128006958,1,0,0
2161.0,1576128007409,1,0,0
2212.0,1576128007858,1,0,0
2264.5,1576128008308,1,0,0
2318.0,1576128008758,1,0,0
2386.5,1576128009208,1,0,0
2439.5,1576128009658,1,0,0
2481.0,1576128010108,1,0,0
2508.0,1576128010558,1,0,0
2547.5,1576128011008,1,0,0
2573.5,1576128011458,1,0,0
2589.0,1576128011908,1,0,0
2618.5,1576128012358,1,0,0
2654.5,1576128012808,1,0,0
2670.0,1576128013258,1,0,0
2694.0,1576128013708,1,0,0
2518.5,1576128014158,1,0,0
2182.5,1576128014608,1,0,0
2143.0,1576128015058,1,0,0
1997.0,1576128015508,1,0,0
2001.0,1576128015958,1,0,0
2007.0,1576128016408,1,0,0
2023.0,1576128016858,1,0,0
2037.5,1576128017308,1,0,0
2049.0,1576128017758,1,0,0
2063.0,1576128018208,1,0,0
2071.0,1576128018658,1,0,0
2095.5,1576128019108,1,0,0
2108.5,1576128019558,1,0,0
2149.5,1576128020008,1,0,0
2175.5,1576128020458,1,0,0
2185.0,1576128020908,1,0,0
2209.0,1576128021358,1,0,0
2254.5,1576128021808,1,0,0
2250.0,1576128022258,1,0,0
2250.0,1576128022709,1,0,0
2213.5,1576128023158,1,0,0
2193.5,1576128023608,1,0,0
2194.5,1576128024058,1,0,0
2179.0,1576128024508,1,0,0
2155.5,1576128024958,1,0,0
2099.5,1576128025408,1,0,0
2076.0,1576128025858,1,0,0
2046.5,1576128026308,1,0,0
2028.5,1576128026758,1,0,0
2018.0,1576128027208,1,0,0
2002.5,1576128027658,1,0,0
1997.5,1576128028108,1,0,0
1994.5,1576128028558,1,0,0
1975.5,1576128029008,1,0,0
1966.5,1576128029458,1,0,0
1960.5,1576128029908,1,0,0
1953.5,1576128030358,1,0,0
1933.5,1576128030808,1,0,0
1932.0,1576128031258,1,0,0
1926.0,1576128031708,1,0,0
1928.0,1576128032158,1,0,0
1913.5,1576128032608,1,0,0
1904.5,1576128033058,1,0,0
1895.0,1576128033508,1,0,0
1900.5,1576128033959,1,0,0
1903.5,1576128034409,1,0,0
1904.5,1576128034858,1,0,0
1908.0,1576128035308,1,0,0
1900.5,1576128035758,1,0,0
1907.0,1576128036208,1,0,0
1910.0,1576128036658,1,0,0
1925.0,1576128037108,1,0,0
1927.0,1576128037558,1,0,0
1934.0,1576128038008,1,0,0
1941.0,1576128038458,1,0,0
1954.0,1576128038908,1,0,0
1959.5,1576128039358,1,0,0
1969.5,1576128039808,1,0,0
1981.5,1576128040259,1,0,0
1990.5,1576128040708,1,0,0
1996.0,1576128041158,1,0,0
2009.5,1576128041608,1,0,0
2025.5,1576128042058,1,0,0
2029.0,1576128042508,1,0,0
2039.5,1576128042958,1,0,0
2053.0,1576128043408,1,0,0
2059.5,1576128043858,1,0,0
1810.5,1576128044308,1,0,0
1737.0,1576128044758,1,0,0
1589.0,1576128045208,1,0,0
1576.5,1576128045658,1,0,0
1579.5,1576128046108,1,0,0
1581.0,1576128046558,1,0,0
1586.5,1576128047008,1,0,0
1584.0,1576128047458,1,0,0
1596.0,1576128047908,1,0,0
1595.5,1576128048358,1,0,0
1599.0,1576128048809,1,0,0
1605.0,1576128049268,1,0,0
1608.0,1576128049719,1,0,0
1611.0,1576128050169,1,0,0
1614.0,1576128050619,1,0,0
1619.0,1576128051069,1,0,0
1627.5,1576128051518,1,0,0
1627.0,1576128051969,1,0,0
1636.5,1576128052419,1,0,0
1636.0,1576128052868,1,0,0
1640.0,1576128053318,1,0,0
1643.5,1576128053769,1,0,0
1646.5,1576128054219,1,0,0
1651.0,1576128054668,1,0,0
1651.0,1576128055119,1,0,0
1656.5,1576128055569,1,0,0
1656.0,1576128056018,1,0,0
1662.5,1576128056469,1,0,0
1664.5,1576128056919,1,0,0
1667.5,1576128057369,1,0,0
1672.5,1576128057819,1,0,0
1670.0,1576128058269,1,0,0
1680.5,1576128058719,1,0,0
1683.0,1576128059169,1,0,0
1685.0,1576128059619,1,0,0
1686.5,1576128060069,1,0,0
1692.0,1576128060519,1,0,0
1692.5,1576128060969,1,0,0
1696.0,1576128061419,1,0,0
1701.5,1576128061868,1,0,0
1701.0,1576128062329,1,0,0
1700.5,1576128062779,1,0,0
1707.0,1576128063228,1,0,0
1708.0,1576128063678,1,0,0
1705.5,1576128064129,1,0,0
1692.5,1576128064579,1,0,0
1684.0,1576128065029,1,0,0
1673.0,1576128065478,1,0,0
1670.0,1576128065929,1,0,0
1654.0,1576128066379,1,0,0
1652.5,1576128066838,1,0,0
1647.5,1576128067289,1,0,0
1649.5,1576128067738,1,0,0
1642.5,1576128068189,1,0,0
1632.5,1576128068638,1,0,0
1629.0,1576128069088,1,0,0
1613.0,1576128069538,1,0,0
1610.0,1576128069989,1,0,0
1602.5,1576128070438,1,0,0
1602.5,1576128070888,1,0,0
1601.0,1576128071339,1,0,0
1593.0,1576128071789,1,0,0
1592.5,1576128072239,1,0,0
1594.5,1576128072689,1,0,0
1593.0,1576128073139,1,0,0
1593.0,1576128073589,1,0,0
1592.0,1576128074039,1,0,0
1588.5,1576128074489,1,0,0
1588.0,1576128074939,1,0,0
1588.5,1576128075389,1,0,0
1584.0,1576128075839,1,0,0
1582.5,1576128076289,1,0,0
1579.0,1576128076739,1,0,0
1539.5,1576128077189,1,0,0
1545.5,1576128077639,1,0,0
1519.5,1576128078089,1,0,0
1502.0,1576128078539,1,0,0
1470.5,1576128078989,1,0,0
1448.5,1576128079439,5,0,0
1431.5,1576128079899,5,0,0
1414.5,1576128080349,5,0,0
1414.0,1576128080799,5,0,0
1422.0,1576128081249,5,0,0
1427.5,1576128081699,5,0,0
1436.5,1576128082149,5,0,0
1450.5,1576128082599,5,0,0
1467.0,1576128083049,5,0,0
1476.5,1576128083499,5,0,0
1490.5,1576128083949,5,0,0
1501.5,1576128084399,5,0,0
1515.5,1576128084849,5,0,0
1524.0,1576128085299,5,0,0
1536.5,1576128085749,5,0,0
1537.5,1576128086199,5,0,0
1523.0,1576128086649,5,0,0
1517.5,1576128087100,5,0,0
1512.5,1576128087549,5,0,0
1497.5,1576128087999,5,0,0
1490.0,1576128088449,5,0,0
1486.5,1576128088899,5,0,0
1481.0,1576128089349,5,0,0
1475.0,1576128089799,1,0,0
1460.5,1576128090249,1,0,0
1460.0,1576128090699,1,0,0
1469.0,1576128091149,1,0,0
1444.5,1576128091599,1,0,0
1436.0,1576128092049,1,0,0
1417.5,1576128092499,1,0,0
1412.5,1576128092959,1,0,0
1376.5,1576128093409,5,0,0
1369.5,1576128093859,5,0,0
1351.5,1576128094309,5,0,0
1338.0,1576128094759,5,0,0
1315.5,1576128095209,5,0,0
1300.0,1576128095659,5,0,0
1282.5,1576128096109,5,0,0
1280.0,1576128096559,5,0,0
1262.5,1576128096979,5,0,0
1247.0,1576128097429,5,0,0
1233.5,1576128097879,5,0,0
1227.0,1576128098329,5,0,0
1205.5,1576128098779,5,0,0
1205.0,1576128099229,5,0,0
1192.0,1576128099679,5,0,0
1342.0,1576128100129,5,0,0
1509.0,1576128100579,5,0,0
1470.0,1576128101029,5,0,0
1473.0,1576128101479,5,0,0
1448.0,1576128101929,5,0,0
1424.0,1576128102379,3,0,0
1424.5,1576128102829,3,0,0
1361.5,1576128103279,3,0,0
1280.0,1576128103729,3,0,0
1325.5,1576128104179,3,0,0
1549.5,1576128104629,3,0,0
1445.0,1576128105079,3,0,0
1389.0,1576128105529,3,0,0
2410.0,1576128105979,3,0,0
2605.5,1576128106429,3,0,0
2593.5,1576128106879,3,0,0
2438.0,1576128107329,3,0,0
2238.5,1576128107779,3,0,0
2437.5,1576128108230,3,0,0
2560.5,1576128108679,3,0,0
2303.0,1576128109139,3,0,0
2008.0,1576128109589,3,0,0
1991.0,1576128110039,3,0,0
1726.5,1576128110489,3,0,0
1607.5,1576128110939,3,0,0
1803.5,1576128111389,3,0,0
1735.0,1576128111839,3,0,0
1591.5,1576128112289,3,0,0
1623.5,1576128112739,3,0,0
1621.0,1576128113189,1,0,0
1611.0,1576128113639,1,0,0
1622.0,1576128114089,1,0,0
1632.0,1576128114539,1,0,0
1660.5,1576128114989,1,0,0
1677.0,1576128115439,1,0,0
1702.5,1576128115889,1,0,0
1717.5,1576128116339,1,0,0
1751.0,1576128116799,1,0,0
1748.0,1576128117249,1,0,0
1741.5,1576128117699,1,0,0
1738.0,1576128118149,1,0,0
1735.0,1576128118599,1,0,0
1744.5,1576128119049,1,0,0
1753.5,1576128119499,1,0,0
1765.0,1576128119949,1,0,0
1796.0,1576128120399,1,0,0
1808.5,1576128120849,1,0,0
1818.0,1576128121299,4,0,0
1827.5,1576128121749,4,0,0
1855.0,1576128122199,4,0,0
1606.0,1576128122649,4,0,0
1562.0,1576128123109,4,0,0
1606.0,1576128123559,4,0,0
1411.5,1576128124009,4,0,0
1415.5,1576128124459,4,0,0
1428.5,1576128124909,4,0,0
1432.0,1576128125359,4,0,0
1444.5,1576128125809,4,0,0
1454.0,1576128126259,4,0,0
1456.5,1576128126719,4,0,0
1467.5,1576128127169,4,0,0
1480.0,1576128127629,4,0,0
1489.5,1576128128079,4,0,0
1488.0,1576128128529,4,0,0
1483.0,1576128128989,1,0,0
1473.0,1576128129439,1,0,0
1466.0,1576128129889,1,0,0
1460.5,1576128130339,1,0,0
1450.5,1576128130789,1,0,0
1446.0,1576128131239,1,0,0
1444.0,1576128131690,1,0,0
1439.0,1576128132140,1,0,0
1428.5,1576128132600,1,0,0
1420.0,1576128133050,1,0,0
1416.0,1576128133499,1,0,0
1405.0,1576128133949,1,0,0
1399.0,1576128134409,1,0,0
1394.0,1576128134869,1,0,0
1396.0,1576128135319,1,0,0
1399.5,1576128135769,1,0,0
1406.0,1576128136219,1,0,0
1420.0,1576128136669,1,0,0
1433.0,1576128137119,1,0,0
1446.0,1576128137569,1,0,0
1461.0,1576128138019,1,0,0
1470.0,1576128138469,1,0,0
1480.5,1576128138919,1,0,0
1489.5,1576128139369,1,0,0
1506.0,1576128139819,1,0,0
1518.0,1576128140269,1,0,0
1531.0,1576128140719,1,0,0
1533.0,1576128141169,1,0,0
1529.5,1576128141619,1,0,0
1535.0,1576128142069,1,0,0
1526.5,1576128142519,1,0,0
1526.5,1576128142969,1,0,0
1523.0,1576128143419,1,0,0
1522.5,1576128143869,1,0,0
1525.5,1576128144319,1,0,0
1527.0,1576128144769,1,0,0
1524.0,1576128145219,1,0,0
1522.0,1576128145669,1,0,0
1515.5,1576128146119,1,0,0
1519.5,1576128146569,1,0,0
1515.5,1576128147019,1,0,0
1513.5,1576128147469,1,0,0
1511.0,1576128147919,1,0,0
1511.0,1576128148369,1,0,0
1507.5,1576128148819,1,0,0
1505.0,1576128149269,1,0,0
1502.5,1576128149720,1,0,0
1503.0,1576128150169,1,0,0
1499.5,1576128150620,1,0,0
1494.0,1576128151069,1,0,0
1482.5,1576128151519,1,0,0
1470.0,1576128151969,1,0,0
1425.5,1576128152419,1,0,0
1388.0,1576128152869,1,0,0
1360.0,1576128153319,1,0,0
1334.5,1576128153769,1,0,0
1292.5,1576128154219,1,0,0
1263.5,1576128154669,1,0,0
1245.5,1576128155119,1,0,0
1227.0,1576128155569,1,0,0
1197.5,1576128156019,1,0,0
1165.0,1576128156469,1,0,0
1139.5,1576128156919,1,0,0
1335.0,1576128157369,1,0,0
1433.0,1576128157829,1,0,0
1418.5,1576128158280,1,0,0
1417.0,1576128158729,1,0,0
1426.0,1576128159180,1,0,0
1438.5,1576128159630,1,0,0
1440.5,1576128160080,1,0,0
1446.5,1576128160530,1,0,0
1435.0,1576128160980,1,0,0
1436.5,1576128161430,1,0,0
1441.5,1576128161879,1,0,0
1449.5,1576128162330,1,0,0
1462.5,1576128162780,1,0,0
1464.5,1576128163230,1,0,0
1461.0,1576128163679,1,0,0
1446.0,1576128164130,1,0,0
1432.0,1576128164580,1,0,0
1397.5,1576128165030,1,0,0
1356.5,1576128165480,2,0,0
1294.0,1576128165930,2,0,0
1196.5,1576128166380,2,0,0
1380.0,1576128166830,2,0,0
1216.0,1576128167280,2,0,0
1163.5,1576128167730,2,0,0
1075.0,1576128168180,2,0,0
1149.5,1576128168630,2,0,0
1482.5,1576128169080,2,0,0
1635.5,1576128169529,2,0,0
1881.5,1576128169980,2,0,0
1988.0,1576128170430,2,0,0
2038.0,1576128170880,2,0,0
2075.5,1576128171330,2,0,0
2067.0,1576128171780,2,0,0
1981.5,1576128172230,2,0,0
1874.0,1576128172680,2,0,0
1814.5,1576128173130,2,0,0
1932.0,1576128173580,1,0,0
1998.0,1576128174030,1,0,0
2059.0,1576128174480,1,0,0
2129.0,1576128174929,1,0,0
2219.5,1576128175380,1,0,0
2287.0,1576128175830,1,0,0
2348.5,1576128176280,1,0,0
2357.5,1576128176740,1,0,0
1919.0,1576128177189,1,0,0
1926.5,1576128177640,1,0,0
1826.5,1576128178090,1,0,0
1784.5,1576128178540,1,0,0
1801.5,1576128178990,1,0,0
1815.5,1576128179440,1,0,0
1819.5,1576128179890,1,0,0
1812.0,1576128180340,1,0,0
1804.5,1576128180790,1,0,0
1790.0,1576128181240,1,0,0
1778.5,1576128181690,1,0,0
1774.5,1576128182140,1,0,0
1766.0,1576128182590,1,0,0
1764.0,1576128183040,1,0,0
1756.5,1576128183491,1,0,0
1759.0,1576128183940,1,0,0
1747.5,1576128184390,1,0,0
1742.5,1576128184840,1,0,0
1738.0,1576128185290,1,0,0
1722.5,1576128185740,1,0,0
1716.5,1576128186200,1,0,0
1713.5,1576128186651,1,0,0
1709.0,1576128187100,1,0,0
1698.5,1576128187551,1,0,0
1694.0,1576128188000,1,0,0
1684.5,1576128188451,1,0,0
1682.5,1576128188900,1,0,0
1665.5,1576128189351,1,0,0
1668.0,1576128189800,1,0,0
1653.0,1576128190251,1,0,0
1660.5,1576128190700,1,0,0
1658.5,1576128191151,1,0,0
1662.5,1576128191600,1,0,0
1663.5,1576128192050,1,0,0
1675.0,1576128192500,1,0,0
1675.0,1576128192951,1,0,0
1685.0,1576128193400,1,0,0
1687.5,1576128193850,1,0,0
1695.5,1576128194300,1,0,0
1698.5,1576128194751,1,0,0
1714.0,1576128195200,1,0,0
1706.0,1576128195650,1,0,0
1715.0,1576128196100,1,0,0
1721.5,1576128196550,1,0,0
1726.5,1576128197000,1,0,0
1740.0,1576128197450,1,0,0
1740.5,1576128197900,1,0,0
1743.5,1576128198350,1,0,0
1757.5,1576128198800,1,0,0
1759.5,1576128199250,1,0,0
1765.0,1576128199700,1,0,0
1773.0,1576128200150,1,0,0
1781.5,1576128200611,1,0,0
1794.0,1576128201060,1,0,0
1797.5,1576128201510,1,0,0
1810.0,1576128201960,1,0,0
1820.5,1576128202410,1,0,0
1823.0,1576128202860,1,0,0
1833.5,1576128203310,1,0,0
1834.0,1576128203760,1,0,0
1841.0,1576128204210,1,0,0
1684.5,1576128204660,1,0,0
1540.0,1576128205111,1,0,0
1575.0,1576128205560,1,0,0
1420.5,1576128206010,1,0,0
1419.0,1576128206460,1,0,0
1426.0,1576128206910,1,0,0
1429.0,1576128207370,1,0,0
1437.0,1576128207820,1,0,0
1436.0,1576128208270,1,0,0
1439.0,1576128208721,1,0,0
1446.5,1576128209170,8,0,0
1455.5,1576128209630,8,0,0
1461.0,1576128210080,8,0,0
1461.5,1576128210530,8,0,0
1465.5,1576128210980,8,0,0
1470.5,1576128211430,8,0,0
1479.0,1576128211880,8,0,0
1481.5,1576128212330,8,0,0
1474.0,1576128212790,8,0,0
1474.5,1576128213240,8,0,0
1475.0,1576128213690,8,0,0
1473.0,1576128214140,8,0,0
1468.0,1576128214590,8,0,0
1460.0,1576128215040,8,0,0
1459.5,1576128215490,8,0,0
1456.0,1576128215940,8,0,0
1461.5,1576128216390,8,0,0
1442.0,1576128216810,8,0,0
1436.5,1576128217260,4,0,0
1431.5,1576128217710,4,0,0
1435.0,1576128218160,4,0,0
1434.5,1576128218610,4,0,0
1431.5,1576128219060,4,0,0
1431.0,1576128219510,4,0,0
1432.5,1576128219961,4,0,0
1436.5,1576128220410,4,0,0
1441.0,1576128220860,4,0,0
1452.0,1576128221310,4,0,0
1459.5,1576128221760,8,0,0
1479.5,1576128222200,8,0,0
1488.0,1576128222650,8,0,0
1498.5,1576128223100,8,0,0
1501.0,1576128223550,8,0,0
1501.5,1576128224000,8,0,0
1503.5,1576128224450,8,0,0
1502.5,1576128224900,8,0,0
1500.5,1576128225350,8,0,0
1491.5,1576128225800,8,0,0
1491.0,1576128226250,8,0,0
1492.5,1576128226700,8,0,0
1486.5,1576128227150,8,0,0
1498.0,1576128227600,8,0,0
1488.0,1576128228050,8,0,0
1487.5,1576128228500,8,0,0
1488.5,1576128228950,8,0,0
1478.5,1576128229400,8,0,0
1463.5,1576128229850,8,0,0
1450.0,1576128230300,8,0,0
1441.0,1576128230750,8,0,0
1417.5,1576128231200,8,0,0
1405.5,1576128231650,8,0,0
1394.5,1576128232100,8,0,0
1379.5,1576128232550,8,0,0
1365.0,1576128233000,8,0,0
1351.0,1576128233450,8,0,0
1338.5,1576128233900,8,0,0
1330.5,1576128234350,8,0,0
1307.0,1576128234800,8,0,0
1298.5,1576128235251,8,0,0
1286.0,1576128235700,8,0,0
1270.0,1576128236150,8,0,0
1247.5,1576128236600,8,0,0
1236.0,1576128237050,8,0,0
1226.5,1576128237500,8,0,0
1210.0,1576128237950,8,0,0
1194.0,1576128238400,8,0,0
1181.0,1576128238851,8,0,0
1283.0,1576128239300,8,0,0
1493.5,1576128239750,8,0,0
1620.5,1576128240201,8,0,0
1535.0,1576128240650,8,0,0
1561.0,1576128241101,8,0,0
1580.5,1576128241551,8,0,0
1612.5,1576128242000,8,0,0
1650.5,1576128242450,8,0,0
1671.0,1576128242900,8,0,0
1701.0,1576128243350,8,0,0
1739.0,1576128243800,8,0,0
1760.0,1576128244251,8,0,0
1760.5,1576128244700,8,0,0
1736.0,1576128245150,8,0,0
1727.0,1576128245600,8,0,0
1718.0,1576128246050,8,0,0
1705.5,1576128246500,8,0,0
1692.5,1576128246950,8,0,0
1667.5,1576128247400,8,0,0
1650.5,1576128247810,8,0,0
1633.5,1576128248260,8,0,0
1624.0,1576128248710,8,0,0
1606.5,1576128249160,8,0,0
1582.5,1576128249610,8,0,0
1572.0,1576128250060,8,0,0
1551.0,1576128250510,8,0,0
1544.5,1576128250960,8,0,0
1498.5,1576128251410,3,0,0
1478.0,1576128251860,3,0,0
1443.0,1576128252310,3,0,0
1403.5,1576128252760,3,0,0
1367.5,1576128253210,3,0,0
1349.5,1576128253660,3,0,0
1333.0,1576128254110,3,0,0
1307.5,1576128254560,3,0,0
1278.5,1576128255010,3,0,0
1258.0,1576128255460,3,0,0
1215.0,1576128255910,3,0,0
1195.5,1576128256360,3,0,0
1174.5,1576128256810,3,0,0
1348.0,1576128257260,3,0,0
1537.0,1576128257720,3,0,0
1596.0,1576128258170,3,0,0
1600.0,1576128258620,3,0,0
1637.0,1576128259070,3,0,0
1683.5,1576128259520,3,0,0
1736.5,1576128259970,3,0,0
1839.0,1576128260420,3,0,0
1921.5,1576128260870,3,0,0
2000.0,1576128261320,3,0,0
2098.5,1576128261780,1,0,0
2189.0,1576128262230,1,0,0
2260.5,1576128262680,1,0,0
2327.5,1576128263130,1,0,0
2348.5,1576128263580,1,0,0
2177.5,1576128264030,1,0,0
1768.5,1576128264480,1,0,0
1831.0,1576128264930,1,0,0
1729.0,1576128265380,1,0,0
1729.5,1576128265830,1,0,0
1723.5,1576128266280,1,0,0
1725.0,1576128266730,1,0,0
1738.5,1576128267180,1,0,0
1748.5,1576128267630,1,0,0
1756.0,1576128268080,1,0,0
1762.5,1576128268530,1,0,0
1768.0,1576128268980,1,0,0
1759.5,1576128269430,1,0,0
1767.5,1576128269880,1,0,0
1758.0,1576128270330,1,0,0
1761.0,1576128270780,1,0,0
1741.0,1576128271230,5,0,0
1752.0,1576128271680,5,0,0
1744.0,1576128272130,5,0,0
1737.0,1576128272581,5,0,0
1733.0,1576128273030,5,0,0
1729.5,1576128273480,5,0,0
1730.0,1576128273931,5,0,0
1726.0,1576128274380,5,0,0
1723.0,1576128274830,5,0,0
1724.0,1576128275281,5,0,0
1711.0,1576128275730,5,0,0
1702.0,1576128276180,5,0,0
1696.0,1576128276630,5,0,0
1692.5,1576128277080,5,0,0
1686.0,1576128277531,1,0,0
1672.5,1576128277990,1,0,0
1678.0,1576128278440,1,0,0
1678.5,1576128278890,1,0,0
1675.0,1576128279340,1,0,0
1670.0,1576128279790,1,0,0
1641.0,1576128280240,5,0,0
1650.0,1576128280691,5,0,0
1629.5,1576128281141,5,0,0
1582.5,1576128281590,5,0,0
1571.5,1576128282040,5,0,0
1567.5,1576128282490,5,0,0
1556.5,1576128282940,5,0,0
1542.0,1576128283391,5,0,0
1532.5,1576128283840,5,0,0
1515.5,1576128284291,5,0,0
1504.0,1576128284740,5,0,0
1494.0,1576128285191,5,0,0
1468.0,1576128285641,5,0,0
1440.0,1576128286091,5,0,0
1428.5,1576128286540,5,0,0
1391.0,1576128286991,5,0,0
1361.0,1576128287441,3,0,0
1316.5,1576128287891,3,0,0
1258.5,1576128288341,3,0,0
1317.0,1576128288791,3,0,0
1496.5,1576128289241,3,0,0
1438.0,1576128289691,3,0,0
1433.0,1576128290141,3,0,0
1386.0,1576128290591,3,0,0
1370.5,1576128291041,3,0,0
1358.0,1576128291491,3,0,0
1355.5,1576128291941,3,0,0
1332.5,1576128292391,3,0,0
1344.0,1576128292841,3,0,0
1346.5,1576128293301,3,0,0
1426.5,1576128293761,3,0,0
1611.5,1576128294211,3,0,0
1607.5,1576128294671,3,0,0
1609.5,1576128295121,3,0,0
1605.5,1576128295571,3,0,0
1600.5,1576128296021,3,0,0
1594.0,1576128296471,3,0,0
1604.0,1576128296921,3,0,0
1617.0,1576128297371,3,0,0
1632.0,1576128297831,3,0,0
1635.5,1576128298281,3,0,0
1854.5,1576128298731,3,0,0
2390.5,1576128299181,3,0,0
2488.5,1576128299631,3,0,0
2546.0,1576128300081,1,0,0
2600.5,1576128300531,1,0,0
2685.5,1576128300981,1,0,0
2738.5,1576128301431,1,0,0
2781.5,1576128301881,1,0,0
2297.0,1576128302331,1,0,0
2035.0,1576128302781,1,0,0
1596.0,1576128303231,1,0,0
1593.0,1576128303681,1,0,0
1617.5,1576128304131,1,0,0
1504.0,1576128304581,1,0,0
1460.5,1576128305031,1,0,0
1454.0,1576128305481,1,0,0
1458.0,1576128305931,1,0,0
1471.0,1576128306381,1,0,0
1478.5,1576128306831,1,0,0
1498.0,1576128307281,1,0,0
1506.0,1576128307731,1,0,0
1531.5,1576128308181,1,0,0
1539.0,1576128308631,1,0,0
1559.0,1576128309051,1,0,0
1565.5,1576128309501,1,0,0
1589.0,1576128309951,1,0,0
1609.5,1576128310401,1,0,0
1623.0,1576128310851,1,0,0
1632.5,1576128311301,1,0,0
1618.0,1576128311751,1,0,0
1591.5,1576128312201,1,0,0
1559.0,1576128312651,1,0,0
1532.5,1576128313101,1,0,0
1504.0,1576128313551,1,0,0
1442.5,1576128314001,1,0,0
1373.0,1576128314451,1,0,0
1337.5,1576128314901,1,0,0
1291.5,1576128315351,1,0,0
1216.0,1576128315801,1,0,0
1177.0,1576128316251,1,0,0
1153.5,1576128316701,5,0,0
1378.0,1576128317151,5,0,0
1275.5,1576128317601,5,0,0
1194.0,1576128318051,5,0,0
1116.5,1576128318501,5,0,0
1074.5,1576128318951,5,0,0
1007.5,1576128319401,5,0,0
984.0,1576128319851,5,0,0
958.0,1576128320302,5,0,0
930.5,1576128320752,5,0,0
881.0,1576128321201,5,0,0
870.5,1576128321651,5,0,0
862.5,1576128322101,5,0,0
850.0,1576128322552,5,0,0
844.5,1576128323001,5,0,0
853.5,1576128323451,5,0,0
866.5,1576128323901,5,0,0
836.0,1576128324351,5,0,0
846.5,1576128324801,5,0,0
815.0,1576128325251,1,0,0
802.0,1576128325701,1,0,0
821.0,1576128326151,1,0,0
792.0,1576128326601,1,0,0
804.5,1576128327051,1,0,0
788.5,1576128327501,1,0,0
785.0,1576128327951,1,0,0
781.0,1576128328401,1,0,0
782.5,1576128328851,1,0,0
782.0,1576128329301,1,0,0
771.0,1576128329751,1,0,0
661.0,1576128330201,1,0,0
828.0,1576128330651,1,0,0
805.0,1576128331101,1,0,0
819.5,1576128331551,0,0,0
804.5,1576128332002,0,0,0
783.5,1576128332451,0,0,0
784.5,1576128332901,0,0,0
758.5,1576128333351,0,0,0
761.5,1576128333801,0,0,0
727.0,1576128334251,0,0,0
755.0,1576128334701,0,0,0
744.5,1576128335151,0,0,0
735.5,1576128335601,0,0,0
735.0,1576128336051,0,0,0
717.5,1576128336501,0,0,0
724.5,1576128336951,0,0,0
704.5,1576128337401,0,0,0
715.0,1576128337851,0,0,0
704.0,1576128338301,0,0,0
714.0,1576128338751,0,0,0
728.0,1576128339201,0,0,0
717.0,1576128339651,0,0,0
