1619611047777 -0.296650 0.400000 0.000000
1619611047879 -0.296650 0.400000 0.000000
1619611047980 -0.296650 0.400000 0.000000
1619611048081 -0.296650 0.400000 0.000000
1619611048182 -0.296650 0.400000 0.000000
1619611048282 -0.296650 0.400000 0.000000
1619611048383 -0.296650 0.400000 0.000000
1619611048484 -0.296650 0.400000 0.000000
1619611048585 -0.296650 0.400000 0.000000
1619611048686 -0.296650 0.400000 0.000000
1619611048787 -0.296650 0.400000 0.000000
1619611048887 -0.296650 0.400000 0.000000
1619611048988 -0.296650 0.400000 0.000000
1619611049089 -0.296650 0.400000 0.000000
1619611049190 -0.296650 0.400000 0.000000
1619611049291 -0.296650 0.400000 0.000000
1619611049392 -0.296650 0.400000 0.000000
1619611049493 -0.296650 0.400000 0.000000
1619611049594 -0.296650 0.400000 0.000000
1619611049695 -0.296650 0.400000 0.000000
1619611049795 -0.296650 0.400000 0.000000
1619611049896 -0.296650 0.400000 0.000000
1619611049997 -0.296650 0.400000 0.000000
1619611050098 -0.296650 0.400000 0.000000
1619611050199 -0.296650 0.400000 0.000000
1619611050300 -0.296650 0.400000 0.000000
1619611050400 -0.296650 0.400000 0.000000
1619611050501 -0.296650 0.400000 0.000000
1619611050602 -0.296650 0.400000 0.000000
1619611050703 -0.296650 0.400000 0.000000
1619611050804 -0.296650 0.400000 0.000000
1619611050904 -0.296650 0.400000 0.000000
1619611051005 -0.296650 0.400000 0.000000
1619611051106 -0.296650 0.400000 0.000000
1619611051207 -0.296650 0.400000 0.000000
1619611051309 -0.296650 0.400000 0.000000
1619611051410 -0.296650 0.400000 0.000000
1619611051511 -0.296650 0.400000 0.000000
1619611051612 -0.296650 0.400000 0.000000
1619611051713 -0.296650 0.400000 0.000000
1619611051813 -0.296650 0.400000 0.000000
1619611051914 -0.296650 0.400000 0.000000
1619611052015 -0.296650 0.400000 0.000000
1619611052116 -0.296650 0.400000 0.000000
1619611052217 -0.296650 0.400000 0.000000
1619611052317 -0.296650 0.400000 0.000000
1619611052418 -0.296650 0.400000 0.000000
1619611052519 -0.296650 0.400000 0.000000
1619611052620 -0.296650 0.400000 0.000000
1619611052721 -0.296650 0.400000 0.000000
1619611052822 -0.296650 0.400000 0.000000
1619611052923 -0.296650 0.400000 0.000000
1619611053023 -0.296650 0.400000 0.000000
1619611053124 -0.296650 0.400000 0.000000
1619611053225 -0.296650 0.400000 0.000000
1619611053326 -0.296650 0.400000 0.000000
1619611053427 -0.296650 0.400000 0.000000
1619611053528 -0.296650 0.400000 0.000000
1619611053628 -0.296650 0.400000 0.000000
1619611053729 -0.296650 0.400000 0.000000
1619611053830 -0.296650 0.400000 0.000000
1619611053931 -0.296650 0.400000 0.000000
1619611054032 -0.296650 0.400000 0.000000
1619611054133 -0.296650 0.400000 0.000000
1619611054233 -0.296650 0.400000 0.000000
1619611054334 -0.296650 0.400000 0.000000
1619611054435 -0.296650 0.400000 0.000000
1619611054536 -0.296650 0.400000 0.000000
1619611054637 -0.296650 0.400000 0.000000
1619611054737 -0.296650 0.400000 0.000000
1619611054838 -0.296650 0.400000 0.000000
1619611054939 -0.296650 0.400000 0.000000
1619611055040 -0.296650 0.400000 0.000000
1619611055141 -0.296650 0.400000 0.000000
1619611055241 -0.296650 0.400000 0.000000
1619611055342 -0.296650 0.400000 0.000000
1619611055443 -0.296650 0.400000 0.000000
1619611055544 -0.296650 0.400000 0.000000
1619611055645 -0.296650 0.400000 0.000000
1619611055746 -0.296650 0.400000 0.000000
1619611055846 -0.296650 0.400000 0.000000
1619611055947 -0.296650 0.400000 0.000000
1619611056048 -0.296650 0.400000 0.000000
1619611056149 -0.296650 0.400000 0.000000
1619611056250 -0.296650 0.400000 0.000000
1619611056351 -0.296650 0.400000 0.000000
1619611056452 -0.296650 0.400000 0.000000
1619611056552 -0.296650 0.400000 0.000000
1619611056653 -0.296650 0.400000 0.000000
1619611056754 -0.296650 0.400000 0.000000
1619611056855 -0.296650 0.400000 0.000000
1619611056956 -0.296650 0.400000 0.000000
1619611057056 -0.296650 0.400000 0.000000
1619611057157 -0.296650 0.400000 0.000000
1619611057258 -0.296650 0.400000 0.000000
1619611057359 -0.296650 0.400000 0.000000
1619611057460 -0.296650 0.400000 0.000000
1619611057561 -0.296650 0.400000 0.000000
1619611057662 -0.296650 0.400000 0.000000
1619611057762 -0.296650 0.400000 0.000000
1619611057863 -0.296650 0.400000 0.000000
1619611057964 -0.296650 0.400000 0.000000
1619611058065 -0.296650 0.400000 0.000000
1619611058166 -0.296650 0.400000 0.000000
1619611058267 -0.296650 0.400000 0.000000
1619611058368 -0.296650 0.400000 0.000000
1619611058469 -0.296650 0.400000 0.000000
1619611058569 -0.296650 0.400000 0.000000
1619611058670 -0.296650 0.400000 0.000000
1619611058773 -0.296650 0.400000 0.000000
1619611058874 -0.296650 0.400000 0.000000
1619611058975 -0.296650 0.400000 0.000000
1619611059076 -0.296650 0.400000 0.000000
1619611059176 -0.296650 0.400000 0.000000
1619611059277 -0.296650 0.400000 0.000000
1619611059378 -0.296650 0.400000 0.000000
1619611059479 -0.296650 0.400000 0.000000
1619611059580 -0.296650 0.400000 0.000000
1619611059681 -0.296650 0.400000 0.000000
1619611059782 -0.296650 0.400000 0.000000
1619611059882 -0.296650 0.400000 0.000000
1619611059983 -0.296650 0.400000 0.000000
1619611060084 -0.296650 0.400000 0.000000
1619611060185 -0.296650 0.400000 0.000000
1619611060286 -0.296650 0.400000 0.000000
1619611060387 -0.296650 0.400000 0.000000
1619611060488 -0.296650 0.400000 0.000000
1619611060589 -0.296650 0.400000 0.000000
1619611060690 -0.296650 0.400000 0.000000
1619611060790 -0.296650 0.400000 0.000000
1619611060891 -0.296650 0.400000 0.000000
1619611060992 -0.296650 0.400000 0.000000
1619611061093 -0.296650 0.400000 0.000000
1619611061194 -0.296650 0.400000 0.000000
1619611061294 -0.296650 0.400000 0.000000
1619611061395 -0.296650 0.400000 0.000000
1619611061496 -0.296650 0.400000 0.000000
1619611061597 -0.296650 0.400000 0.000000
1619611061698 -0.296650 0.400000 0.000000
1619611061799 -0.296650 0.400000 0.000000
1619611061899 -0.296650 0.400000 0.000000
1619611062000 -0.296650 0.400000 0.000000
1619611062101 -0.296650 0.400000 0.000000
1619611062202 -0.296650 0.400000 0.000000
1619611062303 -0.296650 0.400000 0.000000
1619611062404 -0.296650 0.400000 0.000000
1619611062505 -0.296650 0.400000 0.000000
1619611062606 -0.296650 0.400000 0.000000
1619611062707 -0.296650 0.400000 0.000000
1619611062808 -0.296650 0.400000 0.000000
1619611062909 -0.296650 0.400000 0.000000
1619611063010 -0.296650 0.400000 0.000000
1619611063111 -0.296650 0.400000 0.000000
1619611063212 -0.296650 0.400000 0.000000
1619611063313 -0.296650 0.400000 0.000000
1619611063414 -0.296650 0.400000 0.000000
1619611063514 -0.296650 0.400000 0.000000
1619611063615 -0.296650 0.400000 0.000000
1619611063716 -0.296650 0.400000 0.000000
1619611063817 -0.296650 0.400000 0.000000
1619611063918 -0.296650 0.400000 0.000000
1619611064019 -0.296650 0.400000 0.000000
1619611064120 -0.296650 0.400000 0.000000
1619611064220 -0.296650 0.400000 0.000000
1619611064321 -0.296650 0.400000 0.000000
1619611064422 -0.296650 0.400000 0.000000
1619611064523 -0.296650 0.400000 0.000000
1619611064624 -0.296650 0.400000 0.000000
1619611064724 -0.296650 0.400000 0.000000
1619611064825 -0.296650 0.400000 0.000000
1619611064926 -0.296650 0.400000 0.000000
1619611065027 -0.296650 0.400000 0.000000
1619611065128 -0.296650 0.400000 0.000000
1619611065229 -0.296650 0.400000 0.000000
1619611065330 -0.296650 0.400000 0.000000
1619611065430 -0.296650 0.400000 0.000000
1619611065531 -0.296650 0.400000 0.000000
1619611065632 -0.296650 0.400000 0.000000
1619611065733 -0.296650 0.400000 0.000000
1619611065833 -0.296650 0.400000 0.000000
1619611065934 -0.296650 0.400000 0.000000
1619611066035 -0.296650 0.400000 0.000000
1619611066136 -0.296650 0.400000 0.000000
1619611066237 -0.296650 0.400000 0.000000
1619611066337 -0.296650 0.400000 0.000000
1619611066438 -0.296650 0.400000 0.000000
1619611066539 -0.296650 0.400000 0.000000
1619611066640 -0.296650 0.400000 0.000000
1619611066741 -0.296650 0.400000 0.000000
1619611066842 -0.296650 0.400000 0.000000
1619611066943 -0.296650 0.400000 0.000000
1619611067043 -0.296650 0.400000 0.000000
1619611067144 -0.296650 0.400000 0.000000
1619611067245 -0.296650 0.400000 0.000000
1619611067346 -0.296650 0.400000 0.000000
1619611067447 -0.296650 0.400000 0.000000
1619611067548 -0.296650 0.400000 0.000000
1619611067649 -0.296650 0.400000 0.000000
1619611067750 -0.296650 0.400000 0.000000
1619611067850 -0.296650 0.400000 0.000000
1619611067951 -0.296650 0.400000 0.000000
1619611068052 -0.296650 0.400000 0.000000
1619611068153 -0.296650 0.400000 0.000000
1619611068254 -0.296650 0.400000 0.000000
1619611068355 -0.296650 0.400000 0.000000
1619611068455 -0.296650 0.400000 0.000000
1619611068556 -0.296650 0.400000 0.000000
1619611068657 -0.296650 0.400000 0.000000
1619611068758 -0.296650 0.400000 0.000000
1619611068859 -0.296650 0.400000 0.000000
1619611068960 -0.296650 0.400000 0.000000
1619611069061 -0.296650 0.400000 0.000000
1619611069162 -0.296650 0.400000 0.000000
1619611069263 -0.296650 0.400000 0.000000
1619611069364 -0.296650 0.400000 0.000000
1619611069464 -0.296650 0.400000 0.000000
1619611069565 -0.296650 0.400000 0.000000
1619611069666 -0.296650 0.400000 0.000000
1619611069767 -0.296650 0.400000 0.000000
1619611069868 -0.296650 0.400000 0.000000
1619611069969 -0.296650 0.400000 0.000000
1619611070070 -0.296650 0.400000 0.000000
1619611070170 -0.296650 0.400000 0.000000
1619611070271 -0.296650 0.400000 0.000000
1619611070372 -0.296650 0.400000 0.000000
1619611070473 -0.296650 0.400000 0.000000
1619611070574 -0.296650 0.400000 0.000000
1619611070675 -0.296650 0.400000 0.000000
1619611070775 -0.296650 0.400000 0.000000
1619611070876 -0.296650 0.400000 0.000000
1619611070977 -0.296650 0.400000 0.000000
1619611071078 -0.296650 0.400000 0.000000
1619611071179 -0.296650 0.400000 0.000000
1619611071280 -0.296650 0.400000 0.000000
1619611071381 -0.296650 0.400000 0.000000
1619611071482 -0.296650 0.400000 0.000000
1619611071582 -0.296650 0.400000 0.000000
1619611071683 -0.296650 0.400000 0.000000
1619611071784 -0.296650 0.400000 0.000000
1619611071885 -0.296650 0.400000 0.000000
1619611071986 -0.296650 0.400000 0.000000
1619611072087 -0.296650 0.400000 0.000000
1619611072188 -0.296650 0.400000 0.000000
1619611072288 -0.296650 0.400000 0.000000
1619611072389 -0.296650 0.400000 0.000000
1619611072490 -0.296650 0.400000 0.000000
1619611072591 -0.296650 0.400000 0.000000
1619611072692 -0.296650 0.400000 0.000000
1619611072793 -0.296650 0.400000 0.000000
1619611072894 -0.296650 0.400000 0.000000
1619611072995 -0.296650 0.400000 0.000000
1619611073096 -0.296650 0.400000 0.000000
1619611073197 -0.296650 0.400000 0.000000
1619611073297 -0.296650 0.400000 0.000000
1619611073398 -0.296650 0.400000 0.000000
1619611073499 -0.296650 0.400000 0.000000
1619611073600 -0.296650 0.400000 0.000000
1619611073701 -0.296650 0.400000 0.000000
1619611073802 -0.296650 0.400000 0.000000
1619611073902 -0.296650 0.400000 0.000000
1619611074003 -0.296650 0.400000 0.000000
1619611074104 -0.296650 0.400000 0.000000
1619611074205 -0.296650 0.400000 0.000000
1619611074306 -0.296650 0.400000 0.000000
1619611074407 -0.296650 0.400000 0.000000
1619611074508 -0.296650 0.400000 0.000000
1619611074609 -0.296650 0.400000 0.000000
1619611074710 -0.296650 0.400000 0.000000
1619611074810 -0.296650 0.400000 0.000000
1619611074911 -0.296650 0.400000 0.000000
1619611075012 -0.296650 0.400000 0.000000
1619611075113 -0.296650 0.400000 0.000000
1619611075214 -0.296650 0.400000 0.000000
1619611075315 -0.296650 0.400000 0.000000
1619611075415 -0.296650 0.400000 0.000000
1619611075516 -0.296650 0.400000 0.000000
1619611075617 -0.296650 0.400000 0.000000
1619611075718 -0.296650 0.400000 0.000000
1619611075819 -0.296650 0.400000 0.000000
1619611075920 -0.296650 0.400000 0.000000
1619611076021 -0.296650 0.400000 0.000000
1619611076122 -0.296650 0.400000 0.000000
1619611076223 -0.296650 0.400000 0.000000
1619611076324 -0.296650 0.400000 0.000000
1619611076424 -0.296650 0.400000 0.000000
1619611076525 -0.296650 0.400000 0.000000
1619611076626 -0.296650 0.400000 0.000000
1619611076727 -0.296650 0.400000 0.000000
1619611076828 -0.296650 0.400000 0.000000
1619611076929 -0.296650 0.400000 0.000000
1619611077030 -0.296650 0.400000 0.000000
1619611077131 -0.296650 0.400000 0.000000
1619611077232 -0.296650 0.400000 0.000000
1619611077332 -0.296650 0.400000 0.000000
1619611077434 -0.296650 0.400000 0.000000
1619611077535 -0.296650 0.400000 0.000000
1619611077635 -0.296650 0.400000 0.000000
1619611077736 -0.296650 0.400000 0.000000
1619611077837 -0.296650 0.400000 0.000000
1619611077938 -0.296650 0.400000 0.000000
1619611078039 -0.296650 0.400000 0.000000
1619611078140 -0.296650 0.400000 0.000000
1619611078241 -0.296650 0.400000 0.000000
1619611078341 -0.296650 0.400000 0.000000
1619611078442 -0.296650 0.400000 0.000000
1619611078543 -0.296650 0.400000 0.000000
1619611078644 -0.296650 0.400000 0.000000
1619611078744 -0.296650 0.400000 0.000000
1619611078846 -0.296650 0.400000 0.000000
1619611078946 -0.296650 0.400000 0.000000
1619611079047 -0.296650 0.400000 0.000000
1619611079148 -0.296650 0.400000 0.000000
1619611079249 -0.296650 0.400000 0.000000
1619611079350 -0.296650 0.400000 0.000000
1619611079451 -0.296650 0.400000 0.000000
1619611079551 -0.296650 0.400000 0.000000
1619611079652 -0.296650 0.400000 0.000000
1619611079753 -0.296650 0.400000 0.000000
1619611079854 -0.296650 0.400000 0.000000
1619611079955 -0.296650 0.400000 0.000000
1619611080056 -0.296650 0.400000 0.000000
1619611080157 -0.296650 0.400000 0.000000
1619611080257 -0.296650 0.400000 0.000000
1619611080358 -0.296650 0.400000 0.000000
1619611080459 -0.296650 0.400000 0.000000
1619611080560 -0.296650 0.400000 0.000000
1619611080661 -0.296650 0.400000 0.000000
1619611080762 -0.296650 0.400000 0.000000
1619611080862 -0.296650 0.400000 0.000000
1619611080963 -0.296650 0.400000 0.000000
1619611081064 -0.296650 0.400000 0.000000
1619611081165 -0.296650 0.400000 0.000000
1619611081266 -0.296650 0.400000 0.000000
1619611081367 -0.296650 0.400000 0.000000
1619611081468 -0.296650 0.400000 0.000000
1619611081569 -0.296650 0.400000 0.000000
1619611081670 -0.296650 0.400000 0.000000
1619611081771 -0.296650 0.400000 0.000000
1619611081871 -0.296650 0.400000 0.000000
1619611081972 -0.296650 0.400000 0.000000
1619611082073 -0.296650 0.400000 0.000000
1619611082174 -0.296650 0.400000 0.000000
1619611082275 -0.296650 0.400000 0.000000
1619611082375 -0.296650 0.400000 0.000000
1619611082476 -0.296650 0.400000 0.000000
1619611082577 -0.296650 0.400000 0.000000
