1619609978020 -0.296650 0.200000 0.000000
1619609978121 -0.296650 0.200000 0.000000
1619609978222 -0.296650 0.200000 0.000000
1619609978323 -0.296650 0.200000 0.000000
1619609978423 -0.296650 0.200000 0.000000
1619609978524 -0.296650 0.200000 0.000000
1619609978625 -0.296650 0.200000 0.000000
1619609978726 -0.296650 0.200000 0.000000
1619609978827 -0.296650 0.200000 0.000000
1619609978928 -0.296650 0.200000 0.000000
1619609979029 -0.296650 0.200000 0.000000
1619609979130 -0.296650 0.200000 0.000000
1619609979231 -0.296650 0.200000 0.000000
1619609979332 -0.296650 0.200000 0.000000
1619609979432 -0.296650 0.200000 0.000000
1619609979533 -0.296650 0.200000 0.000000
1619609979634 -0.296650 0.200000 0.000000
1619609979735 -0.296650 0.200000 0.000000
1619609979836 -0.296650 0.200000 0.000000
1619609979936 -0.296650 0.200000 0.000000
1619609980037 -0.296650 0.200000 0.000000
1619609980138 -0.296650 0.200000 0.000000
1619609980239 -0.296650 0.200000 0.000000
1619609980340 -0.296650 0.200000 0.000000
1619609980441 -0.296650 0.200000 0.000000
1619609980541 -0.296650 0.200000 0.000000
1619609980642 -0.296650 0.200000 0.000000
1619609980743 -0.296650 0.200000 0.000000
1619609980844 -0.296650 0.200000 0.000000
1619609980945 -0.296650 0.200000 0.000000
1619609981047 -0.296650 0.200000 0.000000
1619609981147 -0.296650 0.200000 0.000000
1619609981248 -0.296650 0.200000 0.000000
1619609981349 -0.296650 0.200000 0.000000
1619609981450 -0.296650 0.200000 0.000000
1619609981551 -0.296650 0.200000 0.000000
1619609981651 -0.296650 0.200000 0.000000
1619609981752 -0.296650 0.200000 0.000000
1619609981853 -0.296650 0.200000 0.000000
1619609981954 -0.296650 0.200000 0.000000
1619609982054 -0.296650 0.200000 0.000000
1619609982155 -0.296650 0.200000 0.000000
1619609982256 -0.296650 0.200000 0.000000
1619609982357 -0.296650 0.200000 0.000000
1619609982458 -0.296650 0.200000 0.000000
1619609982559 -0.296650 0.200000 0.000000
1619609982659 -0.296650 0.200000 0.000000
1619609982760 -0.296650 0.200000 0.000000
1619609982861 -0.296650 0.200000 0.000000
1619609982962 -0.296650 0.200000 0.000000
1619609983063 -0.296650 0.200000 0.000000
1619609983164 -0.296650 0.200000 0.000000
1619609983265 -0.296650 0.200000 0.000000
1619609983366 -0.296650 0.200000 0.000000
1619609983466 -0.296650 0.200000 0.000000
1619609983567 -0.296650 0.200000 0.000000
1619609983668 -0.296650 0.200000 0.000000
1619609983769 -0.296650 0.200000 0.000000
1619609983870 -0.296650 0.200000 0.000000
1619609983971 -0.296650 0.200000 0.000000
1619609984071 -0.296650 0.200000 0.000000
1619609984172 -0.296650 0.200000 0.000000
1619609984273 -0.296650 0.200000 0.000000
1619609984374 -0.296650 0.200000 0.000000
1619609984475 -0.296650 0.200000 0.000000
1619609984576 -0.296650 0.200000 0.000000
1619609984677 -0.296650 0.200000 0.000000
1619609984777 -0.296650 0.200000 0.000000
1619609984878 -0.296650 0.200000 0.000000
1619609984979 -0.296650 0.200000 0.000000
1619609985080 -0.296650 0.200000 0.000000
1619609985181 -0.296650 0.200000 0.000000
1619609985282 -0.296650 0.200000 0.000000
1619609985383 -0.296650 0.200000 0.000000
1619609985484 -0.296650 0.200000 0.000000
1619609985584 -0.296650 0.200000 0.000000
1619609985685 -0.296650 0.200000 0.000000
1619609985786 -0.296650 0.200000 0.000000
1619609985887 -0.296650 0.200000 0.000000
1619609985988 -0.296650 0.200000 0.000000
1619609986089 -0.296650 0.200000 0.000000
1619609986190 -0.296650 0.200000 0.000000
1619609986291 -0.296650 0.200000 0.000000
1619609986391 -0.296650 0.200000 0.000000
1619609986492 -0.296650 0.200000 0.000000
1619609986593 -0.296650 0.200000 0.000000
1619609986694 -0.296650 0.200000 0.000000
1619609986795 -0.296650 0.200000 0.000000
1619609986895 -0.296650 0.200000 0.000000
1619609986996 -0.296650 0.200000 0.000000
1619609987097 -0.296650 0.200000 0.000000
1619609987198 -0.296650 0.200000 0.000000
1619609987299 -0.296650 0.200000 0.000000
1619609987400 -0.296650 0.200000 0.000000
1619609987501 -0.296650 0.200000 0.000000
1619609987602 -0.296650 0.200000 0.000000
1619609987703 -0.296650 0.200000 0.000000
1619609987804 -0.296650 0.200000 0.000000
1619609987904 -0.296650 0.200000 0.000000
1619609988005 -0.296650 0.200000 0.000000
1619609988106 -0.296650 0.200000 0.000000
1619609988208 -0.296650 0.200000 0.000000
1619609988309 -0.296650 0.200000 0.000000
1619609988409 -0.296650 0.200000 0.000000
1619609988510 -0.296650 0.200000 0.000000
1619609988611 -0.296650 0.200000 0.000000
1619609988712 -0.296650 0.200000 0.000000
1619609988813 -0.296650 0.200000 0.000000
1619609988914 -0.296650 0.200000 0.000000
1619609989014 -0.296650 0.200000 0.000000
1619609989115 -0.296650 0.200000 0.000000
1619609989216 -0.296650 0.200000 0.000000
1619609989317 -0.296650 0.200000 0.000000
1619609989418 -0.296650 0.200000 0.000000
1619609989519 -0.296650 0.200000 0.000000
1619609989619 -0.296650 0.200000 0.000000
1619609989720 -0.296650 0.200000 0.000000
1619609989821 -0.296650 0.200000 0.000000
1619609989922 -0.296650 0.200000 0.000000
1619609990023 -0.296650 0.200000 0.000000
1619609990123 -0.296650 0.200000 0.000000
1619609990224 -0.296650 0.200000 0.000000
1619609990325 -0.296650 0.200000 0.000000
1619609990426 -0.296650 0.200000 0.000000
1619609990527 -0.296650 0.200000 0.000000
1619609990628 -0.296650 0.200000 0.000000
1619609990729 -0.296650 0.200000 0.000000
1619609990829 -0.296650 0.200000 0.000000
1619609990930 -0.296650 0.200000 0.000000
1619609991031 -0.296650 0.200000 0.000000
1619609991132 -0.296650 0.200000 0.000000
1619609991233 -0.296650 0.200000 0.000000
1619609991334 -0.296650 0.200000 0.000000
1619609991435 -0.296650 0.200000 0.000000
1619609991535 -0.296650 0.200000 0.000000
1619609991636 -0.296650 0.200000 0.000000
1619609991737 -0.296650 0.200000 0.000000
1619609991838 -0.296650 0.200000 0.000000
1619609991939 -0.296650 0.200000 0.000000
1619609992040 -0.296650 0.200000 0.000000
1619609992141 -0.296650 0.200000 0.000000
1619609992241 -0.296650 0.200000 0.000000
1619609992342 -0.296650 0.200000 0.000000
1619609992443 -0.296650 0.200000 0.000000
1619609992544 -0.296650 0.200000 0.000000
1619609992645 -0.296650 0.200000 0.000000
1619609992746 -0.296650 0.200000 0.000000
1619609992847 -0.296650 0.200000 0.000000
1619609992948 -0.296650 0.200000 0.000000
1619609993049 -0.296650 0.200000 0.000000
1619609993149 -0.296650 0.200000 0.000000
1619609993250 -0.296650 0.200000 0.000000
1619609993351 -0.296650 0.200000 0.000000
1619609993452 -0.296650 0.200000 0.000000
1619609993553 -0.296650 0.200000 0.000000
1619609993654 -0.296650 0.200000 0.000000
1619609993755 -0.296650 0.200000 0.000000
1619609993855 -0.296650 0.200000 0.000000
1619609993956 -0.296650 0.200000 0.000000
1619609994057 -0.296650 0.200000 0.000000
1619609994158 -0.296650 0.200000 0.000000
1619609994259 -0.296650 0.200000 0.000000
1619609994360 -0.296650 0.200000 0.000000
1619609994461 -0.296650 0.200000 0.000000
1619609994562 -0.296650 0.200000 0.000000
1619609994663 -0.296650 0.200000 0.000000
1619609994764 -0.296650 0.200000 0.000000
1619609994865 -0.296650 0.200000 0.000000
1619609994966 -0.296650 0.200000 0.000000
1619609995067 -0.296650 0.200000 0.000000
1619609995168 -0.296650 0.200000 0.000000
1619609995269 -0.296650 0.200000 0.000000
1619609995370 -0.296650 0.200000 0.000000
1619609995471 -0.296650 0.200000 0.000000
1619609995572 -0.296650 0.200000 0.000000
1619609995673 -0.296650 0.200000 0.000000
1619609995773 -0.296650 0.200000 0.000000
1619609995874 -0.296650 0.200000 0.000000
1619609995975 -0.296650 0.200000 0.000000
1619609996076 -0.296650 0.200000 0.000000
1619609996177 -0.296650 0.200000 0.000000
1619609996277 -0.296650 0.200000 0.000000
1619609996379 -0.296650 0.200000 0.000000
1619609996479 -0.296650 0.200000 0.000000
1619609996580 -0.296650 0.200000 0.000000
1619609996681 -0.296650 0.200000 0.000000
1619609996782 -0.296650 0.200000 0.000000
1619609996883 -0.296650 0.200000 0.000000
1619609996984 -0.296650 0.200000 0.000000
1619609997084 -0.296650 0.200000 0.000000
1619609997185 -0.296650 0.200000 0.000000
1619609997287 -0.296650 0.200000 0.000000
1619609997387 -0.296650 0.200000 0.000000
1619609997488 -0.296650 0.200000 0.000000
1619609997589 -0.296650 0.200000 0.000000
1619609997690 -0.296650 0.200000 0.000000
1619609997791 -0.296650 0.200000 0.000000
1619609997892 -0.296650 0.200000 0.000000
1619609997992 -0.296650 0.200000 0.000000
1619609998093 -0.296650 0.200000 0.000000
1619609998194 -0.296650 0.200000 0.000000
1619609998295 -0.296650 0.200000 0.000000
1619609998396 -0.296650 0.200000 0.000000
1619609998497 -0.296650 0.200000 0.000000
1619609998598 -0.296650 0.200000 0.000000
1619609998699 -0.296650 0.200000 0.000000
1619609998800 -0.296650 0.200000 0.000000
1619609998900 -0.296650 0.200000 0.000000
1619609999001 -0.296650 0.200000 0.000000
1619609999102 -0.296650 0.200000 0.000000
1619609999203 -0.296650 0.200000 0.000000
1619609999303 -0.296650 0.200000 0.000000
1619609999404 -0.296650 0.200000 0.000000
1619609999505 -0.296650 0.200000 0.000000
1619609999607 -0.296650 0.200000 0.000000
1619609999707 -0.296650 0.200000 0.000000
1619609999808 -0.296650 0.200000 0.000000
1619609999909 -0.296650 0.200000 0.000000
1619610000010 -0.296650 0.200000 0.000000
1619610000111 -0.296650 0.200000 0.000000
1619610000212 -0.296650 0.200000 0.000000
1619610000312 -0.296650 0.200000 0.000000
1619610000413 -0.296650 0.200000 0.000000
1619610000514 -0.296650 0.200000 0.000000
1619610000615 -0.296650 0.200000 0.000000
1619610000716 -0.296650 0.200000 0.000000
1619610000816 -0.296650 0.200000 0.000000
1619610000917 -0.296650 0.200000 0.000000
1619610001018 -0.296650 0.200000 0.000000
1619610001119 -0.296650 0.200000 0.000000
1619610001220 -0.296650 0.200000 0.000000
1619610001321 -0.296650 0.200000 0.000000
1619610001421 -0.296650 0.200000 0.000000
1619610001522 -0.296650 0.200000 0.000000
1619610001623 -0.296650 0.200000 0.000000
1619610001724 -0.296650 0.200000 0.000000
1619610001825 -0.296650 0.200000 0.000000
1619610001925 -0.296650 0.200000 0.000000
1619610002026 -0.296650 0.200000 0.000000
1619610002127 -0.296650 0.200000 0.000000
1619610002228 -0.296650 0.200000 0.000000
1619610002329 -0.296650 0.200000 0.000000
1619610002430 -0.296650 0.200000 0.000000
1619610002531 -0.296650 0.200000 0.000000
1619610002632 -0.296650 0.200000 0.000000
1619610002732 -0.296650 0.200000 0.000000
1619610002833 -0.296650 0.200000 0.000000
1619610002934 -0.296650 0.200000 0.000000
1619610003035 -0.296650 0.200000 0.000000
1619610003136 -0.296650 0.200000 0.000000
1619610003237 -0.296650 0.200000 0.000000
1619610003337 -0.296650 0.200000 0.000000
1619610003438 -0.296650 0.200000 0.000000
1619610003539 -0.296650 0.200000 0.000000
1619610003640 -0.296650 0.200000 0.000000
1619610003741 -0.296650 0.200000 0.000000
1619610003842 -0.296650 0.200000 0.000000
1619610003942 -0.296650 0.200000 0.000000
1619610004043 -0.296650 0.200000 0.000000
1619610004144 -0.296650 0.200000 0.000000
1619610004245 -0.296650 0.200000 0.000000
1619610004347 -0.296650 0.200000 0.000000
1619610004447 -0.296650 0.200000 0.000000
1619610004548 -0.296650 0.200000 0.000000
1619610004649 -0.296650 0.200000 0.000000
1619610004750 -0.296650 0.200000 0.000000
1619610004851 -0.296650 0.200000 0.000000
1619610004952 -0.296650 0.200000 0.000000
1619610005052 -0.296650 0.200000 0.000000
1619610005153 -0.296650 0.200000 0.000000
1619610005254 -0.296650 0.200000 0.000000
1619610005355 -0.296650 0.200000 0.000000
1619610005456 -0.296650 0.200000 0.000000
1619610005557 -0.296650 0.200000 0.000000
1619610005658 -0.296650 0.200000 0.000000
1619610005758 -0.296650 0.200000 0.000000
1619610005859 -0.296650 0.200000 0.000000
1619610005960 -0.296650 0.200000 0.000000
1619610006061 -0.296650 0.200000 0.000000
1619610006162 -0.296650 0.200000 0.000000
1619610006263 -0.296650 0.200000 0.000000
1619610006364 -0.296650 0.200000 0.000000
1619610006464 -0.296650 0.200000 0.000000
1619610006565 -0.296650 0.200000 0.000000
1619610006666 -0.296650 0.200000 0.000000
1619610006767 -0.296650 0.200000 0.000000
1619610006868 -0.296650 0.200000 0.000000
1619610006969 -0.296650 0.200000 0.000000
1619610007070 -0.296650 0.200000 0.000000
1619610007171 -0.296650 0.200000 0.000000
1619610007272 -0.296650 0.200000 0.000000
1619610007372 -0.296650 0.200000 0.000000
1619610007473 -0.296650 0.200000 0.000000
1619610007574 -0.296650 0.200000 0.000000
1619610007675 -0.296650 0.200000 0.000000
1619610007776 -0.296650 0.200000 0.000000
1619610007876 -0.296650 0.200000 0.000000
1619610007977 -0.296650 0.200000 0.000000
1619610008078 -0.296650 0.200000 0.000000
1619610008179 -0.296650 0.200000 0.000000
1619610008280 -0.296650 0.200000 0.000000
1619610008381 -0.296650 0.200000 0.000000
1619610008481 -0.296650 0.200000 0.000000
1619610008582 -0.296650 0.200000 0.000000
1619610008683 -0.296650 0.200000 0.000000
1619610008784 -0.296650 0.200000 0.000000
1619610008885 -0.296650 0.200000 0.000000
1619610008986 -0.296650 0.200000 0.000000
1619610009087 -0.296650 0.200000 0.000000
1619610009188 -0.296650 0.200000 0.000000
1619610009288 -0.296650 0.200000 0.000000
1619610009389 -0.296650 0.200000 0.000000
1619610009490 -0.296650 0.200000 0.000000
1619610009592 -0.296650 0.200000 0.000000
1619610009693 -0.296650 0.200000 0.000000
1619610009793 -0.296650 0.200000 0.000000
1619610009894 -0.296650 0.200000 0.000000
1619610009995 -0.296650 0.200000 0.000000
1619610010096 -0.296650 0.200000 0.000000
1619610010197 -0.296650 0.200000 0.000000
1619610010298 -0.296650 0.200000 0.000000
1619610010399 -0.296650 0.200000 0.000000
1619610010499 -0.296650 0.200000 0.000000
1619610010600 -0.296650 0.200000 0.000000
1619610010701 -0.296650 0.200000 0.000000
1619610010802 -0.296650 0.200000 0.000000
1619610010903 -0.296650 0.200000 0.000000
1619610011003 -0.296650 0.200000 0.000000
1619610011104 -0.296650 0.200000 0.000000
1619610011205 -0.296650 0.200000 0.000000
1619610011306 -0.296650 0.200000 0.000000
1619610011407 -0.296650 0.200000 0.000000
1619610011508 -0.296650 0.200000 0.000000
1619610011608 -0.296650 0.200000 0.000000
1619610011709 -0.296650 0.200000 0.000000
1619610011810 -0.296650 0.200000 0.000000
1619610011911 -0.296650 0.200000 0.000000
1619610012012 -0.296650 0.200000 0.000000
1619610012113 -0.296650 0.200000 0.000000
1619610012213 -0.296650 0.200000 0.000000
1619610012314 -0.296650 0.200000 0.000000
1619610012415 -0.296650 0.200000 0.000000
1619610012516 -0.296650 0.200000 0.000000
1619610012617 -0.296650 0.200000 0.000000
1619610012717 -0.296650 0.200000 0.000000
