1619774120242,0.55,0.4,0.0
1619774120344,0.55,0.4,0.004116
1619774120446,0.55,0.4,-0.002985
1619774120548,0.55,0.4,-0.012044
1619774120651,0.55,0.4,-0.02781
1619774120752,0.55,0.4,-0.047316
1619774120856,0.55,0.4,-0.072816
1619774120960,0.55,0.4,-0.114198
1619774121064,0.55,0.4,-0.133492
1619774121169,0.55,0.4,-0.161233
1619774121273,0.55,0.4,-0.18491
1619774121375,0.55,0.4,-0.206846
1619774121480,0.55,0.4,-0.230653
1619774121585,0.55,0.4,-0.270843
1619774121690,0.55,0.4,-0.284407
1619774121792,0.55,0.4,-0.306406
1619774121894,0.55,0.4,-0.313798
1619774121995,0.55,0.4,-0.296888
1619774122096,0.55,0.4,-0.308635
1619774122198,0.55,0.4,-0.314231
1619774122302,0.55,0.4,-0.344619
1619774122408,0.55,0.4,-0.371886
1619774122512,0.55,0.4,-0.387116
1619774122615,0.55,0.4,-0.369604
1619774122719,0.55,0.4,-0.378738
1619774122822,0.55,0.4,-0.390667
1619774122928,0.55,0.4,-0.391686
1619774123033,0.55,0.4,-0.407504
1619774123136,0.55,0.4,-0.419445
1619774123237,0.55,0.4,-0.408772
1619774123338,0.55,0.4,-0.379294
1619774123439,0.55,0.4,-0.365898
1619774123541,0.55,0.4,-0.397567
1619774123644,0.55,0.4,-0.39739
1619774123749,0.55,0.4,-0.379751
1619774123855,0.55,0.4,-0.388843
1619774123960,0.55,0.4,-0.392022
1619774124065,0.55,0.4,-0.387869
1619774124170,0.55,0.4,-0.376202
1619774124275,0.55,0.4,-0.385647
1619774124380,0.55,0.4,-0.397214
1619774124483,0.55,0.4,-0.412646
1619774124584,0.55,0.4,-0.401431
1619774124687,0.55,0.4,-0.397062
1619774124790,0.55,0.4,-0.404705
1619774124891,0.55,0.4,-0.405795
1619774124994,0.55,0.4,-0.40886
1619774125098,0.55,0.4,-0.397986
1619774125202,0.55,0.4,-0.445321
1619774125308,0.55,0.4,-0.448055
1619774125413,0.55,0.399,-0.444179
1619774125519,0.55,0.398,-0.459216
1619774125624,0.55,0.397,-0.471661
1619774125730,0.55,0.396,-0.464526
1619774125836,0.55,0.395,-0.448415
1619774125940,0.55,0.394,-0.448976
1619774126044,0.55,0.393,-0.428721
1619774126147,0.55,0.392,-0.412219
1619774126250,0.55,0.391,-0.399654
1619774126355,0.55,0.39,-0.384365
1619774126458,0.55,0.391,-0.371278
1619774126565,0.55,0.392,-0.354387
1619774126674,0.55,0.393,-0.356585
1619774126777,0.55,0.394,-0.390701
1619774126879,0.55,0.395,-0.367556
1619774126981,0.55,0.396,-0.35279
1619774127082,0.55,0.397,-0.348484
1619774127184,0.55,0.398,-0.372418
1619774127286,0.55,0.399,-0.381395
1619774127388,0.55,0.398,-0.388923
1619774127492,0.55,0.397,-0.397716
1619774127595,0.55,0.398,-0.366036
1619774127700,0.55,0.399,-0.357964
1619774127807,0.55,0.4,-0.363268
1619774127910,0.55,0.4,-0.402588
1619774128019,0.55,0.399,-0.425444
1619774128126,0.55,0.398,-0.44089
1619774128233,0.55,0.397,-0.416727
1619774128342,0.55,0.396,-0.413702
1619774128447,0.55,0.395,-0.406774
1619774128556,0.55,0.394,-0.431445
1619774128660,0.55,0.393,-0.442965
1619774128762,0.55,0.392,-0.422083
1619774128864,0.55,0.391,-0.40298
1619774128968,0.55,0.39,-0.395707
1619774129073,0.55,0.391,-0.372782
1619774129181,0.55,0.392,-0.362079
1619774129289,0.55,0.393,-0.381966
1619774129396,0.55,0.394,-0.343437
1619774129499,0.55,0.395,-0.363858
1619774129603,0.55,0.396,-0.365478
1619774129711,0.55,0.397,-0.371378
1619774129818,0.55,0.398,-0.370699
1619774129923,0.55,0.399,-0.38584
1619774130026,0.55,0.398,-0.389124
1619774130129,0.55,0.397,-0.393658
1619774130235,0.55,0.396,-0.394089
1619774130340,0.55,0.395,-0.405475
1619774130445,0.55,0.394,-0.403822
1619774130552,0.55,0.393,-0.388257
1619774130658,0.55,0.392,-0.382515
1619774130766,0.55,0.393,-0.364346
1619774130873,0.55,0.394,-0.365159
1619774130982,0.55,0.395,-0.380347
1619774131090,0.55,0.394,-0.393352
1619774131195,0.55,0.393,-0.399803
1619774131300,0.55,0.392,-0.420288
1619774131404,0.55,0.391,-0.420161
1619774131507,0.55,0.39,-0.416944
1619774131610,0.55,0.389,-0.428751
1619774131713,0.55,0.388,-0.411561
1619774131819,0.55,0.387,-0.399781
1619774131926,0.55,0.386,-0.393156
1619774132034,0.55,0.385,-0.376825
1619774132141,0.55,0.386,-0.354077
1619774132248,0.55,0.387,-0.338317
1619774132355,0.55,0.388,-0.308264
1619774132463,0.55,0.389,-0.323555
1619774132571,0.55,0.39,-0.31961
1619774132681,0.55,0.391,-0.334806
1619774132784,0.55,0.392,-0.367643
1619774132890,0.55,0.393,-0.386128
1619774132998,0.55,0.394,-0.349624
1619774133103,0.55,0.395,-0.356492
1619774133207,0.55,0.396,-0.364509
1619774133315,0.55,0.397,-0.391635
1619774133421,0.55,0.396,-0.388132
1619774133531,0.55,0.395,-0.392556
1619774133636,0.55,0.394,-0.386002
1619774133741,0.55,0.393,-0.386859
1619774133849,0.55,0.392,-0.388022
1619774133957,0.55,0.391,-0.403919
1619774134062,0.55,0.39,-0.413918
1619774134167,0.55,0.389,-0.383535
1619774134270,0.55,0.39,-0.365835
1619774134379,0.55,0.391,-0.357511
1619774134482,0.55,0.392,-0.364766
1619774134587,0.55,0.393,-0.369177
1619774134695,0.55,0.394,-0.366142
1619774134802,0.55,0.395,-0.363795
1619774134911,0.55,0.396,-0.352556
1619774135018,0.55,0.397,-0.329647
1619774135126,0.55,0.398,-0.341241
1619774135233,0.55,0.399,-0.313562
1619774135344,0.55,0.4,-0.327319
1619774135449,0.55,0.4,-0.307104
1619774135551,0.55,0.4,-0.31567
1619774135652,0.55,0.4,-0.307854
1619774135753,0.55,0.4,-0.304515
1619774135854,0.55,0.4,-0.309784
1619774135956,0.55,0.4,-0.29878
1619774136060,0.55,0.4,-0.362139
1619774136165,0.55,0.4,-0.350446
1619774136270,0.55,0.4,-0.386939
1619774136379,0.55,0.399,-0.375333
1619774136484,0.55,0.398,-0.396378
1619774136592,0.55,0.399,-0.374795
1619774136701,0.55,0.4,-0.400019
1619774136809,0.55,0.399,-0.409059
1619774136912,0.55,0.398,-0.421755
1619774137015,0.55,0.397,-0.404006
1619774137120,0.55,0.396,-0.41185
1619774137223,0.55,0.395,-0.395439
1619774137327,0.55,0.394,-0.407766
1619774137435,0.55,0.393,-0.399519
1619774137545,0.55,0.392,-0.393928
1619774137655,0.55,0.391,-0.379118
1619774137760,0.55,0.392,-0.364643
1619774137865,0.55,0.393,-0.35628
1619774137974,0.55,0.394,-0.350973
1619774138081,0.55,0.395,-0.372828
1619774138189,0.55,0.396,-0.360684
1619774138293,0.55,0.397,-0.378078
1619774138395,0.55,0.398,-0.354621
1619774138501,0.55,0.399,-0.362883
1619774138605,0.55,0.4,-0.364576
1619774138708,0.55,0.4,-0.386828
1619774138816,0.55,0.399,-0.399563
1619774138923,0.55,0.398,-0.393437
1619774139030,0.55,0.397,-0.390415
1619774139137,0.55,0.398,-0.354536
1619774139244,0.55,0.399,-0.348243
1619774139350,0.55,0.4,-0.3704
1619774139454,0.55,0.4,-0.385384
1619774139564,0.55,0.399,-0.39052
1619774139666,0.55,0.4,-0.366329
1619774139768,0.55,0.4,-0.370421
1619774139869,0.55,0.4,-0.379267
1619774139971,0.55,0.4,-0.362739
1619774140073,0.55,0.4,-0.360631
1619774140179,0.55,0.4,-0.386465
1619774140287,0.55,0.4,-0.373564
1619774140390,0.55,0.4,-0.362588
1619774140493,0.55,0.4,-0.354444
1619774140598,0.55,0.4,-0.353469
1619774140702,0.55,0.4,-0.369241
1619774140806,0.55,0.4,-0.350171
1619774140912,0.55,0.4,-0.363703
1619774141018,0.55,0.4,-0.400063
1619774141122,0.55,0.399,-0.388055
1619774141228,0.55,0.4,-0.361169
1619774141330,0.55,0.4,-0.36376
1619774141432,0.55,0.4,-0.380798
1619774141541,0.55,0.399,-0.387671
1619774141648,0.55,0.398,-0.393059
1619774141757,0.55,0.397,-0.389324
1619774141866,0.55,0.396,-0.39435
1619774141973,0.55,0.395,-0.386711
1619774142079,0.55,0.394,-0.409863
1619774142187,0.55,0.393,-0.435256
1619774142294,0.55,0.392,-0.433319
1619774142402,0.55,0.391,-0.440021
1619774142505,0.55,0.39,-0.437946
1619774142611,0.55,0.389,-0.44932
1619774142715,0.55,0.388,-0.447267
1619774142819,0.55,0.387,-0.431955
1619774142925,0.55,0.386,-0.407749
1619774143031,0.55,0.385,-0.418647
1619774143137,0.55,0.384,-0.419237
1619774143243,0.55,0.383,-0.406628
1619774143351,0.55,0.382,-0.382979
1619774143459,0.55,0.383,-0.360785
1619774143567,0.55,0.384,-0.357863
1619774143674,0.55,0.385,-0.358764
1619774143783,0.55,0.386,-0.332256
1619774143885,0.55,0.387,-0.34479
1619774143988,0.55,0.388,-0.348654
1619774144092,0.55,0.389,-0.336141
1619774144196,0.55,0.39,-0.321951
1619774144302,0.55,0.391,-0.338826
1619774144410,0.55,0.392,-0.349258
1619774144520,0.55,0.393,-0.354342
1619774144628,0.55,0.394,-0.371261
1619774144733,0.55,0.395,-0.383733
1619774144843,0.55,0.394,-0.415363
1619774144950,0.55,0.393,-0.426019
1619774145058,0.55,0.392,-0.428194
1619774145164,0.55,0.391,-0.430153
1619774145266,0.55,0.39,-0.438544
1619774145371,0.55,0.389,-0.444236
1619774145476,0.55,0.388,-0.417124
1619774145580,0.55,0.387,-0.400864
1619774145689,0.55,0.386,-0.389283
1619774145794,0.55,0.387,-0.370642
1619774145899,0.55,0.388,-0.360576
1619774146006,0.55,0.389,-0.358016
1619774146111,0.55,0.39,-0.374257
1619774146218,0.55,0.391,-0.397764
1619774146325,0.55,0.39,-0.395362
1619774146433,0.55,0.389,-0.383334
1619774146539,0.55,0.388,-0.37904
1619774146641,0.55,0.387,-0.399531
1619774146747,0.55,0.386,-0.3866
1619774146850,0.55,0.385,-0.393483
1619774146955,0.55,0.384,-0.391887
1619774147063,0.55,0.383,-0.389358
1619774147171,0.55,0.382,-0.408124
1619774147280,0.55,0.381,-0.392349
1619774147387,0.55,0.38,-0.42126
1619774147495,0.55,0.379,-0.408245
1619774147603,0.55,0.378,-0.419208
1619774147712,0.55,0.377,-0.414971
1619774147817,0.55,0.376,-0.387015
1619774147923,0.55,0.375,-0.38927
1619774148026,0.55,0.376,-0.362205
1619774148128,0.55,0.377,-0.363318
1619774148232,0.55,0.378,-0.349948
1619774148337,0.55,0.379,-0.333391
1619774148443,0.55,0.38,-0.330361
1619774148552,0.55,0.381,-0.324912
1619774148661,0.55,0.382,-0.376703
1619774148767,0.55,0.383,-0.341405
1619774148875,0.55,0.384,-0.375988
1619774148982,0.55,0.383,-0.396367
1619774149090,0.55,0.382,-0.387232
1619774149197,0.55,0.381,-0.40415
1619774149301,0.55,0.38,-0.411379
1619774149405,0.55,0.379,-0.403982
1619774149514,0.55,0.378,-0.375138
1619774149618,0.55,0.379,-0.347614
1619774149723,0.55,0.38,-0.341519
1619774149831,0.55,0.381,-0.366219
1619774149938,0.55,0.382,-0.34524
1619774150046,0.55,0.383,-0.349622
1619774150149,0.55,0.384,-0.346365
1619774150254,0.55,0.385,-0.352318
1619774150362,0.55,0.386,-0.357618
1619774150470,0.55,0.387,-0.355567
1619774150577,0.55,0.388,-0.367284
1619774150686,0.55,0.389,-0.369447
1619774150789,0.55,0.39,-0.364505
1619774150894,0.55,0.391,-0.370888
1619774150998,0.55,0.392,-0.341198
1619774151102,0.55,0.393,-0.346664
1619774151209,0.55,0.394,-0.364036
1619774151317,0.55,0.395,-0.35378
1619774151424,0.55,0.396,-0.346154
1619774151533,0.55,0.397,-0.335512
1619774151641,0.55,0.398,-0.342604
1619774151748,0.55,0.399,-0.33747
1619774151855,0.55,0.4,-0.343445
1619774151961,0.55,0.4,-0.325694
1619774152065,0.55,0.4,-0.318895
1619774152167,0.55,0.4,-0.310877
1619774152269,0.55,0.4,-0.311875
1619774152370,0.55,0.4,-0.324414
1619774152472,0.55,0.4,-0.343657
1619774152577,0.55,0.4,-0.360608
1619774152682,0.55,0.4,-0.356616
1619774152788,0.55,0.4,-0.354955
1619774152893,0.55,0.4,-0.366514
1619774153001,0.55,0.4,-0.389091
1619774153107,0.55,0.399,-0.413994
1619774153213,0.55,0.398,-0.41945
1619774153319,0.55,0.397,-0.408689
1619774153426,0.55,0.396,-0.42512
1619774153529,0.55,0.395,-0.423147
1619774153635,0.55,0.394,-0.400136
1619774153737,0.55,0.393,-0.379092
1619774153844,0.55,0.394,-0.366411
1619774153951,0.55,0.395,-0.345446
1619774154059,0.55,0.396,-0.369017
1619774154167,0.55,0.397,-0.384652
1619774154271,0.55,0.396,-0.392587
1619774154376,0.55,0.397,-0.373153
1619774154484,0.55,0.398,-0.365516
1619774154593,0.55,0.399,-0.399578
1619774154701,0.55,0.398,-0.423043
1619774154809,0.55,0.397,-0.431522
1619774154912,0.55,0.396,-0.421826
1619774155016,0.55,0.395,-0.419547
1619774155119,0.55,0.394,-0.440255
1619774155222,0.55,0.393,-0.443687
