1619609594843 -0.296650 0.800000 0.000000
1619609594944 -0.296650 0.800000 0.000000
1619609595045 -0.296650 0.800000 0.000000
1619609595146 -0.296650 0.800000 0.000000
1619609595247 -0.296650 0.800000 0.000000
1619609595348 -0.296650 0.800000 0.000000
1619609595448 -0.296650 0.800000 0.000000
1619609595549 -0.296650 0.800000 0.000000
1619609595650 -0.296650 0.800000 0.000000
1619609595751 -0.296650 0.800000 0.000000
1619609595852 -0.296650 0.800000 0.000000
1619609595952 -0.296650 0.800000 0.000000
1619609596053 -0.296650 0.800000 0.000000
1619609596154 -0.296650 0.800000 0.000000
1619609596255 -0.296650 0.800000 0.000000
1619609596356 -0.296650 0.800000 0.000000
1619609596456 -0.296650 0.800000 0.000000
1619609596557 -0.296650 0.800000 0.000000
1619609596658 -0.296650 0.800000 0.000000
1619609596759 -0.296650 0.800000 0.000000
1619609596860 -0.296650 0.800000 0.000000
1619609596961 -0.296650 0.800000 0.000000
1619609597062 -0.296650 0.800000 0.000000
1619609597162 -0.296650 0.800000 0.000000
1619609597263 -0.296650 0.800000 0.000000
1619609597364 -0.296650 0.800000 0.000000
1619609597465 -0.296650 0.800000 0.000000
1619609597566 -0.296650 0.800000 0.000000
1619609597667 -0.296650 0.800000 0.000000
1619609597768 -0.296650 0.800000 0.000000
1619609597868 -0.296650 0.800000 0.000000
1619609597969 -0.296650 0.800000 0.000000
1619609598070 -0.296650 0.800000 0.000000
1619609598171 -0.296650 0.800000 0.000000
1619609598272 -0.296650 0.800000 0.000000
1619609598372 -0.296650 0.800000 0.000000
1619609598473 -0.296650 0.800000 0.000000
1619609598574 -0.296650 0.800000 0.000000
1619609598675 -0.296650 0.800000 0.000000
1619609598776 -0.296650 0.800000 0.000000
1619609598877 -0.296650 0.800000 0.000000
1619609598977 -0.296650 0.800000 0.000000
1619609599078 -0.296650 0.800000 0.000000
1619609599179 -0.296650 0.800000 0.000000
1619609599280 -0.296650 0.800000 0.000000
1619609599381 -0.296650 0.800000 0.000000
1619609599482 -0.296650 0.800000 0.000000
1619609599582 -0.296650 0.800000 0.000000
1619609599683 -0.296650 0.800000 0.000000
1619609599784 -0.296650 0.800000 0.000000
1619609599885 -0.296650 0.800000 0.000000
1619609599986 -0.296650 0.800000 0.000000
1619609600087 -0.296650 0.800000 0.000000
1619609600188 -0.296650 0.800000 0.000000
1619609600289 -0.296650 0.800000 0.000000
1619609600390 -0.296650 0.800000 0.000000
1619609600491 -0.296650 0.800000 0.000000
1619609600592 -0.296650 0.800000 0.000000
1619609600692 -0.296650 0.800000 0.000000
1619609600793 -0.296650 0.800000 0.000000
1619609600894 -0.296650 0.800000 0.000000
1619609600995 -0.296650 0.800000 0.000000
1619609601096 -0.296650 0.800000 0.000000
1619609601196 -0.296650 0.800000 0.000000
1619609601297 -0.296650 0.800000 0.000000
1619609601398 -0.296650 0.800000 0.000000
1619609601499 -0.296650 0.800000 0.000000
1619609601600 -0.296650 0.800000 0.000000
1619609601701 -0.296650 0.800000 0.000000
1619609601801 -0.296650 0.800000 0.000000
1619609601902 -0.296650 0.800000 0.000000
1619609602003 -0.296650 0.800000 0.000000
1619609602104 -0.296650 0.800000 0.000000
1619609602205 -0.296650 0.800000 0.000000
1619609602306 -0.296650 0.800000 0.000000
1619609602407 -0.296650 0.800000 0.000000
1619609602508 -0.296650 0.800000 0.000000
1619609602609 -0.296650 0.800000 0.000000
1619609602710 -0.296650 0.800000 0.000000
1619609602810 -0.296650 0.800000 0.000000
1619609602911 -0.296650 0.800000 0.000000
1619609603012 -0.296650 0.800000 0.000000
1619609603113 -0.296650 0.800000 0.000000
1619609603214 -0.296650 0.800000 0.000000
1619609603315 -0.296650 0.800000 0.000000
1619609603416 -0.296650 0.800000 0.000000
1619609603516 -0.296650 0.800000 0.000000
1619609603617 -0.296650 0.800000 0.000000
1619609603718 -0.296650 0.800000 0.000000
1619609603819 -0.296650 0.800000 0.000000
1619609603920 -0.296650 0.800000 0.000000
1619609604020 -0.296650 0.800000 0.000000
1619609604121 -0.296650 0.800000 0.000000
1619609604222 -0.296650 0.800000 0.000000
1619609604323 -0.296650 0.800000 0.000000
1619609604425 -0.296650 0.800000 0.000000
1619609604525 -0.296650 0.800000 0.000000
1619609604629 -0.296650 0.800000 0.000000
1619609604729 -0.296650 0.800000 0.000000
1619609604830 -0.296650 0.800000 0.000000
1619609604932 -0.296650 0.800000 0.000000
1619609605032 -0.296650 0.800000 0.000000
1619609605133 -0.296650 0.800000 0.000000
1619609605234 -0.296650 0.800000 0.000000
1619609605335 -0.296650 0.800000 0.000000
1619609605436 -0.296650 0.800000 0.000000
1619609605537 -0.296650 0.800000 0.000000
1619609605637 -0.296650 0.800000 0.000000
1619609605738 -0.296650 0.800000 0.000000
1619609605839 -0.296650 0.800000 0.000000
1619609605940 -0.296650 0.800000 0.000000
1619609606041 -0.296650 0.800000 0.000000
1619609606141 -0.296650 0.800000 0.000000
1619609606242 -0.296650 0.800000 0.000000
1619609606343 -0.296650 0.800000 0.000000
1619609606444 -0.296650 0.800000 0.000000
1619609606545 -0.296650 0.800000 0.000000
1619609606646 -0.296650 0.800000 0.000000
1619609606747 -0.296650 0.800000 0.000000
1619609606847 -0.296650 0.800000 0.000000
1619609606948 -0.296650 0.800000 0.000000
1619609607049 -0.296650 0.800000 0.000000
1619609607150 -0.296650 0.800000 0.000000
1619609607251 -0.296650 0.800000 0.000000
1619609607351 -0.296650 0.800000 0.000000
1619609607452 -0.296650 0.800000 0.000000
1619609607553 -0.296650 0.800000 0.000000
1619609607654 -0.296650 0.800000 0.000000
1619609607755 -0.296650 0.800000 0.000000
1619609607856 -0.296650 0.800000 0.000000
1619609607957 -0.296650 0.800000 0.000000
1619609608057 -0.296650 0.800000 0.000000
1619609608158 -0.296650 0.800000 0.000000
1619609608259 -0.296650 0.800000 0.000000
1619609608360 -0.296650 0.800000 0.000000
1619609608461 -0.296650 0.800000 0.000000
1619609608562 -0.296650 0.800000 0.000000
1619609608663 -0.296650 0.800000 0.000000
1619609608764 -0.296650 0.800000 0.000000
1619609608865 -0.296650 0.800000 0.000000
1619609608966 -0.296650 0.800000 0.000000
1619609609066 -0.296650 0.800000 0.000000
1619609609167 -0.296650 0.800000 0.000000
1619609609268 -0.296650 0.800000 0.000000
1619609609369 -0.296650 0.800000 0.000000
1619609609470 -0.296650 0.800000 0.000000
1619609609570 -0.296650 0.800000 0.000000
1619609609671 -0.296650 0.800000 0.000000
1619609609772 -0.296650 0.800000 0.000000
1619609609873 -0.296650 0.800000 0.000000
1619609609974 -0.296650 0.800000 0.000000
1619609610075 -0.296650 0.800000 0.000000
1619609610175 -0.296650 0.800000 0.000000
1619609610276 -0.296650 0.800000 0.000000
1619609610377 -0.296650 0.800000 0.000000
1619609610478 -0.296650 0.800000 0.000000
1619609610579 -0.296650 0.800000 0.000000
1619609610680 -0.296650 0.800000 0.000000
1619609610781 -0.296650 0.800000 0.000000
1619609610881 -0.296650 0.800000 0.000000
1619609610982 -0.296650 0.800000 0.000000
1619609611083 -0.296650 0.800000 0.000000
1619609611184 -0.296650 0.800000 0.000000
1619609611286 -0.296650 0.800000 0.000000
1619609611387 -0.296650 0.800000 0.000000
1619609611487 -0.296650 0.800000 0.000000
1619609611588 -0.296650 0.800000 0.000000
1619609611689 -0.296650 0.800000 0.000000
1619609611790 -0.296650 0.800000 0.000000
1619609611891 -0.296650 0.800000 0.000000
1619609611992 -0.296650 0.800000 0.000000
1619609612092 -0.296650 0.800000 0.000000
1619609612193 -0.296650 0.800000 0.000000
1619609612295 -0.296650 0.800000 0.000000
1619609612396 -0.296650 0.800000 0.000000
1619609612496 -0.296650 0.800000 0.000000
1619609612597 -0.296650 0.800000 0.000000
1619609612698 -0.296650 0.800000 0.000000
1619609612799 -0.296650 0.800000 0.000000
1619609612900 -0.296650 0.800000 0.000000
1619609613001 -0.296650 0.800000 0.000000
1619609613102 -0.296650 0.800000 0.000000
1619609613203 -0.296650 0.800000 0.000000
1619609613303 -0.296650 0.800000 0.000000
1619609613404 -0.296650 0.800000 0.000000
1619609613505 -0.296650 0.800000 0.000000
1619609613606 -0.296650 0.800000 0.000000
1619609613707 -0.296650 0.800000 0.000000
1619609613808 -0.296650 0.800000 0.000000
1619609613909 -0.296650 0.800000 0.000000
1619609614009 -0.296650 0.800000 0.000000
1619609614110 -0.296650 0.800000 0.000000
1619609614211 -0.296650 0.800000 0.000000
1619609614312 -0.296650 0.800000 0.000000
1619609614413 -0.296650 0.800000 0.000000
1619609614514 -0.296650 0.800000 0.000000
1619609614614 -0.296650 0.800000 0.000000
1619609614715 -0.296650 0.800000 0.000000
1619609614816 -0.296650 0.800000 0.000000
1619609614917 -0.296650 0.800000 0.000000
1619609615018 -0.296650 0.800000 0.000000
1619609615118 -0.296650 0.800000 0.000000
1619609615219 -0.296650 0.800000 0.000000
1619609615320 -0.296650 0.800000 0.000000
1619609615421 -0.296650 0.800000 0.000000
1619609615522 -0.296650 0.800000 0.000000
1619609615623 -0.296650 0.800000 0.000000
1619609615723 -0.296650 0.800000 0.000000
1619609615824 -0.296650 0.800000 0.000000
1619609615925 -0.296650 0.800000 0.000000
1619609616026 -0.296650 0.800000 0.000000
1619609616127 -0.296650 0.800000 0.000000
1619609616228 -0.296650 0.800000 0.000000
1619609616329 -0.296650 0.800000 0.000000
1619609616429 -0.296650 0.800000 0.000000
1619609616530 -0.296650 0.800000 0.000000
1619609616631 -0.296650 0.800000 0.000000
1619609616732 -0.296650 0.800000 0.000000
1619609616833 -0.296650 0.800000 0.000000
1619609616934 -0.296650 0.800000 0.000000
1619609617035 -0.296650 0.800000 0.000000
1619609617136 -0.296650 0.800000 0.000000
1619609617236 -0.296650 0.800000 0.000000
1619609617337 -0.296650 0.800000 0.000000
1619609617438 -0.296650 0.800000 0.000000
1619609617539 -0.296650 0.800000 0.000000
1619609617640 -0.296650 0.800000 0.000000
1619609617741 -0.296650 0.800000 0.000000
1619609617841 -0.296650 0.800000 0.000000
1619609617942 -0.296650 0.800000 0.000000
1619609618043 -0.296650 0.800000 0.000000
1619609618144 -0.296650 0.800000 0.000000
1619609618245 -0.296650 0.800000 0.000000
1619609618346 -0.296650 0.800000 0.000000
1619609618447 -0.296650 0.800000 0.000000
1619609618548 -0.296650 0.800000 0.000000
1619609618649 -0.296650 0.800000 0.000000
1619609618750 -0.296650 0.800000 0.000000
1619609618850 -0.296650 0.800000 0.000000
1619609618951 -0.296650 0.800000 0.000000
1619609619052 -0.296650 0.800000 0.000000
1619609619153 -0.296650 0.800000 0.000000
1619609619254 -0.296650 0.800000 0.000000
1619609619355 -0.296650 0.800000 0.000000
1619609619456 -0.296650 0.800000 0.000000
1619609619556 -0.296650 0.800000 0.000000
1619609619657 -0.296650 0.800000 0.000000
1619609619758 -0.296650 0.800000 0.000000
1619609619859 -0.296650 0.800000 0.000000
1619609619960 -0.296650 0.800000 0.000000
1619609620061 -0.296650 0.800000 0.000000
1619609620161 -0.296650 0.800000 0.000000
1619609620262 -0.296650 0.800000 0.000000
1619609620363 -0.296650 0.800000 0.000000
1619609620464 -0.296650 0.800000 0.000000
1619609620565 -0.296650 0.800000 0.000000
1619609620666 -0.296650 0.800000 0.000000
1619609620767 -0.296650 0.800000 0.000000
1619609620868 -0.296650 0.800000 0.000000
1619609620969 -0.296650 0.800000 0.000000
1619609621069 -0.296650 0.800000 0.000000
1619609621170 -0.296650 0.800000 0.000000
1619609621271 -0.296650 0.800000 0.000000
1619609621372 -0.296650 0.800000 0.000000
1619609621473 -0.296650 0.800000 0.000000
1619609621573 -0.296650 0.800000 0.000000
1619609621674 -0.296650 0.800000 0.000000
1619609621775 -0.296650 0.800000 0.000000
1619609621876 -0.296650 0.800000 0.000000
1619609621977 -0.296650 0.800000 0.000000
1619609622077 -0.296650 0.800000 0.000000
1619609622178 -0.296650 0.800000 0.000000
1619609622279 -0.296650 0.800000 0.000000
1619609622380 -0.296650 0.800000 0.000000
1619609622481 -0.296650 0.800000 0.000000
1619609622582 -0.296650 0.800000 0.000000
1619609622683 -0.296650 0.800000 0.000000
1619609622784 -0.296650 0.800000 0.000000
1619609622884 -0.296650 0.800000 0.000000
1619609622986 -0.296650 0.800000 0.000000
1619609623087 -0.296650 0.800000 0.000000
1619609623187 -0.296650 0.800000 0.000000
1619609623288 -0.296650 0.800000 0.000000
1619609623389 -0.296650 0.800000 0.000000
1619609623490 -0.296650 0.800000 0.000000
1619609623591 -0.296650 0.800000 0.000000
1619609623691 -0.296650 0.800000 0.000000
1619609623792 -0.296650 0.800000 0.000000
1619609623893 -0.296650 0.800000 0.000000
1619609623994 -0.296650 0.800000 0.000000
1619609624094 -0.296650 0.800000 0.000000
1619609624195 -0.296650 0.800000 0.000000
1619609624296 -0.296650 0.800000 0.000000
1619609624397 -0.296650 0.800000 0.000000
1619609624498 -0.296650 0.800000 0.000000
1619609624598 -0.296650 0.800000 0.000000
1619609624699 -0.296650 0.800000 0.000000
1619609624800 -0.296650 0.800000 0.000000
1619609624901 -0.296650 0.800000 0.000000
1619609625002 -0.296650 0.800000 0.000000
1619609625103 -0.296650 0.800000 0.000000
1619609625204 -0.296650 0.800000 0.000000
1619609625304 -0.296650 0.800000 0.000000
1619609625406 -0.296650 0.800000 0.000000
1619609625507 -0.296650 0.800000 0.000000
1619609625608 -0.296650 0.800000 0.000000
1619609625708 -0.296650 0.800000 0.000000
1619609625809 -0.296650 0.800000 0.000000
1619609625910 -0.296650 0.800000 0.000000
1619609626011 -0.296650 0.800000 0.000000
1619609626112 -0.296650 0.800000 0.000000
1619609626212 -0.296650 0.800000 0.000000
1619609626313 -0.296650 0.800000 0.000000
1619609626414 -0.296650 0.800000 0.000000
1619609626515 -0.296650 0.800000 0.000000
1619609626616 -0.296650 0.800000 0.000000
1619609626716 -0.296650 0.800000 0.000000
1619609626817 -0.296650 0.800000 0.000000
1619609626918 -0.296650 0.800000 0.000000
1619609627019 -0.296650 0.800000 0.000000
1619609627120 -0.296650 0.800000 0.000000
1619609627221 -0.296650 0.800000 0.000000
1619609627321 -0.296650 0.800000 0.000000
1619609627422 -0.296650 0.800000 0.000000
1619609627523 -0.296650 0.800000 0.000000
1619609627624 -0.296650 0.800000 0.000000
1619609627725 -0.296650 0.800000 0.000000
1619609627826 -0.296650 0.800000 0.000000
1619609627927 -0.296650 0.800000 0.000000
1619609628028 -0.296650 0.800000 0.000000
1619609628128 -0.296650 0.800000 0.000000
1619609628229 -0.296650 0.800000 0.000000
1619609628330 -0.296650 0.800000 0.000000
1619609628431 -0.296650 0.800000 0.000000
1619609628532 -0.296650 0.800000 0.000000
1619609628633 -0.296650 0.800000 0.000000
1619609628734 -0.296650 0.800000 0.000000
1619609628835 -0.296650 0.800000 0.000000
1619609628935 -0.296650 0.800000 0.000000
1619609629036 -0.296650 0.800000 0.000000
1619609629137 -0.296650 0.800000 0.000000
1619609629238 -0.296650 0.800000 0.000000
1619609629339 -0.296650 0.800000 0.000000
1619609629439 -0.296650 0.800000 0.000000
1619609629540 -0.296650 0.800000 0.000000
