1619609817634 -0.249535 0.200000 0.000000
1619609817734 -0.249535 0.200000 0.000000
1619609817835 -0.249535 0.200000 0.000000
1619609817936 -0.249535 0.200000 0.000000
1619609818037 -0.249535 0.200000 0.000000
1619609818138 -0.249535 0.200000 0.000000
1619609818239 -0.249535 0.200000 0.000000
1619609818340 -0.249535 0.200000 0.000000
1619609818440 -0.249535 0.200000 0.000000
1619609818541 -0.249535 0.200000 0.000000
1619609818642 -0.249535 0.200000 0.000000
1619609818743 -0.249535 0.200000 0.000000
1619609818844 -0.249535 0.200000 0.000000
1619609818944 -0.249535 0.200000 0.000000
1619609819045 -0.249535 0.200000 0.000000
1619609819146 -0.249535 0.200000 0.000000
1619609819247 -0.249535 0.200000 0.000000
1619609819348 -0.249535 0.200000 0.000000
1619609819449 -0.249535 0.200000 0.000000
1619609819549 -0.249535 0.200000 0.000000
1619609819650 -0.249535 0.200000 0.000000
1619609819751 -0.249535 0.200000 0.000000
1619609819852 -0.249535 0.200000 0.000000
1619609819953 -0.249535 0.200000 0.000000
1619609820053 -0.249535 0.200000 0.000000
1619609820154 -0.249535 0.200000 0.000000
1619609820255 -0.249535 0.200000 0.000000
1619609820356 -0.249535 0.200000 0.000000
1619609820457 -0.249535 0.200000 0.000000
1619609820558 -0.249535 0.200000 0.000000
1619609820659 -0.249535 0.200000 0.000000
1619609820760 -0.249535 0.200000 0.000000
1619609820860 -0.249535 0.200000 0.000000
1619609820961 -0.249535 0.200000 0.000000
1619609821062 -0.249535 0.200000 0.000000
1619609821163 -0.249535 0.200000 0.000000
1619609821264 -0.249535 0.200000 0.000000
1619609821365 -0.249535 0.200000 0.000000
1619609821465 -0.249535 0.200000 0.000000
1619609821566 -0.249535 0.200000 0.000000
1619609821667 -0.249535 0.200000 0.000000
1619609821768 -0.249535 0.200000 0.000000
1619609821869 -0.249535 0.200000 0.000000
1619609821970 -0.249535 0.200000 0.000000
1619609822070 -0.249535 0.200000 0.000000
1619609822171 -0.249535 0.200000 0.000000
1619609822272 -0.249535 0.200000 0.000000
1619609822373 -0.249535 0.200000 0.000000
1619609822474 -0.249535 0.200000 0.000000
1619609822575 -0.249535 0.200000 0.000000
1619609822676 -0.249535 0.200000 0.000000
1619609822777 -0.249535 0.200000 0.000000
1619609822878 -0.249535 0.200000 0.000000
1619609822979 -0.249535 0.200000 0.000000
1619609823080 -0.249535 0.200000 0.000000
1619609823181 -0.249535 0.200000 0.000000
1619609823281 -0.249535 0.200000 0.000000
1619609823382 -0.249535 0.200000 0.000000
1619609823483 -0.249535 0.200000 0.000000
1619609823584 -0.249535 0.200000 0.000000
1619609823685 -0.249535 0.200000 0.000000
1619609823786 -0.249535 0.200000 0.000000
1619609823887 -0.249535 0.200000 0.000000
1619609823988 -0.249535 0.200000 0.000000
1619609824089 -0.249535 0.200000 0.000000
1619609824189 -0.249535 0.200000 0.000000
1619609824290 -0.249535 0.200000 0.000000
1619609824391 -0.249535 0.200000 0.000000
1619609824492 -0.249535 0.200000 0.000000
1619609824593 -0.249535 0.200000 0.000000
1619609824694 -0.249535 0.200000 0.000000
1619609824794 -0.249535 0.200000 0.000000
1619609824895 -0.249535 0.200000 0.000000
1619609824996 -0.249535 0.200000 0.000000
1619609825097 -0.249535 0.200000 0.000000
1619609825198 -0.249535 0.200000 0.000000
1619609825299 -0.249535 0.200000 0.000000
1619609825399 -0.249535 0.200000 0.000000
1619609825500 -0.249535 0.200000 0.000000
1619609825601 -0.249535 0.200000 0.000000
1619609825702 -0.249535 0.200000 0.000000
1619609825803 -0.249535 0.200000 0.000000
1619609825904 -0.249535 0.200000 0.000000
1619609826005 -0.249535 0.200000 0.000000
1619609826106 -0.249535 0.200000 0.000000
1619609826207 -0.249535 0.200000 0.000000
1619609826308 -0.249535 0.200000 0.000000
1619609826408 -0.249535 0.200000 0.000000
1619609826509 -0.249535 0.200000 0.000000
1619609826610 -0.249535 0.200000 0.000000
1619609826711 -0.249535 0.200000 0.000000
1619609826812 -0.249535 0.200000 0.000000
1619609826912 -0.249535 0.200000 0.000000
1619609827013 -0.249535 0.200000 0.000000
1619609827114 -0.249535 0.200000 0.000000
1619609827215 -0.249535 0.200000 0.000000
1619609827316 -0.249535 0.200000 0.000000
1619609827417 -0.249535 0.200000 0.000000
1619609827518 -0.249535 0.200000 0.000000
1619609827619 -0.249535 0.200000 0.000000
1619609827720 -0.249535 0.200000 0.000000
1619609827821 -0.249535 0.200000 0.000000
1619609827922 -0.249535 0.200000 0.000000
1619609828022 -0.249535 0.200000 0.000000
1619609828123 -0.249535 0.200000 0.000000
1619609828224 -0.249535 0.200000 0.000000
1619609828325 -0.249535 0.200000 0.000000
1619609828426 -0.249535 0.200000 0.000000
1619609828526 -0.249535 0.200000 0.000000
1619609828627 -0.249535 0.200000 0.000000
1619609828728 -0.249535 0.200000 0.000000
1619609828829 -0.249535 0.200000 0.000000
1619609828930 -0.249535 0.200000 0.000000
1619609829031 -0.249535 0.200000 0.000000
1619609829132 -0.249535 0.200000 0.000000
1619609829233 -0.249535 0.200000 0.000000
1619609829333 -0.249535 0.200000 0.000000
1619609829434 -0.249535 0.200000 0.000000
1619609829535 -0.249535 0.200000 0.000000
1619609829636 -0.249535 0.200000 0.000000
1619609829737 -0.249535 0.200000 0.000000
1619609829838 -0.249535 0.200000 0.000000
1619609829939 -0.249535 0.200000 0.000000
1619609830040 -0.249535 0.200000 0.000000
1619609830141 -0.249535 0.200000 0.000000
1619609830241 -0.249535 0.200000 0.000000
1619609830342 -0.249535 0.200000 0.000000
1619609830443 -0.249535 0.200000 0.000000
1619609830544 -0.249535 0.200000 0.000000
1619609830645 -0.249535 0.200000 0.000000
1619609830745 -0.249535 0.200000 0.000000
1619609830846 -0.249535 0.200000 0.000000
1619609830947 -0.249535 0.200000 0.000000
1619609831048 -0.249535 0.200000 0.000000
1619609831149 -0.249535 0.200000 0.000000
1619609831250 -0.249535 0.200000 0.000000
1619609831350 -0.249535 0.200000 0.000000
1619609831451 -0.249535 0.200000 0.000000
1619609831552 -0.249535 0.200000 0.000000
1619609831653 -0.249535 0.200000 0.000000
1619609831754 -0.249535 0.200000 0.000000
1619609831855 -0.249535 0.200000 0.000000
1619609831955 -0.249535 0.200000 0.000000
1619609832057 -0.249535 0.200000 0.000000
1619609832157 -0.249535 0.200000 0.000000
1619609832258 -0.249535 0.200000 0.000000
1619609832359 -0.249535 0.200000 0.000000
1619609832460 -0.249535 0.200000 0.000000
1619609832561 -0.249535 0.200000 0.000000
1619609832662 -0.249535 0.200000 0.000000
1619609832763 -0.249535 0.200000 0.000000
1619609832863 -0.249535 0.200000 0.000000
1619609832964 -0.249535 0.200000 0.000000
1619609833065 -0.249535 0.200000 0.000000
1619609833166 -0.249535 0.200000 0.000000
1619609833267 -0.249535 0.200000 0.000000
1619609833368 -0.249535 0.200000 0.000000
1619609833468 -0.249535 0.200000 0.000000
1619609833569 -0.249535 0.200000 0.000000
1619609833670 -0.249535 0.200000 0.000000
1619609833771 -0.249535 0.200000 0.000000
1619609833872 -0.249535 0.200000 0.000000
1619609833973 -0.249535 0.200000 0.000000
1619609834074 -0.249535 0.200000 0.000000
1619609834174 -0.249535 0.200000 0.000000
1619609834275 -0.249535 0.200000 0.000000
1619609834376 -0.249535 0.200000 0.000000
1619609834477 -0.249535 0.200000 0.000000
1619609834578 -0.249535 0.200000 0.000000
1619609834679 -0.249535 0.200000 0.000000
1619609834779 -0.249535 0.200000 0.000000
1619609834880 -0.249535 0.200000 0.000000
1619609834981 -0.249535 0.200000 0.000000
1619609835082 -0.249535 0.200000 0.000000
1619609835183 -0.249535 0.200000 0.000000
1619609835284 -0.249535 0.200000 0.000000
1619609835384 -0.249535 0.200000 0.000000
1619609835485 -0.249535 0.200000 0.000000
1619609835586 -0.249535 0.200000 0.000000
1619609835687 -0.249535 0.200000 0.000000
1619609835788 -0.249535 0.200000 0.000000
1619609835889 -0.249535 0.200000 0.000000
1619609835989 -0.249535 0.200000 0.000000
1619609836090 -0.249535 0.200000 0.000000
1619609836191 -0.249535 0.200000 0.000000
1619609836292 -0.249535 0.200000 0.000000
1619609836393 -0.249535 0.200000 0.000000
1619609836493 -0.249535 0.200000 0.000000
1619609836594 -0.249535 0.200000 0.000000
1619609836695 -0.249535 0.200000 0.000000
1619609836797 -0.249535 0.200000 0.000000
1619609836897 -0.249535 0.200000 0.000000
1619609836998 -0.249535 0.200000 0.000000
1619609837099 -0.249535 0.200000 0.000000
1619609837200 -0.249535 0.200000 0.000000
1619609837305 -0.249535 0.200000 0.000000
1619609837405 -0.249535 0.200000 0.000000
1619609837507 -0.249535 0.200000 0.000000
1619609837608 -0.249535 0.200000 0.000000
1619609837710 -0.249535 0.200000 0.000000
1619609837811 -0.249535 0.200000 0.000000
1619609837912 -0.249535 0.200000 0.000000
1619609838016 -0.249535 0.200000 0.000000
1619609838117 -0.249535 0.200000 0.000000
1619609838218 -0.249535 0.200000 0.000000
1619609838319 -0.249535 0.200000 0.000000
1619609838420 -0.249535 0.200000 0.000000
1619609838521 -0.249535 0.200000 0.000000
1619609838622 -0.249535 0.200000 0.000000
1619609838723 -0.249535 0.200000 0.000000
1619609838823 -0.249535 0.200000 0.000000
1619609838924 -0.249535 0.200000 0.000000
1619609839025 -0.249535 0.200000 0.000000
1619609839126 -0.249535 0.200000 0.000000
1619609839227 -0.249535 0.200000 0.000000
1619609839328 -0.249535 0.200000 0.000000
1619609839428 -0.249535 0.200000 0.000000
1619609839529 -0.249535 0.200000 0.000000
1619609839630 -0.249535 0.200000 0.000000
1619609839731 -0.249535 0.200000 0.000000
1619609839832 -0.249535 0.200000 0.000000
1619609839932 -0.249535 0.200000 0.000000
1619609840033 -0.249535 0.200000 0.000000
1619609840134 -0.249535 0.200000 0.000000
1619609840235 -0.249535 0.200000 0.000000
1619609840336 -0.249535 0.200000 0.000000
1619609840437 -0.249535 0.200000 0.000000
1619609840538 -0.249535 0.200000 0.000000
1619609840639 -0.249535 0.200000 0.000000
1619609840740 -0.249535 0.200000 0.000000
1619609840840 -0.249535 0.200000 0.000000
1619609840941 -0.249535 0.200000 0.000000
1619609841042 -0.249535 0.200000 0.000000
1619609841143 -0.249535 0.200000 0.000000
1619609841244 -0.249535 0.200000 0.000000
1619609841345 -0.249535 0.200000 0.000000
1619609841446 -0.249535 0.200000 0.000000
1619609841546 -0.249535 0.200000 0.000000
1619609841647 -0.249535 0.200000 0.000000
1619609841748 -0.249535 0.200000 0.000000
1619609841849 -0.249535 0.200000 0.000000
1619609841950 -0.249535 0.200000 0.000000
1619609842050 -0.249535 0.200000 0.000000
1619609842151 -0.249535 0.200000 0.000000
1619609842252 -0.249535 0.200000 0.000000
1619609842353 -0.249535 0.200000 0.000000
1619609842454 -0.249535 0.200000 0.000000
1619609842555 -0.249535 0.200000 0.000000
1619609842656 -0.249535 0.200000 0.000000
1619609842757 -0.249535 0.200000 0.000000
1619609842858 -0.249535 0.200000 0.000000
1619609842959 -0.249535 0.200000 0.000000
1619609843060 -0.249535 0.200000 0.000000
1619609843161 -0.249535 0.200000 0.000000
1619609843262 -0.249535 0.200000 0.000000
1619609843363 -0.249535 0.200000 0.000000
1619609843464 -0.249535 0.200000 0.000000
1619609843565 -0.249535 0.200000 0.000000
1619609843665 -0.249535 0.200000 0.000000
1619609843766 -0.249535 0.200000 0.000000
1619609843867 -0.249535 0.200000 0.000000
1619609843968 -0.249535 0.200000 0.000000
1619609844069 -0.249535 0.200000 0.000000
1619609844170 -0.249535 0.200000 0.000000
1619609844271 -0.249535 0.200000 0.000000
1619609844372 -0.249535 0.200000 0.000000
1619609844472 -0.249535 0.200000 0.000000
1619609844573 -0.249535 0.200000 0.000000
1619609844674 -0.249535 0.200000 0.000000
1619609844775 -0.249535 0.200000 0.000000
1619609844876 -0.249535 0.200000 0.000000
1619609844977 -0.249535 0.200000 0.000000
1619609845078 -0.249535 0.200000 0.000000
1619609845178 -0.249535 0.200000 0.000000
1619609845279 -0.249535 0.200000 0.000000
1619609845380 -0.249535 0.200000 0.000000
1619609845481 -0.249535 0.200000 0.000000
1619609845582 -0.249535 0.200000 0.000000
1619609845683 -0.249535 0.200000 0.000000
1619609845784 -0.249535 0.200000 0.000000
1619609845885 -0.249535 0.200000 0.000000
1619609845986 -0.249535 0.200000 0.000000
1619609846086 -0.249535 0.200000 0.000000
1619609846187 -0.249535 0.200000 0.000000
1619609846288 -0.249535 0.200000 0.000000
1619609846389 -0.249535 0.200000 0.000000
1619609846490 -0.249535 0.200000 0.000000
1619609846591 -0.249535 0.200000 0.000000
1619609846692 -0.249535 0.200000 0.000000
1619609846792 -0.249535 0.200000 0.000000
1619609846893 -0.249535 0.200000 0.000000
1619609846994 -0.249535 0.200000 0.000000
1619609847095 -0.249535 0.200000 0.000000
1619609847196 -0.249535 0.200000 0.000000
1619609847297 -0.249535 0.200000 0.000000
1619609847397 -0.249535 0.200000 0.000000
1619609847498 -0.249535 0.200000 0.000000
1619609847599 -0.249535 0.200000 0.000000
1619609847700 -0.249535 0.200000 0.000000
1619609847801 -0.249535 0.200000 0.000000
1619609847901 -0.249535 0.200000 0.000000
1619609848002 -0.249535 0.200000 0.000000
1619609848103 -0.249535 0.200000 0.000000
1619609848204 -0.249535 0.200000 0.000000
1619609848305 -0.249535 0.200000 0.000000
1619609848405 -0.249535 0.200000 0.000000
1619609848506 -0.249535 0.200000 0.000000
1619609848607 -0.249535 0.200000 0.000000
1619609848708 -0.249535 0.200000 0.000000
1619609848809 -0.249535 0.200000 0.000000
1619609848909 -0.249535 0.200000 0.000000
1619609849010 -0.249535 0.200000 0.000000
1619609849111 -0.249535 0.200000 0.000000
1619609849212 -0.249535 0.200000 0.000000
1619609849313 -0.249535 0.200000 0.000000
1619609849413 -0.249535 0.200000 0.000000
1619609849514 -0.249535 0.200000 0.000000
1619609849615 -0.249535 0.200000 0.000000
1619609849717 -0.249535 0.200000 0.000000
1619609849817 -0.249535 0.200000 0.000000
1619609849918 -0.249535 0.200000 0.000000
1619609850019 -0.249535 0.200000 0.000000
1619609850120 -0.249535 0.200000 0.000000
1619609850221 -0.249535 0.200000 0.000000
1619609850322 -0.249535 0.200000 0.000000
1619609850423 -0.249535 0.200000 0.000000
1619609850523 -0.249535 0.200000 0.000000
1619609850624 -0.249535 0.200000 0.000000
1619609850725 -0.249535 0.200000 0.000000
1619609850826 -0.249535 0.200000 0.000000
1619609850927 -0.249535 0.200000 0.000000
1619609851027 -0.249535 0.200000 0.000000
1619609851128 -0.249535 0.200000 0.000000
1619609851229 -0.249535 0.200000 0.000000
1619609851330 -0.249535 0.200000 0.000000
1619609851431 -0.249535 0.200000 0.000000
1619609851532 -0.249535 0.200000 0.000000
1619609851633 -0.249535 0.200000 0.000000
1619609851734 -0.249535 0.200000 0.000000
1619609851835 -0.249535 0.200000 0.000000
1619609851936 -0.249535 0.200000 0.000000
1619609852036 -0.249535 0.200000 0.000000
1619609852137 -0.249535 0.200000 0.000000
1619609852238 -0.249535 0.200000 0.000000
1619609852339 -0.249535 0.200000 0.000000
