1619609821455,0.204,0,0,0,0,-0.329
1619609821475,0.19,0,0,0,0,-0.31
1619609821495,0.193,0,0,0,0,-0.32
1619609821514,0.197,0,0,0,0,-0.327
1619609821535,0.197,0,0,0,0,-0.344
1619609821554,0.197,0,0,0,0,-0.344
1619609821585,0.2,0,0,0,0,-0.344
1619609821595,0.207,0,0,0,0,-0.352
1619609821615,0.207,0,0,0,0,-0.352
1619609821634,0.183,0,0,0,0,-0.366
1619609821655,0.197,0,0,0,0,-0.354
1619609821685,0.193,0,0,0,0,-0.347
1619609821695,0.197,0,0,0,0,-0.332
1619609821715,0.197,0,0,0,0,-0.332
1619609821735,0.193,0,0,0,0,-0.343
1619609821754,0.204,0,0,0,0,-0.323
1619609821775,0.19,0,0,0,0,-0.33
1619609821795,0.193,0,0,0,0,-0.34
1619609821815,0.19,0,0,0,0,-0.333
1619609821835,0.19,0,0,0,0,-0.333
1619609821854,0.2,0,0,0,0,-0.33
1619609821876,0.197,0,0,0,0,-0.326
1619609821894,0.197,0,0,0,0,-0.349
1619609821915,0.2,0,0,0,0,-0.342
1619609821935,0.19,0,0,0,0,-0.335
1619609821954,0.193,0,0,0,0,-0.332
1619609821975,0.2,0,0,0,0,-0.334
1619609821995,0.19,0,0,0,0,-0.33
1619609822015,0.2,0,0,0,0,-0.338
1619609822035,0.2,0,0,0,0,-0.346
1619609822054,0.2,0,0,0,0,-0.331
1619609822075,0.197,0,0,0,0,-0.338
1619609822095,0.197,0,0,0,0,-0.338
1619609822115,0.193,0,0,0,0,-0.335
1619609822135,0.197,0,0,0,0,-0.325
1619609822155,0.197,0,0,0,0,-0.325
1619609822176,0.193,0,0,0,0,-0.332
1619609822195,0.197,0,0,0,0,-0.355
1619609822215,0.193,0,0,0,0,-0.342
1619609822234,0.204,0,0,0,0,-0.337
1619609822254,0.2,0,0,0,0,-0.321
1619609822277,0.193,0,0,0,0,-0.304
1619609822295,0.2,0,0,0,0,-0.329
1619609822315,0.187,0,0,0,0,-0.358
1619609822335,0.2,0,0,0,0,-0.357
1619609822355,0.197,0,0,0,0,-0.331
1619609822375,0.197,0,0,0,0,-0.331
1619609822395,0.193,0,0,0,0,-0.329
1619609822415,0.2,0,0,0,0,-0.365
1619609822435,0.193,0,0,0,0,-0.381
1619609822455,0.2,0,0,0,0,-0.391
1619609822476,0.183,0,0,0,0,-0.383
1619609822495,0.197,0,0,0,0,-0.392
1619609822515,0.2,0,0,0,0,-0.361
1619609822535,0.19,0,0,0,0,-0.357
1619609822555,0.197,0,0,0,0,-0.377
1619609822574,0.197,0,0,0,0,-0.385
1619609822595,0.2,0,0,0,0,-0.379
1619609822615,0.187,0,0,0,0,-0.36
1619609822635,0.197,0,0,0,0,-0.378
1619609822654,0.187,0,0,0,0,-0.374
1619609822674,0.187,0,0,0,0,-0.374
1619609822695,0.2,0,0,0,0,-0.357
1619609822715,0.2,0,0,0,0,-0.342
1619609822735,0.19,0,0,0,0,-0.33
1619609822755,0.204,0,0,0,0,-0.326
1619609822775,0.193,0,0,0,0,-0.319
1619609822795,0.2,0,0,0,0,-0.332
1619609822815,0.193,0,0,0,0,-0.34
1619609822834,0.19,0,0,0,0,-0.325
1619609822855,0.2,0,0,0,0,-0.31
1619609822874,0.207,0,0,0,0,-0.306
1619609822895,0.187,0,0,0,0,-0.33
1619609822915,0.2,0,0,0,0,-0.332
1619609822935,0.204,0,0,0,0,-0.339
1619609822955,0.204,0,0,0,0,-0.339
1619609822975,0.197,0,0,0,0,-0.334
1619609822995,0.193,0,0,0,0,-0.331
1619609823015,0.197,0,0,0,0,-0.339
1619609823035,0.197,0,0,0,0,-0.339
1619609823055,0.197,0,0,0,0,-0.338
1619609823075,0.193,0,0,0,0,-0.337
1619609823095,0.2,0,0,0,0,-0.338
1619609823115,0.19,0,0,0,0,-0.349
1619609823135,0.2,0,0,0,0,-0.336
1619609823155,0.187,0,0,0,0,-0.325
1619609823175,0.204,0,0,0,0,-0.334
1619609823195,0.204,0,0,0,0,-0.334
1619609823215,0.197,0,0,0,0,-0.356
1619609823235,0.197,0,0,0,0,-0.377
1619609823255,0.19,0,0,0,0,-0.369
1619609823275,0.2,0,0,0,0,-0.366
1619609823295,0.19,0,0,0,0,-0.363
1619609823315,0.2,0,0,0,0,-0.358
1619609823334,0.197,0,0,0,0,-0.34
1619609823355,0.193,0,0,0,0,-0.344
1619609823374,0.197,0,0,0,0,-0.35
1619609823395,0.2,0,0,0,0,-0.355
1619609823414,0.197,0,0,0,0,-0.353
1619609823435,0.197,0,0,0,0,-0.341
1619609823455,0.197,0,0,0,0,-0.341
1619609823475,0.19,0,0,0,0,-0.35
1619609823495,0.197,0,0,0,0,-0.316
1619609823515,0.19,0,0,0,0,-0.349
1619609823535,0.197,0,0,0,0,-0.376
1619609823555,0.2,0,0,0,0,-0.412
1619609823575,0.183,0,0,0,0,-0.387
1619609823595,0.197,0,0,0,0,-0.378
1619609823614,0.2,0,0,0,0,-0.37
1619609823635,0.197,0,0,0,0,-0.359
1619609823655,0.19,0,0,0,0,-0.367
1619609823675,0.2,0,0,0,0,-0.384
1619609823695,0.2,0,0,0,0,-0.377
1619609823714,0.19,0,0,0,0,-0.353
1619609823735,0.193,0,0,0,0,-0.36
1619609823755,0.193,0,0,0,0,-0.36
1619609823775,0.197,0,0,0,0,-0.35
1619609823795,0.187,0,0,0,0,-0.347
1619609823815,0.2,0,0,0,0,-0.359
1619609823835,0.2,0,0,0,0,-0.381
1619609823855,0.204,0,0,0,0,-0.38
1619609823874,0.19,0,0,0,0,-0.376
1619609823895,0.2,0,0,0,0,-0.369
1619609823914,0.197,0,0,0,0,-0.371
1619609823935,0.193,0,0,0,0,-0.347
1619609823955,0.204,0,0,0,0,-0.323
1619609823975,0.193,0,0,0,0,-0.336
1619609823995,0.193,0,0,0,0,-0.336
1619609824015,0.204,0,0,0,0,-0.332
1619609824035,0.204,0,0,0,0,-0.349
1619609824054,0.193,0,0,0,0,-0.339
1619609824075,0.197,0,0,0,0,-0.362
1619609824096,0.197,0,0,0,0,-0.347
1619609824115,0.197,0,0,0,0,-0.339
1619609824135,0.19,0,0,0,0,-0.332
1619609824155,0.19,0,0,0,0,-0.295
1619609824174,0.2,0,0,0,0,-0.311
1619609824195,0.2,0,0,0,0,-0.278
1619609824215,0.2,0,0,0,0,-0.299
1619609824235,0.2,0,0,0,0,-0.325
1619609824255,0.2,0,0,0,0,-0.325
1619609824274,0.2,0,0,0,0,-0.328
1619609824295,0.19,0,0,0,0,-0.326
1619609824314,0.204,0,0,0,0,-0.32
1619609824335,0.197,0,0,0,0,-0.327
1619609824354,0.2,0,0,0,0,-0.323
1619609824374,0.19,0,0,0,0,-0.326
1619609824396,0.197,0,0,0,0,-0.308
1619609824415,0.187,0,0,0,0,-0.316
1619609824435,0.2,0,0,0,0,-0.329
1619609824454,0.197,0,0,0,0,-0.336
1619609824474,0.2,0,0,0,0,-0.331
1619609824496,0.197,0,0,0,0,-0.323
1619609824514,0.19,0,0,0,0,-0.317
1619609824535,0.19,0,0,0,0,-0.317
1619609824555,0.2,0,0,0,0,-0.29
1619609824574,0.197,0,0,0,0,-0.301
1619609824595,0.193,0,0,0,0,-0.337
1619609824614,0.204,0,0,0,0,-0.362
1619609824635,0.2,0,0,0,0,-0.355
1619609824655,0.197,0,0,0,0,-0.346
1619609824674,0.187,0,0,0,0,-0.367
1619609824695,0.197,0,0,0,0,-0.373
1619609824715,0.197,0,0,0,0,-0.362
1619609824735,0.2,0,0,0,0,-0.374
1619609824755,0.197,0,0,0,0,-0.352
1619609824774,0.207,0,0,0,0,-0.323
1619609824795,0.207,0,0,0,0,-0.323
1619609824816,0.187,0,0,0,0,-0.31
1619609824835,0.187,0,0,0,0,-0.31
1619609824854,0.2,0,0,0,0,-0.296
1619609824875,0.19,0,0,0,0,-0.276
1619609824895,0.19,0,0,0,0,-0.316
1619609824915,0.207,0,0,0,0,-0.343
1619609824935,0.183,0,0,0,0,-0.338
1619609824955,0.2,0,0,0,0,-0.339
1619609824975,0.19,0,0,0,0,-0.354
1619609824995,0.197,0,0,0,0,-0.366
1619609825014,0.197,0,0,0,0,-0.342
1619609825034,0.193,0,0,0,0,-0.369
1619609825055,0.193,0,0,0,0,-0.369
1619609825075,0.2,0,0,0,0,-0.376
1619609825095,0.183,0,0,0,0,-0.354
1619609825115,0.2,0,0,0,0,-0.318
1619609825135,0.2,0,0,0,0,-0.324
1619609825154,0.19,0,0,0,0,-0.343
1619609825174,0.204,0,0,0,0,-0.352
1619609825195,0.19,0,0,0,0,-0.363
1619609825215,0.204,0,0,0,0,-0.358
1619609825235,0.204,0,0,0,0,-0.354
1619609825255,0.2,0,0,0,0,-0.344
1619609825274,0.193,0,0,0,0,-0.347
1619609825295,0.2,0,0,0,0,-0.328
1619609825314,0.2,0,0,0,0,-0.328
1619609825335,0.19,0,0,0,0,-0.336
1619609825355,0.197,0,0,0,0,-0.359
1619609825375,0.204,0,0,0,0,-0.357
1619609825395,0.197,0,0,0,0,-0.361
1619609825415,0.19,0,0,0,0,-0.343
1619609825435,0.2,0,0,0,0,-0.337
1619609825455,0.19,0,0,0,0,-0.332
1619609825475,0.2,0,0,0,0,-0.342
1619609825495,0.197,0,0,0,0,-0.356
1619609825515,0.187,0,0,0,0,-0.335
1619609825535,0.197,0,0,0,0,-0.33
1619609825555,0.193,0,0,0,0,-0.339
1619609825575,0.204,0,0,0,0,-0.338
1619609825595,0.19,0,0,0,0,-0.319
1619609825615,0.19,0,0,0,0,-0.319
1619609825635,0.19,0,0,0,0,-0.327
1619609825655,0.197,0,0,0,0,-0.35
1619609825674,0.197,0,0,0,0,-0.345
1619609825695,0.19,0,0,0,0,-0.341
1619609825715,0.2,0,0,0,0,-0.344
1619609825735,0.204,0,0,0,0,-0.34
1619609825755,0.19,0,0,0,0,-0.338
1619609825775,0.197,0,0,0,0,-0.35
1619609825794,0.197,0,0,0,0,-0.354
1619609825814,0.193,0,0,0,0,-0.345
1619609825835,0.193,0,0,0,0,-0.345
1619609825855,0.19,0,0,0,0,-0.355
1619609825875,0.207,0,0,0,0,-0.346
1619609825895,0.207,0,0,0,0,-0.346
1619609825915,0.183,0,0,0,0,-0.334
1619609825935,0.197,0,0,0,0,-0.331
1619609825955,0.2,0,0,0,0,-0.352
1619609825975,0.193,0,0,0,0,-0.327
1619609825995,0.197,0,0,0,0,-0.331
1619609826015,0.193,0,0,0,0,-0.346
1619609826034,0.197,0,0,0,0,-0.362
1619609826055,0.193,0,0,0,0,-0.384
1619609826075,0.19,0,0,0,0,-0.378
1619609826094,0.2,0,0,0,0,-0.391
1619609826115,0.2,0,0,0,0,-0.383
1619609826135,0.197,0,0,0,0,-0.385
1619609826154,0.197,0,0,0,0,-0.385
1619609826175,0.193,0,0,0,0,-0.388
1619609826195,0.197,0,0,0,0,-0.403
1619609826215,0.19,0,0,0,0,-0.392
1619609826235,0.2,0,0,0,0,-0.386
1619609826254,0.197,0,0,0,0,-0.383
1619609826275,0.193,0,0,0,0,-0.368
1619609826295,0.19,0,0,0,0,-0.356
1619609826315,0.2,0,0,0,0,-0.353
1619609826335,0.193,0,0,0,0,-0.351
1619609826355,0.2,0,0,0,0,-0.347
1619609826375,0.193,0,0,0,0,-0.332
1619609826394,0.207,0,0,0,0,-0.298
1619609826416,0.197,0,0,0,0,-0.29
1619609826435,0.204,0,0,0,0,-0.291
1619609826455,0.204,0,0,0,0,-0.291
1619609826475,0.187,0,0,0,0,-0.31
1619609826495,0.2,0,0,0,0,-0.303
1619609826515,0.2,0,0,0,0,-0.283
1619609826535,0.2,0,0,0,0,-0.288
1619609826555,0.2,0,0,0,0,-0.295
1619609826575,0.187,0,0,0,0,-0.319
1619609826595,0.204,0,0,0,0,-0.331
1619609826615,0.19,0,0,0,0,-0.361
1619609826634,0.197,0,0,0,0,-0.329
1619609826655,0.193,0,0,0,0,-0.346
1619609826675,0.197,0,0,0,0,-0.338
1619609826695,0.19,0,0,0,0,-0.332
1619609826717,0.2,0,0,0,0,-0.331
1619609826735,0.207,0,0,0,0,-0.332
1619609826755,0.207,0,0,0,0,-0.332
1619609826775,0.19,0,0,0,0,-0.307
1619609826794,0.187,0,0,0,0,-0.252
1619609826817,0.197,0,0,0,0,-0.252
1619609826835,0.19,0,0,0,0,-0.295
1619609826855,0.19,0,0,0,0,-0.352
1619609826875,0.204,0,0,0,0,-0.388
1619609826895,0.187,0,0,0,0,-0.364
1619609826915,0.197,0,0,0,0,-0.377
1619609826935,0.197,0,0,0,0,-0.375
1619609826955,0.197,0,0,0,0,-0.386
1619609826974,0.204,0,0,0,0,-0.375
1619609826995,0.193,0,0,0,0,-0.345
1619609827015,0.193,0,0,0,0,-0.345
1619609827035,0.197,0,0,0,0,-0.334
1619609827055,0.19,0,0,0,0,-0.349
1619609827075,0.2,0,0,0,0,-0.363
1619609827095,0.193,0,0,0,0,-0.367
1619609827115,0.19,0,0,0,0,-0.354
1619609827135,0.2,0,0,0,0,-0.337
1619609827155,0.2,0,0,0,0,-0.333
1619609827174,0.2,0,0,0,0,-0.317
1619609827195,0.193,0,0,0,0,-0.324
1619609827215,0.197,0,0,0,0,-0.345
1619609827235,0.2,0,0,0,0,-0.343
1619609827255,0.197,0,0,0,0,-0.349
1619609827274,0.197,0,0,0,0,-0.349
1619609827294,0.197,0,0,0,0,-0.355
1619609827315,0.193,0,0,0,0,-0.373
1619609827335,0.19,0,0,0,0,-0.363
1619609827355,0.193,0,0,0,0,-0.332
1619609827374,0.193,0,0,0,0,-0.331
1619609827394,0.2,0,0,0,0,-0.336
1619609827414,0.187,0,0,0,0,-0.338
1619609827435,0.197,0,0,0,0,-0.311
1619609827455,0.19,0,0,0,0,-0.328
1619609827474,0.197,0,0,0,0,-0.351
1619609827495,0.2,0,0,0,0,-0.339
1619609827514,0.2,0,0,0,0,-0.337
1619609827535,0.2,0,0,0,0,-0.337
1619609827555,0.19,0,0,0,0,-0.356
1619609827575,0.193,0,0,0,0,-0.352
1619609827594,0.193,0,0,0,0,-0.354
1619609827614,0.2,0,0,0,0,-0.36
1619609827634,0.19,0,0,0,0,-0.345
1619609827654,0.204,0,0,0,0,-0.332
1619609827674,0.2,0,0,0,0,-0.34
1619609827695,0.19,0,0,0,0,-0.351
1619609827714,0.193,0,0,0,0,-0.36
1619609827735,0.197,0,0,0,0,-0.372
1619609827755,0.2,0,0,0,0,-0.362
1619609827774,0.19,0,0,0,0,-0.366
1619609827795,0.2,0,0,0,0,-0.352
1619609827815,0.2,0,0,0,0,-0.351
1619609827835,0.2,0,0,0,0,-0.351
1619609827855,0.187,0,0,0,0,-0.347
1619609827875,0.2,0,0,0,0,-0.323
1619609827894,0.2,0,0,0,0,-0.294
1619609827914,0.193,0,0,0,0,-0.306
1619609827935,0.197,0,0,0,0,-0.338
1619609827955,0.19,0,0,0,0,-0.329
1619609827974,0.211,0,0,0,0,-0.355
1619609827995,0.187,0,0,0,0,-0.378
1619609828014,0.187,0,0,0,0,-0.399
1619609828035,0.2,0,0,0,0,-0.383
1619609828055,0.197,0,0,0,0,-0.377
1619609828075,0.204,0,0,0,0,-0.371
1619609828094,0.193,0,0,0,0,-0.361
1619609828114,0.193,0,0,0,0,-0.361
1619609828135,0.187,0,0,0,0,-0.366
1619609828155,0.204,0,0,0,0,-0.372
1619609828175,0.197,0,0,0,0,-0.348
1619609828195,0.2,0,0,0,0,-0.363
1619609828214,0.19,0,0,0,0,-0.346
1619609828235,0.204,0,0,0,0,-0.335
1619609828254,0.187,0,0,0,0,-0.333
1619609828274,0.197,0,0,0,0,-0.33
1619609828295,0.19,0,0,0,0,-0.342
1619609828315,0.2,0,0,0,0,-0.336
1619609828335,0.19,0,0,0,0,-0.346
1619609828355,0.2,0,0,0,0,-0.366
1619609828375,0.2,0,0,0,0,-0.366
1619609828395,0.197,0,0,0,0,-0.347
1619609828415,0.193,0,0,0,0,-0.337
1619609828445,0.197,0,0,0,0,-0.35
1619609828455,0.193,0,0,0,0,-0.353
1619609828474,0.193,0,0,0,0,-0.353
1619609828494,0.197,0,0,0,0,-0.342
1619609828515,0.197,0,0,0,0,-0.348
1619609828535,0.19,0,0,0,0,-0.348
1619609828555,0.2,0,0,0,0,-0.346
1619609828574,0.204,0,0,0,0,-0.351
1619609828595,0.197,0,0,0,0,-0.345
1619609828614,0.19,0,0,0,0,-0.35
1619609828635,0.2,0,0,0,0,-0.349
1619609828655,0.2,0,0,0,0,-0.349
1619609828674,0.197,0,0,0,0,-0.369
1619609828695,0.197,0,0,0,0,-0.368
1619609828714,0.19,0,0,0,0,-0.377
1619609828736,0.197,0,0,0,0,-0.38
1619609828754,0.2,0,0,0,0,-0.379
1619609828775,0.193,0,0,0,0,-0.34
1619609828795,0.2,0,0,0,0,-0.329
1619609828815,0.193,0,0,0,0,-0.317
1619609828835,0.204,0,0,0,0,-0.225
1619609828855,0.204,0,0,0,0,-0.141
1619609828875,0.19,0,0,0,0,-0.137
1619609828895,0.2,0,0,0,0,-0.18
1619609828915,0.193,0,0,0,0,-0.17
1619609828935,0.193,0,0,0,0,-0.222
1619609828955,0.204,0,0,0,0,-0.279
1619609828975,0.204,0,0,0,0,-0.279
1619609828995,0.187,0,0,0,0,-0.341
1619609829015,0.19,0,0,0,0,-0.403
1619609829037,0.19,0,0,0,0,-0.458
1619609829055,0.197,0,0,0,0,-0.476
1619609829075,0.197,0,0,0,0,-0.466
1619609829095,0.193,0,0,0,0,-0.466
1619609829114,0.193,0,0,0,0,-0.46
1619609829135,0.197,0,0,0,0,-0.445
1619609829155,0.197,0,0,0,0,-0.417
1619609829175,0.2,0,0,0,0,-0.421
1619609829195,0.197,0,0,0,0,-0.401
1619609829215,0.197,0,0,0,0,-0.372
1619609829235,0.197,0,0,0,0,-0.372
1619609829255,0.19,0,0,0,0,-0.371
1619609829275,0.197,0,0,0,0,-0.346
1619609829295,0.2,0,0,0,0,-0.345
1619609829315,0.197,0,0,0,0,-0.316
1619609829335,0.19,0,0,0,0,-0.338
1619609829355,0.2,0,0,0,0,-0.35
1619609829375,0.187,0,0,0,0,-0.352
1619609829395,0.2,0,0,0,0,-0.355
1619609829415,0.19,0,0,0,0,-0.359
1619609829435,0.2,0,0,0,0,-0.36
1619609829455,0.197,0,0,0,0,-0.366
1619609829475,0.2,0,0,0,0,-0.362
1619609829495,0.2,0,0,0,0,-0.362
1619609829515,0.19,0,0,0,0,-0.35
1619609829535,0.193,0,0,0,0,-0.351
1619609829555,0.2,0,0,0,0,-0.351
1619609829574,0.2,0,0,0,0,-0.35
1619609829595,0.19,0,0,0,0,-0.339
1619609829614,0.197,0,0,0,0,-0.338
1619609829635,0.19,0,0,0,0,-0.321
1619609829655,0.193,0,0,0,0,-0.312
1619609829675,0.19,0,0,0,0,-0.313
1619609829695,0.193,0,0,0,0,-0.33
1619609829715,0.193,0,0,0,0,-0.339
1619609829734,0.204,0,0,0,0,-0.336
1619609829755,0.204,0,0,0,0,-0.32
1619609829774,0.204,0,0,0,0,-0.32
1619609829795,0.19,0,0,0,0,-0.348
1619609829814,0.19,0,0,0,0,-0.358
1619609829835,0.197,0,0,0,0,-0.351
1619609829855,0.204,0,0,0,0,-0.336
1619609829875,0.193,0,0,0,0,-0.293
1619609829895,0.193,0,0,0,0,-0.307
1619609829915,0.204,0,0,0,0,-0.266
1619609829935,0.19,0,0,0,0,-0.259
1619609829955,0.204,0,0,0,0,-0.259
1619609829975,0.2,0,0,0,0,-0.313
1619609829995,0.19,0,0,0,0,-0.377
1619609830014,0.2,0,0,0,0,-0.385
1619609830034,0.2,0,0,0,0,-0.377
1619609830055,0.2,0,0,0,0,-0.383
1619609830075,0.2,0,0,0,0,-0.383
1619609830095,0.187,0,0,0,0,-0.392
1619609830115,0.19,0,0,0,0,-0.392
1619609830135,0.2,0,0,0,0,-0.365
1619609830155,0.2,0,0,0,0,-0.365
1619609830175,0.197,0,0,0,0,-0.355
1619609830194,0.193,0,0,0,0,-0.342
1619609830214,0.19,0,0,0,0,-0.355
1619609830234,0.197,0,0,0,0,-0.378
1619609830256,0.2,0,0,0,0,-0.388
1619609830275,0.187,0,0,0,0,-0.373
1619609830295,0.197,0,0,0,0,-0.344
1619609830315,0.193,0,0,0,0,-0.308
1619609830334,0.193,0,0,0,0,-0.308
1619609830355,0.19,0,0,0,0,-0.281
1619609830375,0.2,0,0,0,0,-0.241
1619609830395,0.19,0,0,0,0,-0.253
1619609830414,0.2,0,0,0,0,-0.228
1619609830434,0.19,0,0,0,0,-0.243
1619609830455,0.2,0,0,0,0,-0.326
1619609830475,0.2,0,0,0,0,-0.355
1619609830495,0.197,0,0,0,0,-0.352
1619609830515,0.19,0,0,0,0,-0.371
1619609830535,0.2,0,0,0,0,-0.389
1619609830555,0.197,0,0,0,0,-0.42
1619609830574,0.204,0,0,0,0,-0.432
1619609830595,0.204,0,0,0,0,-0.432
1619609830614,0.187,0,0,0,0,-0.435
1619609830635,0.204,0,0,0,0,-0.425
1619609830655,0.2,0,0,0,0,-0.406
1619609830675,0.2,0,0,0,0,-0.397
1619609830695,0.197,0,0,0,0,-0.401
1619609830715,0.197,0,0,0,0,-0.391
1619609830735,0.207,0,0,0,0,-0.362
1619609830765,0.183,0,0,0,0,-0.384
1619609830775,0.193,0,0,0,0,-0.398
1619609830795,0.197,0,0,0,0,-0.411
1619609830815,0.19,0,0,0,0,-0.392
1619609830834,0.197,0,0,0,0,-0.357
1619609830865,0.197,0,0,0,0,-0.355
1619609830875,0.204,0,0,0,0,-0.352
1619609830895,0.204,0,0,0,0,-0.352
1619609830915,0.187,0,0,0,0,-0.326
1619609830935,0.187,0,0,0,0,-0.32
1619609830955,0.197,0,0,0,0,-0.333
1619609830975,0.197,0,0,0,0,-0.321
1619609830995,0.193,0,0,0,0,-0.3
1619609831015,0.2,0,0,0,0,-0.306
1619609831034,0.2,0,0,0,0,-0.308
1619609831055,0.19,0,0,0,0,-0.34
1619609831075,0.19,0,0,0,0,-0.342
1619609831095,0.204,0,0,0,0,-0.312
1619609831115,0.2,0,0,0,0,-0.287
1619609831135,0.197,0,0,0,0,-0.304
1619609831155,0.193,0,0,0,0,-0.325
1619609831175,0.197,0,0,0,0,-0.338
1619609831195,0.197,0,0,0,0,-0.338
1619609831215,0.207,0,0,0,0,-0.336
1619609831235,0.183,0,0,0,0,-0.329
1619609831255,0.2,0,0,0,0,-0.341
1619609831275,0.2,0,0,0,0,-0.346
1619609831295,0.19,0,0,0,0,-0.326
1619609831315,0.204,0,0,0,0,-0.344
1619609831334,0.2,0,0,0,0,-0.356
1619609831356,0.2,0,0,0,0,-0.35
1619609831375,0.19,0,0,0,0,-0.337
1619609831395,0.2,0,0,0,0,-0.317
1619609831415,0.2,0,0,0,0,-0.326
1619609831435,0.193,0,0,0,0,-0.337
1619609831457,0.193,0,0,0,0,-0.337
1619609831475,0.2,0,0,0,0,-0.365
1619609831495,0.19,0,0,0,0,-0.348
1619609831515,0.193,0,0,0,0,-0.337
1619609831534,0.193,0,0,0,0,-0.338
1619609831556,0.193,0,0,0,0,-0.339
1619609831575,0.2,0,0,0,0,-0.354
1619609831595,0.193,0,0,0,0,-0.38
1619609831615,0.197,0,0,0,0,-0.399
1619609831635,0.19,0,0,0,0,-0.381
1619609831655,0.197,0,0,0,0,-0.364
1619609831675,0.197,0,0,0,0,-0.359
1619609831694,0.193,0,0,0,0,-0.362
1619609831714,0.193,0,0,0,0,-0.362
1619609831735,0.197,0,0,0,0,-0.366
1619609831755,0.2,0,0,0,0,-0.362
1619609831775,0.197,0,0,0,0,-0.355
1619609831795,0.19,0,0,0,0,-0.337
1619609831814,0.197,0,0,0,0,-0.329
1619609831835,0.193,0,0,0,0,-0.324
1619609831855,0.197,0,0,0,0,-0.303
1619609831875,0.19,0,0,0,0,-0.336
1619609831895,0.204,0,0,0,0,-0.364
1619609831914,0.187,0,0,0,0,-0.327
1619609831935,0.197,0,0,0,0,-0.324
1619609831955,0.193,0,0,0,0,-0.32
1619609831975,0.2,0,0,0,0,-0.339
1619609831995,0.2,0,0,0,0,-0.349
1619609832015,0.2,0,0,0,0,-0.349
1619609832034,0.197,0,0,0,0,-0.357
1619609832055,0.204,0,0,0,0,-0.35
1619609832075,0.193,0,0,0,0,-0.365
1619609832095,0.197,0,0,0,0,-0.348
1619609832115,0.19,0,0,0,0,-0.352
1619609832135,0.2,0,0,0,0,-0.368
1619609832155,0.197,0,0,0,0,-0.355
1619609832175,0.19,0,0,0,0,-0.347
1619609832195,0.2,0,0,0,0,-0.352
1619609832215,0.197,0,0,0,0,-0.367
1619609832235,0.197,0,0,0,0,-0.353
1619609832255,0.197,0,0,0,0,-0.353
1619609832275,0.197,0,0,0,0,-0.351
1619609832295,0.197,0,0,0,0,-0.358
1619609832315,0.187,0,0,0,0,-0.36
1619609832335,0.2,0,0,0,0,-0.331
1619609832355,0.197,0,0,0,0,-0.332
1619609832375,0.19,0,0,0,0,-0.359
1619609832395,0.2,0,0,0,0,-0.352
1619609832415,0.193,0,0,0,0,-0.32
1619609832434,0.193,0,0,0,0,-0.29
1619609832455,0.2,0,0,0,0,-0.275
1619609832475,0.19,0,0,0,0,-0.273
1619609832495,0.193,0,0,0,0,-0.291
1619609832515,0.193,0,0,0,0,-0.291
1619609832534,0.197,0,0,0,0,-0.315
1619609832555,0.197,0,0,0,0,-0.361
1619609832575,0.193,0,0,0,0,-0.379
1619609832595,0.193,0,0,0,0,-0.343
1619609832615,0.2,0,0,0,0,-0.334
1619609832634,0.2,0,0,0,0,-0.326
1619609832655,0.193,0,0,0,0,-0.321
1619609832675,0.2,0,0,0,0,-0.359
1619609832695,0.183,0,0,0,0,-0.373
1619609832715,0.204,0,0,0,0,-0.372
1619609832735,0.197,0,0,0,0,-0.372
1619609832755,0.2,0,0,0,0,-0.361
1619609832775,0.2,0,0,0,0,-0.361
1619609832795,0.19,0,0,0,0,-0.374
1619609832815,0.197,0,0,0,0,-0.371
1619609832834,0.204,0,0,0,0,-0.365
1619609832854,0.19,0,0,0,0,-0.361
1619609832875,0.2,0,0,0,0,-0.372
1619609832895,0.197,0,0,0,0,-0.371
1619609832915,0.197,0,0,0,0,-0.366
1619609832935,0.2,0,0,0,0,-0.356
1619609832955,0.19,0,0,0,0,-0.35
1619609832975,0.2,0,0,0,0,-0.36
1619609832994,0.183,0,0,0,0,-0.363
1619609833015,0.197,0,0,0,0,-0.36
1619609833035,0.197,0,0,0,0,-0.343
1619609833055,0.193,0,0,0,0,-0.319
1619609833075,0.193,0,0,0,0,-0.319
1619609833095,0.2,0,0,0,0,-0.297
1619609833115,0.193,0,0,0,0,-0.306
1619609833135,0.207,0,0,0,0,-0.352
1619609833155,0.187,0,0,0,0,-0.349
1619609833175,0.197,0,0,0,0,-0.359
1619609833195,0.2,0,0,0,0,-0.375
1619609833214,0.197,0,0,0,0,-0.35
1619609833235,0.193,0,0,0,0,-0.347
1619609833255,0.2,0,0,0,0,-0.357
1619609833275,0.187,0,0,0,0,-0.372
1619609833295,0.19,0,0,0,0,-0.339
1619609833315,0.197,0,0,0,0,-0.333
1619609833334,0.197,0,0,0,0,-0.333
1619609833355,0.197,0,0,0,0,-0.328
1619609833375,0.2,0,0,0,0,-0.348
1619609833395,0.197,0,0,0,0,-0.363
1619609833415,0.193,0,0,0,0,-0.362
1619609833434,0.2,0,0,0,0,-0.375
1619609833455,0.2,0,0,0,0,-0.378
1619609833476,0.193,0,0,0,0,-0.376
1619609833495,0.193,0,0,0,0,-0.396
1619609833515,0.207,0,0,0,0,-0.377
1619609833534,0.197,0,0,0,0,-0.36
1619609833555,0.2,0,0,0,0,-0.366
1619609833575,0.197,0,0,0,0,-0.371
1619609833594,0.197,0,0,0,0,-0.371
1619609833615,0.2,0,0,0,0,-0.379
1619609833635,0.197,0,0,0,0,-0.366
1619609833655,0.197,0,0,0,0,-0.36
1619609833675,0.187,0,0,0,0,-0.368
1619609833694,0.197,0,0,0,0,-0.362
1619609833715,0.2,0,0,0,0,-0.364
1619609833735,0.19,0,0,0,0,-0.368
1619609833755,0.197,0,0,0,0,-0.373
1619609833775,0.197,0,0,0,0,-0.369
1619609833795,0.2,0,0,0,0,-0.363
1619609833815,0.187,0,0,0,0,-0.361
1619609833835,0.197,0,0,0,0,-0.353
1619609833855,0.193,0,0,0,0,-0.359
1619609833876,0.193,0,0,0,0,-0.359
1619609833895,0.197,0,0,0,0,-0.336
1619609833915,0.193,0,0,0,0,-0.312
1619609833934,0.193,0,0,0,0,-0.303
1619609833955,0.204,0,0,0,0,-0.334
1619609833975,0.187,0,0,0,0,-0.347
1619609833995,0.197,0,0,0,0,-0.369
1619609834015,0.193,0,0,0,0,-0.373
1619609834035,0.19,0,0,0,0,-0.375
1619609834055,0.204,0,0,0,0,-0.398
1619609834075,0.197,0,0,0,0,-0.372
1619609834095,0.204,0,0,0,0,-0.355
1619609834115,0.19,0,0,0,0,-0.362
1619609834134,0.193,0,0,0,0,-0.369
1619609834155,0.193,0,0,0,0,-0.369
1619609834175,0.197,0,0,0,0,-0.356
1619609834195,0.2,0,0,0,0,-0.352
1619609834215,0.197,0,0,0,0,-0.37
1619609834235,0.197,0,0,0,0,-0.375
1619609834255,0.2,0,0,0,0,-0.357
1619609834274,0.19,0,0,0,0,-0.343
1619609834294,0.204,0,0,0,0,-0.358
1619609834315,0.2,0,0,0,0,-0.346
1619609834335,0.197,0,0,0,0,-0.319
1619609834355,0.204,0,0,0,0,-0.293
1619609834375,0.193,0,0,0,0,-0.339
1619609834395,0.193,0,0,0,0,-0.361
1619609834415,0.2,0,0,0,0,-0.355
1619609834435,0.2,0,0,0,0,-0.355
1619609834454,0.2,0,0,0,0,-0.364
1619609834474,0.204,0,0,0,0,-0.351
1619609834495,0.19,0,0,0,0,-0.303
1619609834515,0.197,0,0,0,0,-0.291
1619609834535,0.19,0,0,0,0,-0.304
1619609834555,0.193,0,0,0,0,-0.313
1619609834574,0.193,0,0,0,0,-0.307
1619609834595,0.193,0,0,0,0,-0.303
1619609834615,0.2,0,0,0,0,-0.335
1619609834634,0.2,0,0,0,0,-0.337
1619609834654,0.197,0,0,0,0,-0.357
1619609834674,0.193,0,0,0,0,-0.371
1619609834695,0.193,0,0,0,0,-0.371
1619609834715,0.19,0,0,0,0,-0.373
1619609834734,0.204,0,0,0,0,-0.361
1619609834754,0.193,0,0,0,0,-0.351
1619609834774,0.19,0,0,0,0,-0.353
1619609834795,0.204,0,0,0,0,-0.343
1619609834815,0.197,0,0,0,0,-0.324
1619609834835,0.197,0,0,0,0,-0.32
1619609834854,0.197,0,0,0,0,-0.32
1619609834874,0.197,0,0,0,0,-0.351
1619609834895,0.2,0,0,0,0,-0.353
1619609834915,0.197,0,0,0,0,-0.355
1619609834935,0.2,0,0,0,0,-0.363
1619609834955,0.19,0,0,0,0,-0.376
1619609834975,0.19,0,0,0,0,-0.382
1619609834995,0.19,0,0,0,0,-0.382
1619609835015,0.197,0,0,0,0,-0.37
1619609835035,0.197,0,0,0,0,-0.383
1619609835054,0.193,0,0,0,0,-0.375
1619609835074,0.204,0,0,0,0,-0.37
1619609835095,0.2,0,0,0,0,-0.353
1619609835115,0.19,0,0,0,0,-0.355
1619609835135,0.2,0,0,0,0,-0.349
1619609835155,0.193,0,0,0,0,-0.31
1619609835175,0.197,0,0,0,0,-0.33
1619609835194,0.2,0,0,0,0,-0.317
1619609835215,0.204,0,0,0,0,-0.353
1619609835234,0.187,0,0,0,0,-0.357
1619609835254,0.187,0,0,0,0,-0.357
1619609835274,0.197,0,0,0,0,-0.357
1619609835295,0.197,0,0,0,0,-0.384
1619609835315,0.197,0,0,0,0,-0.383
1619609835334,0.197,0,0,0,0,-0.386
1619609835355,0.193,0,0,0,0,-0.387
1619609835375,0.197,0,0,0,0,-0.376
1619609835395,0.197,0,0,0,0,-0.34
1619609835415,0.19,0,0,0,0,-0.323
1619609835434,0.193,0,0,0,0,-0.314
1619609835455,0.193,0,0,0,0,-0.306
1619609835475,0.2,0,0,0,0,-0.333
1619609835495,0.19,0,0,0,0,-0.356
1619609835515,0.19,0,0,0,0,-0.356
1619609835535,0.2,0,0,0,0,-0.372
1619609835555,0.197,0,0,0,0,-0.362
1619609835574,0.193,0,0,0,0,-0.339
1619609835594,0.2,0,0,0,0,-0.341
1619609835615,0.197,0,0,0,0,-0.36
1619609835635,0.193,0,0,0,0,-0.365
1619609835655,0.2,0,0,0,0,-0.364
1619609835675,0.19,0,0,0,0,-0.353
1619609835705,0.197,0,0,0,0,-0.343
1619609835715,0.193,0,0,0,0,-0.341
1619609835735,0.2,0,0,0,0,-0.365
1619609835755,0.19,0,0,0,0,-0.381
1619609835775,0.19,0,0,0,0,-0.381
1619609835797,0.2,0,0,0,0,-0.348
1619609835815,0.197,0,0,0,0,-0.344
1619609835835,0.204,0,0,0,0,-0.363
1619609835854,0.2,0,0,0,0,-0.354
1619609835874,0.19,0,0,0,0,-0.362
1619609835896,0.204,0,0,0,0,-0.348
1619609835915,0.187,0,0,0,0,-0.33
1619609835934,0.197,0,0,0,0,-0.334
1619609835954,0.197,0,0,0,0,-0.313
1619609835975,0.2,0,0,0,0,-0.346
1619609835995,0.197,0,0,0,0,-0.326
1619609836015,0.193,0,0,0,0,-0.326
1619609836035,0.204,0,0,0,0,-0.312
1619609836055,0.19,0,0,0,0,-0.298
1619609836074,0.19,0,0,0,0,-0.298
1619609836095,0.2,0,0,0,0,-0.322
1619609836115,0.187,0,0,0,0,-0.326
1619609836135,0.204,0,0,0,0,-0.322
1619609836155,0.197,0,0,0,0,-0.344
1619609836175,0.197,0,0,0,0,-0.357
1619609836196,0.204,0,0,0,0,-0.365
1619609836215,0.19,0,0,0,0,-0.356
1619609836234,0.197,0,0,0,0,-0.362
1619609836255,0.197,0,0,0,0,-0.364
1619609836275,0.197,0,0,0,0,-0.375
1619609836297,0.193,0,0,0,0,-0.316
1619609836315,0.2,0,0,0,0,-0.19
1619609836334,0.19,0,0,0,0,-0.196
1619609836355,0.19,0,0,0,0,-0.268
1619609836375,0.19,0,0,0,0,-0.268
1619609836395,0.19,0,0,0,0,-0.35
1619609836415,0.2,0,0,0,0,-0.356
1619609836435,0.2,0,0,0,0,-0.332
1619609836455,0.19,0,0,0,0,-0.333
1619609836475,0.2,0,0,0,0,-0.383
1619609836495,0.197,0,0,0,0,-0.429
1619609836515,0.197,0,0,0,0,-0.422
1619609836535,0.193,0,0,0,0,-0.405
1619609836554,0.197,0,0,0,0,-0.431
1619609836574,0.197,0,0,0,0,-0.406
1619609836595,0.19,0,0,0,0,-0.407
1619609836615,0.197,0,0,0,0,-0.369
1619609836635,0.197,0,0,0,0,-0.369
1619609836655,0.19,0,0,0,0,-0.369
1619609836674,0.197,0,0,0,0,-0.373
1619609836694,0.197,0,0,0,0,-0.383
1619609836715,0.19,0,0,0,0,-0.384
1619609836734,0.204,0,0,0,0,-0.366
1619609836755,0.207,0,0,0,0,-0.35
1619609836774,0.187,0,0,0,0,-0.358
1619609836794,0.2,0,0,0,0,-0.372
1619609836815,0.2,0,0,0,0,-0.355
1619609836835,0.19,0,0,0,0,-0.357
1619609836855,0.2,0,0,0,0,-0.358
1619609836875,0.197,0,0,0,0,-0.342
1619609836895,0.2,0,0,0,0,-0.335
1619609836915,0.2,0,0,0,0,-0.335
1619609836935,0.19,0,0,0,0,-0.328
1619609836955,0.2,0,0,0,0,-0.317
1619609836975,0.193,0,0,0,0,-0.308
1619609836995,0.2,0,0,0,0,-0.293
1619609837015,0.187,0,0,0,0,-0.318
1619609837035,0.204,0,0,0,0,-0.343
1619609837055,0.204,0,0,0,0,-0.326
1619609837074,0.187,0,0,0,0,-0.312
1619609837095,0.2,0,0,0,0,-0.321
1619609837123,0.19,0,0,0,0,-0.349
1619609837135,0.193,0,0,0,0,-0.333
1619609837155,0.2,0,0,0,0,-0.351
1619609837174,0.2,0,0,0,0,-0.349
1619609837195,0.2,0,0,0,0,-0.338
1619609837215,0.2,0,0,0,0,-0.338
1619609837235,0.19,0,0,0,0,-0.343
1619609837254,0.19,0,0,0,0,-0.341
1619609837274,0.197,0,0,0,0,-0.358
1619609837294,0.204,0,0,0,0,-0.353
1619609837315,0.19,0,0,0,0,-0.354
1619609837334,0.211,0,0,0,0,-0.355
1619609837355,0.183,0,0,0,0,-0.355
1619609837374,0.204,0,0,0,0,-0.358
1619609837395,0.2,0,0,0,0,-0.341
1619609837416,0.197,0,0,0,0,-0.365
1619609837435,0.19,0,0,0,0,-0.343
1619609837454,0.193,0,0,0,0,-0.341
1619609837474,0.193,0,0,0,0,-0.341
1619609837495,0.197,0,0,0,0,-0.349
1619609837515,0.193,0,0,0,0,-0.349
1619609837536,0.193,0,0,0,0,-0.335
1619609837554,0.197,0,0,0,0,-0.353
1619609837575,0.204,0,0,0,0,-0.375
1619609837594,0.197,0,0,0,0,-0.369
1619609837616,0.193,0,0,0,0,-0.356
1619609837634,0.2,0,0,0,0,-0.334
1619609837654,0.197,0,0,0,0,-0.331
1619609837674,0.193,0,0,0,0,-0.34
1619609837694,0.197,0,0,0,0,-0.347
1619609837714,0.193,0,0,0,0,-0.356
1619609837735,0.193,0,0,0,0,-0.356
1619609837754,0.193,0,0,0,0,-0.359
1619609837775,0.19,0,0,0,0,-0.376
1619609837795,0.197,0,0,0,0,-0.353
1619609837818,0.2,0,0,0,0,-0.343
1619609837835,0.187,0,0,0,0,-0.356
1619609837855,0.204,0,0,0,0,-0.371
1619609837874,0.187,0,0,0,0,-0.344
1619609837894,0.197,0,0,0,0,-0.344
1619609837915,0.2,0,0,0,0,-0.354
1619609837934,0.19,0,0,0,0,-0.35
1619609837955,0.2,0,0,0,0,-0.345
1619609837975,0.2,0,0,0,0,-0.371
1619609837994,0.204,0,0,0,0,-0.385
1619609838014,0.204,0,0,0,0,-0.385
1619609838034,0.187,0,0,0,0,-0.329
1619609838054,0.204,0,0,0,0,-0.317
1619609838074,0.2,0,0,0,0,-0.299
1619609838094,0.19,0,0,0,0,-0.315
1619609838115,0.204,0,0,0,0,-0.34
1619609838135,0.197,0,0,0,0,-0.363
1619609838154,0.2,0,0,0,0,-0.385
1619609838174,0.193,0,0,0,0,-0.376
1619609838194,0.187,0,0,0,0,-0.363
1619609838214,0.2,0,0,0,0,-0.371
1619609838235,0.2,0,0,0,0,-0.375
1619609838255,0.2,0,0,0,0,-0.358
1619609838275,0.204,0,0,0,0,-0.373
1619609838294,0.204,0,0,0,0,-0.373
1619609838315,0.18,0,0,0,0,-0.36
1619609838334,0.197,0,0,0,0,-0.337
1619609838354,0.2,0,0,0,0,-0.333
1619609838375,0.19,0,0,0,0,-0.325
1619609838395,0.2,0,0,0,0,-0.323
1619609838414,0.197,0,0,0,0,-0.312
1619609838434,0.19,0,0,0,0,-0.281
1619609838454,0.2,0,0,0,0,-0.3
1619609838474,0.19,0,0,0,0,-0.315
1619609838495,0.204,0,0,0,0,-0.353
1619609838515,0.197,0,0,0,0,-0.375
1619609838534,0.197,0,0,0,0,-0.372
1619609838555,0.197,0,0,0,0,-0.372
1619609838575,0.19,0,0,0,0,-0.368
1619609838595,0.193,0,0,0,0,-0.353
1619609838615,0.197,0,0,0,0,-0.324
1619609838635,0.2,0,0,0,0,-0.341
1619609838655,0.193,0,0,0,0,-0.332
1619609838675,0.2,0,0,0,0,-0.351
1619609838695,0.193,0,0,0,0,-0.333
1619609838715,0.197,0,0,0,0,-0.344
1619609838735,0.2,0,0,0,0,-0.352
1619609838755,0.193,0,0,0,0,-0.336
1619609838775,0.204,0,0,0,0,-0.335
1619609838795,0.204,0,0,0,0,-0.358
1619609838815,0.204,0,0,0,0,-0.358
1619609838835,0.187,0,0,0,0,-0.374
1619609838855,0.2,0,0,0,0,-0.353
1619609838875,0.193,0,0,0,0,-0.36
1619609838895,0.197,0,0,0,0,-0.382
1619609838915,0.197,0,0,0,0,-0.366
1619609838935,0.2,0,0,0,0,-0.353
1619609838955,0.2,0,0,0,0,-0.341
1619609838975,0.19,0,0,0,0,-0.34
1619609838995,0.193,0,0,0,0,-0.316
1619609839015,0.193,0,0,0,0,-0.333
1619609839035,0.197,0,0,0,0,-0.333
1619609839055,0.2,0,0,0,0,-0.344
1619609839075,0.193,0,0,0,0,-0.33
1619609839095,0.2,0,0,0,0,-0.335
1619609839115,0.2,0,0,0,0,-0.335
1619609839134,0.197,0,0,0,0,-0.342
1619609839155,0.19,0,0,0,0,-0.34
1619609839175,0.197,0,0,0,0,-0.318
1619609839195,0.2,0,0,0,0,-0.335
1619609839215,0.19,0,0,0,0,-0.335
1619609839247,0.197,0,0,0,0,-0.31
1619609839255,0.18,0,0,0,0,-0.326
1619609839275,0.18,0,0,0,0,-0.326
1619609839295,0.2,0,0,0,0,-0.332
1619609839315,0.197,0,0,0,0,-0.325
1619609839335,0.193,0,0,0,0,-0.35
1619609839355,0.197,0,0,0,0,-0.336
1619609839375,0.197,0,0,0,0,-0.346
1619609839395,0.197,0,0,0,0,-0.346
1619609839415,0.2,0,0,0,0,-0.344
1619609839435,0.19,0,0,0,0,-0.327
1619609839455,0.204,0,0,0,0,-0.335
1619609839475,0.2,0,0,0,0,-0.337
1619609839495,0.197,0,0,0,0,-0.357
1619609839515,0.197,0,0,0,0,-0.362
1619609839535,0.197,0,0,0,0,-0.366
1619609839555,0.19,0,0,0,0,-0.371
1619609839575,0.2,0,0,0,0,-0.372
1619609839595,0.197,0,0,0,0,-0.356
1619609839615,0.19,0,0,0,0,-0.338
1619609839635,0.2,0,0,0,0,-0.369
1619609839655,0.2,0,0,0,0,-0.369
1619609839675,0.19,0,0,0,0,-0.374
1619609839695,0.197,0,0,0,0,-0.379
1619609839715,0.2,0,0,0,0,-0.38
1619609839736,0.2,0,0,0,0,-0.369
1619609839755,0.193,0,0,0,0,-0.363
1619609839775,0.2,0,0,0,0,-0.359
1619609839795,0.187,0,0,0,0,-0.351
1619609839815,0.197,0,0,0,0,-0.34
1619609839836,0.19,0,0,0,0,-0.34
1619609839855,0.193,0,0,0,0,-0.309
1619609839875,0.2,0,0,0,0,-0.306
1619609839895,0.197,0,0,0,0,-0.333
1619609839915,0.197,0,0,0,0,-0.333
1619609839935,0.183,0,0,0,0,-0.341
1619609839955,0.204,0,0,0,0,-0.363
1619609839975,0.2,0,0,0,0,-0.344
1619609839995,0.187,0,0,0,0,-0.349
1619609840015,0.2,0,0,0,0,-0.341
1619609840035,0.204,0,0,0,0,-0.318
1619609840055,0.2,0,0,0,0,-0.336
1619609840075,0.187,0,0,0,0,-0.35
1619609840095,0.197,0,0,0,0,-0.369
1619609840115,0.197,0,0,0,0,-0.367
1619609840136,0.19,0,0,0,0,-0.353
1619609840155,0.2,0,0,0,0,-0.354
1619609840175,0.2,0,0,0,0,-0.342
1619609840195,0.2,0,0,0,0,-0.338
1619609840215,0.2,0,0,0,0,-0.338
1619609840235,0.187,0,0,0,0,-0.34
1619609840255,0.2,0,0,0,0,-0.363
1619609840275,0.2,0,0,0,0,-0.351
1619609840295,0.19,0,0,0,0,-0.35
1619609840315,0.204,0,0,0,0,-0.353
1619609840335,0.204,0,0,0,0,-0.348
1619609840355,0.197,0,0,0,0,-0.359
1619609840375,0.19,0,0,0,0,-0.347
1619609840395,0.197,0,0,0,0,-0.356
1619609840415,0.2,0,0,0,0,-0.344
1619609840435,0.2,0,0,0,0,-0.334
1619609840455,0.2,0,0,0,0,-0.334
1619609840475,0.193,0,0,0,0,-0.344
1619609840495,0.19,0,0,0,0,-0.362
1619609840515,0.2,0,0,0,0,-0.362
1619609840535,0.193,0,0,0,0,-0.373
1619609840555,0.19,0,0,0,0,-0.39
1619609840575,0.2,0,0,0,0,-0.374
1619609840595,0.193,0,0,0,0,-0.361
1619609840615,0.19,0,0,0,0,-0.346
1619609840635,0.193,0,0,0,0,-0.353
1619609840655,0.197,0,0,0,0,-0.339
1619609840675,0.2,0,0,0,0,-0.327
1619609840695,0.2,0,0,0,0,-0.334
1619609840715,0.2,0,0,0,0,-0.334
1619609840735,0.19,0,0,0,0,-0.336
1619609840755,0.19,0,0,0,0,-0.347
1619609840775,0.197,0,0,0,0,-0.351
1619609840795,0.19,0,0,0,0,-0.34
1619609840815,0.2,0,0,0,0,-0.352
1619609840835,0.2,0,0,0,0,-0.348
1619609840855,0.2,0,0,0,0,-0.344
1619609840875,0.197,0,0,0,0,-0.356
1619609840895,0.19,0,0,0,0,-0.368
1619609840915,0.197,0,0,0,0,-0.368
1619609840935,0.2,0,0,0,0,-0.356
1619609840955,0.2,0,0,0,0,-0.349
1619609840975,0.2,0,0,0,0,-0.349
1619609840995,0.2,0,0,0,0,-0.352
1619609841015,0.183,0,0,0,0,-0.334
1619609841035,0.204,0,0,0,0,-0.334
1619609841055,0.19,0,0,0,0,-0.333
1619609841075,0.2,0,0,0,0,-0.353
1619609841095,0.2,0,0,0,0,-0.335
1619609841115,0.207,0,0,0,0,-0.337
1619609841135,0.183,0,0,0,0,-0.343
1619609841155,0.193,0,0,0,0,-0.352
1619609841175,0.204,0,0,0,0,-0.343
1619609841195,0.19,0,0,0,0,-0.344
1619609841215,0.2,0,0,0,0,-0.357
1619609841235,0.204,0,0,0,0,-0.362
1619609841255,0.204,0,0,0,0,-0.362
1619609841275,0.193,0,0,0,0,-0.365
1619609841295,0.193,0,0,0,0,-0.36
1619609841315,0.19,0,0,0,0,-0.342
1619609841335,0.204,0,0,0,0,-0.312
1619609841355,0.197,0,0,0,0,-0.308
1619609841375,0.204,0,0,0,0,-0.347
1619609841395,0.183,0,0,0,0,-0.367
1619609841415,0.197,0,0,0,0,-0.359
1619609841435,0.2,0,0,0,0,-0.349
1619609841455,0.19,0,0,0,0,-0.361
1619609841475,0.193,0,0,0,0,-0.366
1619609841495,0.193,0,0,0,0,-0.353
1619609841515,0.193,0,0,0,0,-0.353
1619609841535,0.19,0,0,0,0,-0.341
1619609841555,0.197,0,0,0,0,-0.357
1619609841575,0.197,0,0,0,0,-0.363
1619609841595,0.187,0,0,0,0,-0.346
1619609841615,0.2,0,0,0,0,-0.359
1619609841635,0.197,0,0,0,0,-0.368
1619609841656,0.2,0,0,0,0,-0.354
1619609841675,0.2,0,0,0,0,-0.33
1619609841695,0.2,0,0,0,0,-0.342
1619609841715,0.19,0,0,0,0,-0.327
1619609841735,0.2,0,0,0,0,-0.333
1619609841754,0.2,0,0,0,0,-0.333
1619609841775,0.197,0,0,0,0,-0.315
1619609841795,0.193,0,0,0,0,-0.318
1619609841815,0.193,0,0,0,0,-0.341
1619609841835,0.2,0,0,0,0,-0.346
1619609841855,0.197,0,0,0,0,-0.357
1619609841875,0.193,0,0,0,0,-0.36
1619609841895,0.2,0,0,0,0,-0.377
1619609841915,0.193,0,0,0,0,-0.339
1619609841935,0.2,0,0,0,0,-0.324
1619609841955,0.2,0,0,0,0,-0.308
1619609841975,0.204,0,0,0,0,-0.326
1619609841995,0.197,0,0,0,0,-0.344
1619609842015,0.197,0,0,0,0,-0.344
1619609842035,0.2,0,0,0,0,-0.376
1619609842055,0.193,0,0,0,0,-0.394
1619609842075,0.197,0,0,0,0,-0.359
1619609842095,0.19,0,0,0,0,-0.352
1619609842115,0.197,0,0,0,0,-0.343
1619609842135,0.197,0,0,0,0,-0.358
1619609842156,0.193,0,0,0,0,-0.314
1619609842175,0.204,0,0,0,0,-0.299
1619609842195,0.193,0,0,0,0,-0.301
1619609842215,0.19,0,0,0,0,-0.323
1619609842235,0.2,0,0,0,0,-0.322
1619609842255,0.204,0,0,0,0,-0.335
1619609842275,0.193,0,0,0,0,-0.342
1619609842295,0.193,0,0,0,0,-0.342
1619609842315,0.2,0,0,0,0,-0.354
1619609842335,0.2,0,0,0,0,-0.372
1619609842355,0.187,0,0,0,0,-0.362
1619609842375,0.197,0,0,0,0,-0.354
1619609842395,0.193,0,0,0,0,-0.346
1619609842415,0.197,0,0,0,0,-0.334
1619609842435,0.19,0,0,0,0,-0.351
1619609842456,0.197,0,0,0,0,-0.357
1619609842475,0.193,0,0,0,0,-0.329
1619609842495,0.197,0,0,0,0,-0.336
1619609842515,0.19,0,0,0,0,-0.342
1619609842535,0.2,0,0,0,0,-0.343
1619609842555,0.197,0,0,0,0,-0.336
1619609842575,0.197,0,0,0,0,-0.336
1619609842595,0.193,0,0,0,0,-0.331
1619609842615,0.2,0,0,0,0,-0.346
1619609842635,0.19,0,0,0,0,-0.35
1619609842655,0.2,0,0,0,0,-0.341
1619609842675,0.193,0,0,0,0,-0.353
1619609842695,0.2,0,0,0,0,-0.374
1619609842715,0.197,0,0,0,0,-0.373
1619609842735,0.187,0,0,0,0,-0.355
1619609842755,0.197,0,0,0,0,-0.361
1619609842775,0.197,0,0,0,0,-0.362
1619609842795,0.197,0,0,0,0,-0.36
1619609842815,0.197,0,0,0,0,-0.36
1619609842835,0.2,0,0,0,0,-0.362
1619609842855,0.197,0,0,0,0,-0.34
1619609842875,0.19,0,0,0,0,-0.352
1619609842895,0.2,0,0,0,0,-0.345
1619609842915,0.193,0,0,0,0,-0.318
1619609842935,0.197,0,0,0,0,-0.336
1619609842955,0.193,0,0,0,0,-0.339
1619609842975,0.2,0,0,0,0,-0.335
1619609842995,0.19,0,0,0,0,-0.335
1619609843015,0.2,0,0,0,0,-0.358
1619609843035,0.197,0,0,0,0,-0.327
1619609843055,0.193,0,0,0,0,-0.31
1619609843075,0.193,0,0,0,0,-0.31
1619609843095,0.197,0,0,0,0,-0.321
1619609843115,0.2,0,0,0,0,-0.315
1619609843135,0.204,0,0,0,0,-0.321
1619609843155,0.187,0,0,0,0,-0.316
1619609843175,0.197,0,0,0,0,-0.337
1619609843195,0.193,0,0,0,0,-0.349
1619609843215,0.197,0,0,0,0,-0.349
1619609843235,0.197,0,0,0,0,-0.359
1619609843255,0.193,0,0,0,0,-0.373
1619609843275,0.207,0,0,0,0,-0.356
1619609843295,0.19,0,0,0,0,-0.344
1619609843315,0.197,0,0,0,0,-0.365
1619609843335,0.19,0,0,0,0,-0.364
1619609843355,0.197,0,0,0,0,-0.345
1619609843375,0.2,0,0,0,0,-0.337
1619609843395,0.2,0,0,0,0,-0.337
1619609843415,0.19,0,0,0,0,-0.362
1619609843435,0.2,0,0,0,0,-0.358
1619609843455,0.193,0,0,0,0,-0.335
1619609843475,0.2,0,0,0,0,-0.333
1619609843495,0.197,0,0,0,0,-0.35
1619609843515,0.193,0,0,0,0,-0.329
1619609843535,0.2,0,0,0,0,-0.317
1619609843555,0.197,0,0,0,0,-0.361
1619609843575,0.193,0,0,0,0,-0.394
1619609843595,0.197,0,0,0,0,-0.371
1619609843615,0.193,0,0,0,0,-0.339
1619609843635,0.193,0,0,0,0,-0.324
1619609843655,0.193,0,0,0,0,-0.324
1619609843675,0.193,0,0,0,0,-0.315
1619609843695,0.197,0,0,0,0,-0.337
1619609843715,0.2,0,0,0,0,-0.346
1619609843735,0.197,0,0,0,0,-0.348
1619609843755,0.2,0,0,0,0,-0.342
1619609843775,0.19,0,0,0,0,-0.334
1619609843795,0.2,0,0,0,0,-0.351
1619609843815,0.193,0,0,0,0,-0.34
1619609843835,0.19,0,0,0,0,-0.351
1619609843855,0.193,0,0,0,0,-0.366
1619609843875,0.197,0,0,0,0,-0.376
1619609843895,0.19,0,0,0,0,-0.389
1619609843915,0.19,0,0,0,0,-0.389
1619609843935,0.2,0,0,0,0,-0.361
1619609843955,0.2,0,0,0,0,-0.343
1619609843976,0.187,0,0,0,0,-0.345
1619609843995,0.2,0,0,0,0,-0.352
1619609844015,0.19,0,0,0,0,-0.334
1619609844035,0.2,0,0,0,0,-0.338
1619609844055,0.2,0,0,0,0,-0.304
1619609844075,0.19,0,0,0,0,-0.3
1619609844095,0.204,0,0,0,0,-0.306
1619609844115,0.197,0,0,0,0,-0.311
1619609844135,0.193,0,0,0,0,-0.333
1619609844155,0.2,0,0,0,0,-0.351
1619609844175,0.197,0,0,0,0,-0.353
1619609844195,0.197,0,0,0,0,-0.371
1619609844215,0.197,0,0,0,0,-0.371
1619609844235,0.197,0,0,0,0,-0.368
1619609844255,0.187,0,0,0,0,-0.371
1619609844275,0.2,0,0,0,0,-0.363
1619609844295,0.19,0,0,0,0,-0.361
1619609844315,0.2,0,0,0,0,-0.35
1619609844335,0.187,0,0,0,0,-0.358
1619609844355,0.2,0,0,0,0,-0.372
1619609844376,0.2,0,0,0,0,-0.353
1619609844395,0.193,0,0,0,0,-0.337
1619609844415,0.211,0,0,0,0,-0.319
1619609844435,0.187,0,0,0,0,-0.295
1619609844455,0.204,0,0,0,0,-0.305
1619609844475,0.193,0,0,0,0,-0.309
1619609844495,0.193,0,0,0,0,-0.309
1619609844515,0.197,0,0,0,0,-0.323
1619609844535,0.2,0,0,0,0,-0.343
1619609844555,0.193,0,0,0,0,-0.358
1619609844575,0.19,0,0,0,0,-0.367
1619609844595,0.197,0,0,0,0,-0.362
1619609844615,0.2,0,0,0,0,-0.362
1619609844635,0.197,0,0,0,0,-0.345
1619609844655,0.19,0,0,0,0,-0.355
1619609844675,0.197,0,0,0,0,-0.33
1619609844695,0.193,0,0,0,0,-0.312
1619609844715,0.193,0,0,0,0,-0.325
1619609844735,0.19,0,0,0,0,-0.342
1619609844755,0.19,0,0,0,0,-0.342
1619609844775,0.204,0,0,0,0,-0.383
1619609844795,0.197,0,0,0,0,-0.379
1619609844815,0.197,0,0,0,0,-0.368
1619609844835,0.193,0,0,0,0,-0.363
1619609844855,0.2,0,0,0,0,-0.364
1619609844875,0.197,0,0,0,0,-0.303
1619609844895,0.193,0,0,0,0,-0.259
1619609844915,0.193,0,0,0,0,-0.247
1619609844935,0.19,0,0,0,0,-0.321
1619609844955,0.187,0,0,0,0,-0.359
1619609844975,0.193,0,0,0,0,-0.371
1619609844995,0.197,0,0,0,0,-0.389
1619609845015,0.197,0,0,0,0,-0.389
1619609845035,0.2,0,0,0,0,-0.396
1619609845055,0.187,0,0,0,0,-0.401
1619609845075,0.2,0,0,0,0,-0.409
1619609845095,0.2,0,0,0,0,-0.395
1619609845115,0.193,0,0,0,0,-0.38
1619609845135,0.197,0,0,0,0,-0.39
1619609845155,0.187,0,0,0,0,-0.398
1619609845175,0.2,0,0,0,0,-0.383
1619609845195,0.2,0,0,0,0,-0.341
1619609845215,0.19,0,0,0,0,-0.329
1619609845235,0.211,0,0,0,0,-0.324
1619609845255,0.19,0,0,0,0,-0.316
1619609845275,0.2,0,0,0,0,-0.307
1619609845295,0.2,0,0,0,0,-0.307
1619609845315,0.2,0,0,0,0,-0.307
1619609845335,0.2,0,0,0,0,-0.316
1619609845355,0.2,0,0,0,0,-0.31
1619609845375,0.193,0,0,0,0,-0.334
1619609845395,0.204,0,0,0,0,-0.345
1619609845415,0.187,0,0,0,0,-0.356
1619609845435,0.197,0,0,0,0,-0.339
1619609845455,0.2,0,0,0,0,-0.356
1619609845475,0.19,0,0,0,0,-0.335
1619609845495,0.2,0,0,0,0,-0.326
1619609845515,0.193,0,0,0,0,-0.32
1619609845535,0.187,0,0,0,0,-0.29
1619609845555,0.2,0,0,0,0,-0.266
1619609845575,0.2,0,0,0,0,-0.266
1619609845595,0.187,0,0,0,0,-0.327
1619609845615,0.2,0,0,0,0,-0.379
1619609845635,0.187,0,0,0,0,-0.375
1619609845655,0.197,0,0,0,0,-0.4
1619609845675,0.187,0,0,0,0,-0.412
1619609845695,0.197,0,0,0,0,-0.403
1619609845715,0.2,0,0,0,0,-0.399
1619609845735,0.197,0,0,0,0,-0.398
1619609845755,0.193,0,0,0,0,-0.383
1619609845775,0.204,0,0,0,0,-0.379
1619609845795,0.187,0,0,0,0,-0.376
1619609845815,0.204,0,0,0,0,-0.391
1619609845835,0.204,0,0,0,0,-0.391
1619609845855,0.2,0,0,0,0,-0.376
1619609845875,0.197,0,0,0,0,-0.373
1619609845895,0.193,0,0,0,0,-0.361
1619609845915,0.207,0,0,0,0,-0.357
1619609845935,0.193,0,0,0,0,-0.371
1619609845955,0.197,0,0,0,0,-0.36
1619609845975,0.2,0,0,0,0,-0.363
1619609845995,0.2,0,0,0,0,-0.345
1619609846015,0.19,0,0,0,0,-0.335
1619609846035,0.2,0,0,0,0,-0.348
1619609846055,0.187,0,0,0,0,-0.361
1619609846075,0.187,0,0,0,0,-0.361
1619609846095,0.2,0,0,0,0,-0.354
1619609846115,0.187,0,0,0,0,-0.344
1619609846135,0.204,0,0,0,0,-0.36
1619609846155,0.197,0,0,0,0,-0.343
1619609846175,0.193,0,0,0,0,-0.354
1619609846195,0.204,0,0,0,0,-0.343
1619609846215,0.187,0,0,0,0,-0.341
1619609846235,0.2,0,0,0,0,-0.327
1619609846255,0.193,0,0,0,0,-0.332
1619609846275,0.197,0,0,0,0,-0.337
1619609846295,0.193,0,0,0,0,-0.334
1619609846315,0.19,0,0,0,0,-0.323
1619609846335,0.204,0,0,0,0,-0.32
1619609846355,0.19,0,0,0,0,-0.335
1619609846375,0.19,0,0,0,0,-0.335
1619609846395,0.19,0,0,0,0,-0.332
1619609846416,0.2,0,0,0,0,-0.341
1619609846435,0.197,0,0,0,0,-0.322
1619609846455,0.2,0,0,0,0,-0.344
1619609846475,0.204,0,0,0,0,-0.349
1619609846495,0.187,0,0,0,0,-0.333
1619609846515,0.193,0,0,0,0,-0.332
1619609846535,0.193,0,0,0,0,-0.332
1619609846555,0.2,0,0,0,0,-0.32
1619609846575,0.197,0,0,0,0,-0.33
1619609846595,0.193,0,0,0,0,-0.345
1619609846615,0.193,0,0,0,0,-0.333
1619609846635,0.193,0,0,0,0,-0.333
1619609846655,0.2,0,0,0,0,-0.304
1619609846675,0.2,0,0,0,0,-0.316
1619609846697,0.19,0,0,0,0,-0.311
1619609846715,0.2,0,0,0,0,-0.328
1619609846735,0.197,0,0,0,0,-0.339
1619609846755,0.2,0,0,0,0,-0.342
1619609846775,0.197,0,0,0,0,-0.358
1619609846795,0.193,0,0,0,0,-0.349
1619609846815,0.2,0,0,0,0,-0.337
1619609846835,0.204,0,0,0,0,-0.352
1619609846855,0.197,0,0,0,0,-0.371
1619609846875,0.197,0,0,0,0,-0.371
1619609846895,0.197,0,0,0,0,-0.371
1619609846915,0.197,0,0,0,0,-0.369
1619609846935,0.187,0,0,0,0,-0.353
1619609846955,0.2,0,0,0,0,-0.358
1619609846975,0.193,0,0,0,0,-0.325
1619609846995,0.2,0,0,0,0,-0.338
1619609847015,0.183,0,0,0,0,-0.359
1619609847035,0.193,0,0,0,0,-0.329
1619609847055,0.193,0,0,0,0,-0.327
1619609847075,0.197,0,0,0,0,-0.318
1619609847095,0.2,0,0,0,0,-0.348
1619609847115,0.193,0,0,0,0,-0.323
1619609847135,0.204,0,0,0,0,-0.322
1619609847155,0.19,0,0,0,0,-0.332
1619609847175,0.19,0,0,0,0,-0.332
1619609847195,0.19,0,0,0,0,-0.351
1619609847215,0.197,0,0,0,0,-0.353
1619609847235,0.197,0,0,0,0,-0.36
1619609847255,0.187,0,0,0,0,-0.382
1619609847275,0.2,0,0,0,0,-0.384
1619609847295,0.2,0,0,0,0,-0.378
1619609847315,0.19,0,0,0,0,-0.319
1619609847335,0.2,0,0,0,0,-0.266
1619609847355,0.197,0,0,0,0,-0.271
1619609847375,0.19,0,0,0,0,-0.333
1619609847395,0.197,0,0,0,0,-0.338
1619609847415,0.2,0,0,0,0,-0.354
1619609847435,0.204,0,0,0,0,-0.368
1619609847455,0.204,0,0,0,0,-0.368
1619609847475,0.183,0,0,0,0,-0.35
1619609847495,0.197,0,0,0,0,-0.37
1619609847515,0.197,0,0,0,0,-0.344
1619609847535,0.193,0,0,0,0,-0.336
1619609847555,0.2,0,0,0,0,-0.335
1619609847575,0.2,0,0,0,0,-0.349
1619609847595,0.19,0,0,0,0,-0.362
1619609847615,0.197,0,0,0,0,-0.367
1619609847635,0.204,0,0,0,0,-0.362
1619609847655,0.197,0,0,0,0,-0.368
1619609847675,0.2,0,0,0,0,-0.378
1619609847695,0.2,0,0,0,0,-0.378
1619609847715,0.187,0,0,0,0,-0.36
1619609847735,0.197,0,0,0,0,-0.308
1619609847755,0.197,0,0,0,0,-0.285
1619609847775,0.193,0,0,0,0,-0.268
1619609847795,0.193,0,0,0,0,-0.259
1619609847815,0.197,0,0,0,0,-0.274
1619609847835,0.197,0,0,0,0,-0.322
1619609847855,0.187,0,0,0,0,-0.336
1619609847875,0.197,0,0,0,0,-0.334
1619609847895,0.2,0,0,0,0,-0.319
1619609847915,0.2,0,0,0,0,-0.344
1619609847935,0.2,0,0,0,0,-0.373
1619609847955,0.2,0,0,0,0,-0.373
1619609847975,0.2,0,0,0,0,-0.398
1619609847995,0.19,0,0,0,0,-0.416
1619609848015,0.197,0,0,0,0,-0.422
1619609848035,0.2,0,0,0,0,-0.385
1619609848055,0.193,0,0,0,0,-0.373
1619609848075,0.197,0,0,0,0,-0.368
1619609848095,0.193,0,0,0,0,-0.355
1619609848115,0.19,0,0,0,0,-0.342
1619609848135,0.193,0,0,0,0,-0.327
1619609848155,0.197,0,0,0,0,-0.326
1619609848175,0.2,0,0,0,0,-0.334
1619609848195,0.2,0,0,0,0,-0.342
1619609848215,0.2,0,0,0,0,-0.334
1619609848235,0.193,0,0,0,0,-0.321
1619609848255,0.193,0,0,0,0,-0.321
1619609848275,0.193,0,0,0,0,-0.316
1619609848295,0.19,0,0,0,0,-0.337
1619609848315,0.197,0,0,0,0,-0.366
1619609848335,0.2,0,0,0,0,-0.348
1619609848355,0.19,0,0,0,0,-0.33
1619609848375,0.204,0,0,0,0,-0.312
1619609848395,0.183,0,0,0,0,-0.326
1619609848415,0.19,0,0,0,0,-0.328
1619609848435,0.197,0,0,0,0,-0.332
1619609848455,0.183,0,0,0,0,-0.328
1619609848475,0.2,0,0,0,0,-0.324
1619609848495,0.19,0,0,0,0,-0.324
1619609848515,0.207,0,0,0,0,-0.345
1619609848535,0.207,0,0,0,0,-0.345
1619609848555,0.183,0,0,0,0,-0.346
1619609848575,0.2,0,0,0,0,-0.357
1619609848595,0.193,0,0,0,0,-0.376
1619609848624,0.197,0,0,0,0,-0.411
1619609848635,0.197,0,0,0,0,-0.349
1619609848655,0.197,0,0,0,0,-0.349
1619609848674,0.204,0,0,0,0,-0.329
1619609848695,0.197,0,0,0,0,-0.302
1619609848716,0.193,0,0,0,0,-0.297
1619609848735,0.2,0,0,0,0,-0.317
1619609848755,0.197,0,0,0,0,-0.352
1619609848775,0.193,0,0,0,0,-0.364
1619609848795,0.193,0,0,0,0,-0.364
1619609848816,0.197,0,0,0,0,-0.384
1619609848835,0.197,0,0,0,0,-0.395
1619609848855,0.2,0,0,0,0,-0.376
1619609848875,0.2,0,0,0,0,-0.357
1619609848895,0.197,0,0,0,0,-0.34
1619609848915,0.2,0,0,0,0,-0.357
1619609848935,0.187,0,0,0,0,-0.364
1619609848955,0.197,0,0,0,0,-0.368
1619609848975,0.197,0,0,0,0,-0.354
1619609848995,0.19,0,0,0,0,-0.357
1619609849015,0.2,0,0,0,0,-0.353
1619609849035,0.2,0,0,0,0,-0.368
1619609849055,0.2,0,0,0,0,-0.368
1619609849075,0.183,0,0,0,0,-0.368
1619609849095,0.2,0,0,0,0,-0.363
1619609849115,0.197,0,0,0,0,-0.35
1619609849135,0.193,0,0,0,0,-0.317
1619609849155,0.2,0,0,0,0,-0.296
1619609849175,0.19,0,0,0,0,-0.312
1619609849195,0.211,0,0,0,0,-0.314
1619609849216,0.183,0,0,0,0,-0.303
1619609849235,0.193,0,0,0,0,-0.305
1619609849255,0.2,0,0,0,0,-0.306
1619609849275,0.193,0,0,0,0,-0.308
1619609849295,0.197,0,0,0,0,-0.277
1619609849315,0.2,0,0,0,0,-0.298
1619609849335,0.187,0,0,0,0,-0.341
1619609849355,0.207,0,0,0,0,-0.378
1619609849375,0.207,0,0,0,0,-0.378
1619609849395,0.19,0,0,0,0,-0.365
1619609849415,0.204,0,0,0,0,-0.374
1619609849437,0.197,0,0,0,0,-0.384
1619609849455,0.193,0,0,0,0,-0.371
1619609849475,0.2,0,0,0,0,-0.367
1619609849495,0.2,0,0,0,0,-0.362
1619609849515,0.19,0,0,0,0,-0.359
1619609849535,0.197,0,0,0,0,-0.351
1619609849555,0.19,0,0,0,0,-0.353
1619609849575,0.2,0,0,0,0,-0.364
1619609849595,0.197,0,0,0,0,-0.309
1619609849615,0.193,0,0,0,0,-0.285
1619609849635,0.193,0,0,0,0,-0.285
1619609849655,0.187,0,0,0,0,-0.309
1619609849675,0.197,0,0,0,0,-0.346
1619609849695,0.197,0,0,0,0,-0.341
1619609849715,0.193,0,0,0,0,-0.345
1619609849735,0.19,0,0,0,0,-0.349
1619609849755,0.197,0,0,0,0,-0.368
1619609849775,0.19,0,0,0,0,-0.356
1619609849795,0.204,0,0,0,0,-0.353
1619609849815,0.197,0,0,0,0,-0.335
1619609849835,0.193,0,0,0,0,-0.314
1619609849855,0.197,0,0,0,0,-0.312
1619609849874,0.193,0,0,0,0,-0.338
1619609849895,0.193,0,0,0,0,-0.338
1619609849915,0.197,0,0,0,0,-0.371
1619609849935,0.2,0,0,0,0,-0.365
1619609849955,0.197,0,0,0,0,-0.353
1619609849975,0.197,0,0,0,0,-0.363
1619609849995,0.2,0,0,0,0,-0.376
1619609850015,0.197,0,0,0,0,-0.366
1619609850035,0.197,0,0,0,0,-0.351
1619609850055,0.19,0,0,0,0,-0.34
1619609850075,0.19,0,0,0,0,-0.332
1619609850095,0.2,0,0,0,0,-0.346
1619609850115,0.19,0,0,0,0,-0.362
1619609850135,0.2,0,0,0,0,-0.341
1619609850155,0.2,0,0,0,0,-0.341
1619609850175,0.19,0,0,0,0,-0.334
1619609850195,0.2,0,0,0,0,-0.326
1619609850215,0.193,0,0,0,0,-0.346
1619609850235,0.2,0,0,0,0,-0.358
1619609850255,0.197,0,0,0,0,-0.348
1619609850275,0.2,0,0,0,0,-0.353
1619609850295,0.207,0,0,0,0,-0.346
1619609850315,0.187,0,0,0,0,-0.364
1619609850335,0.2,0,0,0,0,-0.377
1619609850355,0.197,0,0,0,0,-0.357
1619609850375,0.197,0,0,0,0,-0.337
1619609850395,0.193,0,0,0,0,-0.314
1619609850415,0.193,0,0,0,0,-0.34
1619609850435,0.2,0,0,0,0,-0.374
1619609850455,0.2,0,0,0,0,-0.374
1619609850475,0.183,0,0,0,0,-0.386
1619609850495,0.197,0,0,0,0,-0.366
1619609850515,0.197,0,0,0,0,-0.372
1619609850535,0.193,0,0,0,0,-0.364
1619609850555,0.197,0,0,0,0,-0.354
1619609850575,0.19,0,0,0,0,-0.364
1619609850595,0.204,0,0,0,0,-0.362
1619609850615,0.19,0,0,0,0,-0.354
1619609850635,0.2,0,0,0,0,-0.328
1619609850655,0.19,0,0,0,0,-0.284
1619609850675,0.197,0,0,0,0,-0.289
1619609850695,0.197,0,0,0,0,-0.316
1619609850715,0.197,0,0,0,0,-0.354
1619609850734,0.197,0,0,0,0,-0.354
1619609850755,0.19,0,0,0,0,-0.354
1619609850775,0.197,0,0,0,0,-0.345
1619609850795,0.2,0,0,0,0,-0.308
1619609850815,0.193,0,0,0,0,-0.306
1619609850835,0.197,0,0,0,0,-0.297
1619609850855,0.197,0,0,0,0,-0.353
1619609850875,0.19,0,0,0,0,-0.385
1619609850895,0.19,0,0,0,0,-0.385
1619609850915,0.204,0,0,0,0,-0.396
1619609850935,0.197,0,0,0,0,-0.386
1619609850955,0.2,0,0,0,0,-0.372
1619609850975,0.197,0,0,0,0,-0.35
1619609850995,0.197,0,0,0,0,-0.35
1619609851015,0.197,0,0,0,0,-0.335
1619609851035,0.19,0,0,0,0,-0.327
1619609851055,0.193,0,0,0,0,-0.334
1619609851075,0.19,0,0,0,0,-0.343
1619609851095,0.197,0,0,0,0,-0.371
1619609851115,0.197,0,0,0,0,-0.385
1619609851136,0.197,0,0,0,0,-0.357
1619609851155,0.2,0,0,0,0,-0.352
1619609851175,0.193,0,0,0,0,-0.356
1619609851195,0.2,0,0,0,0,-0.343
1619609851215,0.197,0,0,0,0,-0.335
1619609851235,0.19,0,0,0,0,-0.348
1619609851255,0.211,0,0,0,0,-0.344
1619609851275,0.211,0,0,0,0,-0.344
1619609851295,0.19,0,0,0,0,-0.336
1619609851315,0.2,0,0,0,0,-0.304
1619609851335,0.193,0,0,0,0,-0.31
1619609851355,0.19,0,0,0,0,-0.31
1619609851375,0.193,0,0,0,0,-0.339
1619609851395,0.204,0,0,0,0,-0.357
1619609851415,0.2,0,0,0,0,-0.326
1619609851436,0.19,0,0,0,0,-0.323
1619609851455,0.19,0,0,0,0,-0.324
1619609851475,0.197,0,0,0,0,-0.33
1619609851495,0.193,0,0,0,0,-0.313
1619609851515,0.2,0,0,0,0,-0.287
1619609851536,0.2,0,0,0,0,-0.306
1619609851555,0.207,0,0,0,0,-0.342
1619609851575,0.207,0,0,0,0,-0.342
1619609851595,0.183,0,0,0,0,-0.37
1619609851615,0.2,0,0,0,0,-0.392
1619609851635,0.19,0,0,0,0,-0.407
1619609851655,0.204,0,0,0,0,-0.383
1619609851675,0.197,0,0,0,0,-0.359
1619609851695,0.204,0,0,0,0,-0.375
1619609851715,0.197,0,0,0,0,-0.372
1619609851736,0.204,0,0,0,0,-0.375
1619609851755,0.187,0,0,0,0,-0.383
1619609851775,0.197,0,0,0,0,-0.38
1619609851795,0.193,0,0,0,0,-0.363
1619609851815,0.197,0,0,0,0,-0.363
1619609851835,0.193,0,0,0,0,-0.383
1619609851855,0.2,0,0,0,0,-0.403
1619609851875,0.193,0,0,0,0,-0.392
1619609851895,0.193,0,0,0,0,-0.392
1619609851915,0.193,0,0,0,0,-0.388
1619609851935,0.19,0,0,0,0,-0.373
1619609851955,0.197,0,0,0,0,-0.357
1619609851975,0.187,0,0,0,0,-0.353
1619609851995,0.197,0,0,0,0,-0.36
1619609852015,0.2,0,0,0,0,-0.353
1619609852035,0.197,0,0,0,0,-0.367
1619609852055,0.2,0,0,0,0,-0.361
1619609852075,0.19,0,0,0,0,-0.355
1619609852095,0.197,0,0,0,0,-0.371
1619609852115,0.2,0,0,0,0,-0.361
1619609852135,0.197,0,0,0,0,-0.372
1619609852155,0.197,0,0,0,0,-0.372
1619609852175,0.193,0,0,0,0,-0.367
1619609852195,0.193,0,0,0,0,-0.365
1619609852215,0.19,0,0,0,0,-0.357
1619609852235,0.19,0,0,0,0,-0.355
1619609852255,0.204,0,0,0,0,-0.357
1619609852275,0.2,0,0,0,0,-0.344
1619609852295,0.197,0,0,0,0,-0.334
1619609852315,0.19,0,0,0,0,-0.326
1619609852335,0.197,0,0,0,0,-0.34
1619609852355,0.2,0,0,0,0,-0.355
1619609852375,0.193,0,0,0,0,-0.339
1619609852395,0.2,0,0,0,0,-0.344
1619609852415,0.197,0,0,0,0,-0.357
1619609852435,0.207,0,0,0,0,-0.352
1619609852455,0.207,0,0,0,0,-0.352
