1619612254822 -0.200675 0.800000 0.000000
1619612254923 -0.200675 0.800000 0.000000
1619612255024 -0.200675 0.800000 0.000000
1619612255125 -0.200675 0.800000 0.000000
1619612255226 -0.200675 0.800000 0.000000
1619612255326 -0.200675 0.800000 0.000000
1619612255428 -0.200675 0.800000 0.000000
1619612255528 -0.200675 0.800000 0.000000
1619612255630 -0.200675 0.800000 0.000000
1619612255730 -0.200675 0.800000 0.000000
1619612255831 -0.200675 0.800000 0.000000
1619612255932 -0.200675 0.800000 0.000000
1619612256033 -0.200675 0.800000 0.000000
1619612256134 -0.200675 0.800000 0.000000
1619612256235 -0.200675 0.800000 0.000000
1619612256335 -0.200675 0.800000 0.000000
1619612256436 -0.200675 0.800000 0.000000
1619612256537 -0.200675 0.800000 0.000000
1619612256638 -0.200675 0.800000 0.000000
1619612256739 -0.200675 0.800000 0.000000
1619612256839 -0.200675 0.800000 0.000000
1619612256940 -0.200675 0.800000 0.000000
1619612257041 -0.200675 0.800000 0.000000
1619612257142 -0.200675 0.800000 0.000000
1619612257243 -0.200675 0.800000 0.000000
1619612257343 -0.200675 0.800000 0.000000
1619612257444 -0.200675 0.800000 0.000000
1619612257545 -0.200675 0.800000 0.000000
1619612257646 -0.200675 0.800000 0.000000
1619612257747 -0.200675 0.800000 0.000000
1619612257848 -0.200675 0.800000 0.000000
1619612257949 -0.200675 0.800000 0.000000
1619612258050 -0.200675 0.800000 0.000000
1619612258150 -0.200675 0.800000 0.000000
1619612258251 -0.200675 0.800000 0.000000
1619612258352 -0.200675 0.800000 0.000000
1619612258453 -0.200675 0.800000 0.000000
1619612258554 -0.200675 0.800000 0.000000
1619612258655 -0.200675 0.800000 0.000000
1619612258756 -0.200675 0.800000 0.000000
1619612258857 -0.200675 0.800000 0.000000
1619612258957 -0.200675 0.800000 0.000000
1619612259058 -0.200675 0.800000 0.000000
1619612259159 -0.200675 0.800000 0.000000
1619612259260 -0.200675 0.800000 0.000000
1619612259361 -0.200675 0.800000 0.000000
1619612259462 -0.200675 0.800000 0.000000
1619612259562 -0.200675 0.800000 0.000000
1619612259663 -0.200675 0.800000 0.000000
1619612259764 -0.200675 0.800000 0.000000
1619612259865 -0.200675 0.800000 0.000000
1619612259966 -0.200675 0.800000 0.000000
1619612260067 -0.200675 0.800000 0.000000
1619612260168 -0.200675 0.800000 0.000000
1619612260268 -0.200675 0.800000 0.000000
1619612260369 -0.200675 0.800000 0.000000
1619612260470 -0.200675 0.800000 0.000000
1619612260571 -0.200675 0.800000 0.000000
1619612260672 -0.200675 0.800000 0.000000
1619612260773 -0.200675 0.800000 0.000000
1619612260873 -0.200675 0.800000 0.000000
1619612260974 -0.200675 0.800000 0.000000
1619612261075 -0.200675 0.800000 0.000000
1619612261176 -0.200675 0.800000 0.000000
1619612261277 -0.200675 0.800000 0.000000
1619612261377 -0.200675 0.800000 0.000000
1619612261478 -0.200675 0.800000 0.000000
1619612261579 -0.200675 0.800000 0.000000
1619612261680 -0.200675 0.800000 0.000000
1619612261781 -0.200675 0.800000 0.000000
1619612261882 -0.200675 0.800000 0.000000
1619612261982 -0.200675 0.800000 0.000000
1619612262083 -0.200675 0.800000 0.000000
1619612262184 -0.200675 0.800000 0.000000
1619612262285 -0.200675 0.800000 0.000000
1619612262386 -0.200675 0.800000 0.000000
1619612262487 -0.200675 0.800000 0.000000
1619612262587 -0.200675 0.800000 0.000000
1619612262688 -0.200675 0.800000 0.000000
1619612262789 -0.200675 0.800000 0.000000
1619612262890 -0.200675 0.800000 0.000000
1619612262991 -0.200675 0.800000 0.000000
1619612263092 -0.200675 0.800000 0.000000
1619612263192 -0.200675 0.800000 0.000000
1619612263293 -0.200675 0.800000 0.000000
1619612263394 -0.200675 0.800000 0.000000
1619612263495 -0.200675 0.800000 0.000000
1619612263596 -0.200675 0.800000 0.000000
1619612263697 -0.200675 0.800000 0.000000
1619612263797 -0.200675 0.800000 0.000000
1619612263898 -0.200675 0.800000 0.000000
1619612263999 -0.200675 0.800000 0.000000
1619612264100 -0.200675 0.800000 0.000000
1619612264201 -0.200675 0.800000 0.000000
1619612264302 -0.200675 0.800000 0.000000
1619612264402 -0.200675 0.800000 0.000000
1619612264503 -0.200675 0.800000 0.000000
1619612264604 -0.200675 0.800000 0.000000
1619612264705 -0.200675 0.800000 0.000000
1619612264806 -0.200675 0.800000 0.000000
1619612264907 -0.200675 0.800000 0.000000
1619612265008 -0.200675 0.800000 0.000000
1619612265108 -0.200675 0.800000 0.000000
1619612265209 -0.200675 0.800000 0.000000
1619612265310 -0.200675 0.800000 0.000000
1619612265411 -0.200675 0.800000 0.000000
1619612265512 -0.200675 0.800000 0.000000
1619612265613 -0.200675 0.800000 0.000000
1619612265713 -0.200675 0.800000 0.000000
1619612265814 -0.200675 0.800000 0.000000
1619612265915 -0.200675 0.800000 0.000000
1619612266016 -0.200675 0.800000 0.000000
1619612266117 -0.200675 0.800000 0.000000
1619612266218 -0.200675 0.800000 0.000000
1619612266318 -0.200675 0.800000 0.000000
1619612266419 -0.200675 0.800000 0.000000
1619612266520 -0.200675 0.800000 0.000000
1619612266621 -0.200675 0.800000 0.000000
1619612266722 -0.200675 0.800000 0.000000
1619612266823 -0.200675 0.800000 0.000000
1619612266923 -0.200675 0.800000 0.000000
1619612267024 -0.200675 0.800000 0.000000
1619612267125 -0.200675 0.800000 0.000000
1619612267226 -0.200675 0.800000 0.000000
1619612267327 -0.200675 0.800000 0.000000
1619612267428 -0.200675 0.800000 0.000000
1619612267529 -0.200675 0.800000 0.000000
1619612267630 -0.200675 0.800000 0.000000
1619612267731 -0.200675 0.800000 0.000000
1619612267832 -0.200675 0.800000 0.000000
1619612267932 -0.200675 0.800000 0.000000
1619612268033 -0.200675 0.800000 0.000000
1619612268134 -0.200675 0.800000 0.000000
1619612268235 -0.200675 0.800000 0.000000
1619612268336 -0.200675 0.800000 0.000000
1619612268436 -0.200675 0.800000 0.000000
1619612268537 -0.200675 0.800000 0.000000
1619612268638 -0.200675 0.800000 0.000000
1619612268739 -0.200675 0.800000 0.000000
1619612268840 -0.200675 0.800000 0.000000
1619612268941 -0.200675 0.800000 0.000000
1619612269042 -0.200675 0.800000 0.000000
1619612269142 -0.200675 0.800000 0.000000
1619612269243 -0.200675 0.800000 0.000000
1619612269344 -0.200675 0.800000 0.000000
1619612269445 -0.200675 0.800000 0.000000
1619612269546 -0.200675 0.800000 0.000000
1619612269647 -0.200675 0.800000 0.000000
1619612269748 -0.200675 0.800000 0.000000
1619612269849 -0.200675 0.800000 0.000000
1619612269950 -0.200675 0.800000 0.000000
1619612270051 -0.200675 0.800000 0.000000
1619612270151 -0.200675 0.800000 0.000000
1619612270252 -0.200675 0.800000 0.000000
1619612270353 -0.200675 0.800000 0.000000
1619612270454 -0.200675 0.800000 0.000000
1619612270555 -0.200675 0.800000 0.000000
1619612270655 -0.200675 0.800000 0.000000
1619612270756 -0.200675 0.800000 0.000000
1619612270857 -0.200675 0.800000 0.000000
1619612270958 -0.200675 0.800000 0.000000
1619612271059 -0.200675 0.800000 0.000000
1619612271160 -0.200675 0.800000 0.000000
1619612271261 -0.200675 0.800000 0.000000
1619612271361 -0.200675 0.800000 0.000000
1619612271462 -0.200675 0.800000 0.000000
1619612271563 -0.200675 0.800000 0.000000
1619612271664 -0.200675 0.800000 0.000000
1619612271765 -0.200675 0.800000 0.000000
1619612271865 -0.200675 0.800000 0.000000
1619612271966 -0.200675 0.800000 0.000000
1619612272067 -0.200675 0.800000 0.000000
1619612272168 -0.200675 0.800000 0.000000
1619612272269 -0.200675 0.800000 0.000000
1619612272370 -0.200675 0.800000 0.000000
1619612272470 -0.200675 0.800000 0.000000
1619612272571 -0.200675 0.800000 0.000000
1619612272672 -0.200675 0.800000 0.000000
1619612272773 -0.200675 0.800000 0.000000
1619612272874 -0.200675 0.800000 0.000000
1619612272975 -0.200675 0.800000 0.000000
1619612273076 -0.200675 0.800000 0.000000
1619612273177 -0.200675 0.800000 0.000000
1619612273278 -0.200675 0.800000 0.000000
1619612273378 -0.200675 0.800000 0.000000
1619612273479 -0.200675 0.800000 0.000000
1619612273580 -0.200675 0.800000 0.000000
1619612273681 -0.200675 0.800000 0.000000
1619612273782 -0.200675 0.800000 0.000000
1619612273883 -0.200675 0.800000 0.000000
1619612273983 -0.200675 0.800000 0.000000
1619612274084 -0.200675 0.800000 0.000000
1619612274185 -0.200675 0.800000 0.000000
1619612274286 -0.200675 0.800000 0.000000
1619612274387 -0.200675 0.800000 0.000000
1619612274488 -0.200675 0.800000 0.000000
1619612274589 -0.200675 0.800000 0.000000
1619612274690 -0.200675 0.800000 0.000000
1619612274791 -0.200675 0.800000 0.000000
1619612274891 -0.200675 0.800000 0.000000
1619612274992 -0.200675 0.800000 0.000000
1619612275093 -0.200675 0.800000 0.000000
1619612275194 -0.200675 0.800000 0.000000
1619612275294 -0.200675 0.800000 0.000000
1619612275395 -0.200675 0.800000 0.000000
1619612275496 -0.200675 0.800000 0.000000
1619612275597 -0.200675 0.800000 0.000000
1619612275698 -0.200675 0.800000 0.000000
1619612275798 -0.200675 0.800000 0.000000
1619612275899 -0.200675 0.800000 0.000000
1619612276000 -0.200675 0.800000 0.000000
1619612276101 -0.200675 0.800000 0.000000
1619612276202 -0.200675 0.800000 0.000000
1619612276303 -0.200675 0.800000 0.000000
1619612276403 -0.200675 0.800000 0.000000
1619612276504 -0.200675 0.800000 0.000000
1619612276605 -0.200675 0.800000 0.000000
1619612276706 -0.200675 0.800000 0.000000
1619612276807 -0.200675 0.800000 0.000000
1619612276908 -0.200675 0.800000 0.000000
1619612277008 -0.200675 0.800000 0.000000
1619612277109 -0.200675 0.800000 0.000000
1619612277210 -0.200675 0.800000 0.000000
1619612277311 -0.200675 0.800000 0.000000
1619612277412 -0.200675 0.800000 0.000000
1619612277513 -0.200675 0.800000 0.000000
1619612277614 -0.200675 0.800000 0.000000
1619612277714 -0.200675 0.800000 0.000000
1619612277815 -0.200675 0.800000 0.000000
1619612277916 -0.200675 0.800000 0.000000
1619612278017 -0.200675 0.800000 0.000000
1619612278118 -0.200675 0.800000 0.000000
1619612278219 -0.200675 0.800000 0.000000
1619612278320 -0.200675 0.800000 0.000000
1619612278420 -0.200675 0.800000 0.000000
1619612278522 -0.200675 0.800000 0.000000
1619612278622 -0.200675 0.800000 0.000000
1619612278723 -0.200675 0.800000 0.000000
1619612278824 -0.200675 0.800000 0.000000
1619612278925 -0.200675 0.800000 0.000000
1619612279026 -0.200675 0.800000 0.000000
1619612279127 -0.200675 0.800000 0.000000
1619612279228 -0.200675 0.800000 0.000000
1619612279329 -0.200675 0.800000 0.000000
1619612279430 -0.200675 0.800000 0.000000
1619612279531 -0.200675 0.800000 0.000000
1619612279631 -0.200675 0.800000 0.000000
1619612279732 -0.200675 0.800000 0.000000
1619612279833 -0.200675 0.800000 0.000000
1619612279934 -0.200675 0.800000 0.000000
1619612280035 -0.200675 0.800000 0.000000
1619612280136 -0.200675 0.800000 0.000000
1619612280236 -0.200675 0.800000 0.000000
1619612280337 -0.200675 0.800000 0.000000
1619612280438 -0.200675 0.800000 0.000000
1619612280539 -0.200675 0.800000 0.000000
1619612280640 -0.200675 0.800000 0.000000
1619612280740 -0.200675 0.800000 0.000000
1619612280841 -0.200675 0.800000 0.000000
1619612280942 -0.200675 0.800000 0.000000
1619612281043 -0.200675 0.800000 0.000000
1619612281144 -0.200675 0.800000 0.000000
1619612281245 -0.200675 0.800000 0.000000
1619612281346 -0.200675 0.800000 0.000000
1619612281446 -0.200675 0.800000 0.000000
1619612281547 -0.200675 0.800000 0.000000
1619612281648 -0.200675 0.800000 0.000000
1619612281749 -0.200675 0.800000 0.000000
1619612281850 -0.200675 0.800000 0.000000
1619612281951 -0.200675 0.800000 0.000000
1619612282052 -0.200675 0.800000 0.000000
1619612282152 -0.200675 0.800000 0.000000
1619612282253 -0.200675 0.800000 0.000000
1619612282354 -0.200675 0.800000 0.000000
1619612282455 -0.200675 0.800000 0.000000
1619612282556 -0.200675 0.800000 0.000000
1619612282657 -0.200675 0.800000 0.000000
1619612282757 -0.200675 0.800000 0.000000
1619612282858 -0.200675 0.800000 0.000000
1619612282959 -0.200675 0.800000 0.000000
1619612283060 -0.200675 0.800000 0.000000
1619612283161 -0.200675 0.800000 0.000000
1619612283262 -0.200675 0.800000 0.000000
1619612283362 -0.200675 0.800000 0.000000
1619612283463 -0.200675 0.800000 0.000000
1619612283564 -0.200675 0.800000 0.000000
1619612283665 -0.200675 0.800000 0.000000
1619612283766 -0.200675 0.800000 0.000000
1619612283867 -0.200675 0.800000 0.000000
1619612283968 -0.200675 0.800000 0.000000
1619612284069 -0.200675 0.800000 0.000000
1619612284170 -0.200675 0.800000 0.000000
1619612284270 -0.200675 0.800000 0.000000
1619612284371 -0.200675 0.800000 0.000000
1619612284472 -0.200675 0.800000 0.000000
1619612284573 -0.200675 0.800000 0.000000
1619612284674 -0.200675 0.800000 0.000000
1619612284774 -0.200675 0.800000 0.000000
1619612284875 -0.200675 0.800000 0.000000
1619612284976 -0.200675 0.800000 0.000000
1619612285077 -0.200675 0.800000 0.000000
1619612285178 -0.200675 0.800000 0.000000
1619612285279 -0.200675 0.800000 0.000000
1619612285379 -0.200675 0.800000 0.000000
1619612285480 -0.200675 0.800000 0.000000
1619612285581 -0.200675 0.800000 0.000000
1619612285682 -0.200675 0.800000 0.000000
1619612285783 -0.200675 0.800000 0.000000
1619612285883 -0.200675 0.800000 0.000000
1619612285984 -0.200675 0.800000 0.000000
1619612286086 -0.200675 0.800000 0.000000
1619612286186 -0.200675 0.800000 0.000000
1619612286287 -0.200675 0.800000 0.000000
1619612286388 -0.200675 0.800000 0.000000
1619612286489 -0.200675 0.800000 0.000000
1619612286590 -0.200675 0.800000 0.000000
1619612286691 -0.200675 0.800000 0.000000
1619612286791 -0.200675 0.800000 0.000000
1619612286892 -0.200675 0.800000 0.000000
1619612286993 -0.200675 0.800000 0.000000
1619612287094 -0.200675 0.800000 0.000000
1619612287195 -0.200675 0.800000 0.000000
1619612287295 -0.200675 0.800000 0.000000
1619612287396 -0.200675 0.800000 0.000000
1619612287497 -0.200675 0.800000 0.000000
1619612287598 -0.200675 0.800000 0.000000
1619612287699 -0.200675 0.800000 0.000000
1619612287799 -0.200675 0.800000 0.000000
1619612287900 -0.200675 0.800000 0.000000
1619612288002 -0.200675 0.800000 0.000000
1619612288103 -0.200675 0.800000 0.000000
1619612288204 -0.200675 0.800000 0.000000
1619612288304 -0.200675 0.800000 0.000000
1619612288405 -0.200675 0.800000 0.000000
1619612288506 -0.200675 0.800000 0.000000
1619612288607 -0.200675 0.800000 0.000000
1619612288708 -0.200675 0.800000 0.000000
1619612288809 -0.200675 0.800000 0.000000
1619612288910 -0.200675 0.800000 0.000000
1619612289011 -0.200675 0.800000 0.000000
1619612289111 -0.200675 0.800000 0.000000
1619612289212 -0.200675 0.800000 0.000000
1619612289313 -0.200675 0.800000 0.000000
1619612289414 -0.200675 0.800000 0.000000
1619612289515 -0.200675 0.800000 0.000000
1619612289616 -0.200675 0.800000 0.000000
