1619610688733,0.405,0,0,0,0,-0.58
1619610688753,0.394,0,0,0,0,-0.566
1619610688773,0.398,0,0,0,0,-0.547
1619610688803,0.398,0,0,0,0,-0.547
1619610688813,0.398,0,0,0,0,-0.525
1619610688833,0.398,0,0,0,0,-0.525
1619610688853,0.394,0,0,0,0,-0.542
1619610688873,0.394,0,0,0,0,-0.561
1619610688894,0.408,0,0,0,0,-0.559
1619610688913,0.398,0,0,0,0,-0.555
1619610688933,0.391,0,0,0,0,-0.576
1619610688954,0.398,0,0,0,0,-0.583
1619610688973,0.398,0,0,0,0,-0.571
1619610688993,0.405,0,0,0,0,-0.575
1619610689013,0.394,0,0,0,0,-0.58
1619610689033,0.401,0,0,0,0,-0.598
1619610689053,0.401,0,0,0,0,-0.598
1619610689073,0.381,0,0,0,0,-0.648
1619610689094,0.398,0,0,0,0,-0.666
1619610689113,0.398,0,0,0,0,-0.668
1619610689133,0.398,0,0,0,0,-0.646
1619610689153,0.398,0,0,0,0,-0.643
1619610689173,0.405,0,0,0,0,-0.625
1619610689194,0.387,0,0,0,0,-0.611
1619610689213,0.398,0,0,0,0,-0.58
1619610689233,0.398,0,0,0,0,-0.565
1619610689253,0.405,0,0,0,0,-0.558
1619610689273,0.398,0,0,0,0,-0.559
1619610689294,0.408,0,0,0,0,-0.552
1619610689313,0.405,0,0,0,0,-0.548
1619610689333,0.405,0,0,0,0,-0.548
1619610689353,0.387,0,0,0,0,-0.548
1619610689373,0.394,0,0,0,0,-0.543
1619610689393,0.398,0,0,0,0,-0.545
1619610689413,0.398,0,0,0,0,-0.548
1619610689433,0.411,0,0,0,0,-0.558
1619610689453,0.394,0,0,0,0,-0.563
1619610689473,0.411,0,0,0,0,-0.569
1619610689494,0.381,0,0,0,0,-0.557
1619610689513,0.398,0,0,0,0,-0.555
1619610689533,0.394,0,0,0,0,-0.556
1619610689553,0.398,0,0,0,0,-0.531
1619610689573,0.398,0,0,0,0,-0.506
1619610689593,0.394,0,0,0,0,-0.522
1619610689613,0.411,0,0,0,0,-0.548
1619610689633,0.411,0,0,0,0,-0.548
1619610689653,0.374,0,0,0,0,-0.573
1619610689673,0.394,0,0,0,0,-0.59
1619610689694,0.398,0,0,0,0,-0.579
1619610689713,0.394,0,0,0,0,-0.577
1619610689733,0.401,0,0,0,0,-0.557
1619610689753,0.398,0,0,0,0,-0.558
1619610689773,0.398,0,0,0,0,-0.562
1619610689793,0.398,0,0,0,0,-0.551
1619610689813,0.394,0,0,0,0,-0.55
1619610689833,0.405,0,0,0,0,-0.557
1619610689853,0.394,0,0,0,0,-0.551
1619610689873,0.401,0,0,0,0,-0.555
1619610689893,0.401,0,0,0,0,-0.555
1619610689913,0.391,0,0,0,0,-0.584
1619610689933,0.394,0,0,0,0,-0.619
1619610689953,0.391,0,0,0,0,-0.63
1619610689973,0.398,0,0,0,0,-0.635
1619610689993,0.398,0,0,0,0,-0.622
1619610690013,0.405,0,0,0,0,-0.597
1619610690033,0.394,0,0,0,0,-0.58
1619610690053,0.394,0,0,0,0,-0.551
1619610690073,0.398,0,0,0,0,-0.518
1619610690093,0.401,0,0,0,0,-0.517
1619610690113,0.401,0,0,0,0,-0.491
1619610690133,0.401,0,0,0,0,-0.472
1619610690153,0.401,0,0,0,0,-0.472
1619610690173,0.394,0,0,0,0,-0.518
1619610690193,0.394,0,0,0,0,-0.506
1619610690213,0.398,0,0,0,0,-0.508
1619610690233,0.394,0,0,0,0,-0.509
1619610690253,0.394,0,0,0,0,-0.524
1619610690273,0.401,0,0,0,0,-0.521
1619610690293,0.408,0,0,0,0,-0.476
1619610690313,0.384,0,0,0,0,-0.471
1619610690333,0.398,0,0,0,0,-0.503
1619610690353,0.398,0,0,0,0,-0.506
1619610690373,0.398,0,0,0,0,-0.523
1619610690393,0.398,0,0,0,0,-0.53
1619610690413,0.394,0,0,0,0,-0.551
1619610690433,0.405,0,0,0,0,-0.571
1619610690453,0.405,0,0,0,0,-0.571
1619610690473,0.384,0,0,0,0,-0.542
1619610690493,0.398,0,0,0,0,-0.525
1619610690513,0.394,0,0,0,0,-0.532
1619610690533,0.398,0,0,0,0,-0.551
1619610690553,0.394,0,0,0,0,-0.543
1619610690573,0.394,0,0,0,0,-0.54
1619610690593,0.415,0,0,0,0,-0.547
1619610690613,0.377,0,0,0,0,-0.568
1619610690633,0.394,0,0,0,0,-0.599
1619610690653,0.408,0,0,0,0,-0.577
1619610690673,0.398,0,0,0,0,-0.554
1619610690693,0.398,0,0,0,0,-0.513
1619610690713,0.418,0,0,0,0,-0.516
1619610690733,0.418,0,0,0,0,-0.516
1619610690753,0.374,0,0,0,0,-0.513
1619610690773,0.394,0,0,0,0,-0.512
1619610690793,0.398,0,0,0,0,-0.535
1619610690813,0.394,0,0,0,0,-0.558
1619610690833,0.398,0,0,0,0,-0.575
1619610690853,0.398,0,0,0,0,-0.594
1619610690873,0.394,0,0,0,0,-0.598
1619610690893,0.401,0,0,0,0,-0.588
1619610690913,0.405,0,0,0,0,-0.565
1619610690933,0.408,0,0,0,0,-0.552
1619610690953,0.387,0,0,0,0,-0.539
1619610690973,0.387,0,0,0,0,-0.539
1619610690993,0.401,0,0,0,0,-0.528
1619610691013,0.398,0,0,0,0,-0.508
1619610691033,0.398,0,0,0,0,-0.48
1619610691053,0.394,0,0,0,0,-0.484
1619610691073,0.394,0,0,0,0,-0.523
1619610691093,0.398,0,0,0,0,-0.553
1619610691123,0.401,0,0,0,0,-0.577
1619610691133,0.387,0,0,0,0,-0.573
1619610691153,0.398,0,0,0,0,-0.571
1619610691173,0.387,0,0,0,0,-0.578
1619610691193,0.398,0,0,0,0,-0.556
1619610691223,0.398,0,0,0,0,-0.546
1619610691233,0.405,0,0,0,0,-0.548
1619610691253,0.405,0,0,0,0,-0.548
1619610691273,0.387,0,0,0,0,-0.539
1619610691293,0.398,0,0,0,0,-0.521
1619610691315,0.394,0,0,0,0,-0.528
1619610691333,0.405,0,0,0,0,-0.522
1619610691353,0.394,0,0,0,0,-0.508
1619610691373,0.398,0,0,0,0,-0.522
1619610691393,0.408,0,0,0,0,-0.522
1619610691413,0.387,0,0,0,0,-0.495
1619610691433,0.394,0,0,0,0,-0.505
1619610691453,0.398,0,0,0,0,-0.475
1619610691473,0.398,0,0,0,0,-0.478
1619610691493,0.394,0,0,0,0,-0.462
1619610691514,0.394,0,0,0,0,-0.462
1619610691533,0.394,0,0,0,0,-0.491
1619610691553,0.408,0,0,0,0,-0.506
1619610691573,0.384,0,0,0,0,-0.506
1619610691593,0.398,0,0,0,0,-0.485
1619610691615,0.401,0,0,0,0,-0.48
1619610691633,0.394,0,0,0,0,-0.495
1619610691653,0.394,0,0,0,0,-0.535
1619610691673,0.398,0,0,0,0,-0.556
1619610691693,0.415,0,0,0,0,-0.58
1619610691714,0.381,0,0,0,0,-0.596
1619610691733,0.394,0,0,0,0,-0.609
1619610691753,0.401,0,0,0,0,-0.627
1619610691773,0.394,0,0,0,0,-0.638
1619610691793,0.394,0,0,0,0,-0.638
1619610691813,0.394,0,0,0,0,-0.616
1619610691833,0.398,0,0,0,0,-0.613
1619610691853,0.401,0,0,0,0,-0.612
1619610691873,0.398,0,0,0,0,-0.63
1619610691893,0.394,0,0,0,0,-0.646
1619610691914,0.394,0,0,0,0,-0.666
1619610691933,0.394,0,0,0,0,-0.678
1619610691953,0.394,0,0,0,0,-0.683
1619610691973,0.391,0,0,0,0,-0.679
1619610691993,0.398,0,0,0,0,-0.68
1619610692013,0.398,0,0,0,0,-0.651
1619610692033,0.398,0,0,0,0,-0.63
1619610692053,0.398,0,0,0,0,-0.63
1619610692073,0.394,0,0,0,0,-0.629
1619610692093,0.398,0,0,0,0,-0.618
1619610692113,0.391,0,0,0,0,-0.604
1619610692133,0.398,0,0,0,0,-0.597
1619610692153,0.401,0,0,0,0,-0.602
1619610692173,0.394,0,0,0,0,-0.599
1619610692193,0.398,0,0,0,0,-0.582
1619610692213,0.405,0,0,0,0,-0.553
1619610692233,0.394,0,0,0,0,-0.534
1619610692253,0.398,0,0,0,0,-0.531
1619610692273,0.401,0,0,0,0,-0.552
1619610692293,0.398,0,0,0,0,-0.551
1619610692313,0.398,0,0,0,0,-0.551
1619610692333,0.401,0,0,0,0,-0.558
1619610692353,0.398,0,0,0,0,-0.516
1619610692373,0.408,0,0,0,0,-0.486
1619610692393,0.384,0,0,0,0,-0.51
1619610692413,0.394,0,0,0,0,-0.519
1619610692433,0.398,0,0,0,0,-0.494
1619610692453,0.398,0,0,0,0,-0.466
1619610692473,0.398,0,0,0,0,-0.468
1619610692493,0.394,0,0,0,0,-0.488
1619610692513,0.408,0,0,0,0,-0.516
1619610692533,0.381,0,0,0,0,-0.534
1619610692553,0.398,0,0,0,0,-0.527
1619610692573,0.398,0,0,0,0,-0.517
1619610692593,0.398,0,0,0,0,-0.541
1619610692613,0.398,0,0,0,0,-0.541
1619610692633,0.394,0,0,0,0,-0.531
1619610692653,0.398,0,0,0,0,-0.52
1619610692673,0.415,0,0,0,0,-0.524
1619610692693,0.377,0,0,0,0,-0.551
1619610692713,0.398,0,0,0,0,-0.556
1619610692733,0.408,0,0,0,0,-0.534
1619610692753,0.398,0,0,0,0,-0.515
1619610692773,0.398,0,0,0,0,-0.518
1619610692793,0.411,0,0,0,0,-0.55
1619610692813,0.377,0,0,0,0,-0.563
1619610692833,0.398,0,0,0,0,-0.57
1619610692853,0.394,0,0,0,0,-0.568
1619610692873,0.394,0,0,0,0,-0.568
1619610692893,0.394,0,0,0,0,-0.543
1619610692913,0.398,0,0,0,0,-0.521
1619610692933,0.401,0,0,0,0,-0.495
1619610692953,0.391,0,0,0,0,-0.495
1619610692973,0.398,0,0,0,0,-0.521
1619610692993,0.394,0,0,0,0,-0.519
1619610693013,0.398,0,0,0,0,-0.516
1619610693033,0.391,0,0,0,0,-0.506
1619610693053,0.401,0,0,0,0,-0.511
1619610693073,0.387,0,0,0,0,-0.504
1619610693093,0.408,0,0,0,0,-0.533
1619610693113,0.398,0,0,0,0,-0.549
1619610693133,0.398,0,0,0,0,-0.549
1619610693153,0.394,0,0,0,0,-0.577
1619610693173,0.405,0,0,0,0,-0.587
1619610693193,0.405,0,0,0,0,-0.558
1619610693213,0.391,0,0,0,0,-0.521
1619610693233,0.394,0,0,0,0,-0.493
1619610693253,0.398,0,0,0,0,-0.478
1619610693273,0.398,0,0,0,0,-0.489
1619610693293,0.398,0,0,0,0,-0.501
1619610693313,0.405,0,0,0,0,-0.521
1619610693333,0.384,0,0,0,0,-0.528
1619610693353,0.394,0,0,0,0,-0.561
1619610693373,0.394,0,0,0,0,-0.572
1619610693393,0.394,0,0,0,0,-0.572
1619610693413,0.398,0,0,0,0,-0.563
1619610693434,0.398,0,0,0,0,-0.551
1619610693453,0.394,0,0,0,0,-0.537
1619610693473,0.408,0,0,0,0,-0.544
1619610693493,0.384,0,0,0,0,-0.528
1619610693513,0.398,0,0,0,0,-0.491
1619610693534,0.398,0,0,0,0,-0.462
1619610693553,0.401,0,0,0,0,-0.47
1619610693573,0.398,0,0,0,0,-0.482
1619610693593,0.398,0,0,0,0,-0.505
1619610693613,0.408,0,0,0,0,-0.52
1619610693635,0.384,0,0,0,0,-0.537
1619610693653,0.398,0,0,0,0,-0.556
1619610693673,0.394,0,0,0,0,-0.551
1619610693693,0.394,0,0,0,0,-0.551
1619610693713,0.394,0,0,0,0,-0.555
1619610693735,0.405,0,0,0,0,-0.541
1619610693753,0.401,0,0,0,0,-0.524
1619610693773,0.408,0,0,0,0,-0.495
1619610693793,0.377,0,0,0,0,-0.486
1619610693813,0.394,0,0,0,0,-0.5
1619610693834,0.394,0,0,0,0,-0.523
1619610693853,0.394,0,0,0,0,-0.529
1619610693873,0.405,0,0,0,0,-0.547
1619610693893,0.405,0,0,0,0,-0.573
1619610693913,0.394,0,0,0,0,-0.594
1619610693934,0.391,0,0,0,0,-0.636
1619610693953,0.401,0,0,0,0,-0.658
1619610693973,0.401,0,0,0,0,-0.658
1619610693993,0.394,0,0,0,0,-0.651
1619610694013,0.401,0,0,0,0,-0.647
1619610694035,0.401,0,0,0,0,-0.632
1619610694053,0.391,0,0,0,0,-0.637
1619610694073,0.398,0,0,0,0,-0.659
1619610694093,0.394,0,0,0,0,-0.644
1619610694113,0.401,0,0,0,0,-0.63
1619610694136,0.405,0,0,0,0,-0.607
1619610694153,0.401,0,0,0,0,-0.59
1619610694173,0.391,0,0,0,0,-0.565
1619610694193,0.398,0,0,0,0,-0.568
1619610694213,0.398,0,0,0,0,-0.568
1619610694234,0.394,0,0,0,0,-0.58
1619610694253,0.391,0,0,0,0,-0.587
1619610694273,0.398,0,0,0,0,-0.58
1619610694293,0.398,0,0,0,0,-0.591
1619610694313,0.387,0,0,0,0,-0.571
1619610694334,0.398,0,0,0,0,-0.561
1619610694353,0.394,0,0,0,0,-0.522
1619610694373,0.394,0,0,0,0,-0.52
1619610694393,0.408,0,0,0,0,-0.525
1619610694413,0.394,0,0,0,0,-0.518
1619610694433,0.405,0,0,0,0,-0.558
1619610694453,0.387,0,0,0,0,-0.573
1619610694473,0.398,0,0,0,0,-0.572
1619610694493,0.398,0,0,0,0,-0.572
1619610694513,0.398,0,0,0,0,-0.583
1619610694533,0.394,0,0,0,0,-0.607
1619610694553,0.401,0,0,0,0,-0.609
1619610694573,0.394,0,0,0,0,-0.585
1619610694593,0.415,0,0,0,0,-0.558
1619610694613,0.387,0,0,0,0,-0.539
1619610694633,0.394,0,0,0,0,-0.52
1619610694653,0.394,0,0,0,0,-0.536
1619610694673,0.398,0,0,0,0,-0.55
1619610694693,0.394,0,0,0,0,-0.567
1619610694713,0.398,0,0,0,0,-0.562
1619610694733,0.405,0,0,0,0,-0.534
1619610694753,0.381,0,0,0,0,-0.519
1619610694773,0.381,0,0,0,0,-0.519
1619610694793,0.394,0,0,0,0,-0.515
1619610694813,0.398,0,0,0,0,-0.509
1619610694833,0.391,0,0,0,0,-0.532
1619610694853,0.398,0,0,0,0,-0.556
1619610694873,0.418,0,0,0,0,-0.546
1619610694893,0.377,0,0,0,0,-0.545
1619610694913,0.394,0,0,0,0,-0.562
1619610694933,0.401,0,0,0,0,-0.576
1619610694953,0.398,0,0,0,0,-0.591
1619610694973,0.394,0,0,0,0,-0.598
1619610694993,0.401,0,0,0,0,-0.604
1619610695013,0.394,0,0,0,0,-0.6
1619610695033,0.394,0,0,0,0,-0.6
1619610695053,0.408,0,0,0,0,-0.602
1619610695073,0.398,0,0,0,0,-0.597
1619610695093,0.394,0,0,0,0,-0.591
1619610695113,0.398,0,0,0,0,-0.592
1619610695133,0.398,0,0,0,0,-0.608
1619610695153,0.398,0,0,0,0,-0.624
1619610695173,0.394,0,0,0,0,-0.597
1619610695193,0.405,0,0,0,0,-0.57
1619610695213,0.394,0,0,0,0,-0.537
1619610695233,0.394,0,0,0,0,-0.529
1619610695253,0.401,0,0,0,0,-0.522
1619610695273,0.394,0,0,0,0,-0.524
1619610695293,0.394,0,0,0,0,-0.524
1619610695313,0.398,0,0,0,0,-0.501
1619610695333,0.398,0,0,0,0,-0.503
1619610695353,0.394,0,0,0,0,-0.492
1619610695373,0.394,0,0,0,0,-0.499
1619610695393,0.405,0,0,0,0,-0.504
1619610695413,0.387,0,0,0,0,-0.507
1619610695433,0.391,0,0,0,0,-0.523
1619610695453,0.398,0,0,0,0,-0.556
1619610695473,0.405,0,0,0,0,-0.583
1619610695493,0.394,0,0,0,0,-0.573
1619610695513,0.394,0,0,0,0,-0.56
1619610695533,0.405,0,0,0,0,-0.544
1619610695553,0.394,0,0,0,0,-0.549
1619610695573,0.394,0,0,0,0,-0.549
1619610695593,0.394,0,0,0,0,-0.565
1619610695613,0.394,0,0,0,0,-0.562
1619610695633,0.401,0,0,0,0,-0.56
1619610695653,0.398,0,0,0,0,-0.53
1619610695673,0.398,0,0,0,0,-0.501
1619610695693,0.405,0,0,0,0,-0.499
1619610695713,0.387,0,0,0,0,-0.491
1619610695733,0.394,0,0,0,0,-0.489
1619610695753,0.398,0,0,0,0,-0.484
1619610695773,0.391,0,0,0,0,-0.49
1619610695793,0.394,0,0,0,0,-0.503
1619610695813,0.394,0,0,0,0,-0.533
1619610695833,0.411,0,0,0,0,-0.568
1619610695863,0.411,0,0,0,0,-0.568
1619610695873,0.401,0,0,0,0,-0.566
1619610695893,0.401,0,0,0,0,-0.566
1619610695913,0.394,0,0,0,0,-0.566
1619610695933,0.398,0,0,0,0,-0.556
1619610695954,0.405,0,0,0,0,-0.572
1619610695973,0.391,0,0,0,0,-0.596
1619610695993,0.394,0,0,0,0,-0.605
1619610696013,0.398,0,0,0,0,-0.641
1619610696033,0.401,0,0,0,0,-0.623
1619610696053,0.398,0,0,0,0,-0.588
1619610696073,0.405,0,0,0,0,-0.556
1619610696093,0.405,0,0,0,0,-0.556
1619610696113,0.391,0,0,0,0,-0.542
1619610696133,0.387,0,0,0,0,-0.535
1619610696153,0.401,0,0,0,0,-0.533
1619610696173,0.394,0,0,0,0,-0.502
1619610696193,0.398,0,0,0,0,-0.502
1619610696213,0.401,0,0,0,0,-0.525
1619610696233,0.391,0,0,0,0,-0.538
1619610696253,0.384,0,0,0,0,-0.568
1619610696273,0.394,0,0,0,0,-0.585
1619610696293,0.398,0,0,0,0,-0.591
1619610696313,0.394,0,0,0,0,-0.562
1619610696333,0.405,0,0,0,0,-0.516
1619610696355,0.405,0,0,0,0,-0.516
1619610696373,0.398,0,0,0,0,-0.483
1619610696393,0.391,0,0,0,0,-0.479
1619610696413,0.398,0,0,0,0,-0.479
1619610696433,0.405,0,0,0,0,-0.48
1619610696454,0.398,0,0,0,0,-0.491
1619610696473,0.405,0,0,0,0,-0.543
1619610696493,0.384,0,0,0,0,-0.551
1619610696513,0.394,0,0,0,0,-0.56
1619610696533,0.394,0,0,0,0,-0.579
1619610696554,0.394,0,0,0,0,-0.598
1619610696573,0.394,0,0,0,0,-0.588
1619610696593,0.405,0,0,0,0,-0.551
1619610696613,0.398,0,0,0,0,-0.524
1619610696633,0.398,0,0,0,0,-0.524
1619610696654,0.384,0,0,0,0,-0.523
1619610696673,0.398,0,0,0,0,-0.516
1619610696693,0.394,0,0,0,0,-0.527
1619610696713,0.405,0,0,0,0,-0.545
1619610696733,0.394,0,0,0,0,-0.555
1619610696753,0.408,0,0,0,0,-0.586
1619610696773,0.398,0,0,0,0,-0.589
1619610696793,0.394,0,0,0,0,-0.556
1619610696813,0.387,0,0,0,0,-0.558
1619610696833,0.405,0,0,0,0,-0.554
1619610696853,0.401,0,0,0,0,-0.52
1619610696873,0.405,0,0,0,0,-0.509
1619610696893,0.411,0,0,0,0,-0.539
1619610696913,0.411,0,0,0,0,-0.539
1619610696933,0.377,0,0,0,0,-0.541
1619610696953,0.398,0,0,0,0,-0.538
1619610696973,0.394,0,0,0,0,-0.52
1619610696993,0.394,0,0,0,0,-0.525
1619610697013,0.398,0,0,0,0,-0.529
1619610697033,0.401,0,0,0,0,-0.53
1619610697053,0.394,0,0,0,0,-0.526
1619610697073,0.391,0,0,0,0,-0.544
1619610697093,0.394,0,0,0,0,-0.571
1619610697113,0.394,0,0,0,0,-0.581
1619610697133,0.398,0,0,0,0,-0.565
1619610697153,0.398,0,0,0,0,-0.574
1619610697173,0.398,0,0,0,0,-0.574
1619610697193,0.394,0,0,0,0,-0.573
1619610697213,0.394,0,0,0,0,-0.574
1619610697233,0.398,0,0,0,0,-0.579
1619610697253,0.394,0,0,0,0,-0.578
1619610697273,0.401,0,0,0,0,-0.569
1619610697293,0.401,0,0,0,0,-0.541
1619610697313,0.391,0,0,0,0,-0.533
1619610697333,0.408,0,0,0,0,-0.539
1619610697353,0.394,0,0,0,0,-0.544
1619610697373,0.398,0,0,0,0,-0.55
1619610697393,0.398,0,0,0,0,-0.55
1619610697413,0.401,0,0,0,0,-0.558
1619610697433,0.401,0,0,0,0,-0.558
1619610697453,0.394,0,0,0,0,-0.555
1619610697473,0.394,0,0,0,0,-0.531
1619610697493,0.394,0,0,0,0,-0.525
1619610697513,0.398,0,0,0,0,-0.492
1619610697533,0.398,0,0,0,0,-0.467
1619610697553,0.401,0,0,0,0,-0.469
1619610697573,0.387,0,0,0,0,-0.477
1619610697593,0.394,0,0,0,0,-0.469
1619610697613,0.398,0,0,0,0,-0.488
1619610697633,0.398,0,0,0,0,-0.483
1619610697653,0.394,0,0,0,0,-0.489
1619610697673,0.394,0,0,0,0,-0.52
1619610697693,0.411,0,0,0,0,-0.57
1619610697713,0.411,0,0,0,0,-0.57
1619610697733,0.384,0,0,0,0,-0.574
1619610697753,0.394,0,0,0,0,-0.566
1619610697773,0.405,0,0,0,0,-0.572
1619610697793,0.398,0,0,0,0,-0.545
1619610697813,0.398,0,0,0,0,-0.559
1619610697833,0.401,0,0,0,0,-0.564
1619610697853,0.411,0,0,0,0,-0.594
1619610697873,0.377,0,0,0,0,-0.61
1619610697893,0.398,0,0,0,0,-0.616
1619610697913,0.394,0,0,0,0,-0.613
1619610697933,0.391,0,0,0,0,-0.616
1619610697953,0.394,0,0,0,0,-0.652
1619610697973,0.398,0,0,0,0,-0.678
1619610697993,0.415,0,0,0,0,-0.619
1619610698013,0.415,0,0,0,0,-0.619
1619610698033,0.377,0,0,0,0,-0.589
1619610698053,0.405,0,0,0,0,-0.573
1619610698073,0.394,0,0,0,0,-0.571
1619610698093,0.394,0,0,0,0,-0.573
1619610698113,0.391,0,0,0,0,-0.585
1619610698133,0.401,0,0,0,0,-0.582
1619610698153,0.398,0,0,0,0,-0.572
1619610698173,0.394,0,0,0,0,-0.576
1619610698193,0.398,0,0,0,0,-0.587
1619610698213,0.391,0,0,0,0,-0.599
1619610698233,0.391,0,0,0,0,-0.623
1619610698253,0.401,0,0,0,0,-0.621
1619610698274,0.401,0,0,0,0,-0.621
1619610698293,0.394,0,0,0,0,-0.587
1619610698313,0.398,0,0,0,0,-0.566
1619610698333,0.398,0,0,0,0,-0.543
1619610698353,0.405,0,0,0,0,-0.544
1619610698375,0.394,0,0,0,0,-0.553
1619610698393,0.401,0,0,0,0,-0.608
1619610698413,0.387,0,0,0,0,-0.623
1619610698433,0.398,0,0,0,0,-0.632
1619610698453,0.394,0,0,0,0,-0.622
1619610698473,0.398,0,0,0,0,-0.614
1619610698493,0.398,0,0,0,0,-0.639
1619610698513,0.401,0,0,0,0,-0.661
1619610698533,0.401,0,0,0,0,-0.661
1619610698553,0.387,0,0,0,0,-0.658
1619610698574,0.398,0,0,0,0,-0.666
1619610698593,0.398,0,0,0,0,-0.672
1619610698613,0.394,0,0,0,0,-0.675
1619610698633,0.398,0,0,0,0,-0.648
1619610698653,0.394,0,0,0,0,-0.602
1619610698674,0.408,0,0,0,0,-0.583
1619610698693,0.391,0,0,0,0,-0.554
1619610698713,0.394,0,0,0,0,-0.525
1619610698733,0.394,0,0,0,0,-0.525
1619610698753,0.401,0,0,0,0,-0.47
1619610698775,0.401,0,0,0,0,-0.454
1619610698793,0.401,0,0,0,0,-0.454
1619610698813,0.411,0,0,0,0,-0.508
1619610698833,0.411,0,0,0,0,-0.508
1619610698853,0.384,0,0,0,0,-0.514
1619610698873,0.398,0,0,0,0,-0.501
1619610698893,0.401,0,0,0,0,-0.497
1619610698913,0.401,0,0,0,0,-0.488
1619610698933,0.408,0,0,0,0,-0.482
1619610698953,0.398,0,0,0,0,-0.475
1619610698974,0.408,0,0,0,0,-0.486
1619610698993,0.387,0,0,0,0,-0.495
1619610699013,0.394,0,0,0,0,-0.5
1619610699033,0.394,0,0,0,0,-0.502
1619610699053,0.394,0,0,0,0,-0.503
1619610699073,0.394,0,0,0,0,-0.509
1619610699093,0.405,0,0,0,0,-0.587
1619610699113,0.405,0,0,0,0,-0.587
1619610699133,0.381,0,0,0,0,-0.624
1619610699153,0.405,0,0,0,0,-0.594
1619610699173,0.405,0,0,0,0,-0.548
1619610699193,0.394,0,0,0,0,-0.508
1619610699213,0.405,0,0,0,0,-0.508
1619610699233,0.398,0,0,0,0,-0.524
1619610699253,0.391,0,0,0,0,-0.555
1619610699273,0.391,0,0,0,0,-0.57
1619610699293,0.398,0,0,0,0,-0.56
1619610699313,0.394,0,0,0,0,-0.545
1619610699333,0.394,0,0,0,0,-0.561
1619610699353,0.401,0,0,0,0,-0.549
1619610699373,0.401,0,0,0,0,-0.549
1619610699393,0.391,0,0,0,0,-0.536
1619610699413,0.394,0,0,0,0,-0.527
1619610699433,0.398,0,0,0,0,-0.544
1619610699453,0.398,0,0,0,0,-0.54
1619610699473,0.401,0,0,0,0,-0.532
1619610699493,0.408,0,0,0,0,-0.538
1619610699513,0.387,0,0,0,0,-0.537
1619610699533,0.405,0,0,0,0,-0.519
1619610699553,0.398,0,0,0,0,-0.506
1619610699573,0.398,0,0,0,0,-0.502
1619610699593,0.398,0,0,0,0,-0.517
1619610699613,0.405,0,0,0,0,-0.534
1619610699633,0.405,0,0,0,0,-0.534
1619610699653,0.387,0,0,0,0,-0.533
1619610699673,0.398,0,0,0,0,-0.545
1619610699693,0.394,0,0,0,0,-0.545
1619610699713,0.394,0,0,0,0,-0.545
1619610699733,0.398,0,0,0,0,-0.536
1619610699753,0.394,0,0,0,0,-0.526
1619610699773,0.401,0,0,0,0,-0.501
1619610699793,0.387,0,0,0,0,-0.51
1619610699813,0.394,0,0,0,0,-0.537
1619610699833,0.394,0,0,0,0,-0.531
1619610699853,0.394,0,0,0,0,-0.53
1619610699873,0.405,0,0,0,0,-0.517
1619610699893,0.394,0,0,0,0,-0.54
1619610699913,0.408,0,0,0,0,-0.556
1619610699933,0.408,0,0,0,0,-0.556
1619610699953,0.381,0,0,0,0,-0.551
1619610699973,0.398,0,0,0,0,-0.55
1619610699993,0.401,0,0,0,0,-0.566
1619610700013,0.398,0,0,0,0,-0.57
1619610700033,0.405,0,0,0,0,-0.572
1619610700053,0.411,0,0,0,0,-0.566
1619610700073,0.384,0,0,0,0,-0.526
1619610700093,0.398,0,0,0,0,-0.507
1619610700113,0.398,0,0,0,0,-0.468
1619610700133,0.398,0,0,0,0,-0.504
1619610700153,0.401,0,0,0,0,-0.497
1619610700173,0.398,0,0,0,0,-0.499
1619610700193,0.398,0,0,0,0,-0.499
1619610700213,0.394,0,0,0,0,-0.509
1619610700233,0.391,0,0,0,0,-0.51
1619610700253,0.394,0,0,0,0,-0.517
1619610700273,0.398,0,0,0,0,-0.524
1619610700293,0.394,0,0,0,0,-0.537
1619610700313,0.398,0,0,0,0,-0.54
1619610700333,0.391,0,0,0,0,-0.535
1619610700353,0.394,0,0,0,0,-0.534
1619610700373,0.394,0,0,0,0,-0.551
1619610700393,0.394,0,0,0,0,-0.579
1619610700413,0.394,0,0,0,0,-0.601
1619610700433,0.408,0,0,0,0,-0.646
1619610700453,0.408,0,0,0,0,-0.646
1619610700473,0.387,0,0,0,0,-0.668
1619610700495,0.394,0,0,0,0,-0.685
1619610700513,0.401,0,0,0,0,-0.653
1619610700533,0.405,0,0,0,0,-0.619
1619610700553,0.394,0,0,0,0,-0.587
1619610700573,0.411,0,0,0,0,-0.623
1619610700594,0.394,0,0,0,0,-0.636
1619610700613,0.398,0,0,0,0,-0.615
1619610700633,0.405,0,0,0,0,-0.58
1619610700653,0.398,0,0,0,0,-0.543
1619610700673,0.398,0,0,0,0,-0.534
1619610700693,0.398,0,0,0,0,-0.565
1619610700713,0.405,0,0,0,0,-0.573
1619610700733,0.405,0,0,0,0,-0.573
1619610700753,0.387,0,0,0,0,-0.558
1619610700773,0.398,0,0,0,0,-0.542
1619610700793,0.398,0,0,0,0,-0.543
1619610700813,0.391,0,0,0,0,-0.574
1619610700833,0.394,0,0,0,0,-0.617
1619610700853,0.394,0,0,0,0,-0.625
1619610700873,0.408,0,0,0,0,-0.597
1619610700894,0.384,0,0,0,0,-0.564
1619610700913,0.398,0,0,0,0,-0.562
1619610700933,0.398,0,0,0,0,-0.537
1619610700953,0.394,0,0,0,0,-0.527
1619610700973,0.394,0,0,0,0,-0.529
1619610700995,0.394,0,0,0,0,-0.541
1619610701013,0.415,0,0,0,0,-0.546
1619610701033,0.415,0,0,0,0,-0.546
1619610701053,0.377,0,0,0,0,-0.55
1619610701073,0.394,0,0,0,0,-0.554
1619610701093,0.398,0,0,0,0,-0.562
1619610701114,0.391,0,0,0,0,-0.574
1619610701133,0.394,0,0,0,0,-0.606
1619610701153,0.411,0,0,0,0,-0.634
1619610701173,0.384,0,0,0,0,-0.614
1619610701194,0.398,0,0,0,0,-0.578
1619610701213,0.398,0,0,0,0,-0.557
1619610701233,0.398,0,0,0,0,-0.519
1619610701253,0.398,0,0,0,0,-0.522
1619610701273,0.394,0,0,0,0,-0.563
1619610701294,0.394,0,0,0,0,-0.563
1619610701313,0.405,0,0,0,0,-0.577
1619610701333,0.394,0,0,0,0,-0.6
1619610701353,0.391,0,0,0,0,-0.605
1619610701373,0.401,0,0,0,0,-0.595
1619610701393,0.391,0,0,0,0,-0.618
1619610701413,0.401,0,0,0,0,-0.608
1619610701433,0.394,0,0,0,0,-0.575
1619610701453,0.398,0,0,0,0,-0.568
1619610701473,0.398,0,0,0,0,-0.558
1619610701493,0.401,0,0,0,0,-0.55
1619610701513,0.398,0,0,0,0,-0.526
1619610701533,0.401,0,0,0,0,-0.521
1619610701553,0.401,0,0,0,0,-0.521
1619610701573,0.391,0,0,0,0,-0.531
1619610701593,0.394,0,0,0,0,-0.541
1619610701613,0.398,0,0,0,0,-0.532
1619610701633,0.394,0,0,0,0,-0.512
1619610701653,0.398,0,0,0,0,-0.521
1619610701673,0.398,0,0,0,0,-0.531
1619610701693,0.384,0,0,0,0,-0.535
1619610701713,0.405,0,0,0,0,-0.542
1619610701733,0.398,0,0,0,0,-0.535
1619610701753,0.398,0,0,0,0,-0.528
1619610701773,0.394,0,0,0,0,-0.539
1619610701793,0.394,0,0,0,0,-0.545
1619610701813,0.411,0,0,0,0,-0.567
1619610701833,0.411,0,0,0,0,-0.567
1619610701853,0.387,0,0,0,0,-0.564
1619610701873,0.398,0,0,0,0,-0.53
1619610701893,0.398,0,0,0,0,-0.519
1619610701913,0.398,0,0,0,0,-0.528
1619610701933,0.394,0,0,0,0,-0.553
1619610701953,0.398,0,0,0,0,-0.567
1619610701973,0.408,0,0,0,0,-0.595
1619610701993,0.381,0,0,0,0,-0.621
1619610702013,0.398,0,0,0,0,-0.667
1619610702033,0.394,0,0,0,0,-0.649
1619610702053,0.405,0,0,0,0,-0.589
1619610702073,0.394,0,0,0,0,-0.542
1619610702093,0.398,0,0,0,0,-0.526
1619610702113,0.398,0,0,0,0,-0.526
1619610702133,0.411,0,0,0,0,-0.531
1619610702154,0.377,0,0,0,0,-0.545
1619610702173,0.398,0,0,0,0,-0.531
1619610702193,0.398,0,0,0,0,-0.506
1619610702213,0.394,0,0,0,0,-0.513
1619610702233,0.394,0,0,0,0,-0.514
1619610702253,0.394,0,0,0,0,-0.567
1619610702273,0.398,0,0,0,0,-0.616
1619610702293,0.398,0,0,0,0,-0.64
1619610702313,0.401,0,0,0,0,-0.637
1619610702333,0.394,0,0,0,0,-0.615
1619610702353,0.405,0,0,0,0,-0.564
1619610702373,0.405,0,0,0,0,-0.564
1619610702393,0.411,0,0,0,0,-0.465
1619610702413,0.394,0,0,0,0,-0.443
1619610702433,0.398,0,0,0,0,-0.474
1619610702453,0.398,0,0,0,0,-0.517
1619610702473,0.394,0,0,0,0,-0.537
1619610702493,0.394,0,0,0,0,-0.543
1619610702513,0.398,0,0,0,0,-0.522
1619610702533,0.391,0,0,0,0,-0.52
1619610702553,0.391,0,0,0,0,-0.524
1619610702573,0.398,0,0,0,0,-0.535
1619610702593,0.398,0,0,0,0,-0.55
1619610702614,0.394,0,0,0,0,-0.538
1619610702633,0.394,0,0,0,0,-0.538
1619610702653,0.398,0,0,0,0,-0.529
1619610702673,0.391,0,0,0,0,-0.521
1619610702693,0.398,0,0,0,0,-0.485
1619610702714,0.398,0,0,0,0,-0.464
1619610702733,0.394,0,0,0,0,-0.47
1619610702753,0.398,0,0,0,0,-0.471
1619610702773,0.405,0,0,0,0,-0.478
1619610702793,0.384,0,0,0,0,-0.481
1619610702814,0.394,0,0,0,0,-0.479
1619610702833,0.394,0,0,0,0,-0.481
1619610702853,0.398,0,0,0,0,-0.495
1619610702873,0.394,0,0,0,0,-0.499
1619610702893,0.394,0,0,0,0,-0.499
1619610702913,0.401,0,0,0,0,-0.498
1619610702933,0.408,0,0,0,0,-0.515
1619610702953,0.384,0,0,0,0,-0.511
1619610702973,0.394,0,0,0,0,-0.515
1619610702993,0.398,0,0,0,0,-0.503
1619610703014,0.394,0,0,0,0,-0.517
1619610703033,0.408,0,0,0,0,-0.515
1619610703053,0.401,0,0,0,0,-0.534
1619610703073,0.411,0,0,0,0,-0.566
1619610703093,0.381,0,0,0,0,-0.59
1619610703114,0.398,0,0,0,0,-0.628
1619610703133,0.398,0,0,0,0,-0.635
1619610703153,0.394,0,0,0,0,-0.629
1619610703173,0.398,0,0,0,0,-0.617
1619610703193,0.398,0,0,0,0,-0.617
1619610703215,0.398,0,0,0,0,-0.614
1619610703233,0.411,0,0,0,0,-0.628
1619610703253,0.381,0,0,0,0,-0.639
1619610703273,0.398,0,0,0,0,-0.633
1619610703293,0.398,0,0,0,0,-0.625
1619610703313,0.398,0,0,0,0,-0.626
1619610703333,0.401,0,0,0,0,-0.647
1619610703353,0.394,0,0,0,0,-0.676
1619610703373,0.394,0,0,0,0,-0.643
1619610703393,0.394,0,0,0,0,-0.603
1619610703414,0.398,0,0,0,0,-0.614
1619610703433,0.387,0,0,0,0,-0.644
1619610703453,0.387,0,0,0,0,-0.644
1619610703473,0.405,0,0,0,0,-0.632
1619610703493,0.394,0,0,0,0,-0.601
1619610703513,0.394,0,0,0,0,-0.58
1619610703533,0.398,0,0,0,0,-0.567
1619610703554,0.394,0,0,0,0,-0.572
1619610703573,0.398,0,0,0,0,-0.551
1619610703593,0.405,0,0,0,0,-0.535
1619610703613,0.401,0,0,0,0,-0.524
1619610703633,0.391,0,0,0,0,-0.515
1619610703653,0.398,0,0,0,0,-0.515
1619610703673,0.401,0,0,0,0,-0.514
1619610703693,0.398,0,0,0,0,-0.525
1619610703713,0.398,0,0,0,0,-0.525
1619610703733,0.398,0,0,0,0,-0.544
1619610703753,0.408,0,0,0,0,-0.56
1619610703773,0.391,0,0,0,0,-0.553
1619610703793,0.394,0,0,0,0,-0.521
1619610703813,0.408,0,0,0,0,-0.495
1619610703833,0.401,0,0,0,0,-0.483
1619610703853,0.387,0,0,0,0,-0.502
1619610703873,0.408,0,0,0,0,-0.52
1619610703893,0.384,0,0,0,0,-0.529
1619610703913,0.398,0,0,0,0,-0.524
1619610703933,0.394,0,0,0,0,-0.517
1619610703953,0.394,0,0,0,0,-0.523
1619610703973,0.394,0,0,0,0,-0.523
1619610703993,0.398,0,0,0,0,-0.513
1619610704013,0.398,0,0,0,0,-0.531
1619610704033,0.408,0,0,0,0,-0.541
1619610704053,0.384,0,0,0,0,-0.552
1619610704073,0.398,0,0,0,0,-0.552
1619610704093,0.405,0,0,0,0,-0.528
1619610704113,0.398,0,0,0,0,-0.529
1619610704133,0.394,0,0,0,0,-0.538
1619610704153,0.408,0,0,0,0,-0.544
1619610704173,0.387,0,0,0,0,-0.534
1619610704193,0.398,0,0,0,0,-0.528
1619610704213,0.394,0,0,0,0,-0.529
1619610704233,0.394,0,0,0,0,-0.529
1619610704253,0.394,0,0,0,0,-0.502
1619610704273,0.398,0,0,0,0,-0.492
1619610704293,0.408,0,0,0,0,-0.545
1619610704313,0.381,0,0,0,0,-0.564
1619610704333,0.394,0,0,0,0,-0.562
1619610704353,0.394,0,0,0,0,-0.543
1619610704373,0.398,0,0,0,0,-0.512
1619610704393,0.391,0,0,0,0,-0.498
1619610704413,0.398,0,0,0,0,-0.508
1619610704433,0.394,0,0,0,0,-0.511
1619610704453,0.398,0,0,0,0,-0.506
1619610704473,0.398,0,0,0,0,-0.503
1619610704493,0.398,0,0,0,0,-0.503
1619610704513,0.401,0,0,0,0,-0.516
1619610704533,0.398,0,0,0,0,-0.514
1619610704553,0.398,0,0,0,0,-0.528
1619610704573,0.394,0,0,0,0,-0.55
1619610704593,0.394,0,0,0,0,-0.555
1619610704613,0.398,0,0,0,0,-0.549
1619610704633,0.398,0,0,0,0,-0.539
1619610704653,0.405,0,0,0,0,-0.536
1619610704673,0.405,0,0,0,0,-0.508
1619610704693,0.391,0,0,0,0,-0.503
1619610704713,0.398,0,0,0,0,-0.514
1619610704733,0.398,0,0,0,0,-0.527
1619610704753,0.398,0,0,0,0,-0.527
1619610704773,0.394,0,0,0,0,-0.537
1619610704793,0.394,0,0,0,0,-0.533
1619610704813,0.405,0,0,0,0,-0.527
1619610704833,0.387,0,0,0,0,-0.517
1619610704853,0.394,0,0,0,0,-0.505
1619610704873,0.401,0,0,0,0,-0.489
1619610704893,0.398,0,0,0,0,-0.454
1619610704913,0.401,0,0,0,0,-0.446
1619610704934,0.405,0,0,0,0,-0.446
1619610704953,0.384,0,0,0,0,-0.482
1619610704973,0.398,0,0,0,0,-0.5
1619610704993,0.398,0,0,0,0,-0.5
1619610705013,0.394,0,0,0,0,-0.53
1619610705034,0.394,0,0,0,0,-0.547
1619610705053,0.408,0,0,0,0,-0.55
1619610705073,0.384,0,0,0,0,-0.537
1619610705093,0.394,0,0,0,0,-0.486
1619610705113,0.398,0,0,0,0,-0.483
1619610705133,0.394,0,0,0,0,-0.478
1619610705153,0.398,0,0,0,0,-0.523
1619610705173,0.408,0,0,0,0,-0.552
1619610705193,0.387,0,0,0,0,-0.554
1619610705213,0.398,0,0,0,0,-0.567
1619610705233,0.405,0,0,0,0,-0.551
1619610705253,0.405,0,0,0,0,-0.551
1619610705273,0.394,0,0,0,0,-0.554
1619610705293,0.398,0,0,0,0,-0.546
1619610705313,0.398,0,0,0,0,-0.56
1619610705334,0.415,0,0,0,0,-0.557
1619610705353,0.381,0,0,0,0,-0.574
1619610705373,0.391,0,0,0,0,-0.61
1619610705393,0.398,0,0,0,0,-0.595
1619610705413,0.401,0,0,0,0,-0.59
1619610705435,0.398,0,0,0,0,-0.607
1619610705453,0.394,0,0,0,0,-0.622
1619610705473,0.398,0,0,0,0,-0.623
1619610705493,0.398,0,0,0,0,-0.631
1619610705513,0.398,0,0,0,0,-0.631
1619610705533,0.398,0,0,0,0,-0.607
1619610705553,0.394,0,0,0,0,-0.587
1619610705573,0.401,0,0,0,0,-0.59
1619610705593,0.411,0,0,0,0,-0.601
1619610705613,0.377,0,0,0,0,-0.581
1619610705634,0.398,0,0,0,0,-0.587
1619610705656,0.394,0,0,0,0,-0.567
1619610705673,0.398,0,0,0,0,-0.526
1619610705693,0.391,0,0,0,0,-0.511
1619610705713,0.391,0,0,0,0,-0.526
1619610705734,0.408,0,0,0,0,-0.556
1619610705753,0.384,0,0,0,0,-0.568
1619610705773,0.398,0,0,0,0,-0.554
1619610705793,0.398,0,0,0,0,-0.554
1619610705813,0.394,0,0,0,0,-0.557
1619610705833,0.405,0,0,0,0,-0.548
1619610705853,0.398,0,0,0,0,-0.521
1619610705873,0.401,0,0,0,0,-0.539
1619610705893,0.391,0,0,0,0,-0.548
1619610705913,0.408,0,0,0,0,-0.54
1619610705933,0.398,0,0,0,0,-0.538
1619610705953,0.394,0,0,0,0,-0.551
1619610705973,0.394,0,0,0,0,-0.584
1619610705993,0.394,0,0,0,0,-0.593
1619610706013,0.408,0,0,0,0,-0.593
1619610706033,0.391,0,0,0,0,-0.572
1619610706053,0.405,0,0,0,0,-0.552
1619610706073,0.405,0,0,0,0,-0.552
1619610706093,0.398,0,0,0,0,-0.534
1619610706113,0.394,0,0,0,0,-0.528
1619610706133,0.394,0,0,0,0,-0.544
1619610706153,0.391,0,0,0,0,-0.561
1619610706173,0.405,0,0,0,0,-0.556
1619610706193,0.381,0,0,0,0,-0.528
1619610706213,0.401,0,0,0,0,-0.506
1619610706233,0.394,0,0,0,0,-0.503
1619610706253,0.394,0,0,0,0,-0.512
1619610706273,0.398,0,0,0,0,-0.513
1619610706293,0.394,0,0,0,0,-0.544
1619610706313,0.411,0,0,0,0,-0.575
1619610706333,0.387,0,0,0,0,-0.581
1619610706353,0.391,0,0,0,0,-0.574
1619610706373,0.391,0,0,0,0,-0.574
1619610706393,0.394,0,0,0,0,-0.588
1619610706413,0.398,0,0,0,0,-0.584
1619610706433,0.394,0,0,0,0,-0.583
1619610706453,0.398,0,0,0,0,-0.573
1619610706473,0.422,0,0,0,0,-0.573
1619610706493,0.377,0,0,0,0,-0.574
1619610706513,0.405,0,0,0,0,-0.56
1619610706533,0.394,0,0,0,0,-0.576
1619610706553,0.405,0,0,0,0,-0.595
1619610706573,0.394,0,0,0,0,-0.596
1619610706593,0.405,0,0,0,0,-0.579
1619610706613,0.398,0,0,0,0,-0.584
1619610706633,0.398,0,0,0,0,-0.584
1619610706653,0.405,0,0,0,0,-0.551
1619610706673,0.405,0,0,0,0,-0.512
1619610706693,0.394,0,0,0,0,-0.501
1619610706713,0.394,0,0,0,0,-0.508
1619610706733,0.398,0,0,0,0,-0.488
1619610706753,0.394,0,0,0,0,-0.491
1619610706773,0.394,0,0,0,0,-0.462
1619610706793,0.394,0,0,0,0,-0.477
1619610706813,0.394,0,0,0,0,-0.475
1619610706833,0.394,0,0,0,0,-0.494
1619610706853,0.394,0,0,0,0,-0.524
1619610706873,0.387,0,0,0,0,-0.544
1619610706893,0.387,0,0,0,0,-0.544
1619610706913,0.398,0,0,0,0,-0.546
1619610706933,0.398,0,0,0,0,-0.55
1619610706953,0.391,0,0,0,0,-0.552
1619610706973,0.405,0,0,0,0,-0.54
1619610706993,0.398,0,0,0,0,-0.54
1619610707013,0.391,0,0,0,0,-0.567
1619610707033,0.401,0,0,0,0,-0.59
1619610707053,0.394,0,0,0,0,-0.591
1619610707073,0.394,0,0,0,0,-0.549
1619610707093,0.398,0,0,0,0,-0.511
1619610707113,0.394,0,0,0,0,-0.465
1619610707133,0.408,0,0,0,0,-0.485
1619610707153,0.384,0,0,0,0,-0.52
1619610707173,0.398,0,0,0,0,-0.555
1619610707193,0.398,0,0,0,0,-0.555
1619610707213,0.405,0,0,0,0,-0.549
1619610707233,0.394,0,0,0,0,-0.542
1619610707254,0.394,0,0,0,0,-0.542
1619610707273,0.398,0,0,0,0,-0.552
1619610707293,0.408,0,0,0,0,-0.569
1619610707313,0.381,0,0,0,0,-0.586
1619610707333,0.398,0,0,0,0,-0.584
1619610707354,0.405,0,0,0,0,-0.565
1619610707373,0.398,0,0,0,0,-0.557
1619610707393,0.394,0,0,0,0,-0.539
1619610707413,0.401,0,0,0,0,-0.562
1619610707433,0.411,0,0,0,0,-0.607
1619610707453,0.411,0,0,0,0,-0.607
1619610707474,0.377,0,0,0,0,-0.647
1619610707493,0.391,0,0,0,0,-0.686
1619610707513,0.398,0,0,0,0,-0.645
1619610707533,0.401,0,0,0,0,-0.603
1619610707553,0.394,0,0,0,0,-0.584
1619610707573,0.411,0,0,0,0,-0.559
1619610707593,0.377,0,0,0,0,-0.538
1619610707613,0.398,0,0,0,0,-0.533
1619610707633,0.398,0,0,0,0,-0.521
1619610707654,0.394,0,0,0,0,-0.524
1619610707674,0.394,0,0,0,0,-0.558
1619610707693,0.401,0,0,0,0,-0.592
1619610707713,0.401,0,0,0,0,-0.592
1619610707733,0.391,0,0,0,0,-0.601
1619610707755,0.398,0,0,0,0,-0.614
1619610707773,0.401,0,0,0,0,-0.603
1619610707793,0.394,0,0,0,0,-0.581
1619610707813,0.405,0,0,0,0,-0.567
1619610707833,0.394,0,0,0,0,-0.564
1619610707853,0.391,0,0,0,0,-0.546
1619610707873,0.398,0,0,0,0,-0.543
1619610707893,0.398,0,0,0,0,-0.545
1619610707913,0.391,0,0,0,0,-0.586
1619610707933,0.398,0,0,0,0,-0.612
1619610707953,0.401,0,0,0,0,-0.6
1619610707973,0.401,0,0,0,0,-0.6
1619610707993,0.384,0,0,0,0,-0.551
1619610708013,0.394,0,0,0,0,-0.501
1619610708033,0.398,0,0,0,0,-0.5
1619610708054,0.394,0,0,0,0,-0.494
1619610708073,0.398,0,0,0,0,-0.493
1619610708093,0.398,0,0,0,0,-0.508
1619610708113,0.405,0,0,0,0,-0.546
1619610708133,0.391,0,0,0,0,-0.576
1619610708153,0.394,0,0,0,0,-0.602
1619610708173,0.398,0,0,0,0,-0.642
1619610708194,0.401,0,0,0,0,-0.66
1619610708213,0.394,0,0,0,0,-0.637
1619610708233,0.398,0,0,0,0,-0.555
1619610708253,0.408,0,0,0,0,-0.536
1619610708273,0.408,0,0,0,0,-0.536
1619610708293,0.381,0,0,0,0,-0.593
1619610708313,0.398,0,0,0,0,-0.622
1619610708333,0.394,0,0,0,0,-0.63
1619610708353,0.398,0,0,0,0,-0.616
1619610708373,0.398,0,0,0,0,-0.541
1619610708393,0.405,0,0,0,0,-0.507
1619610708413,0.408,0,0,0,0,-0.535
1619610708433,0.374,0,0,0,0,-0.546
1619610708453,0.398,0,0,0,0,-0.561
1619610708473,0.405,0,0,0,0,-0.536
1619610708493,0.401,0,0,0,0,-0.509
1619610708513,0.394,0,0,0,0,-0.499
1619610708533,0.411,0,0,0,0,-0.528
1619610708553,0.411,0,0,0,0,-0.528
1619610708573,0.377,0,0,0,0,-0.54
1619610708593,0.398,0,0,0,0,-0.547
1619610708613,0.398,0,0,0,0,-0.566
1619610708633,0.398,0,0,0,0,-0.588
1619610708653,0.398,0,0,0,0,-0.593
1619610708673,0.398,0,0,0,0,-0.576
1619610708693,0.391,0,0,0,0,-0.565
1619610708713,0.398,0,0,0,0,-0.558
1619610708733,0.398,0,0,0,0,-0.568
1619610708753,0.405,0,0,0,0,-0.573
1619610708773,0.405,0,0,0,0,-0.555
1619610708793,0.401,0,0,0,0,-0.532
1619610708813,0.401,0,0,0,0,-0.532
1619610708833,0.387,0,0,0,0,-0.541
1619610708853,0.394,0,0,0,0,-0.537
1619610708873,0.405,0,0,0,0,-0.538
1619610708893,0.398,0,0,0,0,-0.548
1619610708913,0.398,0,0,0,0,-0.542
1619610708933,0.401,0,0,0,0,-0.513
1619610708953,0.394,0,0,0,0,-0.487
1619610708973,0.391,0,0,0,0,-0.474
1619610708993,0.394,0,0,0,0,-0.458
1619610709013,0.391,0,0,0,0,-0.467
1619610709033,0.394,0,0,0,0,-0.459
1619610709053,0.401,0,0,0,0,-0.484
1619610709073,0.401,0,0,0,0,-0.484
1619610709093,0.391,0,0,0,0,-0.489
1619610709113,0.398,0,0,0,0,-0.492
1619610709133,0.394,0,0,0,0,-0.486
1619610709153,0.398,0,0,0,0,-0.494
1619610709173,0.394,0,0,0,0,-0.524
1619610709193,0.398,0,0,0,0,-0.545
1619610709213,0.408,0,0,0,0,-0.568
1619610709233,0.391,0,0,0,0,-0.561
1619610709253,0.398,0,0,0,0,-0.543
1619610709273,0.405,0,0,0,0,-0.536
1619610709293,0.394,0,0,0,0,-0.533
1619610709313,0.401,0,0,0,0,-0.573
1619610709333,0.398,0,0,0,0,-0.61
1619610709353,0.408,0,0,0,0,-0.608
1619610709373,0.408,0,0,0,0,-0.608
1619610709393,0.381,0,0,0,0,-0.583
1619610709413,0.398,0,0,0,0,-0.584
1619610709433,0.394,0,0,0,0,-0.592
1619610709453,0.394,0,0,0,0,-0.626
1619610709473,0.394,0,0,0,0,-0.637
1619610709493,0.398,0,0,0,0,-0.609
1619610709513,0.415,0,0,0,0,-0.581
1619610709533,0.381,0,0,0,0,-0.565
1619610709553,0.394,0,0,0,0,-0.552
1619610709583,0.394,0,0,0,0,-0.554
1619610709593,0.398,0,0,0,0,-0.571
1619610709613,0.394,0,0,0,0,-0.577
1619610709633,0.394,0,0,0,0,-0.582
1619610709653,0.394,0,0,0,0,-0.582
1619610709675,0.394,0,0,0,0,-0.585
1619610709693,0.398,0,0,0,0,-0.572
1619610709713,0.394,0,0,0,0,-0.575
1619610709733,0.398,0,0,0,0,-0.575
1619610709753,0.398,0,0,0,0,-0.563
1619610709773,0.401,0,0,0,0,-0.555
1619610709793,0.398,0,0,0,0,-0.555
1619610709813,0.398,0,0,0,0,-0.562
1619610709833,0.394,0,0,0,0,-0.567
1619610709853,0.398,0,0,0,0,-0.596
1619610709873,0.394,0,0,0,0,-0.613
1619610709893,0.405,0,0,0,0,-0.579
1619610709913,0.405,0,0,0,0,-0.579
1619610709933,0.394,0,0,0,0,-0.575
1619610709953,0.394,0,0,0,0,-0.591
1619610709974,0.398,0,0,0,0,-0.6
1619610709993,0.398,0,0,0,0,-0.614
1619610710013,0.394,0,0,0,0,-0.63
1619610710033,0.405,0,0,0,0,-0.662
1619610710053,0.387,0,0,0,0,-0.703
1619610710075,0.394,0,0,0,0,-0.707
1619610710093,0.394,0,0,0,0,-0.687
1619610710113,0.398,0,0,0,0,-0.643
1619610710133,0.398,0,0,0,0,-0.618
1619610710153,0.401,0,0,0,0,-0.596
1619610710173,0.401,0,0,0,0,-0.596
1619610710193,0.387,0,0,0,0,-0.594
1619610710213,0.401,0,0,0,0,-0.559
1619610710233,0.398,0,0,0,0,-0.508
1619610710253,0.401,0,0,0,0,-0.494
1619610710273,0.394,0,0,0,0,-0.498
1619610710293,0.394,0,0,0,0,-0.531
1619610710313,0.411,0,0,0,0,-0.545
1619610710333,0.391,0,0,0,0,-0.513
1619610710353,0.398,0,0,0,0,-0.507
1619610710374,0.401,0,0,0,0,-0.528
1619610710393,0.398,0,0,0,0,-0.552
1619610710413,0.401,0,0,0,0,-0.543
1619610710433,0.398,0,0,0,0,-0.51
1619610710453,0.411,0,0,0,0,-0.516
1619610710473,0.411,0,0,0,0,-0.516
1619610710493,0.384,0,0,0,0,-0.526
1619610710513,0.394,0,0,0,0,-0.548
1619610710533,0.394,0,0,0,0,-0.574
1619610710553,0.405,0,0,0,0,-0.564
1619610710573,0.398,0,0,0,0,-0.567
1619610710593,0.408,0,0,0,0,-0.587
1619610710613,0.377,0,0,0,0,-0.584
1619610710633,0.398,0,0,0,0,-0.578
1619610710653,0.398,0,0,0,0,-0.544
1619610710673,0.394,0,0,0,0,-0.52
1619610710693,0.394,0,0,0,0,-0.531
1619610710713,0.394,0,0,0,0,-0.531
1619610710733,0.394,0,0,0,0,-0.531
1619610710753,0.394,0,0,0,0,-0.535
1619610710773,0.391,0,0,0,0,-0.545
1619610710793,0.398,0,0,0,0,-0.529
1619610710813,0.398,0,0,0,0,-0.53
1619610710833,0.394,0,0,0,0,-0.525
1619610710853,0.398,0,0,0,0,-0.527
1619610710873,0.394,0,0,0,0,-0.534
1619610710893,0.398,0,0,0,0,-0.533
1619610710913,0.398,0,0,0,0,-0.536
1619610710933,0.405,0,0,0,0,-0.55
1619610710953,0.394,0,0,0,0,-0.564
1619610710973,0.401,0,0,0,0,-0.554
1619610710993,0.401,0,0,0,0,-0.554
1619610711013,0.394,0,0,0,0,-0.548
1619610711033,0.394,0,0,0,0,-0.556
1619610711053,0.405,0,0,0,0,-0.54
1619610711073,0.398,0,0,0,0,-0.535
1619610711093,0.398,0,0,0,0,-0.514
1619610711113,0.405,0,0,0,0,-0.488
1619610711133,0.384,0,0,0,0,-0.492
1619610711153,0.398,0,0,0,0,-0.53
1619610711173,0.391,0,0,0,0,-0.551
1619610711193,0.394,0,0,0,0,-0.573
1619610711213,0.405,0,0,0,0,-0.568
1619610711233,0.398,0,0,0,0,-0.553
1619610711253,0.401,0,0,0,0,-0.505
1619610711273,0.401,0,0,0,0,-0.505
1619610711293,0.384,0,0,0,0,-0.528
1619610711313,0.394,0,0,0,0,-0.565
1619610711333,0.391,0,0,0,0,-0.611
1619610711353,0.398,0,0,0,0,-0.594
1619610711373,0.398,0,0,0,0,-0.565
1619610711393,0.398,0,0,0,0,-0.552
1619610711413,0.408,0,0,0,0,-0.521
1619610711433,0.384,0,0,0,0,-0.533
1619610711453,0.398,0,0,0,0,-0.585
1619610711473,0.394,0,0,0,0,-0.592
1619610711493,0.405,0,0,0,0,-0.611
1619610711513,0.405,0,0,0,0,-0.58
1619610711533,0.401,0,0,0,0,-0.54
1619610711553,0.415,0,0,0,0,-0.469
1619610711573,0.415,0,0,0,0,-0.469
1619610711593,0.387,0,0,0,0,-0.483
1619610711613,0.391,0,0,0,0,-0.489
1619610711633,0.398,0,0,0,0,-0.509
1619610711653,0.401,0,0,0,0,-0.485
1619610711673,0.391,0,0,0,0,-0.479
1619610711693,0.405,0,0,0,0,-0.467
1619610711713,0.374,0,0,0,0,-0.507
1619610711733,0.394,0,0,0,0,-0.516
1619610711753,0.394,0,0,0,0,-0.541
1619610711773,0.408,0,0,0,0,-0.546
1619610711793,0.394,0,0,0,0,-0.551
1619610711813,0.401,0,0,0,0,-0.535
1619610711833,0.401,0,0,0,0,-0.535
1619610711853,0.394,0,0,0,0,-0.525
1619610711873,0.405,0,0,0,0,-0.521
1619610711893,0.394,0,0,0,0,-0.557
1619610711913,0.391,0,0,0,0,-0.598
1619610711933,0.401,0,0,0,0,-0.62
1619610711953,0.405,0,0,0,0,-0.606
1619610711973,0.391,0,0,0,0,-0.581
1619610712003,0.405,0,0,0,0,-0.578
1619610712013,0.394,0,0,0,0,-0.557
1619610712033,0.405,0,0,0,0,-0.566
1619610712053,0.405,0,0,0,0,-0.563
1619610712073,0.405,0,0,0,0,-0.558
1619610712094,0.405,0,0,0,0,-0.558
1619610712113,0.387,0,0,0,0,-0.563
1619610712133,0.398,0,0,0,0,-0.566
1619610712153,0.398,0,0,0,0,-0.567
1619610712173,0.394,0,0,0,0,-0.537
1619610712193,0.405,0,0,0,0,-0.543
1619610712213,0.398,0,0,0,0,-0.554
1619610712233,0.391,0,0,0,0,-0.545
1619610712253,0.398,0,0,0,0,-0.53
1619610712273,0.394,0,0,0,0,-0.515
1619610712293,0.394,0,0,0,0,-0.549
1619610712313,0.394,0,0,0,0,-0.613
1619610712333,0.391,0,0,0,0,-0.627
1619610712353,0.411,0,0,0,0,-0.623
1619610712373,0.411,0,0,0,0,-0.623
1619610712394,0.387,0,0,0,0,-0.588
1619610712413,0.405,0,0,0,0,-0.544
1619610712433,0.391,0,0,0,0,-0.543
1619610712453,0.401,0,0,0,0,-0.562
1619610712473,0.394,0,0,0,0,-0.595
1619610712494,0.398,0,0,0,0,-0.626
1619610712513,0.408,0,0,0,0,-0.607
1619610712533,0.384,0,0,0,0,-0.578
1619610712553,0.394,0,0,0,0,-0.545
1619610712574,0.398,0,0,0,0,-0.525
1619610712593,0.398,0,0,0,0,-0.536
1619610712613,0.398,0,0,0,0,-0.57
1619610712633,0.394,0,0,0,0,-0.587
1619610712653,0.405,0,0,0,0,-0.594
1619610712673,0.405,0,0,0,0,-0.594
1619610712694,0.384,0,0,0,0,-0.593
1619610712713,0.398,0,0,0,0,-0.573
1619610712733,0.394,0,0,0,0,-0.566
1619610712753,0.405,0,0,0,0,-0.562
1619610712773,0.405,0,0,0,0,-0.544
1619610712794,0.394,0,0,0,0,-0.539
1619610712813,0.398,0,0,0,0,-0.528
1619610712833,0.398,0,0,0,0,-0.502
1619610712853,0.394,0,0,0,0,-0.524
1619610712873,0.394,0,0,0,0,-0.551
1619610712893,0.394,0,0,0,0,-0.551
1619610712913,0.405,0,0,0,0,-0.587
1619610712933,0.391,0,0,0,0,-0.62
1619610712953,0.394,0,0,0,0,-0.603
1619610712973,0.394,0,0,0,0,-0.553
1619610712993,0.408,0,0,0,0,-0.524
1619610713013,0.394,0,0,0,0,-0.508
1619610713033,0.391,0,0,0,0,-0.513
1619610713053,0.394,0,0,0,0,-0.542
1619610713073,0.398,0,0,0,0,-0.52
1619610713093,0.398,0,0,0,0,-0.499
1619610713113,0.394,0,0,0,0,-0.509
1619610713133,0.394,0,0,0,0,-0.509
1619610713153,0.398,0,0,0,0,-0.534
1619610713173,0.387,0,0,0,0,-0.529
1619610713193,0.398,0,0,0,0,-0.534
1619610713213,0.398,0,0,0,0,-0.529
1619610713233,0.398,0,0,0,0,-0.561
1619610713253,0.394,0,0,0,0,-0.605
1619610713273,0.405,0,0,0,0,-0.612
1619610713293,0.387,0,0,0,0,-0.583
1619610713313,0.401,0,0,0,0,-0.562
1619610713333,0.405,0,0,0,0,-0.57
1619610713353,0.394,0,0,0,0,-0.618
1619610713373,0.398,0,0,0,0,-0.618
1619610713393,0.398,0,0,0,0,-0.618
1619610713413,0.408,0,0,0,0,-0.562
1619610713433,0.408,0,0,0,0,-0.513
1619610713453,0.387,0,0,0,0,-0.54
1619610713473,0.391,0,0,0,0,-0.582
1619610713493,0.391,0,0,0,0,-0.617
1619610713513,0.398,0,0,0,0,-0.599
1619610713533,0.398,0,0,0,0,-0.559
1619610713553,0.394,0,0,0,0,-0.516
1619610713573,0.405,0,0,0,0,-0.517
1619610713593,0.381,0,0,0,0,-0.539
1619610713613,0.398,0,0,0,0,-0.559
1619610713633,0.394,0,0,0,0,-0.574
1619610713653,0.398,0,0,0,0,-0.576
1619610713674,0.394,0,0,0,0,-0.577
1619610713693,0.401,0,0,0,0,-0.568
1619610713713,0.401,0,0,0,0,-0.568
1619610713733,0.411,0,0,0,0,-0.537
1619610713753,0.381,0,0,0,0,-0.535
1619610713773,0.398,0,0,0,0,-0.556
1619610713794,0.405,0,0,0,0,-0.58
1619610713813,0.394,0,0,0,0,-0.603
1619610713833,0.398,0,0,0,0,-0.609
1619610713853,0.398,0,0,0,0,-0.57
1619610713873,0.394,0,0,0,0,-0.557
1619610713893,0.408,0,0,0,0,-0.565
1619610713913,0.398,0,0,0,0,-0.567
1619610713933,0.398,0,0,0,0,-0.572
1619610713953,0.398,0,0,0,0,-0.572
1619610713973,0.394,0,0,0,0,-0.554
1619610713993,0.398,0,0,0,0,-0.514
1619610714013,0.398,0,0,0,0,-0.496
1619610714033,0.394,0,0,0,0,-0.499
1619610714053,0.391,0,0,0,0,-0.506
1619610714073,0.398,0,0,0,0,-0.49
1619610714093,0.398,0,0,0,0,-0.489
1619610714113,0.398,0,0,0,0,-0.495
1619610714133,0.391,0,0,0,0,-0.483
1619610714153,0.391,0,0,0,0,-0.486
1619610714173,0.394,0,0,0,0,-0.511
1619610714193,0.394,0,0,0,0,-0.505
1619610714213,0.394,0,0,0,0,-0.505
1619610714233,0.391,0,0,0,0,-0.514
1619610714253,0.401,0,0,0,0,-0.506
1619610714273,0.391,0,0,0,0,-0.508
1619610714293,0.394,0,0,0,0,-0.525
1619610714313,0.394,0,0,0,0,-0.533
1619610714333,0.401,0,0,0,0,-0.55
1619610714353,0.398,0,0,0,0,-0.549
1619610714373,0.408,0,0,0,0,-0.569
1619610714393,0.394,0,0,0,0,-0.579
1619610714414,0.398,0,0,0,0,-0.602
1619610714433,0.401,0,0,0,0,-0.589
1619610714453,0.405,0,0,0,0,-0.563
1619610714473,0.405,0,0,0,0,-0.563
1619610714493,0.394,0,0,0,0,-0.557
1619610714514,0.405,0,0,0,0,-0.568
1619610714533,0.408,0,0,0,0,-0.585
1619610714553,0.387,0,0,0,0,-0.619
1619610714573,0.394,0,0,0,0,-0.623
1619610714593,0.398,0,0,0,0,-0.629
1619610714613,0.401,0,0,0,0,-0.656
1619610714633,0.394,0,0,0,0,-0.668
1619610714653,0.394,0,0,0,0,-0.673
1619610714673,0.411,0,0,0,0,-0.676
1619610714693,0.387,0,0,0,0,-0.646
1619610714714,0.401,0,0,0,0,-0.598
1619610714734,0.394,0,0,0,0,-0.579
1619610714753,0.398,0,0,0,0,-0.614
1619610714773,0.398,0,0,0,0,-0.614
1619610714793,0.394,0,0,0,0,-0.629
1619610714815,0.394,0,0,0,0,-0.627
1619610714834,0.415,0,0,0,0,-0.592
1619610714854,0.377,0,0,0,0,-0.562
1619610714873,0.394,0,0,0,0,-0.56
1619610714893,0.394,0,0,0,0,-0.554
1619610714913,0.398,0,0,0,0,-0.554
1619610714933,0.398,0,0,0,0,-0.53
1619610714953,0.401,0,0,0,0,-0.52
1619610714973,0.394,0,0,0,0,-0.528
1619610714993,0.398,0,0,0,0,-0.521
1619610715013,0.408,0,0,0,0,-0.505
1619610715033,0.408,0,0,0,0,-0.505
1619610715053,0.398,0,0,0,0,-0.502
1619610715073,0.394,0,0,0,0,-0.518
1619610715093,0.401,0,0,0,0,-0.541
1619610715114,0.398,0,0,0,0,-0.524
1619610715133,0.398,0,0,0,0,-0.494
1619610715153,0.398,0,0,0,0,-0.513
1619610715173,0.394,0,0,0,0,-0.537
1619610715193,0.398,0,0,0,0,-0.57
1619610715213,0.405,0,0,0,0,-0.6
1619610715233,0.387,0,0,0,0,-0.579
1619610715253,0.408,0,0,0,0,-0.545
1619610715273,0.394,0,0,0,0,-0.524
1619610715293,0.394,0,0,0,0,-0.524
1619610715313,0.405,0,0,0,0,-0.494
1619610715333,0.394,0,0,0,0,-0.512
1619610715353,0.398,0,0,0,0,-0.542
1619610715373,0.384,0,0,0,0,-0.532
1619610715393,0.405,0,0,0,0,-0.512
1619610715413,0.391,0,0,0,0,-0.501
1619610715433,0.394,0,0,0,0,-0.489
1619610715453,0.398,0,0,0,0,-0.508
1619610715473,0.394,0,0,0,0,-0.521
1619610715493,0.408,0,0,0,0,-0.538
1619610715513,0.387,0,0,0,0,-0.57
1619610715533,0.394,0,0,0,0,-0.579
1619610715553,0.394,0,0,0,0,-0.561
1619610715573,0.394,0,0,0,0,-0.561
1619610715593,0.398,0,0,0,0,-0.546
1619610715613,0.398,0,0,0,0,-0.548
1619610715633,0.394,0,0,0,0,-0.537
1619610715653,0.411,0,0,0,0,-0.519
1619610715673,0.384,0,0,0,0,-0.508
1619610715693,0.401,0,0,0,0,-0.489
1619610715713,0.401,0,0,0,0,-0.484
1619610715733,0.394,0,0,0,0,-0.48
1619610715753,0.394,0,0,0,0,-0.519
1619610715773,0.405,0,0,0,0,-0.545
1619610715793,0.408,0,0,0,0,-0.546
1619610715813,0.384,0,0,0,0,-0.534
1619610715833,0.398,0,0,0,0,-0.506
1619610715853,0.398,0,0,0,0,-0.506
1619610715873,0.391,0,0,0,0,-0.485
1619610715893,0.391,0,0,0,0,-0.479
1619610715913,0.398,0,0,0,0,-0.49
1619610715933,0.398,0,0,0,0,-0.488
1619610715953,0.398,0,0,0,0,-0.486
1619610715973,0.394,0,0,0,0,-0.515
1619610715993,0.394,0,0,0,0,-0.534
1619610716013,0.401,0,0,0,0,-0.541
1619610716033,0.391,0,0,0,0,-0.55
1619610716053,0.398,0,0,0,0,-0.593
1619610716073,0.398,0,0,0,0,-0.607
1619610716093,0.394,0,0,0,0,-0.602
1619610716113,0.394,0,0,0,0,-0.602
1619610716133,0.401,0,0,0,0,-0.592
1619610716153,0.405,0,0,0,0,-0.583
1619610716173,0.394,0,0,0,0,-0.547
1619610716193,0.408,0,0,0,0,-0.479
1619610716213,0.398,0,0,0,0,-0.48
1619610716233,0.398,0,0,0,0,-0.483
1619610716253,0.398,0,0,0,0,-0.49
1619610716273,0.394,0,0,0,0,-0.497
1619610716293,0.398,0,0,0,0,-0.501
1619610716313,0.401,0,0,0,0,-0.541
1619610716333,0.384,0,0,0,0,-0.565
1619610716353,0.398,0,0,0,0,-0.589
1619610716373,0.398,0,0,0,0,-0.589
1619610716393,0.394,0,0,0,0,-0.562
1619610716413,0.394,0,0,0,0,-0.552
1619610716433,0.398,0,0,0,0,-0.524
1619610716453,0.405,0,0,0,0,-0.525
1619610716473,0.381,0,0,0,0,-0.546
1619610716493,0.394,0,0,0,0,-0.57
1619610716513,0.398,0,0,0,0,-0.576
1619610716533,0.398,0,0,0,0,-0.59
1619610716553,0.394,0,0,0,0,-0.604
1619610716573,0.394,0,0,0,0,-0.611
1619610716593,0.408,0,0,0,0,-0.64
1619610716613,0.387,0,0,0,0,-0.661
1619610716643,0.394,0,0,0,0,-0.662
1619610716653,0.398,0,0,0,0,-0.652
1619610716673,0.398,0,0,0,0,-0.652
1619610716693,0.405,0,0,0,0,-0.623
1619610716713,0.398,0,0,0,0,-0.595
1619610716734,0.408,0,0,0,0,-0.584
