1619609309784,-0.33518,0.29209,10.73081,-0.01218,-0.03818,-0.12496
1619609309804,-2.98796,1.58496,11.19528,0.01338,-0.01581,-0.18249
1619609309824,-0.22026,-2.05422,11.20965,-0.00792,-0.01155,-0.11218
1619609309844,-0.94331,-1.42215,12.27267,0.00379,0.04064,-0.11218
1619609309864,-2.89698,0.35913,10.10353,-0.03881,-0.03392,-0.16118
1619609309884,2.71023,-2.00155,12.59829,-0.01324,-0.0222,-0.18355
1619609309884,1.33117,-2.76769,12.87122,0.03894,0.0204,-0.14414
1619609309924,-0.13886,1.88663,12.04762,0.00379,0.00549,-0.10259
1619609309944,0.55066,-1.68072,8.70052,-0.01751,0.01827,-0.12496
1619609309964,-1.96324,-1.93451,10.47223,-0.02283,0.04916,-0.13349
1619609309984,-2.24576,1.39342,9.85453,0.00272,0.03212,-0.07703
1619609310005,3.11725,-0.12449,12.10987,0.04214,-0.00515,-0.0504
1619609310024,2.49475,-0.52672,9.86889,0.00379,-0.04883,-0.05146
1619609310044,1.36948,-0.32561,10.55843,-0.05053,-0.019,-0.10259
1619609310064,-1.76692,-0.68953,9.29907,-0.02709,-0.00835,-0.06637
1619609310084,2.34631,-0.91458,9.17458,0.01977,0.01081,-0.05892
1619609310106,1.32638,-1.55623,10.25675,-0.03775,0.02573,-0.11538
1619609310125,-0.49799,2.40377,10.60631,-0.01005,-0.00196,-0.08981
1619609310144,3.13161,0.06703,10.65419,0.01977,0.02253,-0.09514
1619609310164,1.02471,0.23463,8.9591,-0.01324,0.01508,-0.09833
1619609310184,-3.20344,1.7334,10.82179,-0.00792,0.03318,-0.15053
1619609310204,-0.96246,0.44053,7.99184,0.03149,-0.03179,-0.11005
1619609310224,3.61524,-1.06302,8.23126,0.04427,-0.01368,-0.10153
1619609310244,1.48919,0.39264,10.87446,-0.00792,0.01827,-0.11751
1619609310264,-0.37349,-1.02471,8.31745,-0.02922,0.01081,-0.16118
1619609310284,0.7422,-2.7629,10.73081,0.03468,-0.02007,-0.16757
1619609310305,1.55623,-0.59855,8.81066,0.01444,0.01721,-0.1207
1619609310324,-0.12449,1.76692,8.22647,-0.05585,-0.02646,-0.06318
1619609310344,-0.90021,3.78283,9.11712,0.00486,0.01614,-0.0962
1619609310364,6.23929,0.35434,9.85453,-0.01537,-0.00302,-0.12177
1619609310384,-0.19153,0.50278,8.79629,-0.05905,0.05129,-0.05679
1619609310405,-0.62728,-0.42616,7.9679,-0.00366,0.03318,-0.11751
1619609310424,-0.18195,0.67995,4.79319,0.00166,-0.00302,-0.13455
1619609310444,4.36223,-2.03028,10.817,0.02083,-0.10209,-0.08768
1619609310464,2.08774,1.19231,8.37491,0.03681,0.01401,-0.1207
1619609310484,1.09175,2.30801,7.70454,0.03468,-0.08931,-0.06531
1619609310504,2.17393,0.75177,7.16345,-0.01324,0.03638,-0.15479
1619609310524,0.78529,1.14921,7.54173,0.02829,-0.06801,-0.10579
1619609310544,-4.17548,-0.68953,6.86657,0.05918,-0.05629,-0.08342
1619609310564,0.68953,-1.1109,8.12592,0.01764,0.03105,-0.08874
1619609310584,-1.62326,0.22984,8.53772,-0.04627,-0.01581,-0.12816
1619609310604,-3.97916,1.20667,6.3973,0.01657,-0.01155,-0.13881
1619609310624,1.07739,0.8236,11.43949,0.00272,0.01721,-0.10579
1619609310644,-2.90656,2.07337,9.15542,-0.03029,0.07153,-0.14733
1619609310664,-3.84987,1.68551,7.65186,-0.00153,-0.03818,-0.15266
1619609310684,-0.04309,1.70467,9.76834,-0.00366,-0.00515,-0.11751
1619609310704,0.18195,-0.92895,10.29506,-0.02709,-0.00515,-0.19953
1619609310724,-3.16513,1.83874,10.05085,0.00059,-0.04457,-0.13349
1619609310744,0.12449,-1.25456,11.32457,0.04107,0.01294,-0.1452
1619609310764,-2.81558,0.85233,8.06367,0.01764,0.01188,-0.1516
1619609310784,-2.00634,-1.13964,12.20085,0.00912,0.00336,-0.14627
1619609310804,2.2266,0.29688,9.50498,0.02403,-0.1202,-0.17184
1619609310824,-1.36948,-0.51235,10.92713,0.01977,-0.02859,-0.16651
1619609310844,-1.18752,-1.44609,8.32224,-0.00153,-0.00302,-0.19847
1619609310864,1.58496,-2.00155,13.5847,0.01977,-0.01261,-0.13029
1619609310884,-1.35032,-0.45968,10.34295,0.02403,0.01827,-0.15692
1619609310904,-1.67594,-0.7422,13.81454,-0.00579,-0.05522,-0.12177
1619609310924,0.73262,-1.03908,12.66532,-0.01111,0.01721,-0.13668
1619609310944,1.03908,-0.80924,9.86411,-0.00046,0.02786,-0.16864
1619609310964,0.22505,2.84431,7.78594,0.01551,-0.02753,-0.15586
1619609310984,-0.01915,-1.28329,12.31098,0.00592,0.07473,-0.13881
1619609311004,0.52672,-2.92571,11.98058,-0.01857,-0.019,-0.08555
1619609311024,-1.05344,0.14365,8.64306,0.02403,-0.00835,-0.1239
1619609311044,1.42215,-1.0295,12.00931,0.01018,0.00336,-0.16544
1619609311064,1.31681,-2.3511,12.68448,-0.00472,0.0449,-0.14627
1619609311084,3.06457,-0.13407,12.61265,-0.00685,0.03105,-0.13668
1619609311104,0.06224,0.39264,10.11789,0.00272,0.00229,-0.1207
1619609311124,-0.30645,1.35511,9.67736,0.00059,0.00549,-0.15266
1619609311144,-0.92416,-0.06703,8.82502,0.0251,0.01401,-0.12603
1619609311164,3.02627,-1.24977,11.1043,0.03894,0.05023,-0.16544
1619609311184,-1.66636,-0.12449,10.75475,0.01125,0.03638,-0.17929
1619609311204,-0.84275,1.90099,9.8258,0.03468,0.01508,-0.20486
1619609311224,3.87381,-3.58651,10.18014,0.01125,0.00016,-0.12283
1619609311244,0.10534,-0.89543,9.18415,0.03362,-0.00089,-0.21125
1619609311264,1.91057,1.29286,8.25999,0.08688,0.01294,-0.25066
1619609311284,1.8962,0.60333,10.30943,-0.00898,-0.00515,-0.16225
1619609311304,0.4118,1.32159,8.2552,-0.03029,0.02253,-0.14946
1619609311324,1.46525,0.96246,8.9591,-0.02922,0.02253,-0.18142
1619609311344,3.12682,2.25054,8.26478,0.00166,-0.06907,-0.15692
1619609311364,-1.76692,0.70868,8.07803,0.00059,-0.00089,-0.13562
1619609311384,-2.02549,0.2442,7.34541,-0.04201,-0.04244,-0.12177
1619609311404,3.46201,-0.50757,11.49695,0.00699,0.00762,-0.15692
1619609311424,-1.17315,-0.71826,7.94874,-0.01218,-0.02007,-0.15266
1619609311444,2.03985,2.24576,8.56645,-0.01218,0.0236,-0.1484
1619609311464,2.27928,1.94409,7.68059,-0.02177,0.02466,-0.14733
1619609311484,-1.00077,0.81402,6.67024,-0.00792,-0.02966,-0.15799
1619609311504,-0.84754,1.04866,7.01501,0.03894,0.01934,-0.17929
1619609311524,-1.16358,-0.98162,8.43237,0.00059,-0.01474,-0.15479
1619609311544,-3.63439,3.02148,9.44273,-0.02177,0.0726,-0.15905
1619609311564,-1.05344,1.22583,8.81066,-0.01111,-0.04031,-0.19101
1619609311584,2.13083,-1.75734,8.08761,0.04214,-0.01155,-0.15053
1619609311604,-1.2354,1.64242,9.23204,0.01338,0.01188,-0.20166
1619609311624,-0.29209,-1.11569,7.67102,-0.03455,-0.00089,-0.23042
1619609311644,-0.64164,2.64319,8.28393,0.03042,-0.02433,-0.20379
1619609311664,-2.37025,2.23618,7.47948,0.03681,-0.02753,-0.16864
1619609311684,0.29688,-0.5746,8.07324,-0.05479,0.01827,-0.14414
1619609311704,0.26815,-0.92416,9.31344,-0.02816,0.00336,-0.19208
1619609311724,-1.64721,0.14365,9.86411,0.04427,-0.02966,-0.11964
1619609311744,0.12449,-1.29765,9.61032,0.0187,0.0236,-0.12709
1619609311764,0.78529,-1.7334,10.7356,-0.0484,-0.03605,-0.16438
1619609311784,-1.88663,0.39743,9.02614,0.01657,-0.05948,-0.20805
1619609311804,1.23061,0.56503,8.59997,0.04001,-0.00089,-0.16225
1619609311824,2.28406,-2.68629,10.23281,-0.03775,0.01401,-0.10579
1619609311844,-1.20667,1.97282,10.75475,-0.01431,0.00975,-0.10792
1619609311864,-1.19231,-0.28251,8.68616,0.00379,-0.00835,-0.11538
1619609311884,0.03351,-1.90099,12.14817,0.02723,0.05023,-0.11005
1619609311904,-0.60333,-2.27449,10.54885,-0.01751,0.00655,-0.10472
1619609311924,-2.32716,0.79966,9.67736,0.02083,-0.01261,-0.16438
1619609311944,1.16837,-0.35913,11.12346,0.03788,-0.00729,-0.11857
1619609311964,0.68953,-2.14999,11.3533,-0.01324,-0.00302,-0.09301
1619609311984,-3.03105,2.17393,12.07156,0.00805,0.03958,-0.15479
1619609312004,1.16837,-2.38462,10.70208,-0.04414,-0.04244,-0.1516
1619609312024,1.5275,0.22026,12.65096,0.03362,0.01401,-0.12283
1619609312044,-1.16837,0.11492,10.74517,-0.00153,0.03425,-0.08874
1619609312064,1.31202,-1.38384,11.98058,-0.04094,-0.03072,-0.12496
1619609312084,0.82839,-1.54186,9.165,-0.00366,0.00229,-0.13349
1619609312104,-1.37427,2.17872,10.91277,0.0432,-0.00089,-0.16225
1619609312124,0.19153,0.10534,12.08593,-0.01644,0.02999,-0.11325
1619609312144,-0.47884,-2.73417,10.71165,-0.01644,-0.01155,-0.13349
1619609312164,-1.24498,0.50278,14.03959,0.04001,-0.03392,-0.14946
1619609312184,0.59855,-0.25857,9.50019,0.00272,-0.02326,-0.13029
1619609312204,4.11323,-2.51391,11.71243,-0.02816,0.00016,-0.11964
1619609312224,0.31603,2.09732,10.32379,-0.01857,-0.03179,-0.11431
1619609312244,1.92014,0.64643,9.27992,0.0251,0.01294,-0.12816
1619609312264,-0.66079,0.86191,12.84249,0.00592,-0.03498,-0.06637
1619609312284,5.2816,-2.86825,11.88002,-0.04414,0.03318,-0.08555
1619609312304,2.32716,-0.53151,8.69574,-0.06544,0.01508,-0.09088
1619609312304,0.25378,1.16358,8.52814,0.00805,-0.02646,-0.13668
1619609312344,2.60489,-2.46602,10.43871,0.0251,0.05342,-0.14201
1619609312364,0.36391,2.38941,9.90241,-0.05479,0.00762,-0.11325
1619609312384,-0.33518,3.53384,9.29429,-0.00472,0.01934,-0.13029
1619609312404,3.75889,0.75656,9.18894,0.04107,0.01081,-0.1697
1619609312425,-2.0638,1.15879,7.31189,-0.00792,-0.02007,-0.13029
1619609312444,2.33674,-0.60333,8.44674,-0.04201,0.06834,-0.10898
1619609312464,3.20823,0.17238,7.56567,0.00592,-0.02113,-0.1207
1619609312484,0.19632,2.27449,7.57046,0.03468,-0.019,-0.0962
1619609312504,-0.09097,1.59932,6.95276,-0.00898,0.05023,-0.10259
1619609312524,0.09576,-0.45968,8.07803,-0.03242,0.01614,-0.11005
1619609312544,0.50757,1.50834,6.62236,0.01657,-0.01155,-0.1729
1619609312564,-2.06859,0.44053,6.2345,0.0187,-0.02966,-0.11644
1619609312584,1.57059,-2.3942,11.2288,-0.01218,0.00229,-0.14307
1619609312604,-0.5363,-0.3687,8.2169,0.00805,-0.02326,-0.11964
1619609312624,3.49074,0.30166,9.68694,0.05279,-0.02753,-0.14414
1619609312644,1.3599,-1.47003,8.10197,0.00592,0.01188,-0.21232
1619609312664,0.88585,1.31681,8.66222,-0.00579,-0.01687,-0.1452
1619609312684,-3.41413,2.806,5.45399,0.05492,-0.00729,-0.1484
1619609312704,-4.39096,3.03105,12.22,0.02083,-0.019,-0.16118
1619609312725,-0.71347,-1.83395,10.71165,0.00166,-0.05629,-0.13881
1619609312744,-2.18351,3.07415,9.26556,-0.01857,-0.01155,-0.13029
1619609312764,0.51714,-1.38384,8.75799,-0.02496,0.03958,-0.12816
1619609312784,0.60812,-0.71826,11.59272,0.00379,-0.04244,-0.1452
1619609312804,-1.69509,0.63206,10.18014,0.00592,-0.01794,-0.1761
1619609312825,-1.04387,-0.07661,8.60954,-0.01324,0.01508,-0.15053
1619609312845,0.36391,-0.75177,9.98382,0.0187,-0.01155,-0.1239
1619609312864,-0.10055,1.47003,8.46589,0.0187,0.00549,-0.18781
1619609312884,0.25857,0.09576,9.55765,-0.03775,0.03532,-0.10579
1619609312904,-0.50757,-2.04464,10.66856,-0.00153,0.03638,-0.16118
1619609312924,-1.3599,-1.75734,11.86566,0.02403,-0.01687,-0.12816
1619609312944,-0.55545,-1.72861,11.92791,0.04107,0.01294,-0.16012
1619609312964,1.18752,-0.8236,11.60709,-0.01111,0.03851,-0.10046
1619609312984,1.28329,-0.2873,11.67891,-0.01005,0.00868,-0.12496
1619609313004,-4.83149,2.44687,11.71722,-0.02283,-0.00089,-0.13029
1619609313025,1.13485,0.11971,10.99417,0.00486,0.02786,-0.13562
1619609313044,-2.0638,-3.99352,9.9072,-0.02177,-0.06907,-0.1207
1619609313064,-2.07337,2.30801,9.47146,0.01551,0.01614,-0.11538
1619609313084,0.34476,-2.43729,10.86488,0.01444,-0.00835,-0.14946
1619609313104,1.81001,0.49799,12.76588,-0.03881,0.00655,-0.14201
1619609313125,2.77248,1.2354,9.90241,-0.0239,0.04597,-0.10579
1619609313144,0.91937,0.8667,9.88326,-0.01537,-0.05735,-0.10685
1619609313164,0.38307,-0.21547,10.90798,0.01657,0.00975,-0.10259
1619609313184,-1.7334,0.54108,11.50174,-0.00472,0.00442,-0.13775
1619609313204,0.29688,-0.6177,11.76031,-0.02603,0.03212,-0.11112
1619609313224,1.33596,-2.95444,10.66856,0.01338,-0.02007,-0.14094
1619609313244,-3.09809,1.5658,11.90875,0.02723,0.00762,-0.09407
1619609313264,0.76614,1.80522,7.63271,0.01444,0.00549,-0.10898
1619609313284,0.56024,1.61369,12.01889,-0.03029,0.00442,-0.10579
1619609313304,2.89219,0.6991,10.88882,0.0187,0.01081,-0.08235
1619609313324,-0.88585,2.77727,9.99818,0.03894,0.01934,-0.13349
1619609313344,2.40856,0.6177,8.26957,-0.03668,0.02253,-0.13242
1619609313364,-1.25456,-2.25533,9.06923,-0.02283,-0.02326,-0.09727
1619609313384,-1.54665,3.65834,8.70052,0.06025,0.01508,-0.13029
1619609313404,-0.76614,1.49398,6.92403,-0.01644,-0.04563,-0.14733
1619609313424,0.50757,0.12928,11.08994,0.01125,0.04277,-0.17503
1619609313444,-1.94888,2.77727,8.7915,0.00272,0.01188,-0.20912
1619609313464,-1.81959,0.92895,8.45153,0.01018,-0.05416,-0.17716
1619609313484,1.1109,-0.5363,10.1562,-0.01964,0.00868,-0.15053
1619609313504,0.11013,-0.22026,5.59285,-0.04094,-0.02113,-0.11325
1619609313524,0.73262,-0.58418,12.40196,0.00699,0.01188,-0.11751
1619609313544,2.48518,0.96725,10.09395,-0.00898,0.00975,-0.11112
1619609313564,-1.55623,2.71981,7.81467,-0.00579,0.00016,-0.15053
1619609313584,-1.55623,2.71981,7.81467,-0.00579,0.00016,-0.15053
1619609313604,-1.55623,2.71981,7.81467,-0.00579,0.00016,-0.15053
1619609313624,-3.17471,2.2266,5.67904,0.01231,-0.00622,-0.15586
1619609313644,-3.17471,2.2266,5.67904,0.01231,-0.00622,-0.15586
1619609313664,-0.57939,0.32561,10.85052,0.00592,0.03105,-0.10046
1619609313684,-0.57939,0.32561,10.85052,0.00592,0.03105,-0.10046
1619609313704,-0.57939,0.32561,10.85052,0.00592,0.03105,-0.10046
1619609313724,0.94331,-0.53151,9.26556,0.04214,0.00549,-0.09514
1619609313744,-2.81079,-0.11013,10.09395,0.02936,0.05023,-0.10472
1619609313764,-4.08929,2.12126,8.24084,-0.01537,-0.019,-0.14733
1619609313784,0.68953,-1.57059,8.84896,0.00912,-0.06907,-0.11857
1619609313804,-1.53228,2.16914,9.71088,0.05066,0.03638,-0.10685
1619609313824,2.83473,-1.26413,10.63504,-0.02603,-0.01581,-0.06957
1619609313844,0.61291,-0.54108,8.93516,0.0187,0.03958,-0.10472
1619609313864,-0.47405,0.56982,11.42513,-0.00259,0.01827,-0.13881
1619609313884,-0.4932,0.16759,9.56244,-0.01857,0.01188,-0.13242
1619609313904,-0.4932,0.16759,9.56244,-0.01857,0.01188,-0.13242
1619609313924,0.38307,-1.74297,8.06367,0.00379,-0.04244,-0.13988
1619609313944,-3.95043,2.29364,10.93192,0.00379,-0.04883,-0.19847
1619609313964,0.59855,-0.63685,10.70687,-0.00153,0.05023,-0.10579
1619609313984,-2.01112,1.67594,14.43224,-0.01537,0.01721,-0.16757
1619609314004,-2.93529,-0.63206,12.52646,-0.01324,0.05769,-0.14094
1619609314024,1.06781,1.14921,9.49061,0.00486,-0.05948,-0.12177
1619609314044,1.3599,-1.18752,11.56878,0.02403,0.05129,-0.0962
1619609314064,-3.27047,-0.42137,10.9798,-0.02283,0.05129,-0.11964
1619609314084,2.95923,-0.9481,8.2169,-0.01751,-0.06268,-0.1452
1619609314104,4.22816,-1.68551,11.95664,0.00486,0.04916,-0.17077
1619609314124,2.11168,-0.79008,11.14261,-0.00259,0.00549,-0.15053
1619609314144,1.10133,0.07182,9.14106,-0.00366,0.06195,-0.11857
1619609314164,3.93606,0.5746,11.92791,-0.02496,-0.03072,-0.18036
1619609314184,-1.80043,0.35434,11.75074,0.04534,-0.03179,-0.1239
1619609314204,2.0207,0.05746,10.09874,-0.04946,0.01188,-0.10579
1619609314224,0.72304,-2.52827,12.32056,-0.0239,0.0449,-0.14627
1619609314244,0.87148,-0.46926,10.79785,0.03362,-0.04883,-0.14414
1619609314264,-0.2873,0.90021,8.61912,0.00059,-0.02859,-0.12177
1619609314284,1.7334,1.13964,10.84573,-0.01005,0.08112,-0.10366
1619609314304,1.75734,-1.14921,11.29584,0.02296,-0.02646,-0.09407
1619609314324,-0.70868,-0.3687,9.09317,0.00166,0.05556,-0.12922
1619609314344,-1.1971,-0.16759,11.29105,-0.01644,-0.03818,-0.11325
1619609314364,3.055,-1.7334,10.65419,0.00272,0.03745,-0.11112
1619609314384,1.93451,0.59376,8.45153,0.01231,0.01081,-0.09088
1619609314404,-0.38786,-0.52672,8.52814,0.04427,-0.06801,-0.1697
1619609314424,3.33751,-1.49877,10.52012,0.02616,0.01827,-0.17184
1619609314444,-1.55623,0.96246,9.62469,-0.01218,-0.00622,-0.1697
1619609314464,1.62326,0.95289,7.41723,-0.00898,-0.01368,-0.12816
1619609314484,3.25611,1.24019,10.08437,0.06131,-0.05629,-0.13455
1619609314504,-0.46926,0.77572,9.72045,0.0464,0.04916,-0.14201
1619609314524,-0.56024,0.15322,5.29597,0.01551,0.01934,-0.16118
1619609314544,-2.54264,-1.00077,6.61757,0.00059,-0.03072,-0.18994
1619609314564,-2.99754,-0.0814,7.83861,0.0219,-0.01794,-0.16331
1619609314584,-0.2873,-3.86424,5.90889,-0.00472,0.0236,-0.12922
1619609314604,-0.42616,2.92092,8.07324,-0.00472,-0.01261,-0.14733
1619609314624,0.13886,3.66312,8.2552,-0.02603,-0.08505,-0.10792
1619609314624,1.27371,1.16358,6.95276,0.01977,0.00336,-0.1452
1619609314664,-0.54108,0.13886,7.67102,0.00059,-0.00089,-0.13136
1619609314684,-2.81079,0.46447,9.0405,-0.02709,0.0204,-0.1484
1619609314704,-2.45166,-1.22104,9.48103,-0.02496,-0.04031,-0.1207
1619609314724,0.2059,0.79008,8.94952,0.03575,0.01827,-0.10685
1619609314745,-0.17717,0.98162,8.56166,-0.02177,0.00229,-0.0994
1619609314764,0.54108,-1.0726,8.19774,0.01657,0.03318,-0.10685
1619609314784,0.49799,1.94888,7.09162,0.03149,-0.00089,-0.13562
1619609314804,-0.29209,2.07816,9.84016,-0.02709,0.01401,-0.08874
1619609314824,-3.16034,1.22104,8.04451,-0.00685,-0.02753,-0.11644
1619609314844,1.46525,-0.91937,9.18894,0.04427,-0.00196,-0.1516
1619609314864,-0.97204,-2.33195,11.8896,-0.00046,-0.02113,-0.09301
1619609314884,-4.10366,0.55066,12.43548,0.00912,0.04597,-0.13349
1619609314904,-2.24576,0.86191,9.61511,-0.03029,0.00336,-0.14733
1619609314924,-1.03429,1.154,10.85052,-0.00898,-0.01368,-0.10472
1619609314944,-2.73896,-0.11013,8.7101,0.02403,0.02892,-0.10579
1619609314964,-0.09097,-3.2609,10.76433,-0.00259,-0.00835,-0.08768
1619609314984,0.99598,-0.55066,12.08593,0.01444,0.0204,-0.12922
1619609315004,-2.69587,-0.2873,10.87446,-0.01324,0.02147,-0.1484
1619609315024,-3.73495,-1.88184,11.75553,0.00272,0.01508,-0.17503
1619609315044,0.60333,-3.77326,13.20641,-0.03029,-0.00622,-0.15479
1619609315064,0.54587,0.46447,11.92312,-0.01431,-0.05842,-0.14946
1619609315084,0.25857,-0.33518,9.21767,-0.00366,0.02253,-0.16438
1619609315104,3.2609,1.31202,12.56477,-0.00153,-0.00622,-0.12709
1619609315124,-3.43807,1.00556,11.96143,-0.02177,0.00336,-0.14201
1619609315145,1.08217,-0.2442,8.30309,0.00166,-0.00622,-0.16118
1619609315164,1.26413,-4.07971,12.14817,0.02296,-0.03498,-0.16757
1619609315184,-0.65601,0.06224,11.3533,0.00379,0.00868,-0.12709
1619609315204,0.19632,-0.26815,12.38281,-0.03561,0.05769,-0.13349
1619609315224,4.29519,0.46926,13.70441,-0.00792,-0.01368,-0.16331
1619609315245,1.98718,0.94331,9.85453,0.00699,-0.09144,-0.16544
1619609315264,2.15957,-0.65601,10.78827,0.0187,-0.00196,-0.18675
1619609315284,0.54587,-1.82438,9.84016,-0.01964,-0.04137,-0.13349
1619609315304,-4.71657,4.93205,12.23437,0.0251,-0.02859,-0.1697
1619609315324,2.94965,-1.36948,11.62624,0.0464,-0.02966,-0.1697
1619609315344,1.65199,0.38307,9.79228,0.03894,-0.02859,-0.05679
1619609315364,-3.1795,1.00556,11.35809,-0.0239,0.1003,-0.11857
1619609315384,-2.73417,-1.96803,9.41878,-0.07077,0.00123,-0.08981
1619609315404,2.63362,1.58975,8.39407,0.0464,-0.02433,-0.06637
1619609315424,0.59855,0.35434,9.95509,0.04001,0.05875,-0.10366
1619609315445,-1.42694,4.40054,11.37724,-0.04414,0.02466,-0.11431
1619609315464,3.06936,1.44609,7.4699,0.01125,-0.01581,-0.15905
1619609315484,3.93127,-0.62728,8.16901,0.02083,-0.03072,-0.09833
1619609315504,-1.6089,1.06302,9.69651,0.03681,0.06195,-0.11964
1619609315524,0.09576,1.74776,9.31823,-0.01857,-0.03924,-0.14627
1619609315544,1.24498,-0.11971,9.75397,0.00699,-0.01155,-0.16757
1619609315564,-0.05746,1.42694,8.33661,0.01977,0.0449,-0.15266
1619609315584,-1.67594,-0.83797,7.60398,-0.0239,0.03745,-0.16651
1619609315604,3.22259,-1.47482,7.6375,-0.01964,-0.00942,-0.14733
1619609315624,-0.29688,1.89141,8.12113,0.01338,-0.02113,-0.15479
1619609315644,1.04387,-1.85311,7.4699,-0.00472,0.01294,-0.13775
1619609315664,0.70389,-2.79642,8.94473,0.00486,-0.01261,-0.15799
1619609315684,-1.57538,1.69988,11.32457,0.00059,0.00016,-0.18994
1619609315704,0.38307,1.23061,5.57849,0.02616,-0.00942,-0.1729
1619609315724,-0.11492,0.42616,9.44273,0.01338,-0.00515,-0.10685
1619609315744,-0.55545,-1.37906,6.12915,-0.00472,0.02147,-0.11964
1619609315764,-2.20745,2.79163,8.17859,0.00486,-0.07014,-0.12177
1619609315784,-0.70389,-0.70389,8.92558,0.0219,-0.00835,-0.15905
1619609315804,-2.04943,2.07816,10.11789,-0.05053,0.02253,-0.17077
1619609315824,-0.11492,-1.17794,9.9886,-0.00046,0.00549,-0.14946
1619609315844,0.40222,-2.94007,8.23126,-0.01857,-0.04031,-0.13136
1619609315864,-0.31124,0.51235,8.53293,0.02083,0.02999,-0.1239
1619609315884,-0.58897,1.09175,9.52892,0.00699,-0.00409,-0.11751
1619609315904,-1.73819,3.69664,10.58237,-0.03775,0.00229,-0.10792
1619609315924,-0.23463,1.3599,9.00698,-0.02709,0.01294,-0.08981
1619609315944,-5.16668,0.62728,10.17056,0.0187,0.02253,-0.08981
1619609315964,0.11013,-2.0638,12.78024,-0.00259,0.01614,-0.0962
1619609315984,1.63763,-2.60967,10.7356,0.00379,0.02466,-0.12709
1619609316004,-3.14119,1.08696,10.7356,-0.01111,-0.00089,-0.11857
1619609316024,1.00556,0.31603,9.69172,-0.00046,0.04064,-0.13455
1619609316044,1.15879,0.51714,13.87679,0.05918,0.06514,-0.1484
1619609316064,1.17794,1.01992,11.56399,0.05066,0.01614,-0.20273
1619609316084,-2.0638,0.83318,12.07156,0.00912,-0.03711,-0.13455
1619609316104,0.20111,-2.69108,11.67891,0.0219,0.00336,-0.14307
1619609316124,-1.12048,1.43652,7.81467,-0.01005,-0.03179,-0.17823
1619609316144,1.32638,0.42137,9.80665,0.00912,-0.01794,-0.15479
1619609316164,5.29597,-0.74699,9.49061,-0.01751,-0.01048,-0.11644
1619609316184,-0.26815,0.51235,10.09395,-0.01324,-0.00942,-0.08235
1619609316204,-2.14041,-1.04387,12.14339,0.02083,-0.00196,-0.13562
1619609316224,-1.57538,-1.01035,13.7906,-0.0239,-0.04883,-0.13242
1619609316244,-1.90578,0.30645,11.86087,0.04747,0.08006,-0.14307
1619609316264,1.22583,-1.79086,11.88481,-0.00259,-0.01474,-0.1239
1619609316284,1.03908,0.63206,10.10353,0.01231,-0.04244,-0.13029
1619609316304,0.4932,-1.55144,10.46266,0.02723,-0.00302,-0.13242
1619609316324,1.30244,-0.98162,6.88572,-0.01857,-0.01581,-0.10792
1619609316344,0.905,1.05823,10.29506,-0.04946,0.01614,-0.13136
1619609316364,3.06457,-1.4844,11.20965,0.00592,-0.0222,-0.08981
1619609316384,-1.52271,-1.04866,9.63426,-0.01111,-0.0435,-0.10366
1619609316404,1.98239,-2.07816,12.37323,-0.00366,0.06195,-0.10579
1619609316424,2.1021,-0.0383,8.92558,0.00166,-0.00409,-0.13136
1619609316444,0.16759,2.20266,8.61433,0.02616,0.01827,-0.14201
1619609316464,2.41335,-0.23463,7.21133,-0.03029,-0.01155,-0.09301
1619609316484,1.06781,1.78607,11.29584,-0.02816,0.01401,-0.16012
1619609316504,-1.66157,1.13964,9.00219,0.00912,-0.00622,-0.13349
1619609316524,1.53228,1.03908,10.87925,0.01657,-0.02646,-0.1452
1619609316544,1.15879,0.0814,8.76277,0.00059,0.03851,-0.1452
1619609316564,-1.92972,2.67192,9.65821,0.01338,-0.00196,-0.13881
1619609316584,3.19386,0.73262,6.95755,-0.0207,0.00123,-0.1207
1619609316604,-0.15801,-2.74854,10.50575,0.00059,-0.00409,-0.10685
1619609316624,-0.17717,0.95289,8.59039,-0.02177,0.02892,-0.12922
1619609316644,-3.55778,3.07894,8.45153,0.01444,0.02147,-0.11751
1619609316664,1.33596,-2.31758,8.82502,-0.00153,-0.03605,-0.12816
1619609316684,0.28251,-0.44053,8.72925,0.00059,0.01188,-0.10366
1619609316704,-1.25456,0.71826,8.95431,0.04001,-0.01155,-0.1207
1619609316724,3.31357,-2.22181,8.48983,-0.00579,-0.05735,-0.11751
1619609316744,0.66079,-0.56024,10.29985,-0.00579,-0.04563,-0.14201
1619609316764,-1.24498,0.40222,8.98304,-0.00366,0.0449,-0.1239
1619609316784,0.4932,-1.81001,8.82023,0.03894,0.04597,-0.1761
1619609316804,-2.03985,1.79565,10.01255,0.00592,0.00549,-0.19208
1619609316824,-2.56179,0.8667,5.89931,-0.01751,-0.019,-0.09833
1619609316844,-3.98395,1.31681,8.65743,0.00699,0.05556,-0.16012
1619609316864,-3.07894,-1.94888,10.1131,-0.01644,0.00868,-0.16331
1619609316884,-0.75177,2.01591,8.47068,-0.02709,-0.03605,-0.17716
1619609316904,-1.50355,-1.12527,9.7013,0.00912,0.01294,-0.12177
1619609316924,-0.30645,-0.34476,10.20887,0.01231,0.02147,-0.11857
1619609316944,-0.56503,-0.12449,10.93192,0.00912,-0.03924,-0.15266
1619609316965,1.06302,0.14365,10.05085,-0.02709,0.03105,-0.16651
1619609316984,-0.68953,0.65601,11.09951,0.02296,-0.00196,-0.13455
1619609317004,-1.33117,1.84353,6.67503,0.01338,0.02892,-0.13881
1619609317024,0.14365,-2.82036,9.36132,0.00805,-0.019,-0.18355
1619609317044,2.34631,-2.1021,11.62624,-0.00792,-0.00515,-0.16331
1619609317066,-0.98641,-0.93852,10.20887,0.00379,0.01081,-0.13562
1619609317084,-0.16759,-2.62404,10.84573,-0.01751,0.00975,-0.14627
1619609317104,0.42137,1.02471,10.42435,-0.01537,0.00442,-0.17823
1619609317124,-2.42772,4.02225,12.91911,-0.02177,-0.01687,-0.16864
1619609317144,1.60411,-2.28406,10.98459,0.00699,0.00336,-0.11644
1619609317164,0.41659,0.36391,9.80186,0.07623,-0.04031,-0.15799
1619609317184,-3.95043,3.33751,10.34773,-0.01324,-0.04031,-0.16651
1619609317204,1.3599,-3.36145,13.35485,-0.05159,-0.00835,-0.10366
1619609317224,2.43729,-0.41659,11.40597,0.06025,0.02253,-0.16012
1619609317244,0.23463,0.95768,11.07557,-0.03242,-0.06268,-0.11325
1619609317265,1.24977,-0.29209,11.34372,-0.0207,-0.02007,-0.15266
1619609317284,0.56503,1.36948,10.67335,-0.00898,-0.02646,-0.15266
1619609317304,1.47003,-0.26815,8.93994,0.00059,-0.01261,-0.09088
1619609317324,-1.65199,1.21146,10.4052,0.02829,0.00442,-0.16544
1619609317344,-0.39743,-3.33751,11.20486,0.00699,-0.01794,-0.15373
1619609317365,-0.62249,-0.16759,10.98459,-0.0239,-0.00729,-0.13455
1619609317384,-0.59855,-1.21625,11.78904,-0.01964,-0.03179,-0.14946
1619609317404,-0.70868,2.37504,9.04529,0.00592,-0.06694,-0.12922
1619609317424,0.78529,2.98796,10.78827,0.01444,0.00549,-0.13881
1619609317444,-2.73896,-0.03351,11.24795,-0.01537,0.04277,-0.1239
1619609317465,0.83797,-0.67516,8.98304,-0.00153,-0.00302,-0.14201
1619609317484,2.86346,-0.56024,9.25119,0.03255,-0.01474,-0.19527
1619609317504,2.37983,3.14119,7.24485,0.02616,0.04277,-0.16118
1619609317524,2.31279,0.64164,11.92791,0.01125,0.00975,-0.17184
1619609317544,-0.0383,0.02394,10.57279,-0.03348,-0.0467,-0.13988
1619609317564,0.43095,-0.14365,5.45399,-0.00579,-0.00302,-0.13775
1619609317584,0.65601,-0.06703,8.76277,-0.05159,-0.05948,-0.12603
1619609317604,-0.96725,1.71903,9.44273,-0.04307,0.03532,-0.12496
1619609317624,-0.0383,1.79086,6.59363,-0.00366,-0.00196,-0.10472
1619609317644,-0.54108,3.02148,7.32146,-0.00472,0.00549,-0.12603
1619609317665,2.27449,-1.80522,7.12993,-0.06012,-0.01048,-0.13136
1619609317684,-0.52672,1.51313,9.15063,0.01657,-0.02326,-0.07916
1619609317704,0.49799,2.0207,8.20253,0.04747,0.01294,-0.11005
1619609317724,4.21379,-0.91458,8.84896,-0.00792,-0.02326,-0.08129
1619609317744,1.72382,0.78529,7.71411,-0.01324,0.01614,-0.06105
1619609317764,0.2873,1.57059,6.37815,0.03149,0.03532,-0.12709
1619609317784,1.28808,-1.64242,9.91678,0.01125,-0.04137,-0.12496
1619609317804,0.29209,-1.8579,9.43794,-0.01857,0.01294,-0.16864
1619609317824,-0.67037,1.10612,8.05888,-0.00579,-0.02007,-0.12496
1619609317844,-0.17717,-0.18195,7.24485,0.04747,-0.02646,-0.15799
1619609317864,-1.38863,3.90733,9.26556,0.01018,-0.03605,-0.1697
1619609317884,-0.7805,-0.10534,7.89128,-0.03561,0.01934,-0.15799
1619609317904,-2.86825,1.59453,9.39484,0.02083,0.03212,-0.13881
1619609317924,-2.27928,-1.65199,9.89763,0.03042,-0.03392,-0.10153
1619609317944,-1.29286,-0.84754,10.08916,0.01551,0.04703,-0.13668
1619609317964,3.49553,-0.96725,9.72524,-0.01218,0.01508,-0.14946
1619609317984,-3.39497,1.16837,10.06522,-0.03561,0.00549,-0.1516
1619609318004,-0.55545,-1.92014,10.96544,0.0187,0.04171,-0.18355
1619609318024,0.12449,-0.39743,10.63504,-0.06225,0.00123,-0.18462
1619609318044,-1.53228,3.19865,10.319,-0.00259,0.00868,-0.13029
1619609318064,-4.45321,3.89297,10.26154,0.05066,0.00762,-0.14201
1619609318084,0.42616,-0.26336,10.66856,-0.00153,-0.0222,-0.16651
1619609318104,0.50757,-2.16914,11.37724,-0.02603,-0.03711,-0.16331
1619609318124,-1.24977,1.05823,11.04684,-0.04627,0.03212,-0.13136
1619609318144,-1.69988,-3.03584,14.13057,0.01551,0.03318,-0.11538
1619609318164,2.61446,-1.18273,12.44506,0.06877,-0.02646,-0.09833
1619609318184,-0.21547,0.05746,9.50019,-0.02709,0.0204,-0.12709
1619609318204,1.53707,-1.71424,14.00129,-0.02816,0.0204,-0.10046
1619609318224,1.47482,-0.64643,9.41878,0.02723,0.00123,-0.1484
1619609318244,-7.08683,3.65355,10.55364,-0.02603,-0.05309,-0.14414
1619609318264,-0.39743,-0.81881,12.19127,-0.03881,0.03851,-0.14307
1619609318284,1.71424,-0.63685,12.48815,0.01338,0.01081,-0.05466
1619609318304,0.17717,-0.69431,13.71398,0.00379,-0.01368,-0.10046
1619609318324,1.6903,0.14844,10.49618,0.00486,0.02573,-0.13881
1619609318344,1.13006,-1.35511,10.77869,-0.01324,0.02892,-0.14414
1619609318364,-2.17872,0.22026,13.75708,-0.01537,0.06088,-0.12922
1619609318384,-0.88585,0.10534,7.6375,0.01125,0.0449,-0.16438
1619609318404,2.85867,2.24097,8.47068,-0.00792,-0.08398,-0.16651
1619609318424,1.78128,0.47405,10.26633,-0.00046,0.06834,-0.13455
1619609318444,1.47003,2.69587,10.06522,-0.03135,-0.02007,-0.15266
1619609318464,2.94486,-5.56891,11.32936,0.04001,0.03745,-0.16012
1619609318484,-4.10366,1.78128,5.93762,-0.00792,0.00442,-0.19527
1619609318504,0.43095,-1.00556,8.36055,-0.00046,0.00336,-0.18249
1619609318524,2.47081,0.75656,8.99262,-0.01218,-0.01048,-0.16864
1619609318544,-1.51792,3.0119,9.06923,0.02083,0.00868,-0.18355
1619609318564,1.4413,1.49877,9.03571,0.02083,-0.019,-0.16438
1619609318584,0.13886,0.05267,8.66701,-0.02603,-0.02007,-0.14201
1619609318604,-3.18907,0.46447,11.85608,0.01977,0.01827,-0.15692
1619609318624,1.42694,-1.3599,7.35977,-0.01964,-0.04883,-0.17716
1619609318644,4.20421,0.39264,9.95509,0.01764,-0.00622,-0.15373
1619609318664,1.99676,0.91937,5.81312,0.00912,-0.01261,-0.10046
1619609318684,-0.11492,2.36068,8.03015,0.00805,0.01294,-0.10259
1619609318704,-0.11013,-0.30645,7.44117,0.01657,-0.019,-0.15373
1619609318724,-4.47715,-0.01915,7.99184,-0.04733,-0.04883,-0.11751
1619609318744,-2.48996,1.82917,5.85142,0.03149,0.01081,-0.11431
1619609318764,-3.14119,1.03429,7.1826,0.0251,-0.00302,-0.07277
1619609318784,-0.70389,0.5746,10.06043,0.00059,-0.00942,-0.08448
1619609318804,-0.66079,3.19386,9.26556,-0.00366,0.0758,-0.11112
1619609318824,2.89698,-2.96402,5.62637,-0.00898,-0.05629,-0.01844
1619609318844,0.13407,1.0295,8.01099,-0.00153,-0.03605,-0.08555
1619609318864,-3.29442,0.16759,7.31189,-0.00792,-0.00622,-0.09194
1619609318884,-0.87627,-0.27293,10.58716,0.02083,-0.019,-0.11325
1619609318904,0.70389,-0.71826,8.07324,0.00379,0.02466,-0.09407
1619609318924,1.54186,-0.6177,9.38527,-0.00579,0.00549,-0.14414
1619609318944,-1.92493,2.79163,9.99818,0.02083,-0.02646,-0.16757
1619609318964,1.15879,-0.88585,7.36935,0.01231,-0.02646,-0.1239
1619609318984,-2.75333,3.35667,11.03727,0.03149,0.04171,-0.13881
1619609319004,1.45088,-0.36391,7.89128,0.01231,-0.04031,-0.16225
1619609319024,-0.09097,-2.49954,10.78348,-0.03242,0.03105,-0.17397
1619609319044,0.6177,-2.70544,11.26232,0.00166,-0.01794,-0.18355
1619609319064,-0.50757,-1.29286,9.34217,0.01551,-0.06694,-0.1516
1619609319084,2.04943,-1.32638,9.86889,-0.02922,-0.05203,-0.08448
1619609319104,-1.25935,0.33039,10.84573,-0.02922,0.0481,-0.09301
1619609319124,-3.65834,-0.09576,9.96945,-0.05266,-0.00515,-0.09407
1619609319144,0.09097,-0.10534,9.22246,0.01977,-0.0222,-0.0994
1619609319164,0.72304,0.905,11.78426,0.01444,-0.00089,-0.11431
1619609319184,-0.05746,-1.37427,10.80742,-0.01431,-0.07653,-0.10792
1619609319204,-0.33039,0.6991,11.20486,-0.01751,-0.00089,-0.11964
1619609319224,2.79163,-2.94965,12.64138,0.0432,0.00336,-0.13349
1619609319244,-1.154,1.74297,8.90643,0.00379,-0.05842,-0.11964
1619609319264,-0.12449,-2.73896,11.91833,-0.03988,0.01614,-0.11112
1619609319264,0.43095,-0.5363,9.68694,0.00166,0.00549,-0.07064
1619609319304,0.01436,-3.10288,11.42991,0.03575,-0.0222,-0.10685
1619609319324,-0.33997,0.0383,8.26957,-0.01111,0.00123,-0.15586
1619609319344,0.01436,-0.35434,13.32612,0.01551,0.04916,-0.11751
1619609319364,-0.35913,-2.09253,13.57512,-0.00898,0.04277,-0.1207
1619609319385,0.4932,0.51714,11.73158,-0.00898,-0.08718,-0.15692
1619609319404,0.23463,-4.62559,10.63983,0.01977,0.04277,-0.11964
1619609319424,2.99275,-0.64643,9.5768,0.02616,-0.03285,-0.11857
1619609319444,-0.01436,-0.14365,10.37646,-0.03561,0.00123,-0.09407
1619609319464,3.97916,-1.154,9.10754,0.03468,-0.00196,-0.18888
1619609319486,3.0119,-1.84832,13.77623,0.03362,-0.04457,-0.17503
1619609319504,0,2.09253,8.32224,0.01444,-0.01581,-0.2006
1619609319524,0.14365,1.02471,10.0317,0.0187,0.00868,-0.1516
1619609319544,2.76769,-3.99831,11.98537,0.00805,-0.02966,-0.15905
1619609319564,1.24019,1.18273,11.04684,0.01444,-0.03605,-0.13029
1619609319584,-0.12928,-0.8236,6.89051,0.02083,0.06301,-0.12816
1619609319604,0.81881,2.89219,7.12035,-0.0207,-0.03392,-0.13349
1619609319624,-0.2873,3.03584,9.57201,0.00166,-0.01474,-0.13029
1619609319644,0.05746,-0.44053,9.17458,-0.00579,0.00123,-0.13029
1619609319664,-0.42616,-1.87226,10.0317,0.04001,-0.03179,-0.10366
1619609319685,-3.18428,2.63362,7.80509,0.01764,0.05556,-0.17077
1619609319705,-1.57538,1.5275,7.58483,-0.00046,-0.06161,-0.15905
1619609319724,1.28329,1.41736,9.3709,0.03468,0.01721,-0.1452
1619609319744,-1.1971,3.38061,8.2552,-0.01644,0.04916,-0.08342
1619609319764,-1.92493,2.32237,8.12592,0.01657,-0.00302,-0.16438
1619609319786,-1.73819,-0.58418,7.65186,-0.01218,0.00016,-0.18249
1619609319804,-0.80924,0.24899,8.20253,-0.00259,-0.04563,-0.14201
1619609319824,-3.20344,2.41814,7.57525,-0.01751,0.03851,-0.10366
1619609319844,5.17626,-1.81001,7.02937,0.02723,-0.02433,-0.13775
1619609319864,-2.00155,1.64242,10.88882,0.01657,-0.019,-0.08448
1619609319884,0.42137,1.26892,7.99184,-0.0239,0.00549,-0.0962
1619609319904,0.2059,0.87627,10.88882,-0.05372,0.01401,-0.08874
1619609319924,-2.59531,-0.45489,9.99339,0.03255,-0.00089,-0.16544
1619609319944,-6.79474,2.70544,7.38371,-0.00792,0.00762,-0.15905
1619609319964,0.4118,-1.17315,7.58483,-0.02177,0.03851,-0.09727
1619609319984,-0.40222,1.57059,9.69172,0.03255,0.00868,-0.11218
1619609320004,-1.95845,0.95289,10.63504,0.03575,-0.02007,-0.14946
1619609320024,-2.54264,0.16759,12.76588,0.00379,-0.01474,-0.1761
1619609320044,-0.98641,-0.4501,11.56878,-0.03242,0.00868,-0.11857
1619609320064,-4.35265,0.22984,8.1738,-0.00046,0.00123,-0.15479
1619609320085,-1.28808,0.94331,8.55208,0.03149,-0.01261,-0.15586
1619609320104,-2.33674,-0.33518,11.36766,0.04001,0.02147,-0.18462
1619609320124,-4.68784,-2.20266,8.56166,-0.01005,0.01188,-0.1239
1619609320144,-1.01035,-2.59531,11.53526,-0.01644,0.00868,-0.18568
1619609320164,-1.21146,0.26336,11.58314,-0.00153,0.00123,-0.14414
1619609320184,1.59932,-0.57939,10.35252,0.00166,0.01721,-0.0994
1619609320204,-0.55066,0.5746,15.07868,-0.01431,0.04171,-0.15692
1619609320224,1.74297,-1.20667,8.99262,-0.00259,-0.00515,-0.11964
1619609320244,-1.14921,0.78529,10.817,0.03042,-0.00622,-0.20805
1619609320264,0.06703,-1.20667,11.32936,0.03362,-0.05629,-0.18994
1619609320284,-0.44053,-2.75333,14.36999,-0.01964,-0.02646,-0.19527
1619609320304,-1.54186,-1.16358,8.74841,0.02403,0.00762,-0.17184
1619609320324,2.13562,-1.82438,13.2543,0.01018,-0.00302,-0.13988
1619609320344,1.77649,-1.65678,13.10107,0.02616,0.00655,-0.16757
1619609320364,0.67037,1.42215,11.04205,-0.0697,-0.01687,-0.16331
1619609320384,2.54264,-0.27772,8.97825,0.00379,-0.01794,-0.18036
1619609320404,1.64242,-0.36391,9.50498,0.06238,0.01614,-0.16225
1619609320424,-0.62249,2.46123,10.3621,-0.03029,0.00442,-0.15905
1619609320444,2.54264,-1.54665,10.38125,-0.01644,-0.00196,-0.19953
1619609320464,0.4932,1.14921,9.25598,0.01231,-0.07227,-0.20592
1619609320484,0.85233,-1.13485,10.52491,0.01444,0.05662,-0.1697
1619609320504,2.18351,-1.58017,9.89284,-0.02709,0.00655,-0.21445
1619609320524,-0.23463,3.73495,12.47858,-0.02283,-0.06907,-0.19634
1619609320544,1.36948,0.5363,8.5856,0.03042,-0.04031,-0.16331
1619609320564,2.2697,-1.19231,10.24239,0.0251,0.0694,-0.1239
1619609320584,-1.01035,2.32716,10.37168,-0.01537,0.01401,-0.15905
1619609320604,-1.06781,4.35744,6.56011,-0.00366,-0.01368,-0.17184
1619609320624,2.50433,0.72783,9.70609,0.0496,-0.00302,-0.13668
1619609320644,0.67516,1.17794,9.72524,0.00166,-0.01261,-0.11112
1619609320664,-1.39342,0.42616,7.11556,-0.00898,0.0236,-0.11325
1619609320684,5.45878,-2.43729,7.01022,0.0464,0.00762,-0.12496
1619609320704,1.403,-0.11492,10.93192,0.04214,-0.00089,-0.08555
1619609320724,-2.21703,3.08373,7.46033,-0.02603,0.07153,-0.10259
1619609320744,1.13485,3.45243,6.99585,-0.02709,0.00016,-0.18036
1619609320764,0.43095,1.84832,8.29351,0.02296,-0.02966,-0.14946
1619609320784,-1.35032,2.37025,6.42603,0.0464,0.03318,-0.10792
1619609320804,-0.79487,1.88663,9.81143,-0.06651,-0.01368,-0.08981
1619609320824,1.7717,2.12605,8.89685,-0.0484,-0.02646,-0.13455
1619609320844,-2.69587,3.12203,9.47146,0.01977,0.01188,-0.06105
1619609320864,-2.11647,0.61291,7.52258,-0.00792,0.03958,-0.06211
1619609320884,4.31435,-2.99275,8.68616,-0.0974,-0.02433,-0.06105
1619609320904,-3.57693,0.17717,9.21767,-0.02496,-0.03392,-0.07383
1619609320924,-0.52193,2.83473,10.96544,0.08155,0.00336,-0.13988
1619609320944,-0.25857,-1.25935,9.01177,0.00805,0.01614,-0.13029
1619609320964,0.15801,-0.87627,11.3964,-0.06651,0.01401,-0.09727
1619609320984,-2.67192,1.13964,6.96712,0.0496,-0.019,-0.11431
1619609321004,-0.2442,-1.80043,8.44674,0.01231,-0.00089,-0.08555
1619609321024,0.27772,-2.36547,13.35485,-0.00472,0.05662,-0.11325
1619609321044,-1.89141,-0.31124,7.41723,-0.04946,0.01188,-0.11538
1619609321064,-2.28406,-0.09576,9.08838,-0.02177,-0.06481,-0.0717
1619609321084,-0.60333,-1.24498,10.65898,0.0432,0.02892,-0.08235
1619609321104,-1.20667,2.62404,13.10107,0.00059,0.00975,-0.05785
1619609321124,-1.01514,2.08774,8.56645,-0.02709,-0.00196,-0.08874
1619609321144,1.12527,-0.34476,11.86566,0.01764,0.01401,-0.13775
1619609321164,-0.96246,-0.77572,11.3964,0.00805,0.00655,-0.1452
1619609321184,-4.21858,-1.38384,9.68694,-0.03561,-0.00622,-0.11325
1619609321204,0.12449,-0.75656,9.76834,0.01551,0.01081,-0.11751
1619609321224,-0.14844,-0.90979,14.4897,-0.01964,-0.02753,-0.12283
1619609321244,-1.1109,-1.91057,10.95107,-0.04307,0.02147,-0.13775
1619609321264,1.88663,0.66079,7.24964,0.02829,0.01294,-0.08874
1619609321284,0.2873,3.2178,11.38682,0.05173,-0.00729,-0.1207
1619609321304,-5.45878,1.95845,11.09951,-0.03561,0.00123,-0.13455
1619609321324,-0.36391,-1.59453,10.9415,-0.01005,-0.08505,-0.13455
1619609321344,0.97204,-2.49475,10.92713,-0.00472,0.10775,-0.08555
1619609321364,-0.0383,0.00957,11.38682,0.00699,-0.0467,-0.14201
1619609321384,0.905,-0.51235,9.61032,0.03681,-0.00942,-0.17503
1619609321404,3.24174,-0.75656,13.52245,0.00912,-0.00729,-0.18036
1619609321424,2.54743,0.48841,9.29429,0.00912,0.00229,-0.13988
1619609321444,-0.11492,1.21146,7.8003,0.01018,-0.03605,-0.14946
1619609321464,0.15322,-0.64164,8.85854,0.01764,-0.019,-0.16118
1619609321484,1.82917,0.18195,11.83214,-0.01324,0.00336,-0.15266
1619609321504,0.22984,0.90021,7.77636,-0.01005,0.00016,-0.13988
1619609321524,3.85466,-0.39743,9.18894,0.02296,-0.01261,-0.1239
1619609321544,0.70868,-1.61369,11.54005,0.02829,-0.06055,-0.14946
1619609321564,1.05823,0.19632,10.70208,0.01125,0.03318,-0.13668
1619609321584,-0.4932,0.35913,10.77869,-0.02177,-0.02646,-0.16012
1619609321584,-2.13562,1.21146,9.01177,0.01444,-0.02007,-0.18568
1619609321624,-0.41659,0.02394,9.16979,0.00059,-0.019,-0.17397
1619609321644,4.81234,-3.57214,9.27992,0.00805,-0.01368,-0.16118
1619609321664,1.17315,1.37906,9.58159,0.04214,0.0236,-0.20273
1619609321684,-2.00634,-2.82994,9.00698,-0.00579,-0.05948,-0.14627
1619609321705,2.53306,-0.56503,9.59117,0.01444,0.02786,-0.17929
1619609321724,-0.35913,1.09175,11.00853,-0.00366,0.00762,-0.17929
1619609321744,0.55545,2.32237,7.3071,-0.01964,-0.02753,-0.20699
1619609321764,2.40856,-1.78128,8.49941,0.03468,-0.03924,-0.17823
1619609321784,-2.27928,0.42137,8.0924,0.00699,0.0204,-0.16012
1619609321784,1.73819,0.93852,7.37414,-0.02496,-0.03285,-0.1697
1619609321824,1.86268,-0.04788,7.58004,0.02829,-0.01794,-0.17077
1619609321844,-1.91536,-0.46926,10.52491,-0.00046,0.01081,-0.15905
1619609321864,-0.71826,-2.37504,8.14028,-0.04094,0.02147,-0.14201
1619609321884,4.19942,-0.08619,9.94072,0.02083,-0.02859,-0.1761
1619609321905,-0.10534,-0.23463,10.73081,0.04214,-0.019,-0.14307
1619609321924,1.50355,-0.26815,7.48427,-0.00472,0.03318,-0.1239
1619609321944,-1.02471,-0.2059,10.05085,-0.01111,0.01508,-0.16651
1619609321964,-1.58496,1.69509,9.09317,-0.01537,-0.00622,-0.19101
1619609321984,-0.89543,1.58017,7.44596,-0.00259,-0.00515,-0.17077
1619609322004,0.87627,1.29286,12.43069,0.01018,-0.02966,-0.08661
1619609322024,-1.26892,2.54264,9.7444,0.00486,-0.08398,-0.06105
1619609322044,-0.67516,-0.59855,9.96466,0.06877,-0.13512,-0.02909
1619609322064,2.11647,0.12449,9.56723,-0.06438,0.13971,0.02629
1619609322084,-0.03351,-2.23139,14.13536,-0.07716,0.12799,-0.1207
1619609322105,2.31758,-1.30244,12.72757,-0.01857,0.05449,-0.08022
1619609322124,-4.34308,1.42694,6.81389,0.01018,-0.04457,-0.22297
1619609322144,0.73262,-2.23618,12.51209,0.03468,0.04916,-0.20486
1619609322164,-3.03584,-0.11013,9.47146,-0.01431,-0.05629,-0.15373
1619609322184,2.3942,-1.30244,11.63103,-0.0207,0.03318,-0.1729
1619609322206,2.29843,1.33596,11.54005,-0.01644,0.01294,-0.15266
1619609322224,-1.5658,-0.54587,11.52089,-0.03029,-0.04457,-0.13455
1619609322244,0.95289,-0.23942,9.84974,-0.00579,0.01081,-0.10685
1619609322264,-3.45722,0.16759,10.45787,0.00699,0.00016,-0.15586
1619609322284,-1.5658,1.46046,10.05564,0.01125,-0.00196,-0.19634
1619609322307,-0.7422,-1.4844,12.32056,-0.01218,-0.00835,-0.15266
1619609322324,-0.02873,-0.35913,12.41154,0.00699,-0.00409,-0.11538
1619609322344,-1.65199,-0.02394,11.19528,-0.00472,-0.01687,-0.1239
1619609322364,0.11492,-0.64164,10.65898,0.01444,-0.01794,-0.13668
1619609322384,2.01112,-0.19153,11.43949,0.01551,0.04916,-0.13242
1619609322404,-2.36547,-0.43095,13.25908,-0.03775,-0.00302,-0.12283
1619609322424,-0.89543,-1.70467,10.91277,-0.01431,0.01294,-0.11964
1619609322444,0.50757,-0.9481,9.88326,0.02403,-0.01687,-0.13029
1619609322464,1.60411,1.59932,11.36288,-0.00153,-0.00942,-0.10046
1619609322484,1.15879,-1.16837,13.36922,-0.01751,0.01081,-0.10366
1619609322505,1.33596,-0.20111,12.46421,0.01551,0.01934,-0.11644
1619609322524,1.91057,0.14365,10.65898,0.00379,-0.01581,-0.15479
1619609322544,-0.44532,0.75656,10.49618,-0.01218,-0.03285,-0.08874
1619609322564,1.69988,-1.20188,11.15698,0.01977,0.05129,-0.09727
1619609322584,0.59855,-0.5363,8.5856,0.03149,-0.04244,-0.07277
1619609322604,0.97683,0.4118,12.12902,-0.01005,-0.00515,-0.09833
1619609322624,1.28329,-0.86191,10.15141,-0.0207,0.00123,-0.11218
1619609322644,1.7717,2.04464,8.63349,0.03575,0.00549,-0.08448
1619609322664,2.14041,0.54587,9.65821,0.01125,0.01614,-0.1239
1619609322684,-0.47405,0.85712,6.11,-0.00153,-0.02539,-0.1207
1619609322704,2.40856,1.94888,8.35576,0.00486,-0.01368,-0.14201
1619609322724,4.29519,-3.8786,6.90487,0.01018,0.0449,-0.10792
1619609322744,-2.14999,1.47961,9.46667,0.04853,0.02679,-0.15799
1619609322764,-1.82917,-0.2442,6.82347,0.07836,0.01827,-0.23788
1619609322784,3.4668,0.31603,10.68292,0.02829,-0.00729,-0.2251
1619609322804,-0.19632,1.82917,9.27034,-0.06225,-0.03285,-0.09833
1619609322824,0.27293,2.60489,5.37737,-0.03348,-0.10103,-0.06637
1619609322844,1.08696,1.10612,10.46266,-0.03348,0.01188,-0.10259
1619609322864,-3.48116,0,7.67581,-0.01964,0.03318,-0.08661
1619609322884,-3.1364,1.49398,7.98226,-0.02709,-0.02646,-0.08768
1619609322904,0.46447,1.41736,8.64785,0.00059,-0.03285,-0.13029
1619609322924,1.07739,-0.88106,7.62313,0.01444,0.02786,-0.14946
1619609322944,-1.47482,3.65834,5.62158,0.00592,-0.019,-0.15053
1619609322964,-1.33117,-0.01915,6.99106,-0.02496,0.00762,-0.15479
1619609322984,-0.29209,0.9481,6.99585,-0.01751,-0.03605,-0.14946
1619609323004,-0.38307,0.72304,9.61032,0.00805,-0.03285,-0.13242
1619609323024,-2.50912,-1.69988,8.71489,-0.01644,-0.04244,-0.12709
1619609323044,1.25935,-0.63206,8.77714,-0.03348,-0.00835,-0.12177
1619609323064,-0.58418,1.87226,11.85608,0.04747,0.01188,-0.15053
1619609323084,0.33518,-1.7334,9.79707,0.02296,0.00868,-0.13881
1619609323104,-2.03507,-2.96881,10.93192,-0.00366,-0.02753,-0.1207
1619609323124,-2.42293,3.66791,9.20331,0.0219,-0.00302,-0.19314
1619609323144,-0.85712,-1.12048,9.47146,0.02936,-0.00942,-0.11644
1619609323164,0.34476,0.11971,10.0317,0.05173,0.00655,-0.12496
1619609323184,-1.30244,0.48841,14.78659,-0.01111,0.03958,-0.18568
1619609323204,-0.48841,-4.35744,11.2719,-0.01111,-0.00196,-0.16544
1619609323224,-2.00155,-0.33997,12.38759,0.04214,-0.01794,-0.14201
1619609323244,-2.6001,-1.32159,11.53047,-0.00153,-0.02966,-0.11005
1619609323264,1.50834,1.38863,11.13782,0.00805,0.01081,-0.10898
1619609323284,3.40455,-2.07816,10.46266,-0.03455,0.00655,-0.13349
1619609323304,0.56503,0.98162,9.33738,0.01018,0.01827,-0.15373
1619609323324,-1.21625,-0.98641,11.48259,0.03894,0.03425,-0.14307
1619609323344,0.59376,-3.65834,9.87368,-0.01005,-0.00729,-0.14733
1619609323364,-1.6903,-2.23139,8.1307,-0.01005,0.00123,-0.1697
1619609323384,1.36948,-1.28329,12.51209,0.03681,0.00336,-0.13136
1619609323404,1.81959,-0.72783,10.52012,0.05173,0.03958,-0.16225
1619609323424,0.67516,-0.57939,12.97178,0.00272,-0.00835,-0.20166
1619609323444,3.86903,-0.42137,9.50019,-0.02603,-0.02859,-0.18355
1619609323464,5.40131,-3.50511,10.24718,0.00486,0.01508,-0.11538
1619609323484,-1.84832,1.13485,10.91756,0.0187,-0.00942,-0.10579
1619609323504,-1.31681,-0.67995,9.04529,0.00699,0.01934,-0.14733
1619609323524,2.23139,-2.06859,8.31745,0.02616,-0.02433,-0.15692
1619609323544,-0.07182,0.50757,12.68448,0.03255,0.00123,-0.13881
1619609323564,0.37828,-0.05267,7.46033,0.01977,0.01614,-0.16225
1619609323584,0.79487,-2.17393,9.71088,-0.01324,-0.02646,-0.12816
1619609323604,3.61524,-1.98718,9.55765,0.00166,0.00762,-0.16438
1619609323624,-0.68474,0.54108,7.33583,0.00166,-0.01155,-0.05785
1619609323644,1.96324,0.07182,10.45787,0.03255,0.00762,-0.16118
1619609323664,-0.83318,2.48039,9.3709,-0.05266,0.01827,-0.18249
1619609323684,-2.36068,0.65601,8.33661,-0.03455,-0.019,-0.12922
1619609323704,3.49553,-1.52271,11.31978,0.04534,0.00868,-0.08661
1619609323724,-0.66079,-0.50757,11.58793,-0.00685,0.00868,-0.13455
1619609323744,-0.05746,1.16358,9.95987,-0.00685,-0.03285,-0.17823
1619609323764,2.58573,1.74776,8.51857,-0.00366,0.03105,-0.12922
1619609323784,-0.78529,2.18351,7.21612,0.02723,0.01934,-0.13775
1619609323804,-1.64242,1.47961,7.19218,-0.02603,-0.02007,-0.16225
1619609323824,1.28808,0.01436,5.95198,-0.02177,-0.04244,-0.19208
1619609323844,-1.94888,0.04788,8.90643,0.01551,0.0758,-0.12922
1619609323864,-1.63284,2.38941,7.11556,-0.01324,0.02786,-0.15799
1619609323884,3.19865,-3.91691,9.49061,-0.06864,0.03318,-0.15799
1619609323904,1.80043,2.47081,11.65976,-0.00259,0.04171,-0.14946
1619609323924,-2.56179,-0.00957,5.46835,0.02083,-0.00089,-0.10898
1619609323944,0.58418,-0.11492,8.16901,0.01551,0.00229,-0.11644
1619609323964,-3.06936,1.88184,6.92881,-0.00472,0.00868,-0.16225
1619609323984,-3.3423,2.61925,9.30386,0.00805,0.01081,-0.15692
1619609324004,0.79487,0.85233,8.14507,0.00592,-0.04244,-0.09301
1619609324024,-3.37103,1.21146,9.73961,-0.00046,0.0726,-0.12709
1619609324044,1.56101,1.00077,9.88805,-0.08675,-0.04457,-0.08661
1619609324064,1.00556,-0.19632,6.41167,-0.00153,0.00762,-0.10366
1619609324084,1.51792,-0.20111,8.37012,0.03042,0.05129,-0.11538
1619609324104,-2.65756,1.53228,11.11388,-0.01964,-0.02753,-0.15053
1619609324104,-3.2992,1.29286,8.09719,0.01018,-0.02007,-0.16331
1619609324144,3.78762,-1.90099,8.25999,0.03681,-0.01581,-0.17397
1619609324164,0.04309,-1.26892,12.40675,0.02296,0.0481,-0.14201
1619609324184,-1.96803,-1.66157,9.50498,0.01338,-0.00089,-0.18462
1619609324204,1.50834,-0.79008,8.9591,0.0464,-0.02113,-0.1974
1619609324225,-1.63763,0,11.65976,0.01657,-0.00089,-0.19953
1619609324244,-1.99676,0.29688,9.40921,-0.01537,-0.01368,-0.17823
1619609324264,4.3335,-0.48362,11.51611,0.00912,0.00868,-0.20486
1619609324284,-2.49954,-1.90099,9.73961,0.0187,0.00123,-0.15799
1619609324304,0.06703,-0.90979,12.04762,0.00166,-0.01155,-0.13242
1619609324324,0.81881,-2.48039,11.20486,0.01444,0.03212,-0.18781
1619609324344,-1.15879,-1.65199,11.65018,-0.01005,-0.05416,-0.17397
1619609324364,2.04943,-2.21703,10.60152,0.00592,0.00868,-0.18355
1619609324384,3.34709,-2.9305,11.42513,0.04107,0.02786,-0.15373
1619609324404,0.21068,-0.83797,11.81778,-0.04733,-0.01581,-0.1484
1619609324424,1.64721,-1.39342,12.16733,-0.00898,0.01721,-0.18036
1619609324444,3.04542,-2.46123,12.87122,0.02296,-0.00089,-0.1516
1619609324464,3.04542,-2.46123,12.87122,0.02296,-0.00089,-0.1516
1619609324484,0.73741,-1.92014,9.94072,-0.00366,-0.01474,-0.16651
1619609324504,2.08295,0.55066,11.35809,0.00805,-0.00622,-0.15373
1619609324524,-1.45088,-0.19632,10.50575,-0.01751,-0.03498,-0.08768
1619609324544,-0.10055,-0.29688,12.01889,0.03788,-0.01474,-0.11751
1619609324564,1.09175,-1.08696,7.1395,-0.00472,0.01401,-0.13029
1619609324584,2.09253,-1.87705,12.98615,-0.03881,0.0236,-0.15692
1619609324604,0.34476,1.54665,9.38048,0.00486,-0.03072,-0.06424
1619609324626,0.65122,2.21224,11.19049,0.05492,-0.00942,-0.12603
1619609324644,3.63918,0.2059,13.08191,0.02829,0.00229,-0.08235
1619609324664,2.47081,1.43652,7.98226,-0.02177,-0.01261,-0.13455
1619609324684,1.41736,-3.33272,9.85932,0.00166,0.01188,-0.0994
1619609324704,3.24653,-0.70389,8.53772,-0.00472,0.00442,-0.12496
1619609324725,0.67037,1.18752,8.74841,-0.00366,-0.04137,-0.10898
1619609324744,-1.64242,3.04063,7.64229,-0.03561,0.02466,-0.0994
1619609324764,3.88339,-0.74699,8.52814,-0.02603,0.02786,-0.05253
1619609324784,-2.32237,2.03985,8.09719,0.02296,0.00229,-0.06957
1619609324804,-4.65911,4.89374,5.64073,-0.04733,-0.02859,-0.12496
1619609324824,-0.97204,0.45489,8.66222,-0.01431,-0.02113,-0.08768
1619609324844,0.33518,-0.79008,7.65186,0.03681,-0.00196,-0.06744
1619609324864,-1.39342,1.82917,8.61912,0.02296,0.06514,-0.14094
1619609324884,3.45243,2.27928,8.14028,0.02296,0.00229,-0.1761
1619609324904,2.21224,-0.81402,9.42836,0.01338,0.00229,-0.14094
1619609324925,-3.20823,0.84754,8.71968,-0.03881,0.00868,-0.06424
1619609324944,0.78529,0.0383,8.71489,-0.02816,-0.02646,-0.09514
1619609324964,0.41659,1.6089,9.96466,-0.01857,-0.01368,-0.1207
1619609324984,0.13407,-1.17315,4.37181,0.02403,-0.02753,-0.09301
1619609325004,-2.66714,1.40779,8.37012,0.0251,0.06408,-0.14201
1619609325024,0.17717,2.54264,6.36378,-0.00046,0.01401,-0.15373
1619609325044,-3.02627,-0.29688,8.53293,0.00699,-0.05416,-0.1484
1619609325064,-2.01591,2.81079,8.30787,0.03468,0.04064,-0.14946
1619609325084,-0.03351,-1.22104,4.6639,-0.00153,0.01934,-0.06211
1619609325104,-0.05746,1.18752,8.9591,-0.02283,0.01508,-0.10579
1619609325124,-2.16914,2.13562,9.18894,-0.00472,-0.01474,-0.11431
1619609325144,-3.72537,2.27928,6.65588,0.03894,-0.13405,-0.04187
1619609325164,-2.50912,1.62805,12.12423,0.03575,-0.00089,-0.0227
1619609325184,2.11168,-0.19153,12.06198,0.00912,0.00229,-0.08874
1619609325204,-1.41736,-1.92493,11.07078,-0.0484,-0.00515,-0.10792
1619609325224,-0.73262,-4.31914,10.4435,0.01125,-0.00089,-0.08874
1619609325244,-0.61291,-3.36145,11.59751,0.06131,0.02147,-0.09833
1619609325264,-2.6815,0.47405,12.66532,-0.01218,-0.01368,-0.11112
1619609325284,-0.87627,0.29209,11.91833,0.01338,-0.0435,-0.09833
1619609325304,-0.58418,-1.5275,11.76989,-0.0239,-0.02433,-0.13242
1619609325324,-2.75333,1.22583,11.81299,-0.03135,0.00336,-0.09833
1619609325344,-2.0207,-2.42772,9.70609,0.04534,-0.02539,-0.15586
1619609325364,2.2697,-1.25935,11.47301,-0.00366,-0.02433,-0.16012
1619609325384,0.4932,-1.31202,13.30218,-0.01431,-0.02113,-0.12496
1619609325404,1.53228,-0.02394,11.20486,0.00699,-0.00729,-0.09301
1619609325424,0.03351,-0.53151,9.5768,-0.00898,0.02147,-0.14733
1619609325444,-0.73741,-0.88585,10.7739,-0.02922,-0.00942,-0.18036
1619609325464,1.17794,-0.66079,8.59997,-0.01218,0.06621,-0.16757
1619609325484,-0.2059,-2.31758,11.82256,0.00486,0.03745,-0.20379
1619609325504,-2.04464,0.99598,6.34463,0.00486,-0.12233,-0.1697
1619609325524,-0.56024,0.54108,10.84573,0.04214,-0.00835,-0.2006
1619609325544,1.32638,-1.14442,12.37802,-0.01005,0.01401,-0.18994
1619609325564,-0.85233,-0.42616,11.13782,-0.00046,-0.03285,-0.22616
1619609325584,1.37906,0.09097,10.41956,0.05066,-0.0435,-0.21658
1619609325604,-1.91536,0.9481,12.53604,0.03362,-0.00835,-0.18355
1619609325624,0.18674,2.4756,6.89051,-0.01644,-0.019,-0.18994
1619609325644,2.26491,0.76135,8.53293,-0.00792,-0.03072,-0.20379
1619609325664,1.70946,1.22104,11.49216,0.02296,-0.01474,-0.17929
1619609325684,1.22104,2.95444,9.93114,0.01125,0.01721,-0.17397
1619609325704,1.78128,-1.79565,9.4523,-0.03561,-0.04137,-0.16651
1619609325724,0.91937,0.8236,11.37724,0.01231,-0.02539,-0.2006
1619609325744,1.15879,0.87627,7.45075,0.05279,-0.01368,-0.17716
1619609325764,1.09175,-2.29364,8.2983,-0.00366,-0.02113,-0.16544
1619609325784,0.40701,1.26413,10.06043,-0.00685,0.0236,-0.20805
1619609325804,1.31681,1.24498,8.37012,0.03255,-0.03605,-0.20273
1619609325824,6.33026,-0.65601,10.98459,0.01444,-0.00196,-0.18036
1619609325844,-1.24977,1.36948,8.53293,0.00805,0.02147,-0.18249
1619609325864,-2.46123,3.60566,5.72214,-0.00685,-0.019,-0.19208
1619609325884,1.51313,-0.96725,7.35019,0.0251,-0.05629,-0.19314
1619609325904,-1.20667,0.09097,10.26154,0.02936,0.06408,-0.14733
1619609325924,-3.22259,-0.02394,5.34385,0.0219,0.01721,-0.19208
1619609325944,1.46525,1.20667,9.31344,0.04747,0.03318,-0.21338
1619609325964,-1.78607,0.14844,7.53694,-0.00153,-0.01581,-0.13668
1619609325984,0.11013,1.92972,7.98226,0.00699,-0.0222,-0.10898
1619609326004,0.25857,-0.70389,10.84573,-0.02496,0.01827,-0.16651
1619609326024,-0.5363,1.34554,6.16746,-0.01005,-0.02539,-0.1516
1619609326044,-2.67671,2.07337,7.99663,0.03681,-0.02113,-0.13562
1619609326064,0.22505,-0.11971,7.35977,-0.00153,0.02892,-0.13349
1619609326084,-0.48841,-1.40779,10.40998,-0.04414,-0.00196,-0.13136
1619609326104,-3.16034,0.2442,7.4699,0.00379,-0.03285,-0.15479
1619609326124,2.75333,-1.57538,10.18014,0.03149,0.06621,-0.12603
1619609326144,-0.08619,-3.0933,9.9072,-0.08462,-0.01794,-0.08661
1619609326164,-3.54341,1.35032,10.00297,-0.07396,0.00229,-0.13881
1619609326184,0.33997,0.46447,8.48505,-0.03242,-0.11914,-0.08768
1619609326204,3.0933,-4.41011,10.28549,0.01977,0.02786,-0.07703
1619609326224,-1.01514,-1.65678,13.84327,-0.04201,0.02253,-0.0962
1619609326244,-0.56982,-0.35434,11.65018,-0.01644,-0.01581,-0.12177
1619609326265,0.06224,-1.14921,9.93593,-0.02283,0.03318,-0.11325
1619609326284,-0.56503,-0.5746,13.28303,0.01125,0.03212,-0.11751
1619609326304,-0.58418,-0.24899,11.7651,-0.05266,-0.02326,-0.07809
1619609326324,-0.93373,-1.03908,9.99339,-0.01537,0.00975,-0.08555
1619609326344,-0.25378,-2.09732,11.39161,0.0187,-0.0222,-0.09833
1619609326364,-2.82515,-2.25533,11.56878,-0.01644,0.04384,-0.10046
1619609326384,-0.65122,-1.47961,12.08114,-0.0484,0.01827,-0.10366
1619609326404,-0.20111,-0.09097,9.52413,0.01551,-0.03498,-0.09833
1619609326424,2.1021,1.14442,9.93593,0.00486,-0.04777,-0.11325
1619609326444,-2.05901,-0.88585,8.61433,-0.01644,0.00442,-0.06318
1619609326464,-2.41814,-1.11569,11.72201,0.00379,0.01827,-0.07703
1619609326484,0.55545,-2.73417,12.67011,0.00486,0.00549,-0.08342
1619609326504,1.39821,-1.10612,10.10353,0.00272,-0.0435,-0.06105
1619609326524,1.02471,-0.60812,11.03727,-0.00472,-0.00835,-0.0994
1619609326545,0.59376,-0.11013,9.80186,-0.02709,-0.02753,-0.01844
1619609326564,-1.63284,0.14844,11.63582,0.01125,0.01614,-0.0962
1619609326584,-1.5275,0.59376,8.65264,-0.01537,0.00655,-0.14414
1619609326604,4.32871,0.79487,13.15374,-0.00046,-0.03498,-0.07703
1619609326624,-1.28329,-1.86747,11.97579,0.03468,0.01614,-0.06531
1619609326645,-0.95768,-1.33596,12.0141,0.02083,-0.02007,-0.13029
1619609326664,-0.50757,1.20188,7.24006,-0.01644,-0.01155,-0.17397
1619609326684,0.83318,0.32082,9.7013,0.00272,-0.00302,-0.12177
1619609326704,2.90177,2.18351,7.35019,0.01231,-0.00729,-0.14946
1619609326724,2.53306,2.28885,9.27034,-0.00366,0.00229,-0.15586
1619609326744,0.37349,-2.40856,8.82023,-0.00259,-0.04777,-0.16331
1619609326764,-0.53151,2.6001,8.97346,0.00486,0.03105,-0.14627
1619609326784,0.50757,1.50355,5.12837,0.01764,0.00229,-0.15373
1619609326804,-0.80445,2.11647,11.3964,0.02083,-0.01581,-0.17503
1619609326824,-0.58897,-0.32561,8.07803,-0.01537,0.03425,-0.18036
1619609326844,2.32716,2.06859,8.15943,-0.02177,-0.02326,-0.14627
1619609326864,3.39497,1.81959,5.6551,0.00912,0.01188,-0.12922
1619609326884,-0.80445,3.40934,8.52814,-0.02496,0.0204,-0.16012
1619609326904,-1.78128,-1.10612,8.5856,-0.03242,0.02466,-0.16651
1619609326924,0.11492,-1.70467,8.61433,0.01977,-0.02966,-0.10046
1619609326945,-1.49877,-0.27772,8.87291,0.01764,0.03532,-0.14307
1619609326964,-1.5658,-0.59855,7.81467,-0.01324,-0.05522,-0.13881
1619609326984,1.37427,0.71347,12.52646,0.02616,0.00123,-0.09514
1619609327004,-0.10055,0.22984,7.54173,0.01231,0.03212,-0.12922
1619609327024,0.38307,0.75656,9.47146,-0.01751,-0.03285,-0.09194
1619609327045,1.14921,-0.58897,6.93839,-0.00792,0.02999,-0.1729
1619609327064,-2.55221,-0.4118,7.8003,-0.02177,-0.04563,-0.10579
1619609327084,-2.63841,-0.79008,7.62313,0.04853,0.00868,-0.10685
1619609327104,3.49553,-2.61446,9.37569,-0.01111,0.00229,-0.13881
1619609327124,-1.20188,-0.83318,10.68292,-0.0452,0.02147,-0.1484
1619609327144,-0.37349,1.51313,8.02536,0.0432,0.03318,-0.15479
1619609327164,-0.40701,0.43095,8.90643,-0.00046,-0.00409,-0.16651
1619609327184,0.47884,-0.40222,8.2552,0.01551,0.00975,-0.21658
1619609327204,0.13886,1.32159,10.52012,0.00272,0.00975,-0.15586
1619609327224,4.05098,-1.66157,9.00698,0.01125,0.01081,-0.12283
1619609327245,1.2354,-0.79487,11.25753,-0.01111,0.0236,-0.17397
1619609327245,0.43095,0.32082,13.67568,0.00805,-0.00515,-0.15053
1619609327284,3.15555,-2.806,11.3964,-0.0239,0.02892,-0.13988
1619609327304,-0.73741,1.01035,10.39562,0.02829,0.03105,-0.12283
1619609327324,-1.65199,2.57137,10.24239,0.00486,-0.05948,-0.11964
1619609327344,-1.24019,0.09576,9.59596,-0.03242,0.02253,-0.11538
1619609327364,2.4756,-0.57939,11.47301,0.00166,0.03212,-0.15053
1619609327384,-1.16358,-0.42616,9.08838,-0.02177,0.01827,-0.12709
1619609327404,-0.38786,-1.10612,9.70609,0.00166,-0.00196,-0.15479
1619609327424,2.86346,-3.52426,11.1474,-0.00685,0.00123,-0.0994
1619609327444,1.82438,-0.79008,10.57758,0.00486,0.02147,-0.14414
1619609327464,-3.30878,1.91536,11.20486,0.00486,-0.03605,-0.15692
1619609327484,2.95444,-1.82917,9.38048,0.02296,-0.01261,-0.12709
1619609327504,0.69431,0.49799,12.40196,0.02723,0.05449,-0.11112
1619609327524,-3.68228,0.20111,10.08437,-0.04201,-0.07653,-0.09514
1619609327544,-0.43574,-1.49877,12.01889,0.00805,0.03212,-0.16331
1619609327564,-0.60333,-0.37349,11.58793,0.00699,0.02786,-0.12496
1619609327584,-4.18506,1.37906,14.66209,0.02723,0.00655,-0.11644
1619609327604,3.36145,-0.39743,9.82101,0.01231,-0.02539,-0.12709
1619609327624,0.85712,-0.88106,11.3102,-0.01857,-0.03818,-0.12709
1619609327644,-0.11971,1.42694,7.01022,0.0187,0.03105,-0.14627
1619609327664,-1.1971,1.7334,9.37569,-0.01324,0.02147,-0.10259
1619609327684,7.80988,-3.49553,10.61589,0.00592,0.00229,-0.11325
1619609327704,-0.47405,3.96479,9.29907,-0.00259,0.00442,-0.11644
1619609327724,2.60967,-1.62326,7.73806,-0.00153,-0.00622,-0.09407
1619609327744,2.36547,-2.04943,9.59117,0.02083,0.0449,-0.11751
1619609327764,-0.35913,-0.30645,11.70285,0.00379,0.02253,-0.11431
1619609327784,-0.42137,-1.81959,8.97825,0.01551,-0.01048,-0.17184
1619609327804,1.04387,1.43173,9.01177,0.01231,-0.00409,-0.14201
1619609327824,1.96324,-0.50278,10.78348,0.0219,-0.01048,-0.16544
1619609327844,-1.25456,1.36948,8.72447,-0.00685,-0.03285,-0.13029
1619609327864,-1.99676,-0.09576,9.50976,-0.01644,0.06514,-0.1516
1619609327884,-1.45567,-2.18351,7.25443,-0.02922,-0.00302,-0.13349
1619609327904,-2.42772,3.45243,5.29597,0.04747,-0.02326,-0.15053
1619609327924,1.55144,0.77093,9.26556,0.01018,0.00762,-0.19634
1619609327944,0.4501,2.72939,9.61511,-0.01751,-0.00515,-0.17397
1619609327964,-0.87627,1.68072,5.72693,0.02936,-0.01474,-0.14307
1619609327984,0.85233,-0.4501,7.73327,0.00166,0.02253,-0.16118
1619609328004,-2.0207,1.90578,9.38048,0.01551,-0.04031,-0.11644
1619609328024,-4.07014,0.44053,9.65821,-0.01751,0.05342,-0.14201
1619609328044,1.71903,1.59932,7.99184,-0.01218,-0.03285,-0.09407
1619609328064,-0.21068,-0.9481,7.21133,0.00486,-0.02113,-0.16012
1619609328084,-0.20111,3.22259,8.28872,-0.0207,0.01721,-0.16331
1619609328104,1.62805,0.67516,7.51779,0.01444,0.01721,-0.14201
1619609328124,0.25857,-0.70868,9.16979,0.04534,0.04171,-0.15586
1619609328144,-1.07739,4.26646,7.66623,-0.03668,-0.01155,-0.15799
1619609328164,0.25378,-0.93852,9.40921,-0.01218,0.01614,-0.1974
1619609328184,-3.04063,0.06703,8.89206,-0.00259,-0.00302,-0.15799
1619609328204,-2.84431,3.48595,8.916,-0.01644,0.01401,-0.18249
1619609328224,0.9481,-1.99197,6.48828,0.01231,-0.00835,-0.17503
1619609328244,-0.17238,0.56503,11.52089,-0.02603,-0.00196,-0.15586
1619609328264,-0.17238,0.56503,11.52089,-0.02603,-0.00196,-0.15586
1619609328284,-0.18195,-0.27293,9.22246,0.01977,0.00655,-0.20592
1619609328304,-1.21625,-0.61291,10.96544,-0.00685,-0.01474,-0.19527
1619609328324,-0.70389,2.27449,9.01656,0.03894,0.01294,-0.12603
1619609328344,0.20111,-1.22583,13.02445,0.01231,0.06195,-0.16118
1619609328364,-1.71903,0.69431,9.83059,-0.00046,-0.01155,-0.16012
1619609328384,-2.63362,1.90099,7.98226,0.01231,-0.01794,-0.1452
1619609328404,0.17717,-1.78128,12.14817,0.00912,0.02892,-0.12603
1619609328424,2.08295,-1.65678,12.1386,0.00912,-0.05309,-0.11644
1619609328444,-2.65756,2.88261,12.30619,0.05918,-0.05096,-0.16651
1619609328464,0.38307,-1.37906,10.44829,0.02403,-0.06801,-0.10472
1619609328484,0.01915,-2.06859,12.85686,-0.02496,-0.04031,-0.04507
1619609328504,-1.92493,1.8148,8.22168,0.00379,0.00655,-0.06105
1619609328524,-3.16513,-1.98718,9.76355,-0.00472,-0.07653,-0.07703
1619609328544,2.24576,0.64164,12.50252,-0.00579,-0.03711,-0.1207
1619609328564,4.07971,-0.05746,14.40351,-0.02177,-0.01687,-0.11112
1619609328584,-0.73741,-0.07182,13.16332,-0.01218,-0.00196,-0.08022
1619609328604,1.55623,0.58897,10.62546,-0.00898,-0.02753,-0.11005
1619609328624,-0.01436,-0.22026,11.84651,0.00166,-0.04031,-0.0962
1619609328644,-1.49398,-1.53228,10.96544,0.00805,0.03638,-0.09194
1619609328664,-0.53151,-0.67037,9.62469,0.01125,-0.01261,-0.07596
1619609328684,2.2697,-1.76692,10.55364,-0.01644,0.02892,-0.13349
1619609328704,-1.33117,0.66079,8.53772,-0.0239,-0.01581,-0.12816
1619609328724,-0.33518,-2.44687,10.97502,-0.01111,-0.00942,-0.07916
1619609328744,1.05823,-0.26815,9.03571,-0.01644,-0.02007,-0.10898
1619609328764,-2.82036,3.84029,13.64695,-0.00898,-0.00622,-0.15905
1619609328784,-1.50834,0.33997,9.85932,0.00912,-0.01368,-0.18036
1619609328804,1.31681,-0.00478,10.13226,-0.00472,0.00655,-0.15373
1619609328824,-3.83551,2.65756,10.9415,-0.03029,-0.02007,-0.15586
1619609328844,-2.0638,1.61848,7.88171,0.04534,-0.03072,-0.15799
1619609328865,3.76368,-1.25456,13.04361,0.01338,-0.04031,-0.15692
1619609328884,-2.06859,1.39821,9.165,-0.00898,-0.01687,-0.15479
1619609328904,-0.68953,2.0207,8.78672,0.01125,0.01508,-0.1974
1619609328924,3.98874,-0.07182,9.86889,0.00805,-0.0467,-0.1729
1619609328944,0.27772,-0.22026,8.78672,-0.00685,0.00549,-0.10366
1619609328965,-1.93451,0.34476,6.78995,-0.00898,-0.01368,-0.16544
1619609328984,0.67995,-1.89141,10.18972,-0.00153,-0.01261,-0.14946
1619609329004,-0.7805,0.2442,7.00064,0.03042,0.00655,-0.15266
1619609329024,1.20188,2.69587,6.09563,-0.01751,0.01614,-0.13988
1619609329044,6.08606,-1.13964,8.24084,-0.01111,-0.01474,-0.16864
1619609329064,0.77093,3.51947,7.76679,0.00699,-0.03072,-0.17184
1619609329084,-3.03105,2.55221,8.03494,0.03149,-0.02007,-0.17397
1619609329104,1.1971,-1.05344,5.65031,-0.00472,-0.01794,-0.14201
1619609329124,-0.2442,-0.62249,8.65743,-0.00685,-0.00729,-0.14414
1619609329144,-1.18273,0.43095,10.25675,0.01764,-0.03072,-0.18036
1619609329164,2.82994,-0.23463,6.61757,0.06664,0.0694,-0.18781
1619609329184,-1.0295,0.43095,11.45864,0.05812,0.05769,-0.24534
1619609329204,-4.17548,1.0726,7.8003,0.0219,-0.01261,-0.21018
1619609329224,0.22984,0.71826,8.9591,0.03468,0.00442,-0.20805
1619609329244,-1.35032,-0.53151,11.33893,0.0432,0.03318,-0.18249
1619609329264,-0.2059,1.98718,6.68461,0.00486,-0.00835,-0.1516
1619609329284,-1.00556,0.59855,11.23838,-0.00259,-0.00196,-0.21764
1619609329304,-0.39743,1.01035,9.59117,-0.03242,-0.00942,-0.14733
1619609329324,-1.1109,1.96803,10.06522,-0.00366,0.01401,-0.1207
1619609329344,0.23942,0.00957,11.46822,0.00166,0.00655,-0.12922
1619609329365,-0.12928,-1.6903,12.15296,-0.02496,-0.04563,-0.14733
1619609329384,-1.43173,-1.66157,11.73158,0.00166,-0.00942,-0.11964
1619609329404,0.77572,-2.22181,10.07001,0.01551,0.03532,-0.10472
1619609329424,3.64876,-1.46525,11.65018,-0.01537,-0.09144,-0.10685
1619609329444,-0.22505,1.14921,11.32457,-0.00046,0.01827,-0.12496
1619609329464,0.13886,-1.24019,11.48259,-0.04094,-0.01687,-0.06105
1619609329484,0.90979,-2.90177,13.77623,0.01444,0.03851,-0.08768
1619609329504,-2.27928,1.29765,13.26387,0.00912,-0.00729,-0.12603
1619609329524,-3.0119,1.53228,14.98291,-0.04201,-0.03285,-0.11218
1619609329544,2.41814,-2.14041,11.89439,-0.00366,0.03851,-0.10153
1619609329564,1.01035,-0.92416,11.2719,0.00486,0.01401,-0.09088
1619609329584,-2.70065,2.63841,9.55765,-0.02283,0.03958,-0.11218
1619609329604,1.57538,-2.70065,10.67335,-0.01111,-0.03711,-0.12283
1619609329624,0.11492,-2.50433,11.61666,0.01657,-0.00302,-0.08448
1619609329644,0.08619,-0.10055,11.49695,0.00166,0.01614,-0.07596
1619609329665,3.06936,-2.68629,11.17613,-0.01431,-0.02007,-0.07809
1619609329684,0.09576,-0.60812,13.55118,0.00912,-0.00089,-0.14946
1619609329704,-0.62249,0.07182,11.00853,0.02296,0.06088,-0.09088
1619609329724,-0.52672,-1.00556,10.06043,-0.03348,0.01188,-0.11538
1619609329744,0.71826,0.9481,9.50498,-0.03348,-0.04457,-0.12816
1619609329764,1.70946,2.74375,10.37646,0.04747,0.00549,-0.10792
1619609329784,2.26012,1.21625,8.7101,-0.00579,0.03958,-0.07703
1619609329804,-0.04788,-0.06224,12.76588,-0.03881,0.04384,-0.12496
1619609329824,-0.75656,1.69988,10.07958,0.01018,-0.00302,-0.12603
1619609329844,-1.25935,1.31681,6.359,0.04214,-0.04137,-0.13136
1619609329864,2.58094,2.01591,8.25041,0.00166,0.05556,-0.11431
1619609329884,-1.75734,-0.21068,12.32056,-0.02922,-0.019,-0.09301
1619609329904,2.54743,2.33674,6.6032,0.05279,-0.00089,-0.1697
1619609329924,-0.68953,-0.66079,8.11155,-0.00153,-0.01048,-0.16012
1619609329944,0.74699,-1.01035,9.79707,-0.00259,-0.02113,-0.13242
1619609329964,-0.41659,4.25689,5.02303,0.00912,-0.01048,-0.1452
1619609329984,1.71903,2.08295,10.18493,0.0251,0.00336,-0.1452
1619609330004,3.19865,-0.35434,9.00219,0.03149,0.00123,-0.12709
1619609330024,-1.38384,1.38384,8.51378,-0.02709,0.00549,-0.13988
1619609330044,-0.01915,-0.65601,5.80833,-0.00259,0.00016,-0.16438
1619609330064,1.35032,2.03507,11.33415,0.0432,0.03851,-0.19208
1619609330084,-1.10612,2.57137,7.96311,0.05173,-0.01261,-0.1484
1619609330104,0.12449,-1.72861,12.41154,-0.00366,0.03638,-0.13562
1619609330124,0.4932,0.70868,7.41723,-0.01857,-0.02007,-0.13029
1619609330144,0.07182,2.04943,9.86411,0.01657,-0.0435,-0.14201
1619609330164,1.62326,0.97204,10.25675,0.03042,0.06195,-0.17397
1619609330184,0.34476,0.37349,8.95431,-0.03775,-0.00089,-0.14201
1619609330204,-3.16034,1.92972,8.97346,-0.03775,-0.0222,-0.12816
1619609330224,-1.94409,-0.39743,7.61834,0.04107,0.00229,-0.12922
1619609330244,-1.58496,1.38863,9.76834,0.02403,0.00549,-0.09514
1619609330264,1.19231,-1.0726,10.22802,0.04107,-0.00302,-0.05998
1619609330284,-0.60812,-0.03351,10.99417,-0.01751,0.01081,-0.09301
1619609330304,-2.6001,2.00634,10.29506,0.02936,-0.02646,-0.08981
1619609330324,-1.98239,0.13886,12.51688,0.00592,0.01188,-0.09514
1619609330344,0.76614,-0.4501,8.41801,-0.02816,0.01188,-0.10153
1619609330364,0.09576,-1.72382,9.7013,-0.00153,-0.0222,-0.14946
1619609330384,0,-0.5363,11.37724,0.02296,0.02892,-0.16544
1619609330404,-3.11725,0.47884,7.31668,-0.03135,-0.01368,-0.12816
1619609330424,1.82917,-0.5363,12.82334,0.02083,0.00016,-0.13242
1619609330444,0.56024,-1.71903,10.91756,0.00699,-0.07333,-0.13136
1619609330464,-1.43173,0.86191,10.57279,0.02083,0.00975,-0.12709
1619609330484,-0.17717,-1.37427,10.25675,-0.00685,0.01934,-0.13881
1619609330504,-0.68953,-2.42293,11.49695,-0.03135,-0.03179,-0.15692
1619609330524,-4.0031,0.66079,9.09317,0.02403,0.00336,-0.1484
1619609330544,2.26491,-2.04943,11.36766,0.01444,0.01401,-0.12922
1619609330564,2.92571,-1.4413,11.01332,-0.00792,0.01827,-0.10792
1619609330584,1.06781,0.13886,12.26788,-0.01005,-0.01794,-0.15373
1619609330604,1.03429,0.14844,10.20887,0.02829,0.00549,-0.15692
1619609330624,-0.38307,0.53151,9.47625,-0.01218,0.01827,-0.14094
1619609330644,-1.17315,-1.53707,7.79552,-0.01857,0.00442,-0.11431
1619609330664,0.55066,-0.86191,8.68137,0.02723,-0.04244,-0.12177
1619609330684,2.04943,-1.80043,13.97256,-0.00685,0.02253,-0.09301
1619609330704,-1.21146,-1.59453,13.35964,-0.01644,0.0449,-0.13136
1619609330724,2.38462,-0.59376,9.39484,-0.00366,0.01721,-0.13562
1619609330744,-0.92895,0.1628,10.63504,0.0251,-0.00302,-0.15799
1619609330764,-1.5658,2.30801,10.78348,0.01338,-0.03072,-0.12709
1619609330784,-3.12203,1.85311,7.99663,0.00379,0.08006,-0.12709
1619609330804,3.03584,1.8962,11.50653,-0.00898,-0.00942,-0.17716
1619609330824,-2.58094,1.9393,9.70609,0.03468,-0.03605,-0.14094
1619609330844,-0.05746,-2.25054,9.5768,0.00486,0.02573,-0.15905
1619609330864,4.73094,-4.18027,7.48906,-0.04414,0.00442,-0.11112
1619609330884,0.1628,1.80043,7.31189,0.02829,-0.04137,-0.10153
1619609330904,1.12527,3.68228,8.17859,0.04001,0.05875,-0.15266
1619609330924,4.58729,0.79008,9.64384,-0.02496,-0.01687,-0.0504
1619609330944,1.68072,1.00077,9.17936,0.01444,0.05769,-0.11751
1619609330964,-0.18195,2.49954,5.23851,0.03149,-0.06161,-0.11325
1619609330984,1.40779,0.23942,8.56645,0.02936,-0.00515,-0.14094
1619609331004,1.07739,1.01035,7.67102,0.02083,0.00016,-0.09833
1619609331024,0.91937,0.43095,9.23683,-0.01644,0.02999,-0.08129
1619609331044,1.35511,2.16914,8.40364,-0.02603,-0.03392,-0.17397
1619609331064,1.74297,1.66636,9.69651,0.02296,-0.03179,-0.14414
1619609331084,0.4118,1.69988,7.53694,0.01231,0.0236,-0.15586
1619609331104,-0.57939,1.58017,7.78115,-0.05159,0.01614,-0.14307
1619609331124,-0.0383,1.46525,8.59997,0.00166,-0.04244,-0.18675
1619609331144,-2.37025,1.59453,8.45632,0.05812,0.02573,-0.18142
1619609331164,0.24899,1.07739,8.64306,-0.00792,0.00975,-0.16651
1619609331185,0.97683,1.03429,9.26556,-0.01111,0.02679,-0.16012
1619609331204,1.47003,-0.60812,8.41801,-0.00579,-0.01368,-0.19527
1619609331224,0.68953,2.23618,8.18816,0.00272,0.00336,-0.15373
1619609331244,1.62326,-1.72861,8.26478,-0.02177,0.00975,-0.12922
1619609331264,-3.98874,0.84754,10.99417,0.00059,-0.00302,-0.1452
1619609331284,1.60411,0.18195,7.9679,0.01551,-0.01261,-0.20166
1619609331304,0.06224,-0.83318,10.51054,0.00805,-0.00302,-0.1452
1619609331324,-3.93606,0.77572,9.57201,-0.01751,0.06834,-0.16225
1619609331344,-0.58418,-1.65199,9.0836,-0.02922,-0.0467,-0.14414
1619609331364,-0.73741,-0.05267,10.96065,0.05599,-0.00302,-0.13136
1619609331385,-3.07894,0.34955,10.81221,-0.00259,0.0236,-0.13881
1619609331404,-0.90979,-0.14365,9.67257,-0.03242,0.00016,-0.14201
1619609331424,0.51714,1.30244,11.51611,0.00805,-0.019,-0.15905
1619609331444,-1.56101,1.59453,8.5473,-0.00046,0.00336,-0.1729
1619609331464,1.14442,-2.11168,10.96544,-0.01005,-0.00835,-0.11857
1619609331484,-1.80043,-2.21224,15.30852,0.0187,0.02679,-0.11325
1619609331504,-2.7629,1.24498,10.01734,-0.01005,-0.00622,-0.14094
1619609331524,4.08929,-0.19153,10.6925,0.00699,-0.00089,-0.15905
1619609331544,5.3678,-0.68953,11.58314,-0.01218,0.01188,-0.0962
1619609331564,-2.2266,1.5275,11.82735,0.00059,-0.02646,-0.1452
1619609331586,2.09253,0.2442,11.78904,0.00699,-0.02859,-0.14094
1619609331604,-2.26012,-0.82839,9.40921,0.01657,-0.00089,-0.19208
1619609331624,-0.35913,0.75656,11.39161,0.00486,0.0236,-0.20486
1619609331644,0.30166,-2.82515,11.66933,0.01231,-0.019,-0.15905
1619609331664,2.63841,-1.14442,11.76989,-0.00792,-0.0222,-0.1484
1619609331685,-0.60812,-0.74699,14.44182,0.00272,0.09497,-0.12496
1619609331704,0.59376,-2.78206,11.49695,0.01444,-0.02753,-0.14733
1619609331724,0.89543,-1.06781,9.27034,0.02403,-0.01581,-0.17503
1619609331744,1.26413,0.29209,9.14585,0.03042,0.00123,-0.18781
1619609331764,-0.34955,-3.40455,11.1474,-0.04201,0.01188,-0.09833
1619609331784,1.69988,0.45489,9.54328,0.01018,0.00655,-0.13349
1619609331804,1.21625,-0.15322,8.92079,-0.01005,-0.02966,-0.11538
1619609331824,0.04788,-1.58017,9.17936,-0.03561,-0.03072,-0.10259
1619609331844,1.55144,-0.32561,9.30865,0.03362,0.05662,-0.09407
1619609331864,2.86825,1.79565,9.80665,-0.01005,-0.03605,-0.13668
1619609331885,-3.62482,4.79798,9.10275,-0.01537,-0.01794,-0.12922
1619609331904,0.64643,0.48362,9.64384,0.01764,0.03425,-0.10579
1619609331924,0.95289,-0.26336,9.86889,-0.02177,-0.02753,-0.05466
1619609331944,-2.58094,1.43173,10.91756,-0.02922,0.02147,-0.11325
1619609331964,-3.79241,-1.24019,6.52659,0.00059,-0.05629,-0.13455
1619609331984,0.4118,-3.4237,7.83861,0.02403,-0.03072,-0.13668
1619609332004,1.29286,0.8236,9.26556,-0.00366,0.03851,-0.12496
1619609332024,-1.10612,1.33596,8.9591,-0.00898,-0.02113,-0.13136
1619609332044,4.02225,-0.46926,10.52012,0.04107,-0.04883,-0.12283
1619609332064,-1.17315,-1.35511,7.54652,0.01551,-0.02007,-0.08022
1619609332084,-2.40856,-1.54186,7.1826,-0.01431,0.00336,-0.10472
1619609332104,-3.39497,0.18674,6.68461,-0.00153,-0.05629,-0.11218
1619609332124,0.66079,0.90021,10.20887,0.02296,-0.03498,-0.12283
1619609332144,-2.64319,0.77093,7.14429,-0.00366,0.01188,-0.10898
1619609332164,0.67995,0.22505,6.13394,0.01231,-0.08079,-0.1239
1619609332184,0.16759,2.88261,7.4699,0.0741,-0.04244,-0.19421
1619609332204,-4.91769,2.77727,11.72201,-0.06544,-0.03392,-0.1761
1619609332224,0.91458,-3.27526,10.81221,-0.04094,0.00336,-0.12496
1619609332244,0.81402,2.09253,7.35498,0.0496,-0.05522,-0.10472
1619609332264,-1.08217,-0.7422,8.79629,-0.00366,-0.03924,-0.14414
1619609332284,5.06613,-2.46602,10.20887,-0.04201,-0.03605,-0.13349
1619609332304,1.30723,-0.66558,10.02212,0.01444,0.03851,-0.12922
1619609332324,-3.98395,1.55623,11.87524,0.00379,-0.02753,-0.15053
1619609332344,0.13407,-1.79086,11.23359,-0.03029,-0.0222,-0.12816
1619609332364,1.46525,-1.35032,9.61032,-0.01537,0.00442,-0.13562
1619609332384,1.18273,-0.73262,10.28549,0.0187,-0.02966,-0.03548
1619609332404,-2.90177,1.154,10.74038,0.01977,0.02786,-0.15479
1619609332424,-1.16837,-4.01747,9.85453,-0.01218,-0.07653,-0.16225
1619609332444,0.04309,-1.79086,11.28626,0.03149,-0.06801,-0.11431
1619609332464,-0.4932,0.90979,12.0141,0.01231,0.03318,-0.10579
1619609332484,0.67037,-0.61291,9.11233,-0.01644,0.01614,-0.11218
1619609332504,1.01514,0.81402,11.68849,0.02616,-0.06161,-0.19527
1619609332524,-2.24576,1.16358,9.15063,0.00912,-0.0499,-0.13668
1619609332544,0.05746,1.03429,10.4052,0.00059,0.02466,-0.14414
1619609332564,-0.72304,-1.28808,12.23437,0.01018,0.05769,-0.13136
1619609332584,-0.01915,0.52193,11.09951,-0.01218,-0.00196,-0.16438
1619609332604,0.88106,-2.47081,10.42435,0.0187,-0.02326,-0.19208
1619609332624,1.3599,-1.49877,11.7268,0.02403,0.03318,-0.16864
1619609332644,1.99676,1.11569,11.10909,-0.00472,0.01508,-0.18781
1619609332664,-0.48841,-0.11013,10.26633,-0.02709,-0.00729,-0.19953
1619609332684,1.75255,-1.82917,11.99016,-0.01111,-0.04563,-0.17397
1619609332705,0.77572,2.71981,7.87213,0.02616,-0.02113,-0.18142
1619609332724,1.67115,-1.65199,10.568,-0.00579,-0.00622,-0.19101
1619609332744,-1.06781,1.54665,14.02044,-0.01964,0.05236,-0.17397
1619609332764,1.12048,-2.44208,10.47223,-0.02922,-0.02433,-0.15586
1619609332784,2.37983,0.19632,11.73637,0.05599,0.05662,-0.2251
1619609332804,0.14844,1.77649,12.63659,0.04427,-0.00835,-0.22084
1619609332824,0.19153,2.57137,9.44273,-0.02603,0.02786,-0.15692
1619609332844,1.57059,0.66558,11.31978,0.00272,-0.00089,-0.16757
1619609332864,-1.06302,3.25611,9.56723,0.0251,-0.03605,-0.17077
1619609332884,1.38384,-0.70389,9.15063,0.03681,0.00655,-0.18249
1619609332905,3.41413,-0.97683,10.34773,-0.01751,0.02679,-0.1452
1619609332924,-0.36391,-0.1628,9.7013,0.01444,0.00655,-0.12496
1619609332944,-1.55144,1.7334,5.9855,0.02723,-0.02966,-0.18781
1619609332964,1.76213,-2.74375,9.89284,0.0251,0.01081,-0.11644
1619609332984,2.26012,3.5482,6.45476,-0.00259,0.05023,-0.13562
1619609333005,-0.23942,1.21146,7.64708,-0.01537,-0.01581,-0.11218
1619609333024,1.62805,-1.06302,8.65743,-0.00792,-0.02113,-0.16331
1619609333044,-2.45645,1.05344,8.22647,-0.00685,0.00016,-0.15905
1619609333064,-2.00634,1.4844,6.92403,0.00379,-0.01368,-0.13562
1619609333084,0.38786,-0.46926,7.12035,0.00486,0.00442,-0.17503
1619609333105,-0.8667,0.30645,10.18014,0.00699,0.03318,-0.16651
1619609333124,-3.74931,2.81079,7.22091,-0.00259,0.01401,-0.11964
1619609333144,0.82839,-0.38786,8.59997,-0.0239,0.0204,-0.08981
1619609333164,-0.50757,0.7805,10.18972,0.02296,0.05023,-0.12922
1619609333184,-1.20667,2.62404,7.65665,-0.01324,-0.04563,-0.16225
1619609333204,-2.48518,-0.00957,8.89685,-0.00153,0.00762,-0.12496
1619609333224,0.18195,-0.54587,10.70208,0.05066,0.01188,-0.15905
1619609333244,-3.82114,1.91536,6.92881,-0.03135,-0.01581,-0.10046
1619609333264,1.86268,-0.21547,8.51378,-0.03348,-0.04137,-0.08022
1619609333284,2.66235,-1.66157,6.99106,-0.03348,-0.03818,-0.03868
1619609333304,-0.69431,0.37349,10.29506,0.00699,0.03638,-0.09301
1619609333324,-2.22181,3.07415,8.39407,0.00912,0.01614,-0.1207
1619609333344,0.65601,-0.01915,10.57758,-0.01324,-0.03605,-0.10366
1619609333364,2.20266,-0.46926,12.59829,0.02936,0.00868,-0.07596
1619609333384,-2.81558,1.79565,12.23437,0.00912,-0.0499,-0.07277
1619609333405,2.03507,-0.35434,11.3533,-0.01005,-0.00835,-0.08768
1619609333424,1.14921,1.18752,12.28225,-0.00153,-0.01368,-0.10792
1619609333444,1.74297,1.87705,10.29027,-0.03348,0.00123,-0.04187
1619609333464,-1.33117,1.55623,11.03727,-0.00153,0.03745,-0.05146
1619609333484,-2.27928,-0.21068,11.78904,0.00166,-0.06374,-0.08022
1619609333504,0.06224,-0.45489,12.45463,-0.04307,0.01721,-0.09407
1619609333524,-0.02873,1.63284,9.47146,-0.01005,0.00549,-0.05892
1619609333544,-0.53151,-0.90021,12.00452,0.02616,0.00975,-0.09088
1619609333564,-2.37025,-1.71903,10.6494,-0.01111,0.04703,-0.10792
1619609333584,-4.26167,0.0383,13.06755,0.01338,-0.01368,-0.10366
1619609333606,-1.34554,-2.59052,10.09395,0.0251,0.00123,-0.05466
1619609333624,0.30166,-1.36469,11.58314,-0.03881,0.02466,-0.12603
1619609333644,3.48116,4.707,10.86488,-0.01857,0.01934,-0.1239
1619609333664,1.01992,-0.26815,11.31978,0.02083,-0.03072,-0.16331
1619609333684,3.75889,-0.33997,10.8984,0.01231,0.00549,-0.13562
1619609333704,0.32561,-0.21547,11.82735,0.00166,0.00229,-0.16331
1619609333724,-3.13161,0.02394,7.95832,0.02616,-0.05416,-0.21551
1619609333744,1.6903,1.14921,10.38604,0.00805,-0.02859,-0.1729
1619609333764,2.09253,0.14844,12.25831,0.02723,0.06514,-0.1729
1619609333784,-1.45567,1.67594,9.43315,-0.02816,0.03105,-0.19208
1619609333804,2.74854,-4.07014,9.00698,-0.00792,-0.06268,-0.19101
1619609333824,-1.1109,2.71981,14.56153,0.0219,0.03318,-0.1729
1619609333844,2.46123,-1.96324,8.22168,-0.01005,-0.00942,-0.12603
1619609333864,0.45489,1.23061,8.69574,-0.00046,-0.00729,-0.17929
1619609333884,1.28808,3.25611,10.31422,0.00699,-0.00729,-0.19101
1619609333904,2.94007,1.48919,10.33337,0.02083,-0.03924,-0.14414
1619609333924,0.45489,0.43574,10.568,-0.00366,-0.02007,-0.16651
1619609333944,-0.59855,2.48518,8.03972,-0.05266,-0.07972,-0.23895
1619609333964,1.62326,0.79966,8.36055,0.03788,0.03958,-0.2773
1619609333984,0.87627,0.23942,9.14106,0.0496,0.04064,-0.21658
1619609334004,-2.39899,0.65601,9.95987,-0.03029,-0.00302,-0.16118
1619609334024,0.42616,-1.05344,8.48026,-0.00153,0.00336,-0.23575
1619609334044,-4.09408,2.66235,7.06289,0.02936,0.00229,-0.19634
1619609334064,-1.68551,4.83149,6.80432,0.01125,-0.00196,-0.20592
1619609334084,3.2609,-0.45968,9.21288,0.01231,0.01614,-0.24001
1619609334104,-2.15478,1.26413,9.37569,0.01338,0.01827,-0.17716
1619609334124,0.67995,1.97761,7.83382,0.01338,0.01508,-0.15905
1619609334144,0.79487,-1.07739,10.12268,-0.01005,0.0204,-0.20486
1619609334164,-2.80121,3.00711,6.7708,-0.02283,-0.06587,-0.20166
1619609334184,-0.47405,-0.84754,8.10676,0.02936,0.05662,-0.18675
1619609334204,-0.85712,0.59855,8.94952,0.01018,0.01401,-0.16438
1619609334224,-1.51313,-0.25378,9.63426,-0.02922,-0.02326,-0.12922
1619609334244,-3.20823,1.97761,10.17056,-0.01431,-0.0435,-0.16331
1619609334264,1.92014,-0.58418,9.46188,-0.01537,-0.00835,-0.08661
1619609334284,-1.18273,-0.8236,7.77157,0.04001,0.02679,-0.11325
1619609334304,-3.2178,3.28963,9.16979,-0.00685,-0.00089,-0.16864
1619609334324,-0.64643,0.46447,9.02135,-0.00792,-0.04457,-0.11964
1619609334344,0.22984,-1.08217,9.46188,0.06558,-0.00942,-0.13881
1619609334364,-1.56101,0.62249,11.92312,-0.00898,0.00336,-0.11112
1619609334384,-2.23139,-0.08619,8.01578,-0.05266,-0.05416,-0.15373
1619609334404,-0.14844,0.16759,10.41477,0.02296,-0.00196,-0.13349
1619609334424,-4.01747,2.06859,8.4228,0.05599,-0.00942,-0.07703
1619609334444,-0.87148,0.96725,11.32457,-0.0239,-0.00942,-0.06211
1619609334464,0.37828,-0.57939,9.31823,-0.0452,-0.01794,-0.13881
1619609334484,-0.79008,0.37828,9.46667,0.02723,-0.0435,-0.11218
1619609334504,-3.01669,-0.27293,10.41477,0.01125,-0.00622,-0.08555
1619609334524,-0.52193,-2.87304,13.44583,-0.06331,-0.07333,-0.05892
1619609334544,2.00155,0.40701,11.68849,-0.01964,-0.03498,-0.04081
1619609334564,-0.9481,2.21224,12.3014,-0.01857,-0.02007,-0.07703
1619609334584,-0.88106,-1.14442,10.1131,-0.01857,0.01721,-0.07809
1619609334604,0.12449,-2.64319,11.14261,-0.02177,0.0449,-0.0749
1619609334624,2.04943,0.00478,12.07156,-0.03775,0.03318,-0.03229
1619609334645,1.28808,-0.33039,12.42111,-0.04201,-0.01687,0.00818
1619609334664,0.6177,0.42616,10.96544,-0.03881,0.08112,-0.03016
1619609334684,2.7246,-2.94965,9.50976,0.00379,-0.05522,-0.08022
1619609334704,2.65756,1.29765,10.29985,0.01977,-0.0467,-0.02057
1619609334724,1.47482,0.66558,12.47858,-0.01324,0.09817,-0.05146
1619609334744,0.91937,2.80121,9.07881,-0.03029,-0.07866,-0.10366
1619609334764,2.75333,1.09654,10.02691,0.02616,0.03638,-0.1239
1619609334784,2.56179,0.65601,8.62391,-0.00259,0.01827,-0.15266
1619609334804,-0.25857,2.03507,9.73003,-0.02177,-0.08825,-0.1452
1619609334824,1.87705,0.04788,9.50976,-0.01751,0.00549,-0.10792
1619609334844,0.34476,-0.53151,12.23437,0.0219,-0.02966,-0.10259
1619609334864,1.46525,-2.2697,12.64617,-0.01964,0.03638,-0.1207
1619609334884,3.51468,1.00077,8.7101,-0.02709,-0.03818,-0.11857
1619609334904,0.63685,1.70467,11.73158,-0.00472,0.0204,-0.09833
1619609334924,1.05823,0.70868,7.89607,-0.02283,0.02147,-0.12709
1619609334944,1.80043,3.67749,5.22893,0.00379,-0.06161,-0.11857
1619609334964,2.19308,-0.26336,10.37646,0.02936,0.01294,-0.13775
1619609334984,0.88585,-1.32638,7.48906,-0.03135,-0.00302,-0.12177
1619609335004,-1.0295,-2.07337,10.24239,0.00166,0.04703,-0.11538
1619609335024,-2.64319,2.88261,8.29351,-0.01324,-0.02646,-0.13029
1619609335044,-0.31124,0.67995,8.71489,0.0219,-0.01048,-0.13242
1619609335064,0.75177,3.64876,10.41477,-0.00898,0.01721,-0.11005
1619609335084,0.34955,4.42448,8.2983,-0.00685,0.01294,-0.09088
1619609335104,-1.34554,1.68551,9.69172,0.00272,0.00123,-0.18142
1619609335124,-3.47638,2.56658,6.17704,0.00699,-0.00409,-0.15479
1619609335144,-1.00077,-2.35589,9.20331,-0.02283,-0.00409,-0.09194
1619609335164,-1.08217,1.37427,8.74841,0.01231,-0.00089,-0.11112
1619609335184,-1.27371,0.67037,10.37168,0.03681,0.02466,-0.12283
1619609335204,3.01669,-1.57538,9.60553,0.01657,0.00868,-0.10472
1619609335204,0.61291,-0.92416,10.64462,0.05173,0.06408,-0.14307
1619609335244,-2.10689,2.17872,7.29273,0.0251,0.09817,-0.16012
1619609335264,0.15322,1.34075,11.19528,-0.00259,-0.04137,-0.13988
1619609335284,-2.98796,1.20667,7.42202,0.04747,0.00336,-0.1729
1619609335304,-2.29843,2.97838,6.27759,0.02616,0.01188,-0.10579
1619609335325,0.18674,0.13886,10.68292,0.01018,0.00123,-0.1729
1619609335344,-0.89064,-2.23618,11.83214,0.00699,0.00016,-0.16225
1619609335364,-0.42137,-0.56982,10.85052,-0.00366,-0.02646,-0.1207
1619609335384,3.07894,-1.69988,10.38604,0.01444,0.01294,-0.13029
1619609335404,-2.29364,1.13006,11.15698,0.02616,0.02999,-0.1452
1619609335424,-3.7972,3.78762,9.50498,0.04853,-0.019,-0.17716
1619609335444,1.73819,-2.90656,9.20809,-0.00259,0.00655,-0.11431
1619609335464,1.00556,-0.87627,12.04283,-0.00898,0.00123,-0.1516
1619609335484,-3.3423,0.86191,10.6494,0.00486,0.00975,-0.12177
1619609335504,2.50912,-2.79642,9.84974,-0.04414,-0.03818,-0.13562
1619609335524,-0.27293,0.75656,12.50731,0.01231,0.00868,-0.09301
1619609335544,-2.2697,-1.24977,10.00297,0.00912,0.04277,-0.13775
1619609335564,0.27772,-0.69431,10.97502,-0.00472,-0.00729,-0.17503
1619609335584,-1.09654,-0.32561,12.69884,-0.02496,0.01934,-0.17929
1619609335604,-2.24576,2.95444,8.07324,0.0187,0.01721,-0.16118
1619609335624,-0.67516,-2.78685,12.3014,0.02403,-0.07014,-0.1207
1619609335644,-0.83797,-2.12126,11.7268,0.00272,0.02253,-0.15586
1619609335664,1.00077,-2.04943,10.01255,-0.05692,0.04064,-0.15373
1619609335684,0.00957,-0.48841,10.3621,-0.0239,-0.02753,-0.14627
1619609335704,0.17717,1.12048,12.08593,0.0464,-0.00302,-0.18994
1619609335725,-0.38786,-0.50278,11.12346,-0.03029,-0.02646,-0.18142
1619609335744,1.74297,-1.49877,11.09951,-0.03135,0.01614,-0.13349
1619609335764,1.71424,1.81959,9.47146,0.00912,-0.01368,-0.17397
1619609335784,-0.39264,1.25456,9.46667,0.01231,-0.06374,-0.16544
1619609335804,0.72783,-1.154,10.64462,-0.00046,0.01934,-0.1697
1619609335825,-2.1021,-0.22026,12.67011,-0.04414,0.0236,-0.15053
1619609335844,0.95289,1.34075,9.30865,-0.00259,-0.03498,-0.16757
1619609335864,3.54341,-2.52348,8.66701,0.06131,0.02999,-0.18355
1619609335884,0.95289,-0.00478,12.10987,0.0219,0.0481,-0.14414
1619609335904,0.15322,-1.34075,7.60398,-0.00898,0.03638,-0.1761
1619609335924,2.61446,0.2059,10.39083,-0.02496,-0.02433,-0.18994
1619609335944,-1.83395,1.94409,10.54406,0.03681,0.01614,-0.18994
1619609335964,1.12048,0.68474,9.59596,0.01977,0.02147,-0.18781
1619609335984,4.96557,0.67037,5.99029,-0.04414,-0.00835,-0.16864
1619609336004,-0.55066,4.13239,8.12113,0.01657,-0.03285,-0.20805
1619609336025,-0.59855,1.46046,7.17302,0.04534,0.01827,-0.1516
1619609336044,1.66636,-3.06936,12.04283,-0.01218,0.01934,-0.14414
1619609336064,-1.47003,0.31124,8.16901,-0.02709,0.02679,-0.16544
1619609336084,3.41892,-1.04866,8.42758,-0.0207,-0.03818,-0.18888
1619609336104,0.31603,0.95768,10.31422,0.03894,0.01081,-0.1239
1619609336124,-1.08217,1.01514,6.78516,-0.01324,0.02786,-0.13349
1619609336144,-2.08295,0.67995,9.3709,-0.02816,0.00123,-0.13455
1619609336164,-0.06224,-0.74699,9.50019,0.0251,-0.03285,-0.12496
1619609336184,-0.36391,3.40934,6.40209,0.07623,-0.06268,-0.11325
1619609336204,-1.51313,-1.99676,8.65743,-0.02283,-0.05416,-0.08342
1619609336224,4.32871,-2.43729,9.66778,-0.00898,-0.03392,-0.11431
1619609336244,-2.75333,-1.42215,9.83538,0.04534,-0.00409,-0.08555
1619609336264,-2.75333,-1.42215,9.83538,0.04534,-0.00409,-0.08555
1619609336284,-0.01915,-0.47405,10.78827,-0.04201,0.06727,-0.06318
1619609336304,0.15322,0.10055,6.54574,-0.00046,-0.04777,-0.10046
1619609336324,-0.92416,2.13562,8.61433,0.01551,-0.02433,-0.10898
1619609336344,0.29688,1.37906,8.78193,-0.00685,0.02253,-0.09833
1619609336364,0.72783,-0.62728,10.21366,-0.01964,0.03425,-0.09194
1619609336384,-2.78206,3.36145,10.63504,-0.01005,0.0449,-0.13562
1619609336404,1.82917,0.00957,5.84185,0.01338,-0.01581,-0.07916
1619609336424,1.19231,-0.60333,8.47068,-0.03135,0.05556,-0.06105
1619609336444,-1.0726,-0.20111,11.6837,-0.02283,0.01827,-0.03761
1619609336464,0.65122,-1.95366,12.84728,0.00912,0.01827,-0.10153
1619609336484,-0.38786,-0.04309,9.414,-0.00046,0.03425,-0.12177
1619609336504,0.08619,-1.2354,12.54082,-0.06651,-0.01368,-0.08022
1619609336524,-0.71347,1.12527,10.08437,0.01125,0.01934,-0.05892
1619609336544,0.10055,-2.95444,9.39484,-0.00046,0.05023,-0.13455
1619609336564,1.2354,-2.90177,13.35485,-0.03561,0.00868,-0.15479
1619609336584,-0.15322,-1.46046,13.5847,-0.03242,0.00442,-0.11112
1619609336604,4.29998,-1.26413,8.10676,0.02296,-0.00942,-0.11964
1619609336624,3.78283,-0.38307,12.9622,0.02723,-0.01048,-0.12816
1619609336644,0.65601,-1.02471,9.37569,-0.00153,-0.03605,-0.16331
1619609336664,-0.56982,-1.5275,10.18014,-0.00792,-0.00089,-0.11751
1619609336684,3.10288,-5.01824,10.86488,-0.01537,0.01294,-0.1729
1619609336704,-2.12605,1.4844,12.07156,0.02616,-0.00409,-0.20379
1619609336724,3.2178,-1.58975,14.03481,0.01764,-0.03285,-0.11857
1619609336744,0.6991,-1.08217,10.73081,0.04107,0.05449,-0.15266
1619609336764,-0.42616,-1.69988,10.57279,0.0187,-0.05522,-0.09833
1619609336784,1.4844,-0.22984,10.4866,0.01764,0.00229,-0.16864
