1619609309784,0.197,0,0,0,0,-0.17
1619609309804,0.193,0,0,0,0,-0.146
1619609309824,0.197,0,0,0,0,-0.152
1619609309844,0.2,0,0,0,0,-0.143
1619609309864,0.193,0,0,0,0,-0.132
1619609309884,0.197,0,0,0,0,-0.132
1619609309914,0.204,0,0,0,0,-0.141
1619609309924,0.193,0,0,0,0,-0.137
1619609309944,0.193,0,0,0,0,-0.137
1619609309964,0.193,0,0,0,0,-0.114
1619609309984,0.193,0,0,0,0,-0.114
1619609310005,0.2,0,0,0,0,-0.097
1619609310024,0.193,0,0,0,0,-0.083
1619609310044,0.193,0,0,0,0,-0.064
1619609310064,0.197,0,0,0,0,-0.072
1619609310084,0.207,0,0,0,0,-0.073
1619609310106,0.18,0,0,0,0,-0.089
1619609310125,0.2,0,0,0,0,-0.098
1619609310144,0.2,0,0,0,0,-0.098
1619609310164,0.197,0,0,0,0,-0.102
1619609310184,0.197,0,0,0,0,-0.106
1619609310204,0.2,0,0,0,0,-0.116
1619609310224,0.2,0,0,0,0,-0.111
1619609310244,0.193,0,0,0,0,-0.118
1619609310264,0.204,0,0,0,0,-0.125
1619609310284,0.2,0,0,0,0,-0.135
1619609310305,0.197,0,0,0,0,-0.143
1619609310324,0.204,0,0,0,0,-0.13
1619609310344,0.197,0,0,0,0,-0.104
1619609310364,0.2,0,0,0,0,-0.093
1619609310384,0.2,0,0,0,0,-0.1
1619609310405,0.197,0,0,0,0,-0.091
1619609310424,0.204,0,0,0,0,-0.104
1619609310444,0.193,0,0,0,0,-0.114
1619609310464,0.193,0,0,0,0,-0.114
1619609310484,0.197,0,0,0,0,-0.114
1619609310504,0.193,0,0,0,0,-0.098
1619609310524,0.197,0,0,0,0,-0.113
1619609310544,0.193,0,0,0,0,-0.104
1619609310564,0.193,0,0,0,0,-0.111
1619609310584,0.197,0,0,0,0,-0.102
1619609310604,0.2,0,0,0,0,-0.104
1619609310624,0.19,0,0,0,0,-0.117
1619609310644,0.193,0,0,0,0,-0.118
1619609310664,0.197,0,0,0,0,-0.127
1619609310684,0.197,0,0,0,0,-0.14
1619609310704,0.193,0,0,0,0,-0.141
1619609310724,0.197,0,0,0,0,-0.148
1619609310744,0.197,0,0,0,0,-0.146
1619609310764,0.2,0,0,0,0,-0.134
1619609310784,0.204,0,0,0,0,-0.159
1619609310804,0.193,0,0,0,0,-0.17
1619609310824,0.193,0,0,0,0,-0.17
1619609310844,0.193,0,0,0,0,-0.155
1619609310864,0.197,0,0,0,0,-0.162
1619609310884,0.2,0,0,0,0,-0.17
1619609310904,0.193,0,0,0,0,-0.16
1619609310924,0.204,0,0,0,0,-0.133
1619609310944,0.197,0,0,0,0,-0.143
1619609310964,0.197,0,0,0,0,-0.147
1619609310984,0.204,0,0,0,0,-0.143
1619609311004,0.187,0,0,0,0,-0.138
1619609311024,0.197,0,0,0,0,-0.129
1619609311044,0.197,0,0,0,0,-0.126
1619609311064,0.193,0,0,0,0,-0.141
1619609311084,0.2,0,0,0,0,-0.137
1619609311104,0.193,0,0,0,0,-0.142
1619609311124,0.193,0,0,0,0,-0.136
1619609311144,0.197,0,0,0,0,-0.132
1619609311164,0.197,0,0,0,0,-0.132
1619609311184,0.197,0,0,0,0,-0.151
1619609311204,0.2,0,0,0,0,-0.164
1619609311224,0.193,0,0,0,0,-0.173
1619609311244,0.197,0,0,0,0,-0.165
1619609311264,0.197,0,0,0,0,-0.185
1619609311284,0.2,0,0,0,0,-0.2
1619609311304,0.197,0,0,0,0,-0.209
1619609311324,0.197,0,0,0,0,-0.168
1619609311344,0.193,0,0,0,0,-0.155
1619609311364,0.197,0,0,0,0,-0.156
1619609311384,0.193,0,0,0,0,-0.15
1619609311404,0.193,0,0,0,0,-0.138
1619609311424,0.197,0,0,0,0,-0.14
1619609311444,0.2,0,0,0,0,-0.138
1619609311464,0.197,0,0,0,0,-0.151
1619609311484,0.204,0,0,0,0,-0.152
1619609311504,0.204,0,0,0,0,-0.152
1619609311524,0.193,0,0,0,0,-0.153
1619609311544,0.197,0,0,0,0,-0.169
1619609311564,0.197,0,0,0,0,-0.169
1619609311584,0.197,0,0,0,0,-0.159
1619609311604,0.187,0,0,0,0,-0.159
1619609311624,0.2,0,0,0,0,-0.183
1619609311644,0.193,0,0,0,0,-0.202
1619609311664,0.204,0,0,0,0,-0.202
1619609311684,0.193,0,0,0,0,-0.189
1619609311704,0.193,0,0,0,0,-0.17
1619609311724,0.2,0,0,0,0,-0.16
1619609311744,0.204,0,0,0,0,-0.145
1619609311764,0.193,0,0,0,0,-0.142
1619609311784,0.2,0,0,0,0,-0.154
1619609311804,0.193,0,0,0,0,-0.175
1619609311824,0.2,0,0,0,0,-0.168
1619609311844,0.2,0,0,0,0,-0.128
1619609311864,0.2,0,0,0,0,-0.128
1619609311884,0.193,0,0,0,0,-0.106
1619609311904,0.193,0,0,0,0,-0.106
1619609311924,0.193,0,0,0,0,-0.115
1619609311944,0.197,0,0,0,0,-0.135
1619609311964,0.197,0,0,0,0,-0.133
1619609311984,0.193,0,0,0,0,-0.118
1619609312004,0.197,0,0,0,0,-0.121
1619609312024,0.2,0,0,0,0,-0.138
1619609312044,0.204,0,0,0,0,-0.134
1619609312064,0.187,0,0,0,0,-0.121
1619609312084,0.197,0,0,0,0,-0.124
1619609312104,0.197,0,0,0,0,-0.124
1619609312124,0.197,0,0,0,0,-0.129
1619609312144,0.193,0,0,0,0,-0.13
1619609312164,0.2,0,0,0,0,-0.13
1619609312184,0.197,0,0,0,0,-0.137
1619609312204,0.2,0,0,0,0,-0.127
1619609312224,0.2,0,0,0,0,-0.127
1619609312244,0.197,0,0,0,0,-0.121
1619609312264,0.197,0,0,0,0,-0.115
1619609312284,0.2,0,0,0,0,-0.101
1619609312304,0.197,0,0,0,0,-0.098
1619609312335,0.197,0,0,0,0,-0.083
1619609312344,0.204,0,0,0,0,-0.116
1619609312364,0.204,0,0,0,0,-0.116
1619609312384,0.193,0,0,0,0,-0.131
1619609312404,0.197,0,0,0,0,-0.135
1619609312425,0.193,0,0,0,0,-0.147
1619609312444,0.197,0,0,0,0,-0.138
1619609312464,0.197,0,0,0,0,-0.123
1619609312484,0.197,0,0,0,0,-0.117
1619609312504,0.193,0,0,0,0,-0.112
1619609312524,0.197,0,0,0,0,-0.103
1619609312544,0.204,0,0,0,0,-0.122
1619609312564,0.204,0,0,0,0,-0.122
1619609312584,0.193,0,0,0,0,-0.13
1619609312604,0.193,0,0,0,0,-0.134
1619609312624,0.197,0,0,0,0,-0.132
1619609312644,0.197,0,0,0,0,-0.144
1619609312664,0.193,0,0,0,0,-0.155
1619609312684,0.197,0,0,0,0,-0.162
1619609312704,0.197,0,0,0,0,-0.164
1619609312725,0.2,0,0,0,0,-0.149
1619609312744,0.197,0,0,0,0,-0.149
1619609312764,0.193,0,0,0,0,-0.143
1619609312784,0.197,0,0,0,0,-0.132
1619609312804,0.2,0,0,0,0,-0.134
1619609312825,0.197,0,0,0,0,-0.153
1619609312845,0.2,0,0,0,0,-0.16
1619609312864,0.197,0,0,0,0,-0.147
1619609312884,0.197,0,0,0,0,-0.138
1619609312904,0.197,0,0,0,0,-0.141
1619609312924,0.204,0,0,0,0,-0.143
1619609312944,0.204,0,0,0,0,-0.143
1619609312964,0.187,0,0,0,0,-0.142
1619609312984,0.2,0,0,0,0,-0.13
1619609313004,0.197,0,0,0,0,-0.137
1619609313025,0.197,0,0,0,0,-0.125
1619609313044,0.193,0,0,0,0,-0.122
1619609313064,0.197,0,0,0,0,-0.124
1619609313084,0.2,0,0,0,0,-0.132
1619609313104,0.197,0,0,0,0,-0.137
1619609313125,0.197,0,0,0,0,-0.13
1619609313144,0.19,0,0,0,0,-0.121
1619609313164,0.193,0,0,0,0,-0.111
1619609313184,0.2,0,0,0,0,-0.114
1619609313204,0.197,0,0,0,0,-0.115
1619609313224,0.197,0,0,0,0,-0.122
1619609313244,0.197,0,0,0,0,-0.121
1619609313264,0.2,0,0,0,0,-0.116
1619609313284,0.2,0,0,0,0,-0.105
1619609313304,0.2,0,0,0,0,-0.105
1619609313324,0.197,0,0,0,0,-0.101
1619609313344,0.193,0,0,0,0,-0.109
1619609313364,0.197,0,0,0,0,-0.11
1619609313384,0.197,0,0,0,0,-0.116
1619609313404,0.197,0,0,0,0,-0.129
1619609313424,0.197,0,0,0,0,-0.134
1619609313444,0.197,0,0,0,0,-0.142
1619609313464,0.197,0,0,0,0,-0.179
1619609313484,0.193,0,0,0,0,-0.19
1619609313504,0.2,0,0,0,0,-0.166
1619609313524,0.2,0,0,0,0,-0.146
1619609313544,0.193,0,0,0,0,-0.125
1619609313564,0.197,0,0,0,0,-0.12
1619609313584,0.197,0,0,0,0,-0.119
1619609313604,0.197,0,0,0,0,-0.133
1619609313624,0.204,0,0,0,0,-0.149
1619609313644,0.204,0,0,0,0,-0.149
1619609313664,0.19,0,0,0,0,-0.134
1619609313684,0.193,0,0,0,0,-0.113
1619609313704,0.197,0,0,0,0,-0.116
1619609313724,0.197,0,0,0,0,-0.125
1619609313744,0.2,0,0,0,0,-0.12
1619609313764,0.193,0,0,0,0,-0.113
1619609313784,0.193,0,0,0,0,-0.112
1619609313804,0.197,0,0,0,0,-0.112
1619609313824,0.204,0,0,0,0,-0.099
1619609313844,0.193,0,0,0,0,-0.098
1619609313864,0.197,0,0,0,0,-0.095
1619609313884,0.197,0,0,0,0,-0.119
1619609313904,0.197,0,0,0,0,-0.122
1619609313924,0.197,0,0,0,0,-0.141
1619609313944,0.193,0,0,0,0,-0.149
1619609313964,0.193,0,0,0,0,-0.163
1619609313984,0.2,0,0,0,0,-0.149
1619609314004,0.204,0,0,0,0,-0.134
1619609314024,0.204,0,0,0,0,-0.134
1619609314044,0.183,0,0,0,0,-0.134
1619609314064,0.197,0,0,0,0,-0.121
1619609314084,0.197,0,0,0,0,-0.123
1619609314104,0.2,0,0,0,0,-0.128
1619609314124,0.193,0,0,0,0,-0.139
1619609314144,0.2,0,0,0,0,-0.15
1619609314164,0.197,0,0,0,0,-0.148
1619609314184,0.2,0,0,0,0,-0.149
1619609314204,0.204,0,0,0,0,-0.152
1619609314224,0.19,0,0,0,0,-0.123
1619609314244,0.197,0,0,0,0,-0.123
1619609314264,0.197,0,0,0,0,-0.129
1619609314284,0.2,0,0,0,0,-0.133
1619609314304,0.2,0,0,0,0,-0.123
1619609314324,0.197,0,0,0,0,-0.11
1619609314344,0.197,0,0,0,0,-0.104
1619609314364,0.193,0,0,0,0,-0.109
1619609314384,0.193,0,0,0,0,-0.109
1619609314404,0.193,0,0,0,0,-0.11
1619609314424,0.197,0,0,0,0,-0.127
1619609314444,0.187,0,0,0,0,-0.15
1619609314464,0.197,0,0,0,0,-0.169
1619609314484,0.193,0,0,0,0,-0.155
1619609314504,0.197,0,0,0,0,-0.133
1619609314524,0.197,0,0,0,0,-0.139
1619609314544,0.2,0,0,0,0,-0.165
1619609314564,0.193,0,0,0,0,-0.167
1619609314584,0.2,0,0,0,0,-0.165
1619609314604,0.193,0,0,0,0,-0.156
1619609314624,0.197,0,0,0,0,-0.139
1619609314654,0.197,0,0,0,0,-0.133
1619609314664,0.197,0,0,0,0,-0.127
1619609314684,0.197,0,0,0,0,-0.138
1619609314704,0.197,0,0,0,0,-0.138
1619609314724,0.2,0,0,0,0,-0.126
1619609314745,0.193,0,0,0,0,-0.126
1619609314764,0.197,0,0,0,0,-0.123
1619609314784,0.2,0,0,0,0,-0.11
1619609314804,0.2,0,0,0,0,-0.108
1619609314824,0.193,0,0,0,0,-0.105
1619609314844,0.197,0,0,0,0,-0.113
1619609314864,0.2,0,0,0,0,-0.128
1619609314884,0.2,0,0,0,0,-0.122
1619609314904,0.197,0,0,0,0,-0.113
1619609314924,0.187,0,0,0,0,-0.126
1619609314944,0.197,0,0,0,0,-0.117
1619609314964,0.197,0,0,0,0,-0.112
1619609314984,0.2,0,0,0,0,-0.113
1619609315004,0.204,0,0,0,0,-0.112
1619609315024,0.197,0,0,0,0,-0.126
1619609315044,0.193,0,0,0,0,-0.143
1619609315064,0.197,0,0,0,0,-0.161
1619609315084,0.197,0,0,0,0,-0.161
1619609315104,0.204,0,0,0,0,-0.161
1619609315124,0.187,0,0,0,0,-0.147
1619609315145,0.193,0,0,0,0,-0.137
1619609315164,0.197,0,0,0,0,-0.141
1619609315184,0.2,0,0,0,0,-0.151
1619609315204,0.197,0,0,0,0,-0.15
1619609315224,0.197,0,0,0,0,-0.144
1619609315245,0.2,0,0,0,0,-0.137
1619609315264,0.204,0,0,0,0,-0.157
1619609315284,0.187,0,0,0,0,-0.169
1619609315304,0.197,0,0,0,0,-0.161
1619609315324,0.2,0,0,0,0,-0.158
1619609315344,0.193,0,0,0,0,-0.156
1619609315364,0.2,0,0,0,0,-0.12
1619609315384,0.2,0,0,0,0,-0.089
1619609315404,0.2,0,0,0,0,-0.089
1619609315424,0.193,0,0,0,0,-0.084
1619609315445,0.197,0,0,0,0,-0.091
1619609315464,0.197,0,0,0,0,-0.104
1619609315484,0.193,0,0,0,0,-0.118
1619609315504,0.19,0,0,0,0,-0.113
1619609315524,0.2,0,0,0,0,-0.118
1619609315544,0.197,0,0,0,0,-0.126
1619609315564,0.193,0,0,0,0,-0.145
1619609315584,0.197,0,0,0,0,-0.147
1619609315604,0.204,0,0,0,0,-0.149
1619609315624,0.193,0,0,0,0,-0.151
1619609315644,0.197,0,0,0,0,-0.147
1619609315664,0.197,0,0,0,0,-0.154
1619609315684,0.2,0,0,0,0,-0.157
1619609315704,0.197,0,0,0,0,-0.163
1619609315724,0.193,0,0,0,0,-0.161
1619609315744,0.193,0,0,0,0,-0.161
1619609315764,0.2,0,0,0,0,-0.135
1619609315784,0.204,0,0,0,0,-0.117
1619609315804,0.19,0,0,0,0,-0.132
1619609315824,0.2,0,0,0,0,-0.152
1619609315844,0.193,0,0,0,0,-0.163
1619609315864,0.193,0,0,0,0,-0.14
1619609315884,0.2,0,0,0,0,-0.131
1619609315904,0.2,0,0,0,0,-0.139
1619609315924,0.193,0,0,0,0,-0.124
1619609315944,0.197,0,0,0,0,-0.098
1619609315964,0.197,0,0,0,0,-0.098
1619609315984,0.187,0,0,0,0,-0.111
1619609316004,0.2,0,0,0,0,-0.124
1619609316024,0.197,0,0,0,0,-0.122
1619609316044,0.197,0,0,0,0,-0.126
1619609316064,0.2,0,0,0,0,-0.144
1619609316084,0.2,0,0,0,0,-0.169
1619609316104,0.2,0,0,0,0,-0.169
1619609316124,0.197,0,0,0,0,-0.168
1619609316144,0.193,0,0,0,0,-0.158
1619609316164,0.2,0,0,0,0,-0.16
1619609316184,0.19,0,0,0,0,-0.139
1619609316204,0.19,0,0,0,0,-0.122
1619609316224,0.193,0,0,0,0,-0.124
1619609316244,0.197,0,0,0,0,-0.117
1619609316264,0.197,0,0,0,0,-0.126
1619609316284,0.197,0,0,0,0,-0.134
1619609316304,0.197,0,0,0,0,-0.134
1619609316324,0.197,0,0,0,0,-0.132
1619609316344,0.2,0,0,0,0,-0.133
1619609316364,0.197,0,0,0,0,-0.121
1619609316384,0.197,0,0,0,0,-0.118
1619609316404,0.197,0,0,0,0,-0.108
1619609316424,0.2,0,0,0,0,-0.11
1619609316444,0.197,0,0,0,0,-0.117
1619609316464,0.197,0,0,0,0,-0.117
1619609316484,0.197,0,0,0,0,-0.119
1619609316504,0.2,0,0,0,0,-0.128
1619609316524,0.2,0,0,0,0,-0.138
1619609316544,0.193,0,0,0,0,-0.145
1619609316564,0.2,0,0,0,0,-0.139
1619609316584,0.197,0,0,0,0,-0.131
1619609316604,0.193,0,0,0,0,-0.117
1619609316624,0.197,0,0,0,0,-0.116
1619609316644,0.2,0,0,0,0,-0.126
1619609316664,0.193,0,0,0,0,-0.119
1619609316684,0.204,0,0,0,0,-0.112
1619609316704,0.19,0,0,0,0,-0.131
1619609316724,0.197,0,0,0,0,-0.126
1619609316744,0.193,0,0,0,0,-0.129
1619609316764,0.197,0,0,0,0,-0.128
1619609316784,0.2,0,0,0,0,-0.135
1619609316804,0.2,0,0,0,0,-0.135
1619609316824,0.197,0,0,0,0,-0.156
1619609316844,0.193,0,0,0,0,-0.147
1619609316864,0.197,0,0,0,0,-0.15
1619609316884,0.197,0,0,0,0,-0.165
1619609316904,0.19,0,0,0,0,-0.163
1619609316924,0.197,0,0,0,0,-0.156
1619609316944,0.193,0,0,0,0,-0.146
1619609316965,0.2,0,0,0,0,-0.147
1619609316984,0.193,0,0,0,0,-0.152
1619609317004,0.197,0,0,0,0,-0.148
1619609317024,0.197,0,0,0,0,-0.144
1619609317044,0.193,0,0,0,0,-0.162
1619609317066,0.2,0,0,0,0,-0.171
1619609317084,0.193,0,0,0,0,-0.149
1619609317104,0.2,0,0,0,0,-0.144
1619609317124,0.197,0,0,0,0,-0.15
1619609317144,0.197,0,0,0,0,-0.149
1619609317164,0.2,0,0,0,0,-0.153
1619609317184,0.197,0,0,0,0,-0.155
1619609317204,0.197,0,0,0,0,-0.155
1619609317224,0.2,0,0,0,0,-0.139
1619609317244,0.2,0,0,0,0,-0.14
1619609317265,0.2,0,0,0,0,-0.134
1619609317284,0.19,0,0,0,0,-0.13
1619609317304,0.197,0,0,0,0,-0.141
1619609317324,0.2,0,0,0,0,-0.139
1619609317344,0.197,0,0,0,0,-0.132
1619609317365,0.197,0,0,0,0,-0.141
1619609317384,0.193,0,0,0,0,-0.136
1619609317404,0.193,0,0,0,0,-0.14
1619609317424,0.197,0,0,0,0,-0.132
1619609317444,0.2,0,0,0,0,-0.129
1619609317465,0.193,0,0,0,0,-0.14
1619609317484,0.197,0,0,0,0,-0.147
1619609317504,0.2,0,0,0,0,-0.159
1619609317524,0.197,0,0,0,0,-0.184
1619609317544,0.197,0,0,0,0,-0.184
1619609317564,0.197,0,0,0,0,-0.173
1619609317584,0.197,0,0,0,0,-0.145
1619609317604,0.2,0,0,0,0,-0.121
1619609317624,0.193,0,0,0,0,-0.132
1619609317644,0.197,0,0,0,0,-0.116
1619609317665,0.193,0,0,0,0,-0.115
1619609317684,0.197,0,0,0,0,-0.11
1619609317704,0.2,0,0,0,0,-0.102
1619609317724,0.197,0,0,0,0,-0.091
1619609317744,0.193,0,0,0,0,-0.087
1619609317764,0.204,0,0,0,0,-0.088
1619609317784,0.19,0,0,0,0,-0.11
1619609317804,0.193,0,0,0,0,-0.129
1619609317824,0.197,0,0,0,0,-0.127
1619609317844,0.193,0,0,0,0,-0.159
1619609317864,0.193,0,0,0,0,-0.16
1619609317884,0.193,0,0,0,0,-0.16
1619609317904,0.197,0,0,0,0,-0.15
1619609317924,0.2,0,0,0,0,-0.141
1619609317944,0.197,0,0,0,0,-0.133
1619609317964,0.2,0,0,0,0,-0.125
1619609317984,0.193,0,0,0,0,-0.142
1619609318004,0.193,0,0,0,0,-0.143
1619609318024,0.204,0,0,0,0,-0.15
1619609318044,0.2,0,0,0,0,-0.155
1619609318064,0.197,0,0,0,0,-0.151
1619609318084,0.197,0,0,0,0,-0.156
1619609318104,0.197,0,0,0,0,-0.169
1619609318124,0.197,0,0,0,0,-0.164
1619609318144,0.204,0,0,0,0,-0.134
1619609318164,0.19,0,0,0,0,-0.121
1619609318184,0.193,0,0,0,0,-0.113
1619609318204,0.2,0,0,0,0,-0.11
1619609318224,0.197,0,0,0,0,-0.132
1619609318244,0.197,0,0,0,0,-0.133
1619609318264,0.197,0,0,0,0,-0.133
1619609318284,0.197,0,0,0,0,-0.134
1619609318304,0.197,0,0,0,0,-0.111
1619609318324,0.2,0,0,0,0,-0.108
1619609318344,0.2,0,0,0,0,-0.114
1619609318364,0.187,0,0,0,0,-0.12
1619609318384,0.193,0,0,0,0,-0.134
1619609318404,0.197,0,0,0,0,-0.154
1619609318424,0.193,0,0,0,0,-0.159
1619609318444,0.193,0,0,0,0,-0.155
1619609318464,0.197,0,0,0,0,-0.147
1619609318484,0.193,0,0,0,0,-0.159
1619609318504,0.2,0,0,0,0,-0.178
1619609318524,0.197,0,0,0,0,-0.192
1619609318544,0.197,0,0,0,0,-0.181
1619609318564,0.2,0,0,0,0,-0.166
1619609318584,0.197,0,0,0,0,-0.163
1619609318604,0.197,0,0,0,0,-0.163
1619609318624,0.197,0,0,0,0,-0.159
1619609318644,0.204,0,0,0,0,-0.161
1619609318664,0.197,0,0,0,0,-0.162
1619609318684,0.204,0,0,0,0,-0.138
1619609318704,0.197,0,0,0,0,-0.116
1619609318724,0.193,0,0,0,0,-0.117
1619609318744,0.197,0,0,0,0,-0.126
1619609318764,0.197,0,0,0,0,-0.122
1619609318784,0.193,0,0,0,0,-0.111
1619609318804,0.2,0,0,0,0,-0.089
1619609318824,0.197,0,0,0,0,-0.089
1619609318844,0.197,0,0,0,0,-0.075
1619609318864,0.19,0,0,0,0,-0.065
1619609318884,0.197,0,0,0,0,-0.092
1619609318904,0.197,0,0,0,0,-0.102
1619609318924,0.2,0,0,0,0,-0.113
1619609318944,0.2,0,0,0,0,-0.113
1619609318964,0.193,0,0,0,0,-0.126
1619609318984,0.2,0,0,0,0,-0.14
1619609319004,0.187,0,0,0,0,-0.153
1619609319024,0.197,0,0,0,0,-0.149
1619609319044,0.204,0,0,0,0,-0.154
1619609319064,0.187,0,0,0,0,-0.171
1619609319084,0.197,0,0,0,0,-0.168
1619609319104,0.197,0,0,0,0,-0.129
1619609319124,0.197,0,0,0,0,-0.092
1619609319144,0.197,0,0,0,0,-0.093
1619609319164,0.2,0,0,0,0,-0.093
1619609319184,0.197,0,0,0,0,-0.099
1619609319204,0.193,0,0,0,0,-0.111
1619609319224,0.2,0,0,0,0,-0.129
1619609319244,0.187,0,0,0,0,-0.124
1619609319264,0.197,0,0,0,0,-0.11
1619609319294,0.197,0,0,0,0,-0.096
1619609319304,0.2,0,0,0,0,-0.108
1619609319324,0.2,0,0,0,0,-0.108
1619609319344,0.197,0,0,0,0,-0.111
1619609319364,0.2,0,0,0,0,-0.119
1619609319385,0.2,0,0,0,0,-0.129
1619609319404,0.197,0,0,0,0,-0.134
1619609319424,0.2,0,0,0,0,-0.135
1619609319444,0.2,0,0,0,0,-0.124
1619609319464,0.193,0,0,0,0,-0.12
1619609319486,0.197,0,0,0,0,-0.135
1619609319504,0.197,0,0,0,0,-0.15
1619609319524,0.204,0,0,0,0,-0.157
1619609319544,0.197,0,0,0,0,-0.156
1619609319564,0.197,0,0,0,0,-0.149
1619609319584,0.193,0,0,0,0,-0.133
1619609319604,0.197,0,0,0,0,-0.131
1619609319624,0.2,0,0,0,0,-0.131
1619609319644,0.2,0,0,0,0,-0.131
1619609319664,0.193,0,0,0,0,-0.123
1619609319685,0.2,0,0,0,0,-0.129
1619609319705,0.193,0,0,0,0,-0.146
1619609319724,0.197,0,0,0,0,-0.14
1619609319744,0.2,0,0,0,0,-0.133
1619609319764,0.193,0,0,0,0,-0.132
1619609319786,0.2,0,0,0,0,-0.139
1619609319804,0.193,0,0,0,0,-0.161
1619609319824,0.2,0,0,0,0,-0.147
1619609319844,0.193,0,0,0,0,-0.124
1619609319864,0.197,0,0,0,0,-0.123
1619609319884,0.197,0,0,0,0,-0.112
1619609319904,0.204,0,0,0,0,-0.098
1619609319924,0.187,0,0,0,0,-0.119
1619609319944,0.197,0,0,0,0,-0.128
1619609319964,0.193,0,0,0,0,-0.136
1619609319984,0.193,0,0,0,0,-0.136
1619609320004,0.193,0,0,0,0,-0.138
1619609320024,0.193,0,0,0,0,-0.131
1619609320044,0.2,0,0,0,0,-0.138
1619609320064,0.193,0,0,0,0,-0.141
1619609320085,0.2,0,0,0,0,-0.144
1619609320104,0.204,0,0,0,0,-0.158
1619609320124,0.187,0,0,0,0,-0.173
1619609320144,0.197,0,0,0,0,-0.163
1619609320164,0.2,0,0,0,0,-0.152
1619609320184,0.193,0,0,0,0,-0.147
1619609320204,0.2,0,0,0,0,-0.129
1619609320224,0.197,0,0,0,0,-0.142
1619609320244,0.197,0,0,0,0,-0.152
1619609320264,0.197,0,0,0,0,-0.164
1619609320284,0.204,0,0,0,0,-0.186
1619609320304,0.187,0,0,0,0,-0.173
1619609320324,0.193,0,0,0,0,-0.163
1619609320344,0.193,0,0,0,0,-0.163
1619609320364,0.2,0,0,0,0,-0.164
1619609320384,0.197,0,0,0,0,-0.163
1619609320404,0.197,0,0,0,0,-0.163
1619609320424,0.2,0,0,0,0,-0.164
1619609320444,0.2,0,0,0,0,-0.172
1619609320464,0.193,0,0,0,0,-0.181
1619609320484,0.197,0,0,0,0,-0.191
1619609320504,0.2,0,0,0,0,-0.193
1619609320524,0.197,0,0,0,0,-0.19
1619609320544,0.197,0,0,0,0,-0.186
1619609320564,0.197,0,0,0,0,-0.168
1619609320584,0.197,0,0,0,0,-0.157
1619609320604,0.2,0,0,0,0,-0.153
1619609320624,0.197,0,0,0,0,-0.15
1619609320644,0.193,0,0,0,0,-0.14
1619609320664,0.193,0,0,0,0,-0.119
1619609320684,0.193,0,0,0,0,-0.119
1619609320704,0.197,0,0,0,0,-0.116
1619609320724,0.197,0,0,0,0,-0.11
1619609320744,0.197,0,0,0,0,-0.11
1619609320764,0.197,0,0,0,0,-0.117
1619609320784,0.193,0,0,0,0,-0.133
1619609320804,0.2,0,0,0,0,-0.137
1619609320824,0.19,0,0,0,0,-0.112
1619609320844,0.197,0,0,0,0,-0.099
1619609320864,0.197,0,0,0,0,-0.081
1619609320884,0.197,0,0,0,0,-0.063
1619609320904,0.193,0,0,0,0,-0.071
1619609320924,0.197,0,0,0,0,-0.075
1619609320944,0.193,0,0,0,0,-0.102
1619609320964,0.204,0,0,0,0,-0.12
1619609320984,0.187,0,0,0,0,-0.114
1619609321004,0.197,0,0,0,0,-0.102
1619609321024,0.197,0,0,0,0,-0.102
1619609321044,0.197,0,0,0,0,-0.11
1619609321064,0.197,0,0,0,0,-0.109
1619609321084,0.197,0,0,0,0,-0.093
1619609321104,0.197,0,0,0,0,-0.082
1619609321124,0.2,0,0,0,0,-0.072
1619609321144,0.197,0,0,0,0,-0.091
1619609321164,0.204,0,0,0,0,-0.11
1619609321184,0.19,0,0,0,0,-0.124
1619609321204,0.204,0,0,0,0,-0.123
1619609321224,0.2,0,0,0,0,-0.13
1619609321244,0.197,0,0,0,0,-0.122
1619609321264,0.2,0,0,0,0,-0.126
1619609321284,0.197,0,0,0,0,-0.112
1619609321304,0.2,0,0,0,0,-0.111
1619609321324,0.197,0,0,0,0,-0.125
1619609321344,0.2,0,0,0,0,-0.124
1619609321364,0.2,0,0,0,0,-0.124
1619609321384,0.197,0,0,0,0,-0.122
1619609321404,0.19,0,0,0,0,-0.132
1619609321424,0.197,0,0,0,0,-0.157
1619609321444,0.193,0,0,0,0,-0.161
1619609321464,0.2,0,0,0,0,-0.159
1619609321484,0.197,0,0,0,0,-0.149
1619609321504,0.2,0,0,0,0,-0.154
1619609321524,0.193,0,0,0,0,-0.145
1619609321544,0.19,0,0,0,0,-0.13
1619609321564,0.197,0,0,0,0,-0.141
1619609321584,0.193,0,0,0,0,-0.156
1619609321614,0.197,0,0,0,0,-0.162
1619609321624,0.193,0,0,0,0,-0.163
1619609321644,0.19,0,0,0,0,-0.169
1619609321664,0.204,0,0,0,0,-0.188
1619609321684,0.204,0,0,0,0,-0.188
1619609321705,0.2,0,0,0,0,-0.176
1619609321724,0.193,0,0,0,0,-0.175
1619609321744,0.197,0,0,0,0,-0.172
1619609321764,0.197,0,0,0,0,-0.183
1619609321784,0.197,0,0,0,0,-0.182
1619609321815,0.193,0,0,0,0,-0.184
1619609321824,0.204,0,0,0,0,-0.169
1619609321844,0.204,0,0,0,0,-0.169
1619609321864,0.197,0,0,0,0,-0.155
1619609321884,0.193,0,0,0,0,-0.154
1619609321905,0.193,0,0,0,0,-0.158
1619609321924,0.197,0,0,0,0,-0.161
1619609321944,0.197,0,0,0,0,-0.147
1619609321964,0.197,0,0,0,0,-0.155
1619609321984,0.2,0,0,0,0,-0.165
1619609322004,0.2,0,0,0,0,-0.144
1619609322024,0.204,0,0,0,0,-0.117
1619609322044,0.204,0,0,0,0,-0.117
1619609322064,0.187,0,0,0,0,-0.068
1619609322084,0.2,0,0,0,0,-0.016
1619609322105,0.204,0,0,0,0,-0.02
1619609322124,0.187,0,0,0,0,-0.06
1619609322144,0.193,0,0,0,0,-0.15
1619609322164,0.19,0,0,0,0,-0.173
1619609322184,0.19,0,0,0,0,-0.191
1619609322206,0.197,0,0,0,0,-0.162
1619609322224,0.2,0,0,0,0,-0.143
1619609322244,0.193,0,0,0,0,-0.125
1619609322264,0.197,0,0,0,0,-0.121
1619609322284,0.197,0,0,0,0,-0.137
1619609322307,0.2,0,0,0,0,-0.155
1619609322324,0.197,0,0,0,0,-0.159
1619609322344,0.2,0,0,0,0,-0.133
1619609322364,0.197,0,0,0,0,-0.12
1619609322384,0.211,0,0,0,0,-0.125
1619609322404,0.211,0,0,0,0,-0.125
1619609322424,0.183,0,0,0,0,-0.133
1619609322444,0.197,0,0,0,0,-0.125
1619609322464,0.204,0,0,0,0,-0.117
1619609322484,0.197,0,0,0,0,-0.114
1619609322505,0.197,0,0,0,0,-0.116
1619609322524,0.197,0,0,0,0,-0.112
1619609322544,0.197,0,0,0,0,-0.116
1619609322564,0.2,0,0,0,0,-0.108
1619609322584,0.197,0,0,0,0,-0.099
1619609322604,0.197,0,0,0,0,-0.089
1619609322624,0.197,0,0,0,0,-0.08
1619609322644,0.193,0,0,0,0,-0.096
1619609322664,0.204,0,0,0,0,-0.094
1619609322684,0.193,0,0,0,0,-0.115
1619609322704,0.2,0,0,0,0,-0.12
1619609322724,0.197,0,0,0,0,-0.126
1619609322744,0.197,0,0,0,0,-0.126
1619609322764,0.2,0,0,0,0,-0.134
1619609322784,0.19,0,0,0,0,-0.163
1619609322804,0.2,0,0,0,0,-0.208
1619609322824,0.197,0,0,0,0,-0.198
1619609322844,0.19,0,0,0,0,-0.134
1619609322864,0.193,0,0,0,0,-0.087
1619609322884,0.197,0,0,0,0,-0.083
1619609322904,0.2,0,0,0,0,-0.097
1619609322924,0.187,0,0,0,0,-0.116
1619609322944,0.2,0,0,0,0,-0.139
1619609322964,0.193,0,0,0,0,-0.152
1619609322984,0.193,0,0,0,0,-0.15
1619609323004,0.197,0,0,0,0,-0.151
1619609323024,0.197,0,0,0,0,-0.149
1619609323044,0.2,0,0,0,0,-0.15
1619609323064,0.197,0,0,0,0,-0.137
1619609323084,0.207,0,0,0,0,-0.124
1619609323104,0.207,0,0,0,0,-0.124
1619609323124,0.187,0,0,0,0,-0.131
1619609323144,0.197,0,0,0,0,-0.158
1619609323164,0.2,0,0,0,0,-0.144
1619609323184,0.193,0,0,0,0,-0.142
1619609323204,0.193,0,0,0,0,-0.151
1619609323224,0.204,0,0,0,0,-0.151
1619609323244,0.193,0,0,0,0,-0.152
1619609323264,0.19,0,0,0,0,-0.142
1619609323284,0.197,0,0,0,0,-0.133
1619609323304,0.193,0,0,0,0,-0.131
1619609323324,0.2,0,0,0,0,-0.131
1619609323344,0.197,0,0,0,0,-0.145
1619609323364,0.197,0,0,0,0,-0.152
1619609323384,0.193,0,0,0,0,-0.157
1619609323404,0.197,0,0,0,0,-0.156
1619609323424,0.204,0,0,0,0,-0.158
1619609323444,0.193,0,0,0,0,-0.166
1619609323464,0.211,0,0,0,0,-0.154
1619609323484,0.211,0,0,0,0,-0.154
1619609323504,0.187,0,0,0,0,-0.14
1619609323524,0.197,0,0,0,0,-0.134
1619609323544,0.2,0,0,0,0,-0.138
1619609323564,0.193,0,0,0,0,-0.146
1619609323584,0.2,0,0,0,0,-0.155
1619609323604,0.197,0,0,0,0,-0.149
1619609323624,0.2,0,0,0,0,-0.149
1619609323644,0.197,0,0,0,0,-0.122
1619609323664,0.193,0,0,0,0,-0.12
1619609323684,0.193,0,0,0,0,-0.143
1619609323704,0.197,0,0,0,0,-0.142
1619609323724,0.197,0,0,0,0,-0.127
1619609323744,0.197,0,0,0,0,-0.129
1619609323764,0.193,0,0,0,0,-0.138
1619609323784,0.193,0,0,0,0,-0.142
1619609323804,0.197,0,0,0,0,-0.15
1619609323824,0.197,0,0,0,0,-0.15
1619609323844,0.193,0,0,0,0,-0.157
1619609323864,0.2,0,0,0,0,-0.159
1619609323884,0.197,0,0,0,0,-0.167
1619609323904,0.2,0,0,0,0,-0.148
1619609323924,0.2,0,0,0,0,-0.14
1619609323944,0.193,0,0,0,0,-0.133
1619609323964,0.197,0,0,0,0,-0.134
1619609323984,0.204,0,0,0,0,-0.127
1619609324004,0.187,0,0,0,0,-0.135
1619609324024,0.197,0,0,0,0,-0.128
1619609324044,0.197,0,0,0,0,-0.117
1619609324064,0.197,0,0,0,0,-0.099
1619609324084,0.2,0,0,0,0,-0.094
1619609324104,0.197,0,0,0,0,-0.119
1619609324134,0.193,0,0,0,0,-0.133
1619609324144,0.2,0,0,0,0,-0.153
1619609324164,0.197,0,0,0,0,-0.172
1619609324184,0.197,0,0,0,0,-0.172
1619609324204,0.187,0,0,0,0,-0.174
1619609324225,0.2,0,0,0,0,-0.168
1619609324244,0.193,0,0,0,0,-0.188
1619609324264,0.197,0,0,0,0,-0.196
1619609324284,0.2,0,0,0,0,-0.195
1619609324304,0.193,0,0,0,0,-0.177
1619609324324,0.2,0,0,0,0,-0.168
1619609324344,0.197,0,0,0,0,-0.168
1619609324364,0.204,0,0,0,0,-0.169
1619609324384,0.183,0,0,0,0,-0.174
1619609324404,0.2,0,0,0,0,-0.172
1619609324424,0.197,0,0,0,0,-0.162
1619609324444,0.197,0,0,0,0,-0.159
1619609324464,0.2,0,0,0,0,-0.154
1619609324484,0.197,0,0,0,0,-0.16
1619609324504,0.197,0,0,0,0,-0.148
1619609324524,0.197,0,0,0,0,-0.128
1619609324544,0.197,0,0,0,0,-0.128
1619609324564,0.197,0,0,0,0,-0.133
1619609324584,0.2,0,0,0,0,-0.121
1619609324604,0.2,0,0,0,0,-0.124
1619609324626,0.193,0,0,0,0,-0.111
1619609324644,0.2,0,0,0,0,-0.119
1619609324664,0.193,0,0,0,0,-0.13
1619609324684,0.197,0,0,0,0,-0.13
1619609324704,0.2,0,0,0,0,-0.11
1619609324725,0.187,0,0,0,0,-0.116
1619609324744,0.197,0,0,0,0,-0.117
1619609324764,0.197,0,0,0,0,-0.105
1619609324784,0.193,0,0,0,0,-0.087
1619609324804,0.2,0,0,0,0,-0.07
1619609324824,0.19,0,0,0,0,-0.083
1619609324844,0.197,0,0,0,0,-0.097
1619609324864,0.2,0,0,0,0,-0.111
1619609324884,0.2,0,0,0,0,-0.111
1619609324904,0.197,0,0,0,0,-0.128
1619609324925,0.2,0,0,0,0,-0.143
1619609324944,0.197,0,0,0,0,-0.124
1619609324964,0.2,0,0,0,0,-0.108
1619609324984,0.197,0,0,0,0,-0.099
1619609325004,0.2,0,0,0,0,-0.102
1619609325024,0.197,0,0,0,0,-0.118
1619609325044,0.204,0,0,0,0,-0.144
1619609325064,0.193,0,0,0,0,-0.144
1619609325084,0.197,0,0,0,0,-0.143
1619609325104,0.2,0,0,0,0,-0.117
1619609325124,0.197,0,0,0,0,-0.092
1619609325144,0.2,0,0,0,0,-0.082
1619609325164,0.19,0,0,0,0,-0.065
1619609325184,0.204,0,0,0,0,-0.045
1619609325204,0.197,0,0,0,0,-0.07
1619609325224,0.2,0,0,0,0,-0.089
1619609325244,0.2,0,0,0,0,-0.089
1619609325264,0.193,0,0,0,0,-0.09
1619609325284,0.193,0,0,0,0,-0.104
1619609325304,0.197,0,0,0,0,-0.106
1619609325324,0.193,0,0,0,0,-0.112
1619609325344,0.193,0,0,0,0,-0.104
1619609325364,0.2,0,0,0,0,-0.12
1619609325384,0.197,0,0,0,0,-0.138
1619609325404,0.193,0,0,0,0,-0.147
1619609325424,0.204,0,0,0,0,-0.117
1619609325444,0.19,0,0,0,0,-0.115
1619609325464,0.193,0,0,0,0,-0.136
1619609325484,0.2,0,0,0,0,-0.162
1619609325504,0.19,0,0,0,0,-0.184
1619609325524,0.193,0,0,0,0,-0.193
1619609325544,0.197,0,0,0,0,-0.186
1619609325564,0.2,0,0,0,0,-0.198
1619609325584,0.2,0,0,0,0,-0.198
1619609325604,0.2,0,0,0,0,-0.207
1619609325624,0.197,0,0,0,0,-0.195
1619609325644,0.19,0,0,0,0,-0.205
1619609325664,0.197,0,0,0,0,-0.204
1619609325684,0.2,0,0,0,0,-0.177
1619609325704,0.197,0,0,0,0,-0.174
1619609325724,0.2,0,0,0,0,-0.178
1619609325744,0.2,0,0,0,0,-0.171
1619609325764,0.197,0,0,0,0,-0.178
1619609325784,0.193,0,0,0,0,-0.185
1619609325804,0.197,0,0,0,0,-0.188
1619609325824,0.197,0,0,0,0,-0.189
1619609325844,0.197,0,0,0,0,-0.184
1619609325864,0.197,0,0,0,0,-0.185
1619609325884,0.197,0,0,0,0,-0.183
1619609325904,0.197,0,0,0,0,-0.182
1619609325924,0.197,0,0,0,0,-0.182
1619609325944,0.207,0,0,0,0,-0.188
1619609325964,0.187,0,0,0,0,-0.186
1619609325984,0.2,0,0,0,0,-0.172
1619609326004,0.197,0,0,0,0,-0.148
1619609326024,0.197,0,0,0,0,-0.148
1619609326044,0.2,0,0,0,0,-0.151
1619609326064,0.193,0,0,0,0,-0.139
1619609326084,0.2,0,0,0,0,-0.139
1619609326104,0.197,0,0,0,0,-0.141
1619609326124,0.204,0,0,0,0,-0.137
1619609326144,0.193,0,0,0,0,-0.136
1619609326164,0.197,0,0,0,0,-0.119
1619609326184,0.19,0,0,0,0,-0.109
1619609326204,0.2,0,0,0,0,-0.09
1619609326224,0.197,0,0,0,0,-0.083
1619609326244,0.197,0,0,0,0,-0.089
1619609326265,0.193,0,0,0,0,-0.107
1619609326284,0.197,0,0,0,0,-0.115
1619609326304,0.197,0,0,0,0,-0.115
1619609326324,0.204,0,0,0,0,-0.109
1619609326344,0.19,0,0,0,0,-0.096
1619609326364,0.197,0,0,0,0,-0.093
1619609326384,0.197,0,0,0,0,-0.093
1619609326404,0.197,0,0,0,0,-0.098
1619609326424,0.197,0,0,0,0,-0.106
1619609326444,0.197,0,0,0,0,-0.108
1619609326464,0.197,0,0,0,0,-0.095
1619609326484,0.197,0,0,0,0,-0.091
1619609326504,0.2,0,0,0,0,-0.078
1619609326524,0.187,0,0,0,0,-0.074
1619609326545,0.197,0,0,0,0,-0.083
1619609326564,0.2,0,0,0,0,-0.081
1619609326584,0.2,0,0,0,0,-0.069
1619609326604,0.197,0,0,0,0,-0.093
1619609326624,0.2,0,0,0,0,-0.095
1619609326645,0.2,0,0,0,0,-0.095
1619609326664,0.193,0,0,0,0,-0.094
1619609326684,0.2,0,0,0,0,-0.12
1619609326704,0.193,0,0,0,0,-0.131
1619609326724,0.197,0,0,0,0,-0.143
1619609326744,0.197,0,0,0,0,-0.145
1619609326764,0.193,0,0,0,0,-0.151
1619609326784,0.197,0,0,0,0,-0.158
1619609326804,0.197,0,0,0,0,-0.161
1619609326824,0.197,0,0,0,0,-0.152
1619609326844,0.204,0,0,0,0,-0.15
1619609326864,0.193,0,0,0,0,-0.156
1619609326884,0.197,0,0,0,0,-0.144
1619609326904,0.2,0,0,0,0,-0.144
1619609326924,0.2,0,0,0,0,-0.15
1619609326945,0.193,0,0,0,0,-0.137
1619609326964,0.2,0,0,0,0,-0.126
1619609326984,0.2,0,0,0,0,-0.126
1619609327004,0.197,0,0,0,0,-0.128
1619609327024,0.204,0,0,0,0,-0.126
1619609327045,0.19,0,0,0,0,-0.114
1619609327064,0.197,0,0,0,0,-0.121
1619609327084,0.193,0,0,0,0,-0.114
1619609327104,0.2,0,0,0,0,-0.134
1619609327124,0.193,0,0,0,0,-0.134
1619609327144,0.197,0,0,0,0,-0.126
1619609327164,0.197,0,0,0,0,-0.132
1619609327184,0.197,0,0,0,0,-0.148
1619609327204,0.197,0,0,0,0,-0.169
1619609327224,0.197,0,0,0,0,-0.175
1619609327245,0.197,0,0,0,0,-0.155
1619609327276,0.204,0,0,0,0,-0.156
1619609327284,0.193,0,0,0,0,-0.146
1619609327304,0.2,0,0,0,0,-0.131
1619609327324,0.193,0,0,0,0,-0.128
1619609327344,0.193,0,0,0,0,-0.128
1619609327364,0.2,0,0,0,0,-0.126
1619609327384,0.2,0,0,0,0,-0.127
1619609327404,0.197,0,0,0,0,-0.126
1619609327424,0.183,0,0,0,0,-0.134
1619609327444,0.2,0,0,0,0,-0.132
1619609327464,0.193,0,0,0,0,-0.125
1619609327484,0.193,0,0,0,0,-0.138
1619609327504,0.197,0,0,0,0,-0.132
1619609327524,0.2,0,0,0,0,-0.134
1619609327544,0.197,0,0,0,0,-0.122
1619609327564,0.197,0,0,0,0,-0.131
1619609327584,0.197,0,0,0,0,-0.132
1619609327604,0.19,0,0,0,0,-0.129
1619609327624,0.197,0,0,0,0,-0.124
1619609327644,0.193,0,0,0,0,-0.127
1619609327664,0.2,0,0,0,0,-0.126
1619609327684,0.197,0,0,0,0,-0.114
1619609327704,0.197,0,0,0,0,-0.114
1619609327724,0.2,0,0,0,0,-0.102
1619609327744,0.197,0,0,0,0,-0.104
1619609327764,0.197,0,0,0,0,-0.116
1619609327784,0.2,0,0,0,0,-0.111
1619609327804,0.197,0,0,0,0,-0.124
1619609327824,0.193,0,0,0,0,-0.147
1619609327844,0.2,0,0,0,0,-0.163
1619609327864,0.193,0,0,0,0,-0.151
1619609327884,0.2,0,0,0,0,-0.132
1619609327904,0.193,0,0,0,0,-0.139
1619609327924,0.2,0,0,0,0,-0.165
1619609327944,0.19,0,0,0,0,-0.169
1619609327964,0.193,0,0,0,0,-0.176
1619609327984,0.193,0,0,0,0,-0.16
1619609328004,0.204,0,0,0,0,-0.136
1619609328024,0.193,0,0,0,0,-0.131
1619609328044,0.193,0,0,0,0,-0.131
1619609328064,0.2,0,0,0,0,-0.12
1619609328084,0.2,0,0,0,0,-0.135
1619609328104,0.204,0,0,0,0,-0.147
1619609328124,0.193,0,0,0,0,-0.148
1619609328144,0.193,0,0,0,0,-0.147
1619609328164,0.193,0,0,0,0,-0.147
1619609328184,0.197,0,0,0,0,-0.165
1619609328204,0.2,0,0,0,0,-0.178
1619609328224,0.197,0,0,0,0,-0.179
1619609328244,0.193,0,0,0,0,-0.171
1619609328264,0.197,0,0,0,0,-0.152
1619609328284,0.207,0,0,0,0,-0.167
1619609328304,0.183,0,0,0,0,-0.184
1619609328324,0.197,0,0,0,0,-0.176
1619609328344,0.197,0,0,0,0,-0.161
1619609328364,0.197,0,0,0,0,-0.146
1619609328384,0.193,0,0,0,0,-0.145
1619609328404,0.193,0,0,0,0,-0.145
1619609328424,0.2,0,0,0,0,-0.136
1619609328444,0.197,0,0,0,0,-0.134
1619609328464,0.197,0,0,0,0,-0.143
1619609328484,0.2,0,0,0,0,-0.116
1619609328504,0.19,0,0,0,0,-0.069
1619609328524,0.2,0,0,0,0,-0.063
1619609328544,0.197,0,0,0,0,-0.075
1619609328564,0.204,0,0,0,0,-0.102
1619609328584,0.197,0,0,0,0,-0.114
1619609328604,0.197,0,0,0,0,-0.099
1619609328624,0.197,0,0,0,0,-0.098
1619609328644,0.2,0,0,0,0,-0.102
1619609328664,0.187,0,0,0,0,-0.097
1619609328684,0.193,0,0,0,0,-0.102
1619609328704,0.2,0,0,0,0,-0.101
1619609328724,0.197,0,0,0,0,-0.111
1619609328744,0.197,0,0,0,0,-0.111
1619609328764,0.197,0,0,0,0,-0.115
1619609328784,0.2,0,0,0,0,-0.117
1619609328804,0.193,0,0,0,0,-0.145
1619609328824,0.2,0,0,0,0,-0.163
1619609328844,0.197,0,0,0,0,-0.16
1619609328865,0.197,0,0,0,0,-0.161
1619609328884,0.193,0,0,0,0,-0.161
1619609328904,0.2,0,0,0,0,-0.167
1619609328924,0.197,0,0,0,0,-0.168
1619609328944,0.193,0,0,0,0,-0.163
1619609328965,0.193,0,0,0,0,-0.142
1619609328984,0.2,0,0,0,0,-0.145
1619609329004,0.193,0,0,0,0,-0.149
1619609329024,0.193,0,0,0,0,-0.145
1619609329044,0.2,0,0,0,0,-0.151
1619609329064,0.193,0,0,0,0,-0.158
1619609329084,0.193,0,0,0,0,-0.158
1619609329104,0.2,0,0,0,0,-0.17
1619609329124,0.197,0,0,0,0,-0.174
1619609329144,0.197,0,0,0,0,-0.16
1619609329164,0.204,0,0,0,0,-0.153
1619609329184,0.193,0,0,0,0,-0.182
1619609329204,0.2,0,0,0,0,-0.214
1619609329224,0.2,0,0,0,0,-0.218
1619609329244,0.204,0,0,0,0,-0.208
1619609329264,0.197,0,0,0,0,-0.196
1619609329284,0.193,0,0,0,0,-0.183
1619609329304,0.197,0,0,0,0,-0.178
1619609329324,0.204,0,0,0,0,-0.167
1619609329344,0.2,0,0,0,0,-0.14
1619609329365,0.183,0,0,0,0,-0.135
1619609329384,0.2,0,0,0,0,-0.126
1619609329404,0.197,0,0,0,0,-0.122
1619609329424,0.193,0,0,0,0,-0.116
1619609329444,0.193,0,0,0,0,-0.116
1619609329464,0.197,0,0,0,0,-0.113
1619609329484,0.197,0,0,0,0,-0.1
1619609329504,0.2,0,0,0,0,-0.097
1619609329524,0.19,0,0,0,0,-0.094
1619609329544,0.204,0,0,0,0,-0.103
1619609329564,0.19,0,0,0,0,-0.104
1619609329584,0.197,0,0,0,0,-0.106
1619609329604,0.197,0,0,0,0,-0.1
1619609329624,0.193,0,0,0,0,-0.101
1619609329644,0.193,0,0,0,0,-0.094
1619609329665,0.197,0,0,0,0,-0.093
1619609329684,0.193,0,0,0,0,-0.085
1619609329704,0.197,0,0,0,0,-0.101
1619609329724,0.197,0,0,0,0,-0.118
1619609329744,0.197,0,0,0,0,-0.113
1619609329764,0.2,0,0,0,0,-0.119
1619609329784,0.2,0,0,0,0,-0.119
1619609329804,0.197,0,0,0,0,-0.114
1619609329824,0.2,0,0,0,0,-0.107
1619609329844,0.193,0,0,0,0,-0.104
1619609329864,0.197,0,0,0,0,-0.121
1619609329884,0.204,0,0,0,0,-0.124
1619609329904,0.193,0,0,0,0,-0.119
1619609329924,0.2,0,0,0,0,-0.129
1619609329944,0.193,0,0,0,0,-0.146
1619609329964,0.197,0,0,0,0,-0.145
1619609329984,0.2,0,0,0,0,-0.147
1619609330004,0.197,0,0,0,0,-0.152
1619609330024,0.197,0,0,0,0,-0.141
1619609330044,0.2,0,0,0,0,-0.137
1619609330064,0.187,0,0,0,0,-0.152
1619609330084,0.2,0,0,0,0,-0.162
1619609330104,0.2,0,0,0,0,-0.16
1619609330124,0.2,0,0,0,0,-0.16
1619609330144,0.193,0,0,0,0,-0.143
1619609330164,0.2,0,0,0,0,-0.138
1619609330184,0.197,0,0,0,0,-0.145
1619609330204,0.193,0,0,0,0,-0.153
1619609330224,0.2,0,0,0,0,-0.142
1619609330244,0.204,0,0,0,0,-0.131
1619609330264,0.19,0,0,0,0,-0.127
1619609330284,0.197,0,0,0,0,-0.112
1619609330304,0.197,0,0,0,0,-0.096
1619609330324,0.193,0,0,0,0,-0.091
1619609330344,0.197,0,0,0,0,-0.105
1619609330364,0.197,0,0,0,0,-0.118
1619609330384,0.197,0,0,0,0,-0.127
1619609330404,0.193,0,0,0,0,-0.144
1619609330424,0.204,0,0,0,0,-0.146
1619609330444,0.183,0,0,0,0,-0.133
1619609330464,0.2,0,0,0,0,-0.132
1619609330484,0.197,0,0,0,0,-0.137
1619609330504,0.197,0,0,0,0,-0.137
1619609330524,0.193,0,0,0,0,-0.143
1619609330544,0.2,0,0,0,0,-0.143
1619609330564,0.193,0,0,0,0,-0.141
1619609330584,0.193,0,0,0,0,-0.143
1619609330604,0.204,0,0,0,0,-0.139
1619609330624,0.197,0,0,0,0,-0.136
1619609330644,0.19,0,0,0,0,-0.135
1619609330664,0.193,0,0,0,0,-0.129
1619609330684,0.197,0,0,0,0,-0.123
1619609330704,0.2,0,0,0,0,-0.112
1619609330724,0.2,0,0,0,0,-0.113
1619609330744,0.193,0,0,0,0,-0.123
1619609330764,0.193,0,0,0,0,-0.133
1619609330784,0.2,0,0,0,0,-0.142
1619609330804,0.193,0,0,0,0,-0.151
1619609330824,0.193,0,0,0,0,-0.143
1619609330844,0.193,0,0,0,0,-0.143
1619609330864,0.19,0,0,0,0,-0.149
1619609330884,0.197,0,0,0,0,-0.136
1619609330904,0.204,0,0,0,0,-0.13
1619609330924,0.2,0,0,0,0,-0.126
1619609330944,0.197,0,0,0,0,-0.102
1619609330964,0.204,0,0,0,0,-0.093
1619609330984,0.197,0,0,0,0,-0.11
1619609331004,0.193,0,0,0,0,-0.12
1619609331024,0.204,0,0,0,0,-0.121
1619609331044,0.193,0,0,0,0,-0.116
1619609331064,0.2,0,0,0,0,-0.128
1619609331084,0.2,0,0,0,0,-0.146
1619609331104,0.197,0,0,0,0,-0.144
1619609331124,0.197,0,0,0,0,-0.16
1619609331144,0.193,0,0,0,0,-0.17
1619609331164,0.197,0,0,0,0,-0.182
1619609331185,0.197,0,0,0,0,-0.182
1619609331204,0.193,0,0,0,0,-0.171
1619609331224,0.2,0,0,0,0,-0.165
1619609331244,0.193,0,0,0,0,-0.162
1619609331264,0.2,0,0,0,0,-0.16
1619609331284,0.197,0,0,0,0,-0.154
1619609331304,0.197,0,0,0,0,-0.157
1619609331324,0.2,0,0,0,0,-0.165
1619609331344,0.187,0,0,0,0,-0.154
1619609331364,0.197,0,0,0,0,-0.149
1619609331385,0.2,0,0,0,0,-0.135
1619609331404,0.193,0,0,0,0,-0.142
1619609331424,0.197,0,0,0,0,-0.141
1619609331444,0.193,0,0,0,0,-0.142
1619609331464,0.197,0,0,0,0,-0.153
1619609331484,0.197,0,0,0,0,-0.143
1619609331504,0.197,0,0,0,0,-0.122
1619609331524,0.19,0,0,0,0,-0.125
1619609331544,0.193,0,0,0,0,-0.129
1619609331564,0.193,0,0,0,0,-0.129
1619609331586,0.193,0,0,0,0,-0.136
1619609331604,0.197,0,0,0,0,-0.124
1619609331624,0.197,0,0,0,0,-0.139
1619609331644,0.197,0,0,0,0,-0.166
1619609331664,0.197,0,0,0,0,-0.174
1619609331685,0.197,0,0,0,0,-0.16
1619609331704,0.2,0,0,0,0,-0.148
1619609331724,0.2,0,0,0,0,-0.158
1619609331744,0.193,0,0,0,0,-0.168
1619609331764,0.197,0,0,0,0,-0.17
1619609331784,0.2,0,0,0,0,-0.147
1619609331804,0.2,0,0,0,0,-0.123
1619609331824,0.2,0,0,0,0,-0.118
1619609331844,0.193,0,0,0,0,-0.108
1619609331864,0.197,0,0,0,0,-0.116
1619609331885,0.2,0,0,0,0,-0.123
1619609331904,0.197,0,0,0,0,-0.112
1619609331924,0.197,0,0,0,0,-0.112
1619609331944,0.197,0,0,0,0,-0.096
1619609331964,0.197,0,0,0,0,-0.103
1619609331984,0.197,0,0,0,0,-0.105
1619609332004,0.197,0,0,0,0,-0.119
1619609332024,0.193,0,0,0,0,-0.129
1619609332044,0.2,0,0,0,0,-0.132
1619609332064,0.193,0,0,0,0,-0.126
1619609332084,0.197,0,0,0,0,-0.106
1619609332104,0.2,0,0,0,0,-0.1
1619609332124,0.193,0,0,0,0,-0.104
1619609332144,0.197,0,0,0,0,-0.116
1619609332164,0.197,0,0,0,0,-0.121
1619609332184,0.187,0,0,0,0,-0.136
1619609332204,0.2,0,0,0,0,-0.163
1619609332224,0.193,0,0,0,0,-0.157
1619609332244,0.197,0,0,0,0,-0.144
1619609332264,0.197,0,0,0,0,-0.144
1619609332284,0.197,0,0,0,0,-0.14
1619609332304,0.204,0,0,0,0,-0.129
1619609332324,0.197,0,0,0,0,-0.136
1619609332344,0.197,0,0,0,0,-0.138
1619609332364,0.2,0,0,0,0,-0.133
1619609332384,0.2,0,0,0,0,-0.136
1619609332404,0.204,0,0,0,0,-0.106
1619609332424,0.197,0,0,0,0,-0.106
1619609332444,0.193,0,0,0,0,-0.13
1619609332464,0.197,0,0,0,0,-0.127
1619609332484,0.2,0,0,0,0,-0.118
1619609332504,0.197,0,0,0,0,-0.128
1619609332524,0.2,0,0,0,0,-0.139
1619609332544,0.197,0,0,0,0,-0.152
1619609332564,0.197,0,0,0,0,-0.137
1619609332584,0.204,0,0,0,0,-0.141
1619609332604,0.204,0,0,0,0,-0.141
1619609332624,0.18,0,0,0,0,-0.162
1619609332644,0.197,0,0,0,0,-0.184
1619609332664,0.193,0,0,0,0,-0.182
1619609332684,0.193,0,0,0,0,-0.171
1619609332705,0.197,0,0,0,0,-0.179
1619609332724,0.187,0,0,0,0,-0.191
1619609332744,0.2,0,0,0,0,-0.186
1619609332764,0.197,0,0,0,0,-0.173
1619609332784,0.197,0,0,0,0,-0.169
1619609332804,0.197,0,0,0,0,-0.194
1619609332824,0.197,0,0,0,0,-0.203
1619609332844,0.204,0,0,0,0,-0.191
1619609332864,0.197,0,0,0,0,-0.17
1619609332884,0.193,0,0,0,0,-0.169
1619609332905,0.2,0,0,0,0,-0.172
1619609332924,0.193,0,0,0,0,-0.158
1619609332944,0.193,0,0,0,0,-0.158
1619609332964,0.197,0,0,0,0,-0.15
1619609332984,0.197,0,0,0,0,-0.14
1619609333005,0.197,0,0,0,0,-0.144
1619609333024,0.197,0,0,0,0,-0.132
1619609333044,0.2,0,0,0,0,-0.129
1619609333064,0.197,0,0,0,0,-0.137
1619609333084,0.197,0,0,0,0,-0.158
1619609333105,0.204,0,0,0,0,-0.16
1619609333124,0.193,0,0,0,0,-0.16
1619609333144,0.204,0,0,0,0,-0.135
1619609333164,0.2,0,0,0,0,-0.117
1619609333184,0.197,0,0,0,0,-0.114
1619609333204,0.2,0,0,0,0,-0.128
1619609333224,0.2,0,0,0,0,-0.138
1619609333244,0.197,0,0,0,0,-0.143
1619609333264,0.197,0,0,0,0,-0.13
1619609333284,0.197,0,0,0,0,-0.088
1619609333304,0.197,0,0,0,0,-0.088
1619609333324,0.19,0,0,0,0,-0.095
1619609333344,0.193,0,0,0,0,-0.091
1619609333364,0.193,0,0,0,0,-0.103
1619609333384,0.193,0,0,0,0,-0.091
1619609333405,0.2,0,0,0,0,-0.085
1619609333424,0.193,0,0,0,0,-0.092
1619609333444,0.2,0,0,0,0,-0.087
1619609333464,0.193,0,0,0,0,-0.076
1619609333484,0.2,0,0,0,0,-0.064
1619609333504,0.193,0,0,0,0,-0.069
1619609333524,0.193,0,0,0,0,-0.081
1619609333544,0.2,0,0,0,0,-0.081
1619609333564,0.193,0,0,0,0,-0.082
1619609333584,0.2,0,0,0,0,-0.096
1619609333606,0.193,0,0,0,0,-0.098
1619609333624,0.204,0,0,0,0,-0.093
1619609333644,0.197,0,0,0,0,-0.096
1619609333664,0.204,0,0,0,0,-0.123
1619609333684,0.204,0,0,0,0,-0.123
1619609333704,0.183,0,0,0,0,-0.134
1619609333724,0.197,0,0,0,0,-0.161
1619609333744,0.197,0,0,0,0,-0.179
1619609333764,0.197,0,0,0,0,-0.177
1619609333784,0.197,0,0,0,0,-0.182
1619609333804,0.197,0,0,0,0,-0.182
1619609333824,0.197,0,0,0,0,-0.18
1619609333844,0.2,0,0,0,0,-0.179
1619609333864,0.2,0,0,0,0,-0.169
1619609333884,0.197,0,0,0,0,-0.161
1619609333904,0.197,0,0,0,0,-0.166
1619609333924,0.197,0,0,0,0,-0.163
1619609333944,0.197,0,0,0,0,-0.171
1619609333964,0.197,0,0,0,0,-0.209
1619609333984,0.19,0,0,0,0,-0.247
1619609334004,0.207,0,0,0,0,-0.229
1619609334024,0.207,0,0,0,0,-0.229
1619609334044,0.19,0,0,0,0,-0.191
1619609334064,0.193,0,0,0,0,-0.188
1619609334084,0.19,0,0,0,0,-0.222
1619609334104,0.2,0,0,0,0,-0.221
1619609334124,0.19,0,0,0,0,-0.202
1619609334144,0.197,0,0,0,0,-0.188
1619609334164,0.197,0,0,0,0,-0.188
1619609334184,0.2,0,0,0,0,-0.194
1619609334204,0.193,0,0,0,0,-0.188
1619609334224,0.2,0,0,0,0,-0.176
1619609334244,0.2,0,0,0,0,-0.151
1619609334264,0.2,0,0,0,0,-0.136
1619609334284,0.197,0,0,0,0,-0.127
1619609334304,0.204,0,0,0,0,-0.124
1619609334324,0.197,0,0,0,0,-0.133
1619609334344,0.197,0,0,0,0,-0.131
1619609334364,0.2,0,0,0,0,-0.13
1619609334384,0.2,0,0,0,0,-0.13
1619609334404,0.183,0,0,0,0,-0.137
1619609334424,0.197,0,0,0,0,-0.125
1619609334444,0.2,0,0,0,0,-0.119
1619609334464,0.193,0,0,0,0,-0.091
1619609334484,0.197,0,0,0,0,-0.092
1619609334504,0.193,0,0,0,0,-0.103
1619609334524,0.197,0,0,0,0,-0.105
1619609334544,0.197,0,0,0,0,-0.094
1619609334564,0.204,0,0,0,0,-0.061
1619609334584,0.193,0,0,0,0,-0.06
1619609334604,0.2,0,0,0,0,-0.067
1619609334624,0.197,0,0,0,0,-0.075
1619609334645,0.204,0,0,0,0,-0.053
1619609334664,0.2,0,0,0,0,-0.022
1619609334684,0.197,0,0,0,0,-0.011
1619609334704,0.197,0,0,0,0,-0.042
1619609334724,0.197,0,0,0,0,-0.041
1619609334744,0.197,0,0,0,0,-0.055
1619609334764,0.197,0,0,0,0,-0.055
1619609334784,0.19,0,0,0,0,-0.096
1619609334804,0.193,0,0,0,0,-0.12
1619609334824,0.197,0,0,0,0,-0.137
1619609334844,0.187,0,0,0,0,-0.126
1619609334864,0.197,0,0,0,0,-0.111
1619609334884,0.197,0,0,0,0,-0.119
1619609334904,0.197,0,0,0,0,-0.108
1619609334924,0.2,0,0,0,0,-0.1
1619609334944,0.197,0,0,0,0,-0.126
1619609334964,0.193,0,0,0,0,-0.136
1619609334984,0.197,0,0,0,0,-0.137
1619609335004,0.204,0,0,0,0,-0.126
1619609335024,0.193,0,0,0,0,-0.118
1619609335044,0.197,0,0,0,0,-0.121
1619609335064,0.2,0,0,0,0,-0.131
1619609335084,0.2,0,0,0,0,-0.123
1619609335104,0.2,0,0,0,0,-0.123
1619609335124,0.193,0,0,0,0,-0.126
1619609335144,0.197,0,0,0,0,-0.137
1619609335164,0.2,0,0,0,0,-0.138
1619609335184,0.193,0,0,0,0,-0.128
1619609335204,0.197,0,0,0,0,-0.122
1619609335234,0.2,0,0,0,0,-0.114
1619609335244,0.204,0,0,0,0,-0.144
1619609335264,0.204,0,0,0,0,-0.144
1619609335284,0.187,0,0,0,0,-0.148
1619609335304,0.2,0,0,0,0,-0.154
1619609335325,0.2,0,0,0,0,-0.15
1619609335344,0.197,0,0,0,0,-0.142
1619609335364,0.197,0,0,0,0,-0.142
1619609335384,0.193,0,0,0,0,-0.131
1619609335404,0.197,0,0,0,0,-0.132
1619609335424,0.197,0,0,0,0,-0.151
1619609335444,0.197,0,0,0,0,-0.146
1619609335464,0.197,0,0,0,0,-0.146
1619609335484,0.183,0,0,0,0,-0.143
1619609335504,0.193,0,0,0,0,-0.129
1619609335524,0.19,0,0,0,0,-0.125
1619609335544,0.193,0,0,0,0,-0.121
1619609335564,0.2,0,0,0,0,-0.135
1619609335584,0.197,0,0,0,0,-0.133
1619609335604,0.197,0,0,0,0,-0.149
1619609335624,0.197,0,0,0,0,-0.171
1619609335644,0.204,0,0,0,0,-0.152
1619609335664,0.19,0,0,0,0,-0.141
1619609335684,0.197,0,0,0,0,-0.146
1619609335704,0.204,0,0,0,0,-0.152
1619609335725,0.197,0,0,0,0,-0.164
1619609335744,0.197,0,0,0,0,-0.173
1619609335764,0.193,0,0,0,0,-0.169
1619609335784,0.2,0,0,0,0,-0.168
1619609335804,0.197,0,0,0,0,-0.161
1619609335825,0.197,0,0,0,0,-0.161
1619609335844,0.197,0,0,0,0,-0.152
1619609335864,0.197,0,0,0,0,-0.158
1619609335884,0.197,0,0,0,0,-0.168
1619609335904,0.197,0,0,0,0,-0.166
1619609335924,0.2,0,0,0,0,-0.171
1619609335944,0.197,0,0,0,0,-0.177
1619609335964,0.197,0,0,0,0,-0.181
1619609335984,0.197,0,0,0,0,-0.185
1619609336004,0.187,0,0,0,0,-0.188
1619609336025,0.197,0,0,0,0,-0.192
1619609336044,0.204,0,0,0,0,-0.18
1619609336064,0.197,0,0,0,0,-0.16
1619609336084,0.193,0,0,0,0,-0.155
1619609336104,0.2,0,0,0,0,-0.16
1619609336124,0.193,0,0,0,0,-0.156
1619609336144,0.204,0,0,0,0,-0.138
1619609336164,0.204,0,0,0,0,-0.138
1619609336184,0.19,0,0,0,0,-0.119
1619609336204,0.197,0,0,0,0,-0.112
1619609336224,0.193,0,0,0,0,-0.111
1619609336244,0.2,0,0,0,0,-0.111
1619609336264,0.193,0,0,0,0,-0.091
1619609336284,0.193,0,0,0,0,-0.092
1619609336304,0.2,0,0,0,0,-0.085
1619609336324,0.193,0,0,0,0,-0.085
1619609336344,0.197,0,0,0,0,-0.102
1619609336364,0.19,0,0,0,0,-0.104
1619609336384,0.2,0,0,0,0,-0.093
1619609336404,0.197,0,0,0,0,-0.099
1619609336424,0.197,0,0,0,0,-0.096
1619609336444,0.2,0,0,0,0,-0.081
1619609336464,0.197,0,0,0,0,-0.073
1619609336484,0.193,0,0,0,0,-0.071
1619609336504,0.193,0,0,0,0,-0.071
1619609336524,0.2,0,0,0,0,-0.089
1619609336544,0.2,0,0,0,0,-0.093
1619609336564,0.193,0,0,0,0,-0.104
1619609336584,0.193,0,0,0,0,-0.118
1619609336604,0.197,0,0,0,0,-0.127
1619609336624,0.197,0,0,0,0,-0.124
1619609336644,0.197,0,0,0,0,-0.127
1619609336664,0.193,0,0,0,0,-0.144
1619609336684,0.193,0,0,0,0,-0.141
1619609336704,0.197,0,0,0,0,-0.156
1619609336724,0.2,0,0,0,0,-0.166
1619609336744,0.187,0,0,0,0,-0.154
1619609336764,0.193,0,0,0,0,-0.144
1619609336784,0.197,0,0,0,0,-0.138
