1619611518136,-0.249535
1619611518237,-0.249535
1619611518338,-0.249535
1619611518439,-0.249535
1619611518540,-0.249535
1619611518641,-0.249535
1619611518741,-0.249535
1619611518842,-0.249535
1619611518943,-0.249535
1619611519044,-0.249535
1619611519145,-0.249535
1619611519246,-0.249535
1619611519347,-0.249535
1619611519447,-0.249535
1619611519548,-0.249535
1619611519649,-0.249535
1619611519750,-0.249535
1619611519851,-0.249535
1619611519951,-0.249535
1619611520052,-0.249535
1619611520153,-0.249535
1619611520254,-0.249535
1619611520355,-0.249535
1619611520456,-0.249535
1619611520556,-0.249535
1619611520657,-0.249535
1619611520758,-0.249535
1619611520859,-0.249535
1619611520960,-0.249535
1619611521060,-0.249535
1619611521161,-0.249535
1619611521262,-0.249535
1619611521363,-0.249535
1619611521464,-0.249535
1619611521565,-0.249535
1619611521667,-0.249535
1619611521768,-0.249535
1619611521868,-0.249535
1619611521969,-0.249535
1619611522070,-0.249535
1619611522171,-0.249535
1619611522272,-0.249535
1619611522373,-0.249535
1619611522473,-0.249535
1619611522574,-0.249535
1619611522675,-0.249535
1619611522776,-0.249535
1619611522877,-0.249535
1619611522978,-0.249535
1619611523078,-0.249535
1619611523179,-0.249535
1619611523280,-0.249535
1619611523381,-0.249535
1619611523482,-0.249535
1619611523583,-0.249535
1619611523683,-0.249535
1619611523784,-0.249535
1619611523885,-0.249535
1619611523986,-0.249535
1619611524087,-0.249535
1619611524188,-0.249535
1619611524289,-0.249535
1619611524389,-0.249535
1619611524490,-0.249535
1619611524591,-0.249535
1619611524692,-0.249535
1619611524793,-0.249535
1619611524894,-0.249535
1619611524995,-0.249535
1619611525096,-0.249535
1619611525196,-0.249535
1619611525297,-0.249535
1619611525398,-0.249535
1619611525499,-0.249535
1619611525600,-0.249535
1619611525700,-0.249535
1619611525801,-0.249535
1619611525902,-0.249535
1619611526003,-0.249535
1619611526104,-0.249535
1619611526205,-0.249535
1619611526306,-0.249535
1619611526407,-0.249535
1619611526508,-0.249535
1619611526608,-0.249535
1619611526709,-0.249535
1619611526810,-0.249535
1619611526911,-0.249535
1619611527012,-0.249535
1619611527113,-0.249535
1619611527214,-0.249535
1619611527314,-0.249535
1619611527415,-0.249535
1619611527516,-0.249535
1619611527617,-0.249535
1619611527718,-0.249535
1619611527818,-0.249535
1619611527919,-0.249535
1619611528020,-0.249535
1619611528121,-0.249535
1619611528222,-0.249535
1619611528323,-0.249535
1619611528423,-0.249535
1619611528525,-0.249535
1619611528625,-0.249535
1619611528726,-0.249535
1619611528827,-0.249535
1619611528928,-0.249535
1619611529029,-0.249535
1619611529130,-0.249535
1619611529231,-0.249535
1619611529332,-0.249535
1619611529432,-0.249535
1619611529533,-0.249535
1619611529634,-0.249535
1619611529735,-0.249535
1619611529836,-0.249535
1619611529937,-0.249535
1619611530038,-0.249535
1619611530138,-0.249535
1619611530239,-0.249535
1619611530340,-0.249535
1619611530441,-0.249535
1619611530542,-0.249535
1619611530643,-0.249535
1619611530744,-0.249535
1619611530845,-0.249535
1619611530946,-0.249535
1619611531047,-0.249535
1619611531148,-0.249535
1619611531249,-0.249535
1619611531349,-0.249535
1619611531450,-0.249535
1619611531551,-0.249535
1619611531652,-0.249535
1619611531753,-0.249535
1619611531853,-0.249535
1619611531954,-0.249535
1619611532055,-0.249535
1619611532156,-0.249535
1619611532257,-0.249535
1619611532357,-0.249535
1619611532458,-0.249535
1619611532559,-0.249535
1619611532660,-0.249535
1619611532761,-0.249535
1619611532862,-0.249535
1619611532963,-0.249535
1619611533063,-0.249535
1619611533164,-0.249535
1619611533265,-0.249535
1619611533366,-0.249535
1619611533467,-0.249535
1619611533568,-0.249535
1619611533669,-0.249535
1619611533770,-0.249535
1619611533871,-0.249535
1619611533971,-0.249535
1619611534072,-0.249535
1619611534173,-0.249535
1619611534274,-0.249535
1619611534375,-0.249535
1619611534476,-0.249535
1619611534576,-0.249535
1619611534677,-0.249535
1619611534778,-0.249535
1619611534879,-0.249535
1619611534980,-0.249535
1619611535080,-0.249535
1619611535181,-0.249535
1619611535282,-0.249535
1619611535383,-0.249535
1619611535484,-0.249535
1619611535585,-0.249535
1619611535686,-0.249535
1619611535786,-0.249535
1619611535887,-0.249535
1619611535988,-0.249535
1619611536089,-0.249535
1619611536190,-0.249535
1619611536291,-0.249535
1619611536392,-0.249535
1619611536493,-0.249535
1619611536593,-0.249535
1619611536694,-0.249535
1619611536795,-0.249535
1619611536896,-0.249535
1619611536997,-0.249535
1619611537097,-0.249535
1619611537198,-0.249535
1619611537299,-0.249535
1619611537400,-0.249535
1619611537501,-0.249535
1619611537602,-0.249535
1619611537702,-0.249535
1619611537803,-0.249535
1619611537904,-0.249535
1619611538005,-0.249535
1619611538109,-0.249535
1619611538211,-0.249535
1619611538312,-0.249535
1619611538413,-0.249535
1619611538514,-0.249535
1619611538615,-0.249535
1619611538716,-0.249535
1619611538818,-0.249535
1619611538919,-0.249535
1619611539020,-0.249535
1619611539121,-0.249535
1619611539221,-0.249535
1619611539323,-0.249535
1619611539423,-0.249535
1619611539524,-0.249535
1619611539625,-0.249535
1619611539726,-0.249535
1619611539827,-0.249535
1619611539928,-0.249535
1619611540028,-0.249535
1619611540129,-0.249535
1619611540230,-0.249535
1619611540331,-0.249535
1619611540432,-0.249535
1619611540532,-0.249535
1619611540633,-0.249535
1619611540734,-0.249535
1619611540835,-0.249535
1619611540936,-0.249535
1619611541037,-0.249535
1619611541137,-0.249535
1619611541238,-0.249535
1619611541339,-0.249535
1619611541440,-0.249535
1619611541541,-0.249535
1619611541641,-0.249535
1619611541742,-0.249535
1619611541843,-0.249535
1619611541944,-0.249535
1619611542045,-0.249535
1619611542146,-0.249535
1619611542246,-0.249535
1619611542347,-0.249535
1619611542448,-0.249535
1619611542549,-0.249535
1619611542650,-0.249535
1619611542750,-0.249535
1619611542851,-0.249535
1619611542952,-0.249535
1619611543053,-0.249535
1619611543154,-0.249535
1619611543254,-0.249535
1619611543355,-0.249535
1619611543456,-0.249535
1619611543557,-0.249535
1619611543658,-0.249535
1619611543758,-0.249535
1619611543859,-0.249535
1619611543960,-0.249535
1619611544061,-0.249535
1619611544162,-0.249535
1619611544263,-0.249535
1619611544364,-0.249535
1619611544464,-0.249535
1619611544565,-0.249535
1619611544666,-0.249535
1619611544767,-0.249535
1619611544868,-0.249535
