1619611719343,0.5,0,0,0,0,0.708
1619611719364,0.5,0,0,0,0,0.708
1619611719384,0.496,0,0,0,0,0.708
1619611719403,0.503,0,0,0,0,0.708
1619611719424,0.49,0,0,0,0,0.708
1619611719444,0.517,0,0,0,0,0.708
1619611719465,0.479,0,0,0,0,0.708
1619611719484,0.493,0,0,0,0,0.708
1619611719504,0.493,0,0,0,0,0.708
1619611719524,0.5,0,0,0,0,0.708
1619611719544,0.507,0,0,0,0,0.708
1619611719564,0.493,0,0,0,0,0.708
1619611719584,0.493,0,0,0,0,0.708
1619611719604,0.496,0,0,0,0,0.708
1619611719623,0.496,0,0,0,0,0.708
1619611719643,0.496,0,0,0,0,0.708
1619611719666,0.493,0,0,0,0,0.708
1619611719684,0.493,0,0,0,0,0.708
1619611719704,0.5,0,0,0,0,0.708
1619611719724,0.496,0,0,0,0,0.708
1619611719743,0.5,0,0,0,0,0.708
1619611719764,0.5,0,0,0,0,0.708
1619611719784,0.496,0,0,0,0,0.708
1619611719804,0.49,0,0,0,0,0.708
1619611719823,0.49,0,0,0,0,0.708
1619611719843,0.5,0,0,0,0,0.708
1619611719864,0.496,0,0,0,0,0.708
1619611719884,0.5,0,0,0,0,0.708
1619611719903,0.507,0,0,0,0,0.708
1619611719923,0.493,0,0,0,0,0.708
1619611719943,0.496,0,0,0,0,0.708
1619611719964,0.493,0,0,0,0,0.708
1619611719984,0.507,0,0,0,0,0.708
1619611720004,0.486,0,0,0,0,0.708
1619611720024,0.5,0,0,0,0,0.708
1619611720043,0.493,0,0,0,0,0.708
1619611720064,0.5,0,0,0,0,0.708
1619611720084,0.496,0,0,0,0,0.708
1619611720104,0.493,0,0,0,0,0.708
1619611720123,0.49,0,0,0,0,0.708
1619611720143,0.493,0,0,0,0,0.708
1619611720163,0.51,0,0,0,0,0.708
1619611720184,0.486,0,0,0,0,0.708
1619611720204,0.486,0,0,0,0,0.708
1619611720223,0.493,0,0,0,0,0.708
1619611720243,0.5,0,0,0,0,0.708
1619611720263,0.503,0,0,0,0,0.708
1619611720284,0.5,0,0,0,0,0.708
1619611720304,0.5,0,0,0,0,0.708
1619611720323,0.496,0,0,0,0,0.708
1619611720343,0.496,0,0,0,0,0.708
1619611720363,0.517,0,0,0,0,0.708
1619611720383,0.479,0,0,0,0,0.708
1619611720404,0.496,0,0,0,0,0.708
1619611720423,0.5,0,0,0,0,0.708
1619611720443,0.496,0,0,0,0,0.708
1619611720463,0.493,0,0,0,0,0.708
1619611720484,0.49,0,0,0,0,0.708
1619611720503,0.5,0,0,0,0,0.708
1619611720523,0.5,0,0,0,0,0.708
1619611720543,0.517,0,0,0,0,0.708
1619611720564,0.517,0,0,0,0,0.708
1619611720584,0.473,0,0,0,0,0.708
1619611720603,0.49,0,0,0,0,0.708
1619611720624,0.493,0,0,0,0,0.708
1619611720644,0.493,0,0,0,0,0.708
1619611720663,0.503,0,0,0,0,0.708
1619611720684,0.49,0,0,0,0,0.708
1619611720703,0.5,0,0,0,0,0.708
1619611720723,0.5,0,0,0,0,0.708
1619611720744,0.493,0,0,0,0,0.708
1619611720763,0.503,0,0,0,0,0.708
1619611720784,0.5,0,0,0,0,0.708
1619611720804,0.493,0,0,0,0,0.708
1619611720824,0.496,0,0,0,0,0.708
1619611720843,0.496,0,0,0,0,0.708
1619611720864,0.493,0,0,0,0,0.708
1619611720884,0.507,0,0,0,0,0.708
1619611720903,0.507,0,0,0,0,0.708
1619611720924,0.496,0,0,0,0,0.708
1619611720944,0.496,0,0,0,0,0.708
1619611720964,0.496,0,0,0,0,0.708
1619611720984,0.503,0,0,0,0,0.708
1619611721003,0.503,0,0,0,0,0.708
1619611721024,0.5,0,0,0,0,0.708
1619611721043,0.5,0,0,0,0,0.708
1619611721063,0.5,0,0,0,0,0.708
1619611721083,0.503,0,0,0,0,0.708
1619611721103,0.483,0,0,0,0,0.708
1619611721124,0.503,0,0,0,0,0.708
1619611721144,0.496,0,0,0,0,0.708
1619611721164,0.496,0,0,0,0,0.708
1619611721183,0.493,0,0,0,0,0.708
1619611721204,0.5,0,0,0,0,0.708
1619611721223,0.503,0,0,0,0,0.708
1619611721243,0.496,0,0,0,0,0.708
1619611721264,0.517,0,0,0,0,0.708
1619611721283,0.479,0,0,0,0,0.708
1619611721304,0.479,0,0,0,0,0.708
1619611721323,0.496,0,0,0,0,0.708
1619611721343,0.493,0,0,0,0,0.708
1619611721364,0.507,0,0,0,0,0.708
1619611721383,0.496,0,0,0,0,0.708
1619611721403,0.503,0,0,0,0,0.708
1619611721423,0.493,0,0,0,0,0.708
1619611721444,0.493,0,0,0,0,0.708
1619611721464,0.517,0,0,0,0,0.708
1619611721484,0.483,0,0,0,0,0.708
1619611721504,0.493,0,0,0,0,0.708
1619611721523,0.493,0,0,0,0,0.708
1619611721544,0.49,0,0,0,0,0.708
1619611721564,0.496,0,0,0,0,0.708
1619611721586,0.5,0,0,0,0,0.708
1619611721604,0.5,0,0,0,0,0.708
1619611721624,0.52,0,0,0,0,0.708
1619611721644,0.52,0,0,0,0,0.708
1619611721664,0.476,0,0,0,0,0.708
1619611721685,0.49,0,0,0,0,0.708
1619611721704,0.507,0,0,0,0,0.708
1619611721724,0.5,0,0,0,0,0.708
1619611721744,0.496,0,0,0,0,0.708
1619611721764,0.493,0,0,0,0,0.708
1619611721784,0.507,0,0,0,0,0.708
1619611721804,0.496,0,0,0,0,0.708
1619611721824,0.496,0,0,0,0,0.708
1619611721844,0.503,0,0,0,0,0.708
1619611721863,0.493,0,0,0,0,0.708
1619611721884,0.496,0,0,0,0,0.708
1619611721904,0.5,0,0,0,0,0.708
1619611721923,0.503,0,0,0,0,0.708
1619611721943,0.5,0,0,0,0,0.708
1619611721964,0.496,0,0,0,0,0.708
1619611721984,0.5,0,0,0,0,0.708
1619611722004,0.5,0,0,0,0,0.708
1619611722024,0.486,0,0,0,0,0.708
1619611722044,0.493,0,0,0,0,0.708
1619611722063,0.493,0,0,0,0,0.708
1619611722085,0.496,0,0,0,0,0.708
1619611722104,0.493,0,0,0,0,0.708
1619611722124,0.493,0,0,0,0,0.708
1619611722144,0.496,0,0,0,0,0.708
1619611722164,0.5,0,0,0,0,0.708
1619611722184,0.513,0,0,0,0,0.708
1619611722204,0.483,0,0,0,0,0.708
1619611722224,0.496,0,0,0,0,0.708
1619611722244,0.503,0,0,0,0,0.708
1619611722264,0.503,0,0,0,0,0.708
1619611722284,0.5,0,0,0,0,0.708
1619611722304,0.503,0,0,0,0,0.708
1619611722323,0.5,0,0,0,0,0.708
1619611722343,0.5,0,0,0,0,0.708
1619611722363,0.517,0,0,0,0,0.708
1619611722384,0.517,0,0,0,0,0.708
1619611722404,0.479,0,0,0,0,0.708
1619611722423,0.5,0,0,0,0,0.708
1619611722443,0.493,0,0,0,0,0.708
1619611722463,0.5,0,0,0,0,0.708
1619611722483,0.5,0,0,0,0,0.708
1619611722504,0.49,0,0,0,0,0.708
1619611722524,0.5,0,0,0,0,0.708
1619611722544,0.49,0,0,0,0,0.708
1619611722563,0.513,0,0,0,0,0.708
1619611722583,0.483,0,0,0,0,0.708
1619611722604,0.496,0,0,0,0,0.708
1619611722624,0.503,0,0,0,0,0.708
1619611722644,0.496,0,0,0,0,0.708
1619611722664,0.496,0,0,0,0,0.708
1619611722683,0.496,0,0,0,0,0.708
1619611722703,0.5,0,0,0,0,0.708
1619611722724,0.496,0,0,0,0,0.708
1619611722744,0.496,0,0,0,0,0.708
1619611722764,0.496,0,0,0,0,0.708
1619611722784,0.496,0,0,0,0,0.708
1619611722804,0.493,0,0,0,0,0.708
1619611722824,0.496,0,0,0,0,0.708
1619611722843,0.5,0,0,0,0,0.708
1619611722864,0.5,0,0,0,0,0.708
1619611722884,0.5,0,0,0,0,0.708
1619611722904,0.493,0,0,0,0,0.708
1619611722923,0.496,0,0,0,0,0.708
1619611722943,0.496,0,0,0,0,0.708
1619611722963,0.5,0,0,0,0,0.708
1619611722984,0.493,0,0,0,0,0.708
1619611723004,0.486,0,0,0,0,0.708
1619611723024,0.496,0,0,0,0,0.708
1619611723043,0.5,0,0,0,0,0.708
1619611723064,0.493,0,0,0,0,0.708
1619611723084,0.503,0,0,0,0,0.708
1619611723103,0.503,0,0,0,0,0.708
1619611723124,0.486,0,0,0,0,0.708
1619611723144,0.493,0,0,0,0,0.708
1619611723164,0.503,0,0,0,0,0.708
1619611723183,0.49,0,0,0,0,0.708
1619611723204,0.507,0,0,0,0,0.708
1619611723223,0.493,0,0,0,0,0.708
1619611723243,0.49,0,0,0,0,0.708
1619611723264,0.493,0,0,0,0,0.708
1619611723283,0.51,0,0,0,0,0.708
1619611723303,0.479,0,0,0,0,0.708
1619611723324,0.503,0,0,0,0,0.708
1619611723344,0.496,0,0,0,0,0.708
1619611723363,0.493,0,0,0,0,0.708
1619611723383,0.493,0,0,0,0,0.708
1619611723404,0.496,0,0,0,0,0.708
1619611723424,0.5,0,0,0,0,0.708
1619611723443,0.5,0,0,0,0,0.708
1619611723464,0.51,0,0,0,0,0.708
1619611723484,0.51,0,0,0,0,0.708
1619611723504,0.479,0,0,0,0,0.708
1619611723523,0.5,0,0,0,0,0.708
1619611723544,0.503,0,0,0,0,0.708
1619611723563,0.496,0,0,0,0,0.708
1619611723584,0.493,0,0,0,0,0.708
1619611723604,0.503,0,0,0,0,0.708
1619611723624,0.493,0,0,0,0,0.708
1619611723643,0.496,0,0,0,0,0.708
1619611723663,0.52,0,0,0,0,0.708
1619611723684,0.479,0,0,0,0,0.708
1619611723703,0.496,0,0,0,0,0.708
1619611723724,0.493,0,0,0,0,0.708
1619611723744,0.496,0,0,0,0,0.708
1619611723763,0.507,0,0,0,0,0.708
1619611723783,0.496,0,0,0,0,0.708
1619611723804,0.493,0,0,0,0,0.708
1619611723823,0.5,0,0,0,0,0.708
1619611723844,0.5,0,0,0,0,0.708
1619611723864,0.493,0,0,0,0,0.708
1619611723884,0.5,0,0,0,0,0.708
1619611723904,0.496,0,0,0,0,0.708
1619611723923,0.496,0,0,0,0,0.708
1619611723943,0.5,0,0,0,0,0.708
1619611723963,0.5,0,0,0,0,0.708
1619611723983,0.5,0,0,0,0,0.708
1619611724004,0.5,0,0,0,0,0.708
1619611724023,0.493,0,0,0,0,0.708
1619611724044,0.49,0,0,0,0,0.708
1619611724063,0.5,0,0,0,0,0.708
1619611724084,0.49,0,0,0,0,0.708
1619611724115,0.5,0,0,0,0,0.708
1619611724123,0.5,0,0,0,0,0.708
1619611724144,0.503,0,0,0,0,0.708
1619611724164,0.496,0,0,0,0,0.708
1619611724184,0.513,0,0,0,0,0.708
1619611724204,0.513,0,0,0,0,0.708
1619611724224,0.49,0,0,0,0,0.708
1619611724243,0.493,0,0,0,0,0.708
1619611724263,0.493,0,0,0,0,0.708
1619611724283,0.5,0,0,0,0,0.708
1619611724304,0.5,0,0,0,0,0.708
1619611724324,0.493,0,0,0,0,0.708
1619611724344,0.5,0,0,0,0,0.708
1619611724364,0.493,0,0,0,0,0.708
1619611724383,0.51,0,0,0,0,0.708
1619611724406,0.486,0,0,0,0,0.708
1619611724424,0.49,0,0,0,0,0.708
1619611724443,0.5,0,0,0,0,0.708
1619611724463,0.5,0,0,0,0,0.708
1619611724483,0.503,0,0,0,0,0.708
1619611724516,0.496,0,0,0,0,0.708
1619611724524,0.493,0,0,0,0,0.708
1619611724543,0.5,0,0,0,0,0.708
1619611724564,0.5,0,0,0,0,0.708
1619611724584,0.517,0,0,0,0,0.708
1619611724604,0.479,0,0,0,0,0.708
1619611724623,0.493,0,0,0,0,0.708
1619611724643,0.496,0,0,0,0,0.708
1619611724663,0.496,0,0,0,0,0.708
1619611724683,0.5,0,0,0,0,0.708
1619611724704,0.496,0,0,0,0,0.708
1619611724724,0.5,0,0,0,0,0.708
1619611724744,0.496,0,0,0,0,0.708
1619611724764,0.493,0,0,0,0,0.708
1619611724783,0.503,0,0,0,0,0.708
1619611724804,0.496,0,0,0,0,0.708
1619611724824,0.493,0,0,0,0,0.708
1619611724844,0.493,0,0,0,0,0.708
1619611724864,0.496,0,0,0,0,0.708
1619611724884,0.496,0,0,0,0,0.708
1619611724904,0.496,0,0,0,0,0.708
1619611724924,0.496,0,0,0,0,0.708
1619611724944,0.503,0,0,0,0,0.708
1619611724963,0.496,0,0,0,0,0.708
1619611724983,0.5,0,0,0,0,0.708
1619611725003,0.493,0,0,0,0,0.708
1619611725023,0.496,0,0,0,0,0.708
1619611725044,0.503,0,0,0,0,0.708
1619611725063,0.503,0,0,0,0,0.708
1619611725083,0.5,0,0,0,0,0.708
1619611725103,0.503,0,0,0,0,0.708
1619611725123,0.486,0,0,0,0,0.708
1619611725143,0.49,0,0,0,0,0.708
1619611725164,0.503,0,0,0,0,0.708
1619611725184,0.5,0,0,0,0,0.708
1619611725204,0.496,0,0,0,0,0.708
1619611725223,0.5,0,0,0,0,0.708
1619611725244,0.493,0,0,0,0,0.708
1619611725263,0.493,0,0,0,0,0.708
1619611725283,0.493,0,0,0,0,0.708
1619611725303,0.51,0,0,0,0,0.708
1619611725323,0.486,0,0,0,0,0.708
1619611725344,0.493,0,0,0,0,0.708
1619611725364,0.493,0,0,0,0,0.708
1619611725384,0.493,0,0,0,0,0.708
1619611725404,0.503,0,0,0,0,0.708
1619611725424,0.496,0,0,0,0,0.708
1619611725443,0.496,0,0,0,0,0.708
1619611725463,0.49,0,0,0,0,0.708
1619611725483,0.517,0,0,0,0,0.708
1619611725504,0.476,0,0,0,0,0.708
1619611725523,0.503,0,0,0,0,0.708
1619611725544,0.493,0,0,0,0,0.708
1619611725563,0.493,0,0,0,0,0.708
1619611725584,0.5,0,0,0,0,0.708
1619611725604,0.496,0,0,0,0,0.708
1619611725624,0.5,0,0,0,0,0.708
1619611725644,0.5,0,0,0,0,0.708
1619611725664,0.496,0,0,0,0,0.708
1619611725684,0.52,0,0,0,0,0.708
1619611725703,0.476,0,0,0,0,0.708
1619611725724,0.5,0,0,0,0,0.708
1619611725744,0.5,0,0,0,0,0.708
1619611725764,0.5,0,0,0,0,0.708
1619611725784,0.496,0,0,0,0,0.708
1619611725804,0.5,0,0,0,0,0.708
1619611725823,0.493,0,0,0,0,0.708
1619611725844,0.496,0,0,0,0,0.708
1619611725863,0.493,0,0,0,0,0.708
1619611725884,0.493,0,0,0,0,0.708
1619611725903,0.493,0,0,0,0,0.708
1619611725924,0.49,0,0,0,0,0.708
1619611725943,0.5,0,0,0,0,0.708
1619611725963,0.496,0,0,0,0,0.708
1619611725983,0.496,0,0,0,0,0.708
1619611726003,0.5,0,0,0,0,0.708
1619611726024,0.496,0,0,0,0,0.708
1619611726043,0.49,0,0,0,0,0.708
1619611726064,0.5,0,0,0,0,0.708
1619611726084,0.496,0,0,0,0,0.708
1619611726103,0.493,0,0,0,0,0.708
1619611726123,0.503,0,0,0,0,0.708
1619611726143,0.5,0,0,0,0,0.708
1619611726163,0.496,0,0,0,0,0.708
1619611726184,0.5,0,0,0,0,0.708
1619611726203,0.507,0,0,0,0,0.708
1619611726223,0.483,0,0,0,0,0.708
1619611726243,0.503,0,0,0,0,0.708
1619611726264,0.496,0,0,0,0,0.708
1619611726283,0.496,0,0,0,0,0.708
1619611726303,0.493,0,0,0,0,0.708
1619611726334,0.496,0,0,0,0,0.708
1619611726343,0.496,0,0,0,0,0.708
1619611726363,0.496,0,0,0,0,0.708
1619611726384,0.496,0,0,0,0,0.708
1619611726403,0.517,0,0,0,0,0.708
1619611726426,0.479,0,0,0,0,0.708
1619611726444,0.496,0,0,0,0,0.708
1619611726463,0.5,0,0,0,0,0.708
1619611726483,0.49,0,0,0,0,0.708
1619611726504,0.507,0,0,0,0,0.708
1619611726524,0.496,0,0,0,0,0.708
1619611726544,0.5,0,0,0,0,0.708
1619611726564,0.5,0,0,0,0,0.708
1619611726584,0.517,0,0,0,0,0.708
1619611726603,0.479,0,0,0,0,0.708
1619611726625,0.496,0,0,0,0,0.708
1619611726643,0.496,0,0,0,0,0.708
1619611726663,0.503,0,0,0,0,0.708
1619611726684,0.503,0,0,0,0,0.708
1619611726703,0.5,0,0,0,0,0.708
1619611726725,0.5,0,0,0,0,0.708
1619611726743,0.493,0,0,0,0,0.708
1619611726764,0.503,0,0,0,0,0.708
1619611726784,0.527,0,0,0,0,0.708
1619611726803,0.476,0,0,0,0,0.708
1619611726826,0.493,0,0,0,0,0.708
1619611726844,0.503,0,0,0,0,0.708
1619611726864,0.496,0,0,0,0,0.708
1619611726883,0.496,0,0,0,0,0.708
1619611726904,0.496,0,0,0,0,0.708
1619611726924,0.493,0,0,0,0,0.708
1619611726944,0.493,0,0,0,0,0.708
1619611726964,0.496,0,0,0,0,0.708
1619611726984,0.493,0,0,0,0,0.708
1619611727004,0.496,0,0,0,0,0.708
1619611727024,0.496,0,0,0,0,0.708
1619611727044,0.496,0,0,0,0,0.708
1619611727064,0.496,0,0,0,0,0.708
1619611727084,0.493,0,0,0,0,0.708
1619611727103,0.496,0,0,0,0,0.708
1619611727125,0.507,0,0,0,0,0.708
1619611727144,0.486,0,0,0,0,0.708
1619611727164,0.503,0,0,0,0,0.708
1619611727183,0.496,0,0,0,0,0.708
1619611727204,0.503,0,0,0,0,0.708
1619611727224,0.5,0,0,0,0,0.708
1619611727244,0.496,0,0,0,0,0.708
1619611727264,0.493,0,0,0,0,0.708
1619611727284,0.5,0,0,0,0,0.708
1619611727304,0.507,0,0,0,0,0.708
1619611727324,0.483,0,0,0,0,0.708
1619611727344,0.496,0,0,0,0,0.708
1619611727364,0.49,0,0,0,0,0.708
1619611727384,0.5,0,0,0,0,0.708
1619611727404,0.493,0,0,0,0,0.708
1619611727424,0.493,0,0,0,0,0.708
1619611727444,0.49,0,0,0,0,0.708
1619611727464,0.493,0,0,0,0,0.708
1619611727484,0.5,0,0,0,0,0.708
1619611727504,0.513,0,0,0,0,0.708
1619611727524,0.479,0,0,0,0,0.708
1619611727544,0.493,0,0,0,0,0.708
1619611727564,0.5,0,0,0,0,0.708
1619611727584,0.49,0,0,0,0,0.708
1619611727604,0.503,0,0,0,0,0.708
1619611727624,0.49,0,0,0,0,0.708
1619611727644,0.493,0,0,0,0,0.708
1619611727664,0.5,0,0,0,0,0.708
1619611727685,0.52,0,0,0,0,0.708
1619611727704,0.479,0,0,0,0,0.708
1619611727724,0.5,0,0,0,0,0.708
1619611727744,0.503,0,0,0,0,0.708
1619611727764,0.503,0,0,0,0,0.708
1619611727784,0.503,0,0,0,0,0.708
1619611727804,0.5,0,0,0,0,0.708
1619611727824,0.496,0,0,0,0,0.708
1619611727844,0.503,0,0,0,0,0.708
1619611727864,0.496,0,0,0,0,0.708
1619611727884,0.503,0,0,0,0,0.708
1619611727904,0.49,0,0,0,0,0.708
1619611727924,0.49,0,0,0,0,0.708
1619611727944,0.486,0,0,0,0,0.708
1619611727964,0.5,0,0,0,0,0.708
1619611727984,0.5,0,0,0,0,0.708
1619611728004,0.493,0,0,0,0,0.708
1619611728024,0.493,0,0,0,0,0.708
1619611728045,0.493,0,0,0,0,0.708
1619611728074,0.493,0,0,0,0,0.708
1619611728084,0.5,0,0,0,0,0.708
1619611728104,0.5,0,0,0,0,0.708
1619611728124,0.5,0,0,0,0,0.708
1619611728144,0.496,0,0,0,0,0.708
1619611728164,0.496,0,0,0,0,0.708
1619611728184,0.507,0,0,0,0,0.708
1619611728204,0.5,0,0,0,0,0.708
1619611728224,0.51,0,0,0,0,0.708
1619611728244,0.493,0,0,0,0,0.708
1619611728264,0.503,0,0,0,0,0.708
1619611728284,0.496,0,0,0,0,0.708
1619611728304,0.5,0,0,0,0,0.708
1619611728324,0.493,0,0,0,0,0.708
1619611728344,0.5,0,0,0,0,0.708
1619611728364,0.496,0,0,0,0,0.708
1619611728384,0.493,0,0,0,0,0.708
1619611728404,0.507,0,0,0,0,0.708
1619611728424,0.479,0,0,0,0,0.708
1619611728444,0.493,0,0,0,0,0.708
1619611728464,0.503,0,0,0,0,0.708
1619611728484,0.5,0,0,0,0,0.708
1619611728504,0.5,0,0,0,0,0.708
1619611728524,0.493,0,0,0,0,0.708
1619611728555,0.493,0,0,0,0,0.708
1619611728564,0.493,0,0,0,0,0.708
1619611728584,0.496,0,0,0,0,0.708
1619611728604,0.51,0,0,0,0,0.708
1619611728624,0.479,0,0,0,0,0.708
1619611728655,0.5,0,0,0,0,0.708
1619611728664,0.507,0,0,0,0,0.708
1619611728684,0.507,0,0,0,0,0.708
1619611728704,0.486,0,0,0,0,0.708
1619611728724,0.493,0,0,0,0,0.708
1619611728749,0.49,0,0,0,0,0.708
1619611728764,0.49,0,0,0,0,0.708
1619611728784,0.517,0,0,0,0,0.708
1619611728804,0.476,0,0,0,0,0.708
1619611728824,0.5,0,0,0,0,0.708
1619611728848,0.5,0,0,0,0,0.708
1619611728864,0.496,0,0,0,0,0.708
1619611728884,0.496,0,0,0,0,0.708
1619611728904,0.496,0,0,0,0,0.708
1619611728924,0.5,0,0,0,0,0.708
1619611728944,0.496,0,0,0,0,0.708
1619611728963,0.5,0,0,0,0,0.708
1619611728984,0.5,0,0,0,0,0.708
1619611729003,0.493,0,0,0,0,0.708
1619611729024,0.5,0,0,0,0,0.708
1619611729044,0.493,0,0,0,0,0.708
1619611729064,0.5,0,0,0,0,0.708
1619611729084,0.496,0,0,0,0,0.708
1619611729104,0.503,0,0,0,0,0.708
1619611729123,0.5,0,0,0,0,0.708
1619611729143,0.496,0,0,0,0,0.708
1619611729163,0.496,0,0,0,0,0.708
1619611729184,0.5,0,0,0,0,0.708
1619611729204,0.5,0,0,0,0,0.708
1619611729223,0.503,0,0,0,0,0.708
1619611729243,0.496,0,0,0,0,0.708
1619611729264,0.496,0,0,0,0,0.708
1619611729284,0.503,0,0,0,0,0.708
1619611729304,0.493,0,0,0,0,0.708
1619611729324,0.503,0,0,0,0,0.708
1619611729343,0.49,0,0,0,0,0.708
1619611729364,0.493,0,0,0,0,0.708
1619611729384,0.5,0,0,0,0,0.708
1619611729403,0.493,0,0,0,0,0.708
1619611729424,0.493,0,0,0,0,0.708
1619611729444,0.503,0,0,0,0,0.708
1619611729464,0.5,0,0,0,0,0.708
1619611729484,0.496,0,0,0,0,0.708
1619611729503,0.51,0,0,0,0,0.708
1619611729524,0.483,0,0,0,0,0.708
1619611729544,0.5,0,0,0,0,0.708
1619611729564,0.496,0,0,0,0,0.708
1619611729583,0.496,0,0,0,0,0.708
1619611729604,0.5,0,0,0,0,0.708
1619611729624,0.5,0,0,0,0,0.708
1619611729643,0.493,0,0,0,0,0.708
1619611729664,0.503,0,0,0,0,0.708
1619611729684,0.49,0,0,0,0,0.708
1619611729704,0.52,0,0,0,0,0.708
1619611729724,0.483,0,0,0,0,0.708
1619611729744,0.49,0,0,0,0,0.708
1619611729764,0.493,0,0,0,0,0.708
1619611729784,0.5,0,0,0,0,0.708
1619611729804,0.496,0,0,0,0,0.708
1619611729824,0.493,0,0,0,0,0.708
1619611729844,0.493,0,0,0,0,0.708
1619611729863,0.52,0,0,0,0,0.708
1619611729884,0.473,0,0,0,0,0.708
1619611729904,0.503,0,0,0,0,0.708
1619611729924,0.503,0,0,0,0,0.708
1619611729944,0.5,0,0,0,0,0.708
1619611729964,0.503,0,0,0,0,0.708
1619611729984,0.5,0,0,0,0,0.708
1619611730004,0.503,0,0,0,0,0.708
1619611730024,0.496,0,0,0,0,0.708
1619611730044,0.496,0,0,0,0,0.708
1619611730064,0.496,0,0,0,0,0.708
1619611730083,0.496,0,0,0,0,0.708
1619611730104,0.496,0,0,0,0,0.708
1619611730123,0.493,0,0,0,0,0.708
1619611730143,0.496,0,0,0,0,0.708
1619611730163,0.503,0,0,0,0,0.708
1619611730184,0.496,0,0,0,0,0.708
1619611730204,0.507,0,0,0,0,0.708
1619611730224,0.483,0,0,0,0,0.708
1619611730243,0.496,0,0,0,0,0.708
1619611730263,0.496,0,0,0,0,0.708
1619611730284,0.5,0,0,0,0,0.708
1619611730304,0.496,0,0,0,0,0.708
1619611730324,0.493,0,0,0,0,0.708
1619611730344,0.493,0,0,0,0,0.708
1619611730374,0.493,0,0,0,0,0.708
1619611730384,0.503,0,0,0,0,0.708
1619611730403,0.503,0,0,0,0,0.708
1619611730424,0.486,0,0,0,0,0.708
1619611730443,0.503,0,0,0,0,0.708
1619611730464,0.5,0,0,0,0,0.708
1619611730483,0.496,0,0,0,0,0.708
1619611730504,0.493,0,0,0,0,0.708
1619611730523,0.507,0,0,0,0,0.708
1619611730544,0.5,0,0,0,0,0.708
1619611730565,0.496,0,0,0,0,0.708
1619611730584,0.52,0,0,0,0,0.708
1619611730603,0.476,0,0,0,0,0.708
1619611730623,0.49,0,0,0,0,0.708
1619611730643,0.49,0,0,0,0,0.708
1619611730664,0.507,0,0,0,0,0.708
1619611730684,0.5,0,0,0,0,0.708
1619611730704,0.496,0,0,0,0,0.708
1619611730723,0.496,0,0,0,0,0.708
1619611730743,0.493,0,0,0,0,0.708
1619611730764,0.5,0,0,0,0,0.708
1619611730784,0.513,0,0,0,0,0.708
1619611730803,0.473,0,0,0,0,0.708
1619611730823,0.49,0,0,0,0,0.708
1619611730843,0.496,0,0,0,0,0.708
1619611730866,0.493,0,0,0,0,0.708
1619611730884,0.503,0,0,0,0,0.708
1619611730904,0.5,0,0,0,0,0.708
1619611730924,0.49,0,0,0,0,0.708
1619611730943,0.5,0,0,0,0,0.708
1619611730966,0.5,0,0,0,0,0.708
1619611730984,0.493,0,0,0,0,0.708
1619611731004,0.493,0,0,0,0,0.708
1619611731024,0.503,0,0,0,0,0.708
1619611731044,0.493,0,0,0,0,0.708
1619611731064,0.496,0,0,0,0,0.708
1619611731084,0.5,0,0,0,0,0.708
1619611731104,0.493,0,0,0,0,0.708
1619611731124,0.503,0,0,0,0,0.708
1619611731144,0.49,0,0,0,0,0.708
1619611731164,0.493,0,0,0,0,0.708
1619611731184,0.493,0,0,0,0,0.708
1619611731203,0.5,0,0,0,0,0.708
1619611731224,0.5,0,0,0,0,0.708
1619611731243,0.493,0,0,0,0,0.708
1619611731265,0.493,0,0,0,0,0.708
1619611731284,0.496,0,0,0,0,0.708
1619611731304,0.507,0,0,0,0,0.708
1619611731324,0.483,0,0,0,0,0.708
1619611731344,0.483,0,0,0,0,0.708
1619611731364,0.5,0,0,0,0,0.708
1619611731384,0.5,0,0,0,0,0.708
1619611731404,0.49,0,0,0,0,0.708
1619611731424,0.5,0,0,0,0,0.708
1619611731443,0.5,0,0,0,0,0.708
1619611731464,0.496,0,0,0,0,0.708
1619611731484,0.496,0,0,0,0,0.708
1619611731504,0.507,0,0,0,0,0.708
1619611731523,0.483,0,0,0,0,0.708
1619611731544,0.493,0,0,0,0,0.708
1619611731563,0.496,0,0,0,0,0.708
1619611731584,0.496,0,0,0,0,0.708
1619611731604,0.496,0,0,0,0,0.708
1619611731624,0.496,0,0,0,0,0.708
1619611731643,0.496,0,0,0,0,0.708
1619611731664,0.503,0,0,0,0,0.708
1619611731684,0.513,0,0,0,0,0.708
1619611731704,0.479,0,0,0,0,0.708
1619611731724,0.479,0,0,0,0,0.708
1619611731744,0.493,0,0,0,0,0.708
1619611731764,0.503,0,0,0,0,0.708
1619611731784,0.493,0,0,0,0,0.708
1619611731804,0.496,0,0,0,0,0.708
1619611731824,0.493,0,0,0,0,0.708
1619611731843,0.493,0,0,0,0,0.708
1619611731863,0.503,0,0,0,0,0.708
1619611731884,0.517,0,0,0,0,0.708
1619611731903,0.479,0,0,0,0,0.708
1619611731924,0.503,0,0,0,0,0.708
1619611731943,0.503,0,0,0,0,0.708
1619611731964,0.493,0,0,0,0,0.708
1619611731984,0.503,0,0,0,0,0.708
1619611732004,0.507,0,0,0,0,0.708
1619611732023,0.496,0,0,0,0,0.708
1619611732044,0.496,0,0,0,0,0.708
1619611732063,0.496,0,0,0,0,0.708
1619611732084,0.503,0,0,0,0,0.708
1619611732104,0.507,0,0,0,0,0.708
1619611732124,0.493,0,0,0,0,0.708
1619611732144,0.503,0,0,0,0,0.708
1619611732164,0.493,0,0,0,0,0.708
1619611732184,0.5,0,0,0,0,0.708
1619611732203,0.503,0,0,0,0,0.708
1619611732224,0.5,0,0,0,0,0.708
1619611732244,0.483,0,0,0,0,0.708
1619611732263,0.5,0,0,0,0,0.708
1619611732283,0.496,0,0,0,0,0.708
1619611732304,0.493,0,0,0,0,0.708
1619611732323,0.493,0,0,0,0,0.708
1619611732344,0.493,0,0,0,0,0.708
1619611732364,0.496,0,0,0,0,0.708
1619611732384,0.5,0,0,0,0,0.708
1619611732404,0.507,0,0,0,0,0.708
1619611732424,0.507,0,0,0,0,0.708
1619611732444,0.486,0,0,0,0,0.708
1619611732463,0.503,0,0,0,0,0.708
1619611732494,0.493,0,0,0,0,0.708
1619611732504,0.507,0,0,0,0,0.708
1619611732524,0.507,0,0,0,0,0.708
1619611732543,0.496,0,0,0,0,0.708
1619611732563,0.496,0,0,0,0,0.708
1619611732585,0.493,0,0,0,0,0.708
1619611732604,0.513,0,0,0,0,0.708
1619611732623,0.486,0,0,0,0,0.708
1619611732643,0.496,0,0,0,0,0.708
1619611732664,0.496,0,0,0,0,0.708
1619611732684,0.496,0,0,0,0,0.708
1619611732704,0.507,0,0,0,0,0.708
1619611732724,0.493,0,0,0,0,0.708
1619611732743,0.496,0,0,0,0,0.708
1619611732763,0.503,0,0,0,0,0.708
1619611732784,0.513,0,0,0,0,0.708
1619611732804,0.476,0,0,0,0,0.708
1619611732824,0.476,0,0,0,0,0.708
1619611732843,0.503,0,0,0,0,0.708
1619611732863,0.49,0,0,0,0,0.708
1619611732884,0.493,0,0,0,0,0.708
1619611732903,0.496,0,0,0,0,0.708
1619611732923,0.5,0,0,0,0,0.708
1619611732943,0.5,0,0,0,0,0.708
1619611732963,0.5,0,0,0,0,0.708
1619611732988,0.513,0,0,0,0,0.708
1619611733004,0.476,0,0,0,0,0.708
1619611733023,0.496,0,0,0,0,0.708
1619611733043,0.49,0,0,0,0,0.708
1619611733064,0.503,0,0,0,0,0.708
1619611733095,0.493,0,0,0,0,0.708
1619611733104,0.503,0,0,0,0,0.708
1619611733124,0.5,0,0,0,0,0.708
1619611733143,0.5,0,0,0,0,0.708
1619611733163,0.5,0,0,0,0,0.708
1619611733184,0.5,0,0,0,0,0.708
1619611733204,0.493,0,0,0,0,0.708
1619611733223,0.5,0,0,0,0,0.708
1619611733244,0.496,0,0,0,0,0.708
1619611733263,0.493,0,0,0,0,0.708
1619611733284,0.493,0,0,0,0,0.708
1619611733304,0.5,0,0,0,0,0.708
1619611733324,0.493,0,0,0,0,0.708
1619611733343,0.486,0,0,0,0,0.708
1619611733363,0.496,0,0,0,0,0.708
1619611733384,0.496,0,0,0,0,0.708
1619611733404,0.493,0,0,0,0,0.708
1619611733424,0.493,0,0,0,0,0.708
1619611733443,0.493,0,0,0,0,0.708
1619611733463,0.496,0,0,0,0,0.708
1619611733484,0.503,0,0,0,0,0.708
1619611733504,0.51,0,0,0,0,0.708
1619611733524,0.51,0,0,0,0,0.708
1619611733544,0.486,0,0,0,0,0.708
1619611733563,0.496,0,0,0,0,0.708
1619611733583,0.503,0,0,0,0,0.708
1619611733603,0.5,0,0,0,0,0.708
1619611733624,0.5,0,0,0,0,0.708
1619611733644,0.503,0,0,0,0,0.708
1619611733663,0.496,0,0,0,0,0.708
1619611733683,0.5,0,0,0,0,0.708
1619611733704,0.513,0,0,0,0,0.708
1619611733724,0.496,0,0,0,0,0.708
1619611733744,0.483,0,0,0,0,0.708
1619611733764,0.496,0,0,0,0,0.708
1619611733784,0.496,0,0,0,0,0.708
1619611733804,0.51,0,0,0,0,0.708
1619611733824,0.49,0,0,0,0,0.708
1619611733844,0.496,0,0,0,0,0.708
1619611733863,0.493,0,0,0,0,0.708
1619611733884,0.52,0,0,0,0,0.708
1619611733903,0.52,0,0,0,0,0.708
1619611733924,0.476,0,0,0,0,0.708
1619611733944,0.493,0,0,0,0,0.708
1619611733964,0.5,0,0,0,0,0.708
1619611733984,0.5,0,0,0,0,0.708
1619611734004,0.503,0,0,0,0,0.708
1619611734024,0.496,0,0,0,0,0.708
1619611734044,0.507,0,0,0,0,0.708
1619611734063,0.496,0,0,0,0,0.708
1619611734084,0.486,0,0,0,0,0.708
1619611734104,0.503,0,0,0,0,0.708
1619611734124,0.503,0,0,0,0,0.708
1619611734144,0.493,0,0,0,0,0.708
1619611734163,0.493,0,0,0,0,0.708
1619611734184,0.49,0,0,0,0,0.708
1619611734204,0.5,0,0,0,0,0.708
1619611734224,0.5,0,0,0,0,0.708
1619611734244,0.5,0,0,0,0,0.708
1619611734263,0.486,0,0,0,0,0.708
1619611734283,0.49,0,0,0,0,0.708
1619611734303,0.5,0,0,0,0,0.708
1619611734323,0.49,0,0,0,0,0.708
1619611734344,0.496,0,0,0,0,0.708
1619611734363,0.5,0,0,0,0,0.708
1619611734383,0.5,0,0,0,0,0.708
1619611734404,0.503,0,0,0,0,0.708
1619611734424,0.486,0,0,0,0,0.708
1619611734443,0.5,0,0,0,0,0.708
1619611734463,0.493,0,0,0,0,0.708
1619611734484,0.503,0,0,0,0,0.708
1619611734503,0.5,0,0,0,0,0.708
1619611734524,0.493,0,0,0,0,0.708
1619611734544,0.496,0,0,0,0,0.708
1619611734563,0.513,0,0,0,0,0.708
1619611734583,0.513,0,0,0,0,0.708
1619611734603,0.496,0,0,0,0,0.708
1619611734623,0.49,0,0,0,0,0.708
1619611734643,0.493,0,0,0,0,0.708
1619611734663,0.503,0,0,0,0,0.708
1619611734684,0.496,0,0,0,0,0.708
1619611734704,0.493,0,0,0,0,0.708
1619611734724,0.503,0,0,0,0,0.708
1619611734744,0.493,0,0,0,0,0.708
1619611734764,0.513,0,0,0,0,0.708
1619611734783,0.486,0,0,0,0,0.708
1619611734804,0.483,0,0,0,0,0.708
1619611734824,0.493,0,0,0,0,0.708
1619611734844,0.507,0,0,0,0,0.708
1619611734864,0.493,0,0,0,0,0.708
1619611734884,0.493,0,0,0,0,0.708
1619611734904,0.496,0,0,0,0,0.708
1619611734923,0.496,0,0,0,0,0.708
1619611734944,0.52,0,0,0,0,0.708
1619611734964,0.52,0,0,0,0,0.708
1619611734984,0.476,0,0,0,0,0.708
1619611735004,0.496,0,0,0,0,0.708
1619611735024,0.49,0,0,0,0,0.708
1619611735043,0.5,0,0,0,0,0.708
1619611735064,0.503,0,0,0,0,0.708
1619611735084,0.493,0,0,0,0,0.708
1619611735106,0.507,0,0,0,0,0.708
1619611735123,0.496,0,0,0,0,0.708
1619611735143,0.493,0,0,0,0,0.708
1619611735164,0.496,0,0,0,0,0.708
1619611735184,0.507,0,0,0,0,0.708
1619611735204,0.503,0,0,0,0,0.708
1619611735223,0.496,0,0,0,0,0.708
1619611735243,0.493,0,0,0,0,0.708
1619611735263,0.496,0,0,0,0,0.708
1619611735283,0.496,0,0,0,0,0.708
1619611735304,0.507,0,0,0,0,0.708
1619611735325,0.479,0,0,0,0,0.708
1619611735343,0.496,0,0,0,0,0.708
1619611735363,0.5,0,0,0,0,0.708
1619611735383,0.5,0,0,0,0,0.708
1619611735405,0.493,0,0,0,0,0.708
1619611735424,0.496,0,0,0,0,0.708
1619611735443,0.503,0,0,0,0,0.708
1619611735463,0.49,0,0,0,0,0.708
1619611735484,0.51,0,0,0,0,0.708
1619611735505,0.49,0,0,0,0,0.708
1619611735524,0.496,0,0,0,0,0.708
1619611735543,0.5,0,0,0,0,0.708
1619611735564,0.496,0,0,0,0,0.708
1619611735583,0.496,0,0,0,0,0.708
1619611735604,0.5,0,0,0,0,0.708
1619611735624,0.5,0,0,0,0,0.708
1619611735643,0.5,0,0,0,0,0.708
1619611735663,0.493,0,0,0,0,0.708
1619611735683,0.503,0,0,0,0,0.708
1619611735704,0.483,0,0,0,0,0.708
1619611735724,0.496,0,0,0,0,0.708
1619611735743,0.503,0,0,0,0,0.708
1619611735763,0.486,0,0,0,0,0.708
1619611735784,0.5,0,0,0,0,0.708
1619611735804,0.496,0,0,0,0,0.708
1619611735824,0.5,0,0,0,0,0.708
1619611735843,0.493,0,0,0,0,0.708
1619611735863,0.52,0,0,0,0,0.708
1619611735884,0.483,0,0,0,0,0.708
1619611735904,0.493,0,0,0,0,0.708
1619611735924,0.5,0,0,0,0,0.708
1619611735943,0.503,0,0,0,0,0.708
1619611735964,0.496,0,0,0,0,0.708
1619611735984,0.496,0,0,0,0,0.708
1619611736004,0.503,0,0,0,0,0.708
1619611736024,0.503,0,0,0,0,0.708
1619611736044,0.493,0,0,0,0,0.708
1619611736063,0.52,0,0,0,0,0.708
1619611736084,0.473,0,0,0,0,0.708
1619611736104,0.493,0,0,0,0,0.708
1619611736124,0.496,0,0,0,0,0.708
1619611736144,0.5,0,0,0,0,0.708
1619611736163,0.5,0,0,0,0,0.708
1619611736183,0.493,0,0,0,0,0.708
1619611736203,0.5,0,0,0,0,0.708
1619611736223,0.496,0,0,0,0,0.708
1619611736244,0.49,0,0,0,0,0.708
1619611736264,0.503,0,0,0,0,0.708
1619611736284,0.493,0,0,0,0,0.708
1619611736303,0.503,0,0,0,0,0.708
1619611736323,0.496,0,0,0,0,0.708
1619611736343,0.5,0,0,0,0,0.708
1619611736363,0.5,0,0,0,0,0.708
1619611736384,0.493,0,0,0,0,0.708
1619611736403,0.5,0,0,0,0,0.708
1619611736424,0.49,0,0,0,0,0.708
1619611736443,0.5,0,0,0,0,0.708
1619611736463,0.493,0,0,0,0,0.708
1619611736483,0.493,0,0,0,0,0.708
1619611736504,0.5,0,0,0,0,0.708
1619611736524,0.493,0,0,0,0,0.708
1619611736543,0.496,0,0,0,0,0.708
1619611736563,0.5,0,0,0,0,0.708
1619611736583,0.507,0,0,0,0,0.708
1619611736603,0.486,0,0,0,0,0.708
1619611736623,0.493,0,0,0,0,0.708
1619611736643,0.5,0,0,0,0,0.708
1619611736663,0.503,0,0,0,0,0.708
1619611736683,0.49,0,0,0,0,0.708
1619611736703,0.5,0,0,0,0,0.708
1619611736723,0.5,0,0,0,0,0.708
1619611736744,0.5,0,0,0,0,0.708
1619611736763,0.49,0,0,0,0,0.708
1619611736784,0.513,0,0,0,0,0.708
1619611736804,0.483,0,0,0,0,0.708
1619611736824,0.493,0,0,0,0,0.708
1619611736843,0.5,0,0,0,0,0.708
1619611736864,0.5,0,0,0,0,0.708
1619611736883,0.49,0,0,0,0,0.708
1619611736904,0.496,0,0,0,0,0.708
1619611736924,0.496,0,0,0,0,0.708
1619611736943,0.496,0,0,0,0,0.708
1619611736964,0.513,0,0,0,0,0.708
1619611736984,0.479,0,0,0,0,0.708
1619611737004,0.493,0,0,0,0,0.708
1619611737023,0.5,0,0,0,0,0.708
1619611737043,0.496,0,0,0,0,0.708
1619611737064,0.503,0,0,0,0,0.708
1619611737084,0.503,0,0,0,0,0.708
1619611737104,0.493,0,0,0,0,0.708
1619611737123,0.49,0,0,0,0,0.708
1619611737144,0.5,0,0,0,0,0.708
1619611737164,0.5,0,0,0,0,0.708
1619611737183,0.5,0,0,0,0,0.708
1619611737204,0.496,0,0,0,0,0.708
1619611737234,0.493,0,0,0,0,0.708
1619611737243,0.503,0,0,0,0,0.708
1619611737263,0.503,0,0,0,0,0.708
1619611737283,0.496,0,0,0,0,0.708
1619611737303,0.503,0,0,0,0,0.708
1619611737325,0.493,0,0,0,0,0.708
1619611737343,0.503,0,0,0,0,0.708
1619611737364,0.503,0,0,0,0,0.708
1619611737384,0.503,0,0,0,0,0.708
1619611737403,0.503,0,0,0,0,0.708
1619611737425,0.503,0,0,0,0,0.708
1619611737444,0.496,0,0,0,0,0.708
1619611737463,0.503,0,0,0,0,0.708
1619611737484,0.5,0,0,0,0,0.708
1619611737504,0.486,0,0,0,0,0.708
1619611737524,0.503,0,0,0,0,0.708
1619611737544,0.503,0,0,0,0,0.708
1619611737564,0.493,0,0,0,0,0.708
1619611737583,0.5,0,0,0,0,0.708
1619611737604,0.493,0,0,0,0,0.708
1619611737624,0.49,0,0,0,0,0.708
1619611737644,0.503,0,0,0,0,0.708
1619611737663,0.517,0,0,0,0,0.708
1619611737684,0.483,0,0,0,0,0.708
1619611737704,0.493,0,0,0,0,0.708
1619611737725,0.493,0,0,0,0,0.708
1619611737744,0.5,0,0,0,0,0.708
1619611737763,0.5,0,0,0,0,0.708
1619611737783,0.5,0,0,0,0,0.708
1619611737803,0.496,0,0,0,0,0.708
1619611737824,0.5,0,0,0,0,0.708
1619611737844,0.493,0,0,0,0,0.708
1619611737864,0.507,0,0,0,0,0.708
1619611737884,0.483,0,0,0,0,0.708
1619611737904,0.496,0,0,0,0,0.708
1619611737924,0.503,0,0,0,0,0.708
1619611737943,0.493,0,0,0,0,0.708
1619611737964,0.496,0,0,0,0,0.708
1619611737984,0.496,0,0,0,0,0.708
1619611738004,0.5,0,0,0,0,0.708
1619611738024,0.496,0,0,0,0,0.708
1619611738044,0.517,0,0,0,0,0.708
1619611738063,0.483,0,0,0,0,0.708
1619611738084,0.493,0,0,0,0,0.708
1619611738104,0.507,0,0,0,0,0.708
1619611738124,0.493,0,0,0,0,0.708
1619611738144,0.493,0,0,0,0,0.708
1619611738164,0.496,0,0,0,0,0.708
1619611738184,0.493,0,0,0,0,0.708
1619611738204,0.503,0,0,0,0,0.708
1619611738223,0.496,0,0,0,0,0.708
1619611738244,0.503,0,0,0,0,0.708
1619611738263,0.5,0,0,0,0,0.708
1619611738283,0.496,0,0,0,0,0.708
1619611738303,0.503,0,0,0,0,0.708
1619611738324,0.49,0,0,0,0,0.708
1619611738343,0.5,0,0,0,0,0.708
1619611738363,0.493,0,0,0,0,0.708
1619611738384,0.493,0,0,0,0,0.708
1619611738403,0.496,0,0,0,0,0.708
1619611738423,0.5,0,0,0,0,0.708
1619611738443,0.503,0,0,0,0,0.708
1619611738463,0.5,0,0,0,0,0.708
1619611738483,0.5,0,0,0,0,0.708
1619611738503,0.5,0,0,0,0,0.708
1619611738524,0.493,0,0,0,0,0.708
1619611738544,0.496,0,0,0,0,0.708
1619611738564,0.496,0,0,0,0,0.708
1619611738584,0.5,0,0,0,0,0.708
1619611738604,0.486,0,0,0,0,0.708
1619611738624,0.496,0,0,0,0,0.708
1619611738644,0.493,0,0,0,0,0.708
1619611738664,0.5,0,0,0,0,0.708
1619611738684,0.493,0,0,0,0,0.708
1619611738704,0.486,0,0,0,0,0.708
1619611738724,0.503,0,0,0,0,0.708
1619611738744,0.493,0,0,0,0,0.708
1619611738764,0.51,0,0,0,0,0.708
1619611738784,0.479,0,0,0,0,0.708
1619611738804,0.5,0,0,0,0,0.708
1619611738824,0.49,0,0,0,0,0.708
1619611738844,0.5,0,0,0,0,0.708
1619611738864,0.5,0,0,0,0,0.708
1619611738884,0.493,0,0,0,0,0.708
1619611738904,0.486,0,0,0,0,0.708
1619611738924,0.5,0,0,0,0,0.708
1619611738944,0.496,0,0,0,0,0.708
1619611738964,0.507,0,0,0,0,0.708
1619611738984,0.479,0,0,0,0,0.708
1619611739004,0.503,0,0,0,0,0.708
1619611739024,0.5,0,0,0,0,0.708
1619611739044,0.507,0,0,0,0,0.708
1619611739064,0.5,0,0,0,0,0.708
1619611739084,0.496,0,0,0,0,0.708
1619611739103,0.507,0,0,0,0,0.708
1619611739124,0.503,0,0,0,0,0.708
1619611739144,0.517,0,0,0,0,0.708
1619611739163,0.479,0,0,0,0,0.708
1619611739184,0.496,0,0,0,0,0.708
1619611739204,0.496,0,0,0,0,0.708
1619611739224,0.496,0,0,0,0,0.708
1619611739244,0.5,0,0,0,0,0.708
1619611739264,0.493,0,0,0,0,0.708
1619611739284,0.507,0,0,0,0,0.708
1619611739304,0.493,0,0,0,0,0.708
1619611739324,0.496,0,0,0,0,0.708
1619611739344,0.493,0,0,0,0,0.708
1619611739364,0.496,0,0,0,0,0.708
1619611739384,0.493,0,0,0,0,0.708
1619611739404,0.503,0,0,0,0,0.708
1619611739423,0.5,0,0,0,0,0.708
1619611739445,0.503,0,0,0,0,0.708
1619611739463,0.5,0,0,0,0,0.708
1619611739483,0.503,0,0,0,0,0.708
1619611739503,0.496,0,0,0,0,0.708
1619611739524,0.496,0,0,0,0,0.708
1619611739544,0.503,0,0,0,0,0.708
1619611739564,0.496,0,0,0,0,0.708
1619611739583,0.496,0,0,0,0,0.708
1619611739603,0.493,0,0,0,0,0.708
1619611739623,0.5,0,0,0,0,0.708
1619611739645,0.496,0,0,0,0,0.708
1619611739664,0.496,0,0,0,0,0.708
1619611739683,0.503,0,0,0,0,0.708
1619611739704,0.476,0,0,0,0,0.708
1619611739723,0.49,0,0,0,0,0.708
1619611739744,0.5,0,0,0,0,0.708
1619611739764,0.493,0,0,0,0,0.708
1619611739783,0.496,0,0,0,0,0.708
1619611739803,0.493,0,0,0,0,0.708
1619611739824,0.493,0,0,0,0,0.708
1619611739844,0.5,0,0,0,0,0.708
1619611739864,0.513,0,0,0,0,0.708
1619611739884,0.479,0,0,0,0,0.708
1619611739904,0.5,0,0,0,0,0.708
1619611739924,0.503,0,0,0,0,0.708
1619611739944,0.5,0,0,0,0,0.708
1619611739964,0.5,0,0,0,0,0.708
1619611739984,0.49,0,0,0,0,0.708
1619611740004,0.503,0,0,0,0,0.708
1619611740024,0.496,0,0,0,0,0.708
1619611740045,0.493,0,0,0,0,0.708
1619611740064,0.517,0,0,0,0,0.708
1619611740084,0.479,0,0,0,0,0.708
1619611740104,0.496,0,0,0,0,0.708
1619611740124,0.496,0,0,0,0,0.708
1619611740144,0.507,0,0,0,0,0.708
1619611740164,0.49,0,0,0,0,0.708
1619611740184,0.507,0,0,0,0,0.708
1619611740204,0.496,0,0,0,0,0.708
1619611740223,0.513,0,0,0,0,0.708
1619611740245,0.476,0,0,0,0,0.708
1619611740264,0.503,0,0,0,0,0.708
1619611740284,0.49,0,0,0,0,0.708
1619611740303,0.49,0,0,0,0,0.708
1619611740324,0.49,0,0,0,0,0.708
1619611740343,0.503,0,0,0,0,0.708
1619611740363,0.496,0,0,0,0,0.708
1619611740384,0.503,0,0,0,0,0.708
1619611740403,0.496,0,0,0,0,0.708
1619611740423,0.493,0,0,0,0,0.708
1619611740443,0.493,0,0,0,0,0.708
1619611740463,0.503,0,0,0,0,0.708
1619611740483,0.503,0,0,0,0,0.708
1619611740503,0.496,0,0,0,0,0.708
1619611740524,0.496,0,0,0,0,0.708
1619611740543,0.493,0,0,0,0,0.708
1619611740563,0.503,0,0,0,0,0.708
1619611740584,0.49,0,0,0,0,0.708
1619611740603,0.5,0,0,0,0,0.708
1619611740623,0.496,0,0,0,0,0.708
1619611740643,0.496,0,0,0,0,0.708
1619611740663,0.503,0,0,0,0,0.708
1619611740684,0.5,0,0,0,0,0.708
1619611740703,0.496,0,0,0,0,0.708
1619611740723,0.493,0,0,0,0,0.708
1619611740743,0.496,0,0,0,0,0.708
1619611740763,0.507,0,0,0,0,0.708
1619611740784,0.483,0,0,0,0,0.708
1619611740804,0.496,0,0,0,0,0.708
1619611740823,0.49,0,0,0,0,0.708
1619611740843,0.503,0,0,0,0,0.708
1619611740863,0.493,0,0,0,0,0.708
1619611740884,0.507,0,0,0,0,0.708
1619611740904,0.493,0,0,0,0,0.708
1619611740924,0.496,0,0,0,0,0.708
1619611740943,0.513,0,0,0,0,0.708
1619611740964,0.479,0,0,0,0,0.708
1619611740984,0.503,0,0,0,0,0.708
1619611741004,0.493,0,0,0,0,0.708
1619611741024,0.493,0,0,0,0,0.708
1619611741043,0.503,0,0,0,0,0.708
1619611741064,0.493,0,0,0,0,0.708
1619611741084,0.496,0,0,0,0,0.708
1619611741104,0.503,0,0,0,0,0.708
1619611741124,0.493,0,0,0,0,0.708
1619611741144,0.513,0,0,0,0,0.708
1619611741164,0.476,0,0,0,0,0.708
1619611741184,0.496,0,0,0,0,0.708
1619611741204,0.5,0,0,0,0,0.708
1619611741224,0.493,0,0,0,0,0.708
1619611741244,0.5,0,0,0,0,0.708
1619611741264,0.496,0,0,0,0,0.708
1619611741284,0.496,0,0,0,0,0.708
1619611741304,0.496,0,0,0,0,0.708
1619611741324,0.5,0,0,0,0,0.708
1619611741343,0.503,0,0,0,0,0.708
1619611741364,0.503,0,0,0,0,0.708
1619611741384,0.496,0,0,0,0,0.708
1619611741404,0.496,0,0,0,0,0.708
1619611741423,0.496,0,0,0,0,0.708
1619611741443,0.503,0,0,0,0,0.708
1619611741464,0.503,0,0,0,0,0.708
1619611741484,0.503,0,0,0,0,0.708
1619611741504,0.493,0,0,0,0,0.708
1619611741523,0.493,0,0,0,0,0.708
1619611741544,0.503,0,0,0,0,0.708
1619611741564,0.493,0,0,0,0,0.708
1619611741584,0.5,0,0,0,0,0.708
1619611741604,0.5,0,0,0,0,0.708
1619611741624,0.496,0,0,0,0,0.708
1619611741643,0.486,0,0,0,0,0.708
1619611741663,0.51,0,0,0,0,0.708
1619611741684,0.483,0,0,0,0,0.708
1619611741704,0.5,0,0,0,0,0.708
1619611741723,0.5,0,0,0,0,0.708
1619611741743,0.493,0,0,0,0,0.708
1619611741764,0.5,0,0,0,0,0.708
1619611741783,0.493,0,0,0,0,0.708
1619611741804,0.493,0,0,0,0,0.708
1619611741823,0.5,0,0,0,0,0.708
1619611741843,0.496,0,0,0,0,0.708
1619611741864,0.513,0,0,0,0,0.708
1619611741884,0.479,0,0,0,0,0.708
1619611741904,0.5,0,0,0,0,0.708
1619611741924,0.496,0,0,0,0,0.708
1619611741943,0.496,0,0,0,0,0.708
1619611741964,0.496,0,0,0,0,0.708
1619611741983,0.5,0,0,0,0,0.708
1619611742004,0.496,0,0,0,0,0.708
1619611742023,0.5,0,0,0,0,0.708
1619611742044,0.517,0,0,0,0,0.708
1619611742064,0.476,0,0,0,0,0.708
1619611742084,0.5,0,0,0,0,0.708
1619611742103,0.5,0,0,0,0,0.708
1619611742123,0.5,0,0,0,0,0.708
1619611742143,0.49,0,0,0,0,0.708
1619611742164,0.5,0,0,0,0,0.708
1619611742184,0.496,0,0,0,0,0.708
1619611742204,0.5,0,0,0,0,0.708
1619611742223,0.496,0,0,0,0,0.708
1619611742243,0.513,0,0,0,0,0.708
1619611742264,0.476,0,0,0,0,0.708
1619611742284,0.493,0,0,0,0,0.708
1619611742304,0.503,0,0,0,0,0.708
1619611742323,0.493,0,0,0,0,0.708
1619611742344,0.493,0,0,0,0,0.708
1619611742364,0.493,0,0,0,0,0.708
1619611742384,0.5,0,0,0,0,0.708
1619611742404,0.49,0,0,0,0,0.708
1619611742423,0.496,0,0,0,0,0.708
1619611742443,0.496,0,0,0,0,0.708
1619611742464,0.5,0,0,0,0,0.708
1619611742484,0.493,0,0,0,0,0.708
1619611742504,0.493,0,0,0,0,0.708
1619611742523,0.5,0,0,0,0,0.708
1619611742544,0.496,0,0,0,0,0.708
1619611742564,0.503,0,0,0,0,0.708
1619611742584,0.503,0,0,0,0,0.708
1619611742603,0.49,0,0,0,0,0.708
1619611742624,0.493,0,0,0,0,0.708
1619611742643,0.5,0,0,0,0,0.708
1619611742664,0.5,0,0,0,0,0.708
1619611742684,0.496,0,0,0,0,0.708
1619611742704,0.503,0,0,0,0,0.708
1619611742724,0.496,0,0,0,0,0.708
1619611742743,0.49,0,0,0,0,0.708
1619611742763,0.513,0,0,0,0,0.708
1619611742783,0.486,0,0,0,0,0.708
1619611742803,0.486,0,0,0,0,0.708
1619611742823,0.503,0,0,0,0,0.708
1619611742843,0.496,0,0,0,0,0.708
1619611742863,0.496,0,0,0,0,0.708
1619611742883,0.496,0,0,0,0,0.708
1619611742903,0.503,0,0,0,0,0.708
1619611742923,0.507,0,0,0,0,0.708
1619611742943,0.496,0,0,0,0,0.708
1619611742964,0.51,0,0,0,0,0.708
1619611742983,0.483,0,0,0,0,0.708
1619611743003,0.493,0,0,0,0,0.708
1619611743023,0.5,0,0,0,0,0.708
1619611743043,0.493,0,0,0,0,0.708
1619611743064,0.5,0,0,0,0,0.708
1619611743083,0.5,0,0,0,0,0.708
1619611743104,0.5,0,0,0,0,0.708
1619611743123,0.496,0,0,0,0,0.708
1619611743144,0.513,0,0,0,0,0.708
1619611743164,0.476,0,0,0,0,0.708
1619611743183,0.476,0,0,0,0,0.708
1619611743204,0.49,0,0,0,0,0.708
1619611743223,0.503,0,0,0,0,0.708
1619611743243,0.5,0,0,0,0,0.708
1619611743264,0.5,0,0,0,0,0.708
1619611743283,0.496,0,0,0,0,0.708
1619611743304,0.5,0,0,0,0,0.708
1619611743323,0.503,0,0,0,0,0.708
1619611743343,0.52,0,0,0,0,0.708
1619611743363,0.473,0,0,0,0,0.708
1619611743383,0.493,0,0,0,0,0.708
1619611743404,0.493,0,0,0,0,0.708
1619611743423,0.5,0,0,0,0,0.708
1619611743443,0.496,0,0,0,0,0.708
1619611743463,0.5,0,0,0,0,0.708
1619611743483,0.493,0,0,0,0,0.708
1619611743503,0.493,0,0,0,0,0.708
1619611743523,0.493,0,0,0,0,0.708
1619611743543,0.496,0,0,0,0,0.708
1619611743563,0.496,0,0,0,0,0.708
1619611743584,0.496,0,0,0,0,0.708
1619611743604,0.496,0,0,0,0,0.708
1619611743623,0.496,0,0,0,0,0.708
1619611743644,0.496,0,0,0,0,0.708
1619611743664,0.51,0,0,0,0,0.708
1619611743683,0.493,0,0,0,0,0.708
1619611743703,0.507,0,0,0,0,0.708
1619611743723,0.486,0,0,0,0,0.708
1619611743744,0.496,0,0,0,0,0.708
1619611743763,0.496,0,0,0,0,0.708
1619611743783,0.503,0,0,0,0,0.708
1619611743803,0.503,0,0,0,0,0.708
1619611743823,0.5,0,0,0,0,0.708
1619611743843,0.496,0,0,0,0,0.708
1619611743863,0.496,0,0,0,0,0.708
1619611743883,0.513,0,0,0,0,0.708
1619611743904,0.513,0,0,0,0,0.708
1619611743924,0.483,0,0,0,0,0.708
1619611743944,0.5,0,0,0,0,0.708
1619611743964,0.493,0,0,0,0,0.708
1619611743984,0.496,0,0,0,0,0.708
1619611744004,0.493,0,0,0,0,0.708
1619611744023,0.5,0,0,0,0,0.708
1619611744044,0.496,0,0,0,0,0.708
1619611744063,0.493,0,0,0,0,0.708
1619611744084,0.51,0,0,0,0,0.708
1619611744104,0.479,0,0,0,0,0.708
1619611744123,0.49,0,0,0,0,0.708
1619611744143,0.5,0,0,0,0,0.708
1619611744163,0.493,0,0,0,0,0.708
1619611744184,0.496,0,0,0,0,0.708
1619611744204,0.49,0,0,0,0,0.708
1619611744224,0.496,0,0,0,0,0.708
1619611744244,0.493,0,0,0,0,0.708
1619611744263,0.52,0,0,0,0,0.708
1619611744285,0.52,0,0,0,0,0.708
1619611744304,0.476,0,0,0,0,0.708
1619611744323,0.49,0,0,0,0,0.708
1619611744343,0.503,0,0,0,0,0.708
1619611744363,0.493,0,0,0,0,0.708
1619611744384,0.503,0,0,0,0,0.708
1619611744404,0.496,0,0,0,0,0.708
1619611744424,0.496,0,0,0,0,0.708
1619611744443,0.486,0,0,0,0,0.708
1619611744463,0.493,0,0,0,0,0.708
1619611744483,0.503,0,0,0,0,0.708
1619611744504,0.496,0,0,0,0,0.708
1619611744524,0.493,0,0,0,0,0.708
1619611744543,0.5,0,0,0,0,0.708
1619611744563,0.503,0,0,0,0,0.708
1619611744584,0.496,0,0,0,0,0.708
1619611744604,0.503,0,0,0,0,0.708
1619611744623,0.503,0,0,0,0,0.708
1619611744643,0.496,0,0,0,0,0.708
1619611744663,0.5,0,0,0,0,0.708
1619611744685,0.496,0,0,0,0,0.708
1619611744703,0.5,0,0,0,0,0.708
1619611744724,0.5,0,0,0,0,0.708
1619611744743,0.496,0,0,0,0,0.708
1619611744763,0.5,0,0,0,0,0.708
1619611744784,0.496,0,0,0,0,0.708
1619611744804,0.51,0,0,0,0,0.708
1619611744824,0.496,0,0,0,0,0.708
1619611744844,0.496,0,0,0,0,0.708
1619611744864,0.496,0,0,0,0,0.708
1619611744884,0.5,0,0,0,0,0.708
1619611744904,0.5,0,0,0,0,0.708
1619611744924,0.5,0,0,0,0,0.708
1619611744943,0.496,0,0,0,0,0.708
1619611744963,0.5,0,0,0,0,0.708
1619611744984,0.513,0,0,0,0,0.708
1619611745004,0.513,0,0,0,0,0.708
1619611745024,0.483,0,0,0,0,0.708
1619611745043,0.496,0,0,0,0,0.708
1619611745064,0.5,0,0,0,0,0.708
1619611745084,0.496,0,0,0,0,0.708
1619611745104,0.486,0,0,0,0,0.708
1619611745124,0.503,0,0,0,0,0.708
1619611745143,0.493,0,0,0,0,0.708
1619611745163,0.5,0,0,0,0,0.708
1619611745183,0.513,0,0,0,0,0.708
1619611745204,0.473,0,0,0,0,0.708
1619611745223,0.483,0,0,0,0,0.708
1619611745243,0.503,0,0,0,0,0.708
1619611745263,0.5,0,0,0,0,0.708
1619611745283,0.5,0,0,0,0,0.708
1619611745304,0.49,0,0,0,0,0.708
1619611745323,0.493,0,0,0,0,0.708
1619611745343,0.503,0,0,0,0,0.708
1619611745363,0.52,0,0,0,0,0.708
1619611745383,0.52,0,0,0,0,0.708
1619611745404,0.476,0,0,0,0,0.708
1619611745424,0.496,0,0,0,0,0.708
1619611745443,0.5,0,0,0,0,0.708
1619611745463,0.493,0,0,0,0,0.708
1619611745483,0.507,0,0,0,0,0.708
1619611745503,0.486,0,0,0,0,0.708
1619611745524,0.5,0,0,0,0,0.708
1619611745543,0.496,0,0,0,0,0.708
1619611745563,0.493,0,0,0,0,0.708
1619611745583,0.503,0,0,0,0,0.708
1619611745604,0.49,0,0,0,0,0.708
1619611745623,0.5,0,0,0,0,0.708
1619611745644,0.493,0,0,0,0,0.708
1619611745663,0.5,0,0,0,0,0.708
1619611745683,0.496,0,0,0,0,0.708
1619611745703,0.5,0,0,0,0,0.708
1619611745723,0.5,0,0,0,0,0.708
1619611745744,0.496,0,0,0,0,0.708
1619611745763,0.493,0,0,0,0,0.708
1619611745783,0.503,0,0,0,0,0.708
1619611745803,0.496,0,0,0,0,0.708
1619611745824,0.493,0,0,0,0,0.708
1619611745843,0.5,0,0,0,0,0.708
1619611745863,0.496,0,0,0,0,0.708
1619611745883,0.503,0,0,0,0,0.708
1619611745903,0.507,0,0,0,0,0.708
1619611745923,0.49,0,0,0,0,0.708
1619611745944,0.493,0,0,0,0,0.708
1619611745964,0.5,0,0,0,0,0.708
1619611745983,0.496,0,0,0,0,0.708
1619611746003,0.493,0,0,0,0,0.708
1619611746023,0.5,0,0,0,0,0.708
1619611746043,0.49,0,0,0,0,0.708
1619611746063,0.493,0,0,0,0,0.708
1619611746084,0.493,0,0,0,0,0.708
1619611746104,0.513,0,0,0,0,0.708
1619611746123,0.479,0,0,0,0,0.708
1619611746143,0.493,0,0,0,0,0.708
1619611746163,0.5,0,0,0,0,0.708
1619611746183,0.496,0,0,0,0,0.708
1619611746203,0.5,0,0,0,0,0.708
1619611746223,0.5,0,0,0,0,0.708
1619611746243,0.5,0,0,0,0,0.708
1619611746263,0.5,0,0,0,0,0.708
1619611746283,0.513,0,0,0,0,0.708
1619611746303,0.479,0,0,0,0,0.708
1619611746323,0.493,0,0,0,0,0.708
1619611746343,0.5,0,0,0,0,0.708
1619611746363,0.503,0,0,0,0,0.708
1619611746383,0.503,0,0,0,0,0.708
1619611746404,0.493,0,0,0,0,0.708
1619611746424,0.5,0,0,0,0,0.708
1619611746443,0.5,0,0,0,0,0.708
1619611746463,0.524,0,0,0,0,0.708
1619611746483,0.476,0,0,0,0,0.708
1619611746504,0.503,0,0,0,0,0.708
1619611746523,0.49,0,0,0,0,0.708
1619611746543,0.5,0,0,0,0,0.708
1619611746563,0.496,0,0,0,0,0.708
1619611746583,0.493,0,0,0,0,0.708
1619611746614,0.496,0,0,0,0,0.708
1619611746624,0.5,0,0,0,0,0.708
1619611746643,0.493,0,0,0,0,0.708
1619611746663,0.493,0,0,0,0,0.708
1619611746683,0.507,0,0,0,0,0.708
1619611746714,0.496,0,0,0,0,0.708
1619611746723,0.5,0,0,0,0,0.708
1619611746743,0.51,0,0,0,0,0.708
1619611746763,0.49,0,0,0,0,0.708
1619611746783,0.49,0,0,0,0,0.708
1619611746804,0.5,0,0,0,0,0.708
1619611746824,0.507,0,0,0,0,0.708
1619611746843,0.49,0,0,0,0,0.708
1619611746863,0.496,0,0,0,0,0.708
1619611746883,0.493,0,0,0,0,0.708
1619611746904,0.5,0,0,0,0,0.708
1619611746924,0.5,0,0,0,0,0.708
1619611746944,0.5,0,0,0,0,0.708
1619611746963,0.5,0,0,0,0,0.708
1619611746983,0.496,0,0,0,0,0.708
1619611747004,0.51,0,0,0,0,0.708
1619611747024,0.483,0,0,0,0,0.708
1619611747043,0.493,0,0,0,0,0.708
1619611747063,0.496,0,0,0,0,0.708
1619611747083,0.49,0,0,0,0,0.708
1619611747104,0.503,0,0,0,0,0.708
1619611747124,0.493,0,0,0,0,0.708
1619611747144,0.496,0,0,0,0,0.708
1619611747164,0.496,0,0,0,0,0.708
1619611747183,0.49,0,0,0,0,0.708
1619611747205,0.513,0,0,0,0,0.708
1619611747224,0.476,0,0,0,0,0.708
1619611747243,0.503,0,0,0,0,0.708
1619611747263,0.5,0,0,0,0,0.708
1619611747284,0.493,0,0,0,0,0.708
1619611747304,0.493,0,0,0,0,0.708
1619611747324,0.493,0,0,0,0,0.708
1619611747343,0.503,0,0,0,0,0.708
