1619611111950 -0.296650 0.600000 0.000000
1619611112051 -0.296650 0.600000 0.000000
1619611112152 -0.296650 0.600000 0.000000
1619611112253 -0.296650 0.600000 0.000000
1619611112354 -0.296650 0.600000 0.000000
1619611112455 -0.296650 0.600000 0.000000
1619611112555 -0.296650 0.600000 0.000000
1619611112656 -0.296650 0.600000 0.000000
1619611112757 -0.296650 0.600000 0.000000
1619611112858 -0.296650 0.600000 0.000000
1619611112959 -0.296650 0.600000 0.000000
1619611113059 -0.296650 0.600000 0.000000
1619611113160 -0.296650 0.600000 0.000000
1619611113261 -0.296650 0.600000 0.000000
1619611113363 -0.296650 0.600000 0.000000
1619611113464 -0.296650 0.600000 0.000000
1619611113565 -0.296650 0.600000 0.000000
1619611113665 -0.296650 0.600000 0.000000
1619611113766 -0.296650 0.600000 0.000000
1619611113867 -0.296650 0.600000 0.000000
1619611113968 -0.296650 0.600000 0.000000
1619611114069 -0.296650 0.600000 0.000000
1619611114170 -0.296650 0.600000 0.000000
1619611114271 -0.296650 0.600000 0.000000
1619611114372 -0.296650 0.600000 0.000000
1619611114472 -0.296650 0.600000 0.000000
1619611114573 -0.296650 0.600000 0.000000
1619611114674 -0.296650 0.600000 0.000000
1619611114775 -0.296650 0.600000 0.000000
1619611114876 -0.296650 0.600000 0.000000
1619611114977 -0.296650 0.600000 0.000000
1619611115077 -0.296650 0.600000 0.000000
1619611115178 -0.296650 0.600000 0.000000
1619611115279 -0.296650 0.600000 0.000000
1619611115380 -0.296650 0.600000 0.000000
1619611115481 -0.296650 0.600000 0.000000
1619611115582 -0.296650 0.600000 0.000000
1619611115683 -0.296650 0.600000 0.000000
1619611115783 -0.296650 0.600000 0.000000
1619611115884 -0.296650 0.600000 0.000000
1619611115985 -0.296650 0.600000 0.000000
1619611116086 -0.296650 0.600000 0.000000
1619611116187 -0.296650 0.600000 0.000000
1619611116288 -0.296650 0.600000 0.000000
1619611116389 -0.296650 0.600000 0.000000
1619611116490 -0.296650 0.600000 0.000000
1619611116590 -0.296650 0.600000 0.000000
1619611116691 -0.296650 0.600000 0.000000
1619611116792 -0.296650 0.600000 0.000000
1619611116893 -0.296650 0.600000 0.000000
1619611116994 -0.296650 0.600000 0.000000
1619611117095 -0.296650 0.600000 0.000000
1619611117196 -0.296650 0.600000 0.000000
1619611117296 -0.296650 0.600000 0.000000
1619611117397 -0.296650 0.600000 0.000000
1619611117498 -0.296650 0.600000 0.000000
1619611117599 -0.296650 0.600000 0.000000
1619611117700 -0.296650 0.600000 0.000000
1619611117801 -0.296650 0.600000 0.000000
1619611117901 -0.296650 0.600000 0.000000
1619611118002 -0.296650 0.600000 0.000000
1619611118103 -0.296650 0.600000 0.000000
1619611118204 -0.296650 0.600000 0.000000
1619611118305 -0.296650 0.600000 0.000000
1619611118406 -0.296650 0.600000 0.000000
1619611118507 -0.296650 0.600000 0.000000
1619611118608 -0.296650 0.600000 0.000000
1619611118709 -0.296650 0.600000 0.000000
1619611118810 -0.296650 0.600000 0.000000
1619611118911 -0.296650 0.600000 0.000000
1619611119012 -0.296650 0.600000 0.000000
1619611119113 -0.296650 0.600000 0.000000
1619611119214 -0.296650 0.600000 0.000000
1619611119314 -0.296650 0.600000 0.000000
1619611119415 -0.296650 0.600000 0.000000
1619611119516 -0.296650 0.600000 0.000000
1619611119617 -0.296650 0.600000 0.000000
1619611119718 -0.296650 0.600000 0.000000
1619611119818 -0.296650 0.600000 0.000000
1619611119919 -0.296650 0.600000 0.000000
1619611120020 -0.296650 0.600000 0.000000
1619611120121 -0.296650 0.600000 0.000000
1619611120222 -0.296650 0.600000 0.000000
1619611120322 -0.296650 0.600000 0.000000
1619611120423 -0.296650 0.600000 0.000000
1619611120524 -0.296650 0.600000 0.000000
1619611120625 -0.296650 0.600000 0.000000
1619611120726 -0.296650 0.600000 0.000000
1619611120826 -0.296650 0.600000 0.000000
1619611120927 -0.296650 0.600000 0.000000
1619611121028 -0.296650 0.600000 0.000000
1619611121130 -0.296650 0.600000 0.000000
1619611121230 -0.296650 0.600000 0.000000
1619611121331 -0.296650 0.600000 0.000000
1619611121432 -0.296650 0.600000 0.000000
1619611121533 -0.296650 0.600000 0.000000
1619611121634 -0.296650 0.600000 0.000000
1619611121735 -0.296650 0.600000 0.000000
1619611121836 -0.296650 0.600000 0.000000
1619611121937 -0.296650 0.600000 0.000000
1619611122038 -0.296650 0.600000 0.000000
1619611122138 -0.296650 0.600000 0.000000
1619611122239 -0.296650 0.600000 0.000000
1619611122340 -0.296650 0.600000 0.000000
1619611122441 -0.296650 0.600000 0.000000
1619611122542 -0.296650 0.600000 0.000000
1619611122643 -0.296650 0.600000 0.000000
1619611122744 -0.296650 0.600000 0.000000
1619611122844 -0.296650 0.600000 0.000000
1619611122945 -0.296650 0.600000 0.000000
1619611123046 -0.296650 0.600000 0.000000
1619611123147 -0.296650 0.600000 0.000000
1619611123248 -0.296650 0.600000 0.000000
1619611123349 -0.296650 0.600000 0.000000
1619611123450 -0.296650 0.600000 0.000000
1619611123551 -0.296650 0.600000 0.000000
1619611123652 -0.296650 0.600000 0.000000
1619611123752 -0.296650 0.600000 0.000000
1619611123853 -0.296650 0.600000 0.000000
1619611123954 -0.296650 0.600000 0.000000
1619611124055 -0.296650 0.600000 0.000000
1619611124156 -0.296650 0.600000 0.000000
1619611124257 -0.296650 0.600000 0.000000
1619611124357 -0.296650 0.600000 0.000000
1619611124458 -0.296650 0.600000 0.000000
1619611124559 -0.296650 0.600000 0.000000
1619611124660 -0.296650 0.600000 0.000000
1619611124761 -0.296650 0.600000 0.000000
1619611124862 -0.296650 0.600000 0.000000
1619611124963 -0.296650 0.600000 0.000000
1619611125063 -0.296650 0.600000 0.000000
1619611125164 -0.296650 0.600000 0.000000
1619611125265 -0.296650 0.600000 0.000000
1619611125366 -0.296650 0.600000 0.000000
1619611125467 -0.296650 0.600000 0.000000
1619611125568 -0.296650 0.600000 0.000000
1619611125669 -0.296650 0.600000 0.000000
1619611125770 -0.296650 0.600000 0.000000
1619611125871 -0.296650 0.600000 0.000000
1619611125971 -0.296650 0.600000 0.000000
1619611126072 -0.296650 0.600000 0.000000
1619611126173 -0.296650 0.600000 0.000000
1619611126274 -0.296650 0.600000 0.000000
1619611126375 -0.296650 0.600000 0.000000
1619611126476 -0.296650 0.600000 0.000000
1619611126577 -0.296650 0.600000 0.000000
1619611126678 -0.296650 0.600000 0.000000
1619611126779 -0.296650 0.600000 0.000000
1619611126879 -0.296650 0.600000 0.000000
1619611126980 -0.296650 0.600000 0.000000
1619611127081 -0.296650 0.600000 0.000000
1619611127182 -0.296650 0.600000 0.000000
1619611127283 -0.296650 0.600000 0.000000
1619611127384 -0.296650 0.600000 0.000000
1619611127484 -0.296650 0.600000 0.000000
1619611127586 -0.296650 0.600000 0.000000
1619611127687 -0.296650 0.600000 0.000000
1619611127787 -0.296650 0.600000 0.000000
1619611127888 -0.296650 0.600000 0.000000
1619611127989 -0.296650 0.600000 0.000000
1619611128090 -0.296650 0.600000 0.000000
1619611128191 -0.296650 0.600000 0.000000
1619611128292 -0.296650 0.600000 0.000000
1619611128393 -0.296650 0.600000 0.000000
1619611128494 -0.296650 0.600000 0.000000
1619611128594 -0.296650 0.600000 0.000000
1619611128695 -0.296650 0.600000 0.000000
1619611128796 -0.296650 0.600000 0.000000
1619611128897 -0.296650 0.600000 0.000000
1619611128998 -0.296650 0.600000 0.000000
1619611129098 -0.296650 0.600000 0.000000
1619611129199 -0.296650 0.600000 0.000000
1619611129300 -0.296650 0.600000 0.000000
1619611129401 -0.296650 0.600000 0.000000
1619611129502 -0.296650 0.600000 0.000000
1619611129603 -0.296650 0.600000 0.000000
1619611129704 -0.296650 0.600000 0.000000
1619611129804 -0.296650 0.600000 0.000000
1619611129905 -0.296650 0.600000 0.000000
1619611130006 -0.296650 0.600000 0.000000
1619611130107 -0.296650 0.600000 0.000000
1619611130208 -0.296650 0.600000 0.000000
1619611130309 -0.296650 0.600000 0.000000
1619611130410 -0.296650 0.600000 0.000000
1619611130511 -0.296650 0.600000 0.000000
1619611130612 -0.296650 0.600000 0.000000
1619611130712 -0.296650 0.600000 0.000000
1619611130813 -0.296650 0.600000 0.000000
1619611130914 -0.296650 0.600000 0.000000
1619611131015 -0.296650 0.600000 0.000000
1619611131116 -0.296650 0.600000 0.000000
1619611131216 -0.296650 0.600000 0.000000
1619611131317 -0.296650 0.600000 0.000000
1619611131418 -0.296650 0.600000 0.000000
1619611131519 -0.296650 0.600000 0.000000
1619611131620 -0.296650 0.600000 0.000000
1619611131721 -0.296650 0.600000 0.000000
1619611131822 -0.296650 0.600000 0.000000
1619611131923 -0.296650 0.600000 0.000000
1619611132024 -0.296650 0.600000 0.000000
1619611132125 -0.296650 0.600000 0.000000
1619611132226 -0.296650 0.600000 0.000000
1619611132326 -0.296650 0.600000 0.000000
1619611132428 -0.296650 0.600000 0.000000
1619611132528 -0.296650 0.600000 0.000000
1619611132630 -0.296650 0.600000 0.000000
1619611132730 -0.296650 0.600000 0.000000
1619611132831 -0.296650 0.600000 0.000000
1619611132932 -0.296650 0.600000 0.000000
1619611133033 -0.296650 0.600000 0.000000
1619611133134 -0.296650 0.600000 0.000000
1619611133234 -0.296650 0.600000 0.000000
1619611133335 -0.296650 0.600000 0.000000
1619611133436 -0.296650 0.600000 0.000000
1619611133537 -0.296650 0.600000 0.000000
1619611133638 -0.296650 0.600000 0.000000
1619611133738 -0.296650 0.600000 0.000000
1619611133839 -0.296650 0.600000 0.000000
1619611133940 -0.296650 0.600000 0.000000
1619611134041 -0.296650 0.600000 0.000000
1619611134142 -0.296650 0.600000 0.000000
1619611134243 -0.296650 0.600000 0.000000
1619611134343 -0.296650 0.600000 0.000000
1619611134444 -0.296650 0.600000 0.000000
1619611134545 -0.296650 0.600000 0.000000
1619611134646 -0.296650 0.600000 0.000000
1619611134747 -0.296650 0.600000 0.000000
1619611134848 -0.296650 0.600000 0.000000
1619611134949 -0.296650 0.600000 0.000000
1619611135049 -0.296650 0.600000 0.000000
1619611135150 -0.296650 0.600000 0.000000
1619611135251 -0.296650 0.600000 0.000000
1619611135352 -0.296650 0.600000 0.000000
1619611135453 -0.296650 0.600000 0.000000
1619611135554 -0.296650 0.600000 0.000000
1619611135655 -0.296650 0.600000 0.000000
1619611135755 -0.296650 0.600000 0.000000
1619611135856 -0.296650 0.600000 0.000000
1619611135957 -0.296650 0.600000 0.000000
1619611136058 -0.296650 0.600000 0.000000
1619611136159 -0.296650 0.600000 0.000000
1619611136260 -0.296650 0.600000 0.000000
1619611136360 -0.296650 0.600000 0.000000
1619611136461 -0.296650 0.600000 0.000000
1619611136562 -0.296650 0.600000 0.000000
1619611136663 -0.296650 0.600000 0.000000
1619611136764 -0.296650 0.600000 0.000000
1619611136865 -0.296650 0.600000 0.000000
1619611136965 -0.296650 0.600000 0.000000
1619611137066 -0.296650 0.600000 0.000000
1619611137167 -0.296650 0.600000 0.000000
1619611137268 -0.296650 0.600000 0.000000
1619611137369 -0.296650 0.600000 0.000000
1619611137470 -0.296650 0.600000 0.000000
1619611137570 -0.296650 0.600000 0.000000
1619611137671 -0.296650 0.600000 0.000000
1619611137772 -0.296650 0.600000 0.000000
1619611137873 -0.296650 0.600000 0.000000
1619611137974 -0.296650 0.600000 0.000000
1619611138075 -0.296650 0.600000 0.000000
1619611138175 -0.296650 0.600000 0.000000
1619611138276 -0.296650 0.600000 0.000000
1619611138378 -0.296650 0.600000 0.000000
1619611138479 -0.296650 0.600000 0.000000
1619611138579 -0.296650 0.600000 0.000000
1619611138680 -0.296650 0.600000 0.000000
1619611138781 -0.296650 0.600000 0.000000
1619611138882 -0.296650 0.600000 0.000000
1619611138983 -0.296650 0.600000 0.000000
1619611139084 -0.296650 0.600000 0.000000
1619611139184 -0.296650 0.600000 0.000000
1619611139285 -0.296650 0.600000 0.000000
1619611139386 -0.296650 0.600000 0.000000
1619611139487 -0.296650 0.600000 0.000000
1619611139588 -0.296650 0.600000 0.000000
1619611139689 -0.296650 0.600000 0.000000
1619611139790 -0.296650 0.600000 0.000000
1619611139890 -0.296650 0.600000 0.000000
1619611139991 -0.296650 0.600000 0.000000
1619611140092 -0.296650 0.600000 0.000000
1619611140193 -0.296650 0.600000 0.000000
1619611140294 -0.296650 0.600000 0.000000
1619611140395 -0.296650 0.600000 0.000000
1619611140496 -0.296650 0.600000 0.000000
1619611140597 -0.296650 0.600000 0.000000
1619611140697 -0.296650 0.600000 0.000000
1619611140798 -0.296650 0.600000 0.000000
1619611140899 -0.296650 0.600000 0.000000
1619611141000 -0.296650 0.600000 0.000000
1619611141101 -0.296650 0.600000 0.000000
1619611141202 -0.296650 0.600000 0.000000
1619611141302 -0.296650 0.600000 0.000000
1619611141403 -0.296650 0.600000 0.000000
1619611141504 -0.296650 0.600000 0.000000
1619611141605 -0.296650 0.600000 0.000000
1619611141706 -0.296650 0.600000 0.000000
1619611141807 -0.296650 0.600000 0.000000
1619611141908 -0.296650 0.600000 0.000000
1619611142009 -0.296650 0.600000 0.000000
1619611142110 -0.296650 0.600000 0.000000
1619611142211 -0.296650 0.600000 0.000000
1619611142311 -0.296650 0.600000 0.000000
1619611142412 -0.296650 0.600000 0.000000
1619611142513 -0.296650 0.600000 0.000000
1619611142614 -0.296650 0.600000 0.000000
1619611142715 -0.296650 0.600000 0.000000
1619611142816 -0.296650 0.600000 0.000000
1619611142917 -0.296650 0.600000 0.000000
1619611143018 -0.296650 0.600000 0.000000
1619611143118 -0.296650 0.600000 0.000000
1619611143219 -0.296650 0.600000 0.000000
1619611143320 -0.296650 0.600000 0.000000
1619611143421 -0.296650 0.600000 0.000000
1619611143522 -0.296650 0.600000 0.000000
1619611143623 -0.296650 0.600000 0.000000
1619611143724 -0.296650 0.600000 0.000000
1619611143824 -0.296650 0.600000 0.000000
1619611143925 -0.296650 0.600000 0.000000
1619611144026 -0.296650 0.600000 0.000000
1619611144127 -0.296650 0.600000 0.000000
1619611144228 -0.296650 0.600000 0.000000
1619611144328 -0.296650 0.600000 0.000000
1619611144430 -0.296650 0.600000 0.000000
1619611144530 -0.296650 0.600000 0.000000
1619611144631 -0.296650 0.600000 0.000000
1619611144732 -0.296650 0.600000 0.000000
1619611144833 -0.296650 0.600000 0.000000
1619611144934 -0.296650 0.600000 0.000000
1619611145035 -0.296650 0.600000 0.000000
1619611145136 -0.296650 0.600000 0.000000
1619611145237 -0.296650 0.600000 0.000000
1619611145338 -0.296650 0.600000 0.000000
1619611145438 -0.296650 0.600000 0.000000
1619611145539 -0.296650 0.600000 0.000000
1619611145640 -0.296650 0.600000 0.000000
1619611145741 -0.296650 0.600000 0.000000
1619611145842 -0.296650 0.600000 0.000000
1619611145942 -0.296650 0.600000 0.000000
1619611146043 -0.296650 0.600000 0.000000
1619611146144 -0.296650 0.600000 0.000000
1619611146245 -0.296650 0.600000 0.000000
1619611146346 -0.296650 0.600000 0.000000
1619611146447 -0.296650 0.600000 0.000000
1619611146548 -0.296650 0.600000 0.000000
1619611146649 -0.296650 0.600000 0.000000
