1619609156666 -0.296650 0.600000 0.000000
1619609156768 -0.296650 0.600000 0.000000
1619609156868 -0.296650 0.600000 0.000000
1619609156969 -0.296650 0.600000 0.000000
1619609157070 -0.296650 0.600000 0.000000
1619609157172 -0.296650 0.600000 0.000000
1619609157273 -0.296650 0.600000 0.000000
1619609157374 -0.296650 0.600000 0.000000
1619609157474 -0.296650 0.600000 0.000000
1619609157575 -0.296650 0.600000 0.000000
1619609157676 -0.296650 0.600000 0.000000
1619609157777 -0.296650 0.600000 0.000000
1619609157878 -0.296650 0.600000 0.000000
1619609157978 -0.296650 0.600000 0.000000
1619609158079 -0.296650 0.600000 0.000000
1619609158180 -0.296650 0.600000 0.000000
1619609158281 -0.296650 0.600000 0.000000
1619609158382 -0.296650 0.600000 0.000000
1619609158482 -0.296650 0.600000 0.000000
1619609158583 -0.296650 0.600000 0.000000
1619609158684 -0.296650 0.600000 0.000000
1619609158785 -0.296650 0.600000 0.000000
1619609158886 -0.296650 0.600000 0.000000
1619609158987 -0.296650 0.600000 0.000000
1619609159088 -0.296650 0.600000 0.000000
1619609159189 -0.296650 0.600000 0.000000
1619609159290 -0.296650 0.600000 0.000000
1619609159391 -0.296650 0.600000 0.000000
1619609159492 -0.296650 0.600000 0.000000
1619609159592 -0.296650 0.600000 0.000000
1619609159693 -0.296650 0.600000 0.000000
1619609159794 -0.296650 0.600000 0.000000
1619609159895 -0.296650 0.600000 0.000000
1619609159996 -0.296650 0.600000 0.000000
1619609160096 -0.296650 0.600000 0.000000
1619609160197 -0.296650 0.600000 0.000000
1619609160298 -0.296650 0.600000 0.000000
1619609160399 -0.296650 0.600000 0.000000
1619609160500 -0.296650 0.600000 0.000000
1619609160600 -0.296650 0.600000 0.000000
1619609160701 -0.296650 0.600000 0.000000
1619609160802 -0.296650 0.600000 0.000000
1619609160903 -0.296650 0.600000 0.000000
1619609161004 -0.296650 0.600000 0.000000
1619609161105 -0.296650 0.600000 0.000000
1619609161206 -0.296650 0.600000 0.000000
1619609161306 -0.296650 0.600000 0.000000
1619609161407 -0.296650 0.600000 0.000000
1619609161508 -0.296650 0.600000 0.000000
1619609161609 -0.296650 0.600000 0.000000
1619609161710 -0.296650 0.600000 0.000000
1619609161811 -0.296650 0.600000 0.000000
1619609161912 -0.296650 0.600000 0.000000
1619609162012 -0.296650 0.600000 0.000000
1619609162113 -0.296650 0.600000 0.000000
1619609162214 -0.296650 0.600000 0.000000
1619609162315 -0.296650 0.600000 0.000000
1619609162416 -0.296650 0.600000 0.000000
1619609162516 -0.296650 0.600000 0.000000
1619609162617 -0.296650 0.600000 0.000000
1619609162718 -0.296650 0.600000 0.000000
1619609162819 -0.296650 0.600000 0.000000
1619609162920 -0.296650 0.600000 0.000000
1619609163021 -0.296650 0.600000 0.000000
1619609163122 -0.296650 0.600000 0.000000
1619609163222 -0.296650 0.600000 0.000000
1619609163323 -0.296650 0.600000 0.000000
1619609163424 -0.296650 0.600000 0.000000
1619609163525 -0.296650 0.600000 0.000000
1619609163626 -0.296650 0.600000 0.000000
1619609163726 -0.296650 0.600000 0.000000
1619609163827 -0.296650 0.600000 0.000000
1619609163928 -0.296650 0.600000 0.000000
1619609164029 -0.296650 0.600000 0.000000
1619609164130 -0.296650 0.600000 0.000000
1619609164231 -0.296650 0.600000 0.000000
1619609164332 -0.296650 0.600000 0.000000
1619609164432 -0.296650 0.600000 0.000000
1619609164533 -0.296650 0.600000 0.000000
1619609164634 -0.296650 0.600000 0.000000
1619609164735 -0.296650 0.600000 0.000000
1619609164836 -0.296650 0.600000 0.000000
1619609164937 -0.296650 0.600000 0.000000
1619609165038 -0.296650 0.600000 0.000000
1619609165138 -0.296650 0.600000 0.000000
1619609165239 -0.296650 0.600000 0.000000
1619609165340 -0.296650 0.600000 0.000000
1619609165441 -0.296650 0.600000 0.000000
1619609165542 -0.296650 0.600000 0.000000
1619609165643 -0.296650 0.600000 0.000000
1619609165743 -0.296650 0.600000 0.000000
1619609165844 -0.296650 0.600000 0.000000
1619609165945 -0.296650 0.600000 0.000000
1619609166046 -0.296650 0.600000 0.000000
1619609166147 -0.296650 0.600000 0.000000
1619609166248 -0.296650 0.600000 0.000000
1619609166349 -0.296650 0.600000 0.000000
1619609166450 -0.296650 0.600000 0.000000
1619609166551 -0.296650 0.600000 0.000000
1619609166651 -0.296650 0.600000 0.000000
1619609166752 -0.296650 0.600000 0.000000
1619609166853 -0.296650 0.600000 0.000000
1619609166954 -0.296650 0.600000 0.000000
1619609167055 -0.296650 0.600000 0.000000
1619609167156 -0.296650 0.600000 0.000000
1619609167256 -0.296650 0.600000 0.000000
1619609167357 -0.296650 0.600000 0.000000
1619609167458 -0.296650 0.600000 0.000000
1619609167559 -0.296650 0.600000 0.000000
1619609167660 -0.296650 0.600000 0.000000
1619609167761 -0.296650 0.600000 0.000000
1619609167862 -0.296650 0.600000 0.000000
1619609167962 -0.296650 0.600000 0.000000
1619609168063 -0.296650 0.600000 0.000000
1619609168164 -0.296650 0.600000 0.000000
1619609168265 -0.296650 0.600000 0.000000
1619609168366 -0.296650 0.600000 0.000000
1619609168467 -0.296650 0.600000 0.000000
1619609168568 -0.296650 0.600000 0.000000
1619609168669 -0.296650 0.600000 0.000000
1619609168770 -0.296650 0.600000 0.000000
1619609168871 -0.296650 0.600000 0.000000
1619609168972 -0.296650 0.600000 0.000000
1619609169072 -0.296650 0.600000 0.000000
1619609169173 -0.296650 0.600000 0.000000
1619609169274 -0.296650 0.600000 0.000000
1619609169375 -0.296650 0.600000 0.000000
1619609169476 -0.296650 0.600000 0.000000
1619609169577 -0.296650 0.600000 0.000000
1619609169677 -0.296650 0.600000 0.000000
1619609169778 -0.296650 0.600000 0.000000
1619609169879 -0.296650 0.600000 0.000000
1619609169980 -0.296650 0.600000 0.000000
1619609170081 -0.296650 0.600000 0.000000
1619609170182 -0.296650 0.600000 0.000000
1619609170283 -0.296650 0.600000 0.000000
1619609170384 -0.296650 0.600000 0.000000
1619609170484 -0.296650 0.600000 0.000000
1619609170585 -0.296650 0.600000 0.000000
1619609170686 -0.296650 0.600000 0.000000
1619609170787 -0.296650 0.600000 0.000000
1619609170888 -0.296650 0.600000 0.000000
1619609170988 -0.296650 0.600000 0.000000
1619609171089 -0.296650 0.600000 0.000000
1619609171190 -0.296650 0.600000 0.000000
1619609171291 -0.296650 0.600000 0.000000
1619609171392 -0.296650 0.600000 0.000000
1619609171493 -0.296650 0.600000 0.000000
1619609171594 -0.296650 0.600000 0.000000
1619609171694 -0.296650 0.600000 0.000000
1619609171795 -0.296650 0.600000 0.000000
1619609171896 -0.296650 0.600000 0.000000
1619609171997 -0.296650 0.600000 0.000000
1619609172098 -0.296650 0.600000 0.000000
1619609172199 -0.296650 0.600000 0.000000
1619609172299 -0.296650 0.600000 0.000000
1619609172400 -0.296650 0.600000 0.000000
1619609172501 -0.296650 0.600000 0.000000
1619609172602 -0.296650 0.600000 0.000000
1619609172703 -0.296650 0.600000 0.000000
1619609172804 -0.296650 0.600000 0.000000
1619609172905 -0.296650 0.600000 0.000000
1619609173006 -0.296650 0.600000 0.000000
1619609173106 -0.296650 0.600000 0.000000
1619609173207 -0.296650 0.600000 0.000000
1619609173308 -0.296650 0.600000 0.000000
1619609173409 -0.296650 0.600000 0.000000
1619609173510 -0.296650 0.600000 0.000000
1619609173611 -0.296650 0.600000 0.000000
1619609173712 -0.296650 0.600000 0.000000
1619609173813 -0.296650 0.600000 0.000000
1619609173914 -0.296650 0.600000 0.000000
1619609174015 -0.296650 0.600000 0.000000
1619609174116 -0.296650 0.600000 0.000000
1619609174216 -0.296650 0.600000 0.000000
1619609174317 -0.296650 0.600000 0.000000
1619609174418 -0.296650 0.600000 0.000000
1619609174519 -0.296650 0.600000 0.000000
1619609174620 -0.296650 0.600000 0.000000
1619609174721 -0.296650 0.600000 0.000000
1619609174821 -0.296650 0.600000 0.000000
1619609174922 -0.296650 0.600000 0.000000
1619609175023 -0.296650 0.600000 0.000000
1619609175124 -0.296650 0.600000 0.000000
1619609175225 -0.296650 0.600000 0.000000
1619609175325 -0.296650 0.600000 0.000000
1619609175426 -0.296650 0.600000 0.000000
1619609175527 -0.296650 0.600000 0.000000
1619609175628 -0.296650 0.600000 0.000000
1619609175729 -0.296650 0.600000 0.000000
1619609175830 -0.296650 0.600000 0.000000
1619609175931 -0.296650 0.600000 0.000000
1619609176032 -0.296650 0.600000 0.000000
1619609176132 -0.296650 0.600000 0.000000
1619609176233 -0.296650 0.600000 0.000000
1619609176334 -0.296650 0.600000 0.000000
1619609176435 -0.296650 0.600000 0.000000
1619609176535 -0.296650 0.600000 0.000000
1619609176636 -0.296650 0.600000 0.000000
1619609176737 -0.296650 0.600000 0.000000
1619609176838 -0.296650 0.600000 0.000000
1619609176939 -0.296650 0.600000 0.000000
1619609177040 -0.296650 0.600000 0.000000
1619609177140 -0.296650 0.600000 0.000000
1619609177241 -0.296650 0.600000 0.000000
1619609177342 -0.296650 0.600000 0.000000
1619609177443 -0.296650 0.600000 0.000000
1619609177544 -0.296650 0.600000 0.000000
1619609177645 -0.296650 0.600000 0.000000
1619609177745 -0.296650 0.600000 0.000000
1619609177846 -0.296650 0.600000 0.000000
1619609177947 -0.296650 0.600000 0.000000
1619609178048 -0.296650 0.600000 0.000000
1619609178149 -0.296650 0.600000 0.000000
1619609178250 -0.296650 0.600000 0.000000
1619609178351 -0.296650 0.600000 0.000000
1619609178452 -0.296650 0.600000 0.000000
1619609178553 -0.296650 0.600000 0.000000
1619609178653 -0.296650 0.600000 0.000000
1619609178754 -0.296650 0.600000 0.000000
1619609178855 -0.296650 0.600000 0.000000
1619609178956 -0.296650 0.600000 0.000000
1619609179057 -0.296650 0.600000 0.000000
1619609179157 -0.296650 0.600000 0.000000
1619609179258 -0.296650 0.600000 0.000000
1619609179359 -0.296650 0.600000 0.000000
1619609179460 -0.296650 0.600000 0.000000
1619609179561 -0.296650 0.600000 0.000000
1619609179662 -0.296650 0.600000 0.000000
1619609179762 -0.296650 0.600000 0.000000
1619609179863 -0.296650 0.600000 0.000000
1619609179964 -0.296650 0.600000 0.000000
1619609180065 -0.296650 0.600000 0.000000
1619609180166 -0.296650 0.600000 0.000000
1619609180267 -0.296650 0.600000 0.000000
1619609180367 -0.296650 0.600000 0.000000
1619609180468 -0.296650 0.600000 0.000000
1619609180569 -0.296650 0.600000 0.000000
1619609180670 -0.296650 0.600000 0.000000
1619609180771 -0.296650 0.600000 0.000000
1619609180871 -0.296650 0.600000 0.000000
1619609180972 -0.296650 0.600000 0.000000
1619609181073 -0.296650 0.600000 0.000000
1619609181174 -0.296650 0.600000 0.000000
1619609181275 -0.296650 0.600000 0.000000
1619609181376 -0.296650 0.600000 0.000000
1619609181477 -0.296650 0.600000 0.000000
1619609181578 -0.296650 0.600000 0.000000
1619609181678 -0.296650 0.600000 0.000000
1619609181779 -0.296650 0.600000 0.000000
1619609181880 -0.296650 0.600000 0.000000
1619609181981 -0.296650 0.600000 0.000000
1619609182082 -0.296650 0.600000 0.000000
1619609182183 -0.296650 0.600000 0.000000
1619609182283 -0.296650 0.600000 0.000000
1619609182384 -0.296650 0.600000 0.000000
1619609182485 -0.296650 0.600000 0.000000
1619609182586 -0.296650 0.600000 0.000000
1619609182687 -0.296650 0.600000 0.000000
1619609182788 -0.296650 0.600000 0.000000
1619609182889 -0.296650 0.600000 0.000000
1619609182990 -0.296650 0.600000 0.000000
1619609183090 -0.296650 0.600000 0.000000
1619609183191 -0.296650 0.600000 0.000000
1619609183292 -0.296650 0.600000 0.000000
1619609183393 -0.296650 0.600000 0.000000
1619609183494 -0.296650 0.600000 0.000000
1619609183595 -0.296650 0.600000 0.000000
1619609183696 -0.296650 0.600000 0.000000
1619609183796 -0.296650 0.600000 0.000000
1619609183897 -0.296650 0.600000 0.000000
1619609183998 -0.296650 0.600000 0.000000
1619609184099 -0.296650 0.600000 0.000000
1619609184200 -0.296650 0.600000 0.000000
1619609184301 -0.296650 0.600000 0.000000
1619609184401 -0.296650 0.600000 0.000000
1619609184502 -0.296650 0.600000 0.000000
1619609184603 -0.296650 0.600000 0.000000
1619609184704 -0.296650 0.600000 0.000000
1619609184805 -0.296650 0.600000 0.000000
1619609184905 -0.296650 0.600000 0.000000
1619609185006 -0.296650 0.600000 0.000000
1619609185107 -0.296650 0.600000 0.000000
1619609185208 -0.296650 0.600000 0.000000
1619609185309 -0.296650 0.600000 0.000000
1619609185410 -0.296650 0.600000 0.000000
1619609185511 -0.296650 0.600000 0.000000
1619609185612 -0.296650 0.600000 0.000000
1619609185713 -0.296650 0.600000 0.000000
1619609185814 -0.296650 0.600000 0.000000
1619609185914 -0.296650 0.600000 0.000000
1619609186015 -0.296650 0.600000 0.000000
1619609186116 -0.296650 0.600000 0.000000
1619609186217 -0.296650 0.600000 0.000000
1619609186318 -0.296650 0.600000 0.000000
1619609186419 -0.296650 0.600000 0.000000
1619609186519 -0.296650 0.600000 0.000000
1619609186620 -0.296650 0.600000 0.000000
1619609186721 -0.296650 0.600000 0.000000
1619609186822 -0.296650 0.600000 0.000000
1619609186923 -0.296650 0.600000 0.000000
1619609187024 -0.296650 0.600000 0.000000
1619609187124 -0.296650 0.600000 0.000000
1619609187225 -0.296650 0.600000 0.000000
1619609187326 -0.296650 0.600000 0.000000
1619609187427 -0.296650 0.600000 0.000000
1619609187528 -0.296650 0.600000 0.000000
1619609187629 -0.296650 0.600000 0.000000
1619609187730 -0.296650 0.600000 0.000000
1619609187831 -0.296650 0.600000 0.000000
1619609187931 -0.296650 0.600000 0.000000
1619609188032 -0.296650 0.600000 0.000000
1619609188133 -0.296650 0.600000 0.000000
1619609188234 -0.296650 0.600000 0.000000
1619609188335 -0.296650 0.600000 0.000000
1619609188436 -0.296650 0.600000 0.000000
1619609188537 -0.296650 0.600000 0.000000
1619609188637 -0.296650 0.600000 0.000000
1619609188738 -0.296650 0.600000 0.000000
1619609188839 -0.296650 0.600000 0.000000
1619609188940 -0.296650 0.600000 0.000000
1619609189041 -0.296650 0.600000 0.000000
1619609189141 -0.296650 0.600000 0.000000
1619609189243 -0.296650 0.600000 0.000000
1619609189344 -0.296650 0.600000 0.000000
1619609189445 -0.296650 0.600000 0.000000
1619609189545 -0.296650 0.600000 0.000000
1619609189646 -0.296650 0.600000 0.000000
1619609189747 -0.296650 0.600000 0.000000
1619609189848 -0.296650 0.600000 0.000000
1619609189949 -0.296650 0.600000 0.000000
1619609190050 -0.296650 0.600000 0.000000
1619609190151 -0.296650 0.600000 0.000000
1619609190251 -0.296650 0.600000 0.000000
1619609190352 -0.296650 0.600000 0.000000
1619609190453 -0.296650 0.600000 0.000000
1619609190554 -0.296650 0.600000 0.000000
1619609190655 -0.296650 0.600000 0.000000
1619609190755 -0.296650 0.600000 0.000000
1619609190856 -0.296650 0.600000 0.000000
1619609190957 -0.296650 0.600000 0.000000
1619609191058 -0.296650 0.600000 0.000000
1619609191159 -0.296650 0.600000 0.000000
1619609191259 -0.296650 0.600000 0.000000
1619609191360 -0.296650 0.600000 0.000000
