1619610745604,0.595,0,0,0,0,-1.054
1619610745624,0.595,0,0,0,0,-1.062
1619610745644,0.595,0,0,0,0,-1.068
1619610745664,0.598,0,0,0,0,-1.041
1619610745684,0.595,0,0,0,0,-1.042
1619610745704,0.605,0,0,0,0,-1.075
1619610745725,0.595,0,0,0,0,-1.088
1619610745744,0.595,0,0,0,0,-1.122
1619610745764,0.605,0,0,0,0,-1.09
1619610745784,0.598,0,0,0,0,-1.031
1619610745804,0.602,0,0,0,0,-0.986
1619610745824,0.609,0,0,0,0,-1.036
1619610745844,0.609,0,0,0,0,-1.036
1619610745864,0.585,0,0,0,0,-1.053
1619610745884,0.602,0,0,0,0,-1.03
1619610745904,0.602,0,0,0,0,-1.048
1619610745924,0.598,0,0,0,0,-1.082
1619610745944,0.602,0,0,0,0,-1.125
1619610745964,0.595,0,0,0,0,-1.104
1619610745984,0.609,0,0,0,0,-1.026
1619610746004,0.575,0,0,0,0,-1.058
1619610746025,0.595,0,0,0,0,-1.124
1619610746044,0.598,0,0,0,0,-1.11
1619610746064,0.595,0,0,0,0,-1.096
1619610746084,0.598,0,0,0,0,-1.104
1619610746104,0.598,0,0,0,0,-1.06
1619610746124,0.616,0,0,0,0,-1.04
1619610746144,0.616,0,0,0,0,-1.04
1619610746164,0.575,0,0,0,0,-1.038
1619610746184,0.598,0,0,0,0,-1.039
1619610746204,0.605,0,0,0,0,-1.05
1619610746224,0.598,0,0,0,0,-1.04
1619610746244,0.602,0,0,0,0,-1.087
1619610746264,0.602,0,0,0,0,-1.106
1619610746284,0.626,0,0,0,0,-1.092
1619610746304,0.575,0,0,0,0,-1.096
1619610746324,0.605,0,0,0,0,-1.092
1619610746344,0.605,0,0,0,0,-1.063
1619610746364,0.598,0,0,0,0,-1.019
1619610746384,0.602,0,0,0,0,-1.005
1619610746404,0.602,0,0,0,0,-1.005
1619610746424,0.609,0,0,0,0,-0.996
1619610746444,0.592,0,0,0,0,-0.977
1619610746464,0.595,0,0,0,0,-0.974
1619610746484,0.602,0,0,0,0,-0.996
1619610746504,0.598,0,0,0,0,-1.011
1619610746524,0.602,0,0,0,0,-1.003
1619610746544,0.602,0,0,0,0,-1.026
1619610746564,0.592,0,0,0,0,-1.037
1619610746584,0.595,0,0,0,0,-1.037
1619610746604,0.602,0,0,0,0,-1.063
1619610746624,0.598,0,0,0,0,-1.047
1619610746644,0.602,0,0,0,0,-1.027
1619610746664,0.602,0,0,0,0,-1.027
1619610746684,0.602,0,0,0,0,-1.06
1619610746704,0.585,0,0,0,0,-1.074
1619610746724,0.598,0,0,0,0,-1.074
1619610746744,0.595,0,0,0,0,-1.06
1619610746764,0.598,0,0,0,0,-1.069
1619610746784,0.598,0,0,0,0,-1.068
1619610746804,0.605,0,0,0,0,-1.057
1619610746824,0.581,0,0,0,0,-1.058
1619610746844,0.598,0,0,0,0,-1.049
1619610746864,0.595,0,0,0,0,-1.042
1619610746884,0.598,0,0,0,0,-1.078
1619610746904,0.595,0,0,0,0,-1.088
1619610746924,0.595,0,0,0,0,-1.088
1619610746944,0.598,0,0,0,0,-1.075
1619610746964,0.616,0,0,0,0,-1.046
1619610746984,0.575,0,0,0,0,-1.052
1619610747004,0.605,0,0,0,0,-1.073
1619610747024,0.605,0,0,0,0,-1.059
1619610747044,0.602,0,0,0,0,-1.037
1619610747064,0.602,0,0,0,0,-1.052
1619610747084,0.602,0,0,0,0,-1.075
1619610747104,0.622,0,0,0,0,-1.053
1619610747124,0.575,0,0,0,0,-1.065
1619610747144,0.602,0,0,0,0,-1.07
1619610747164,0.598,0,0,0,0,-1.061
1619610747184,0.602,0,0,0,0,-1.074
1619610747204,0.602,0,0,0,0,-1.074
1619610747224,0.598,0,0,0,0,-1.105
1619610747244,0.626,0,0,0,0,-1.051
1619610747264,0.568,0,0,0,0,-1
1619610747284,0.592,0,0,0,0,-1
1619610747304,0.598,0,0,0,0,-1.014
1619610747324,0.598,0,0,0,0,-1.022
1619610747344,0.598,0,0,0,0,-1.035
1619610747364,0.598,0,0,0,0,-1.074
1619610747384,0.605,0,0,0,0,-1.094
1619610747404,0.595,0,0,0,0,-1.08
1619610747424,0.602,0,0,0,0,-1.083
1619610747454,0.602,0,0,0,0,-1.064
1619610747464,0.602,0,0,0,0,-1.079
1619610747484,0.602,0,0,0,0,-1.079
1619610747504,0.605,0,0,0,0,-1.098
1619610747524,0.592,0,0,0,0,-1.087
1619610747544,0.598,0,0,0,0,-1.06
1619610747564,0.595,0,0,0,0,-1.053
1619610747584,0.595,0,0,0,0,-1.079
1619610747604,0.602,0,0,0,0,-1.082
1619610747624,0.598,0,0,0,0,-1.069
1619610747646,0.581,0,0,0,0,-1.049
1619610747664,0.602,0,0,0,0,-1.062
1619610747684,0.595,0,0,0,0,-1.1
1619610747704,0.602,0,0,0,0,-1.094
1619610747724,0.602,0,0,0,0,-1.094
1619610747745,0.595,0,0,0,0,-1.082
1619610747764,0.602,0,0,0,0,-1.113
1619610747784,0.581,0,0,0,0,-1.132
1619610747804,0.595,0,0,0,0,-1.146
1619610747824,0.598,0,0,0,0,-1.125
1619610747844,0.595,0,0,0,0,-1.108
1619610747864,0.595,0,0,0,0,-1.104
1619610747884,0.598,0,0,0,0,-1.102
1619610747904,0.616,0,0,0,0,-1.063
1619610747924,0.575,0,0,0,0,-1.06
1619610747945,0.602,0,0,0,0,-1.054
1619610747964,0.598,0,0,0,0,-1.024
1619610747984,0.602,0,0,0,0,-1.015
1619610748004,0.602,0,0,0,0,-1.015
1619610748024,0.602,0,0,0,0,-1.003
1619610748045,0.595,0,0,0,0,-1.01
1619610748064,0.616,0,0,0,0,-1.062
1619610748084,0.578,0,0,0,0,-1.097
1619610748104,0.598,0,0,0,0,-1.11
1619610748124,0.598,0,0,0,0,-1.077
1619610748146,0.595,0,0,0,0,-1.016
1619610748164,0.605,0,0,0,0,-0.997
1619610748184,0.598,0,0,0,0,-1.029
1619610748204,0.619,0,0,0,0,-1.066
1619610748224,0.575,0,0,0,0,-1.04
1619610748245,0.598,0,0,0,0,-1.056
1619610748264,0.598,0,0,0,0,-1.053
1619610748284,0.598,0,0,0,0,-1.053
1619610748304,0.598,0,0,0,0,-1.067
1619610748324,0.605,0,0,0,0,-1.05
1619610748345,0.595,0,0,0,0,-1.034
1619610748364,0.595,0,0,0,0,-1.06
1619610748384,0.592,0,0,0,0,-1.117
1619610748404,0.595,0,0,0,0,-1.106
1619610748424,0.598,0,0,0,0,-1.046
1619610748444,0.598,0,0,0,0,-1.021
1619610748464,0.598,0,0,0,0,-1.067
1619610748484,0.592,0,0,0,0,-1.051
1619610748504,0.598,0,0,0,0,-1.033
1619610748524,0.595,0,0,0,0,-1.018
1619610748544,0.595,0,0,0,0,-1.018
1619610748564,0.602,0,0,0,0,-1.026
1619610748584,0.595,0,0,0,0,-1.048
1619610748604,0.609,0,0,0,0,-1.03
1619610748624,0.595,0,0,0,0,-1.034
1619610748644,0.595,0,0,0,0,-1.045
1619610748664,0.598,0,0,0,0,-1.046
1619610748684,0.602,0,0,0,0,-1.067
1619610748704,0.602,0,0,0,0,-1.054
1619610748724,0.602,0,0,0,0,-1.04
1619610748744,0.581,0,0,0,0,-0.991
1619610748764,0.602,0,0,0,0,-0.966
1619610748784,0.598,0,0,0,0,-0.979
1619610748804,0.598,0,0,0,0,-0.979
1619610748824,0.595,0,0,0,0,-0.989
1619610748844,0.588,0,0,0,0,-1.001
1619610748864,0.602,0,0,0,0,-1.034
1619610748884,0.616,0,0,0,0,-1.049
1619610748904,0.578,0,0,0,0,-1.032
1619610748924,0.598,0,0,0,0,-1.042
1619610748944,0.605,0,0,0,0,-1.061
1619610748964,0.598,0,0,0,0,-1.07
1619610748984,0.602,0,0,0,0,-1.079
1619610749004,0.602,0,0,0,0,-1.07
1619610749024,0.616,0,0,0,0,-1.071
1619610749044,0.578,0,0,0,0,-1.093
1619610749064,0.598,0,0,0,0,-1.096
1619610749084,0.598,0,0,0,0,-1.096
1619610749104,0.592,0,0,0,0,-1.083
1619610749124,0.598,0,0,0,0,-1.074
1619610749144,0.598,0,0,0,0,-1.059
1619610749164,0.619,0,0,0,0,-1.033
1619610749184,0.571,0,0,0,0,-1.021
1619610749204,0.592,0,0,0,0,-1.032
1619610749224,0.595,0,0,0,0,-1.024
1619610749244,0.598,0,0,0,0,-1.021
1619610749264,0.598,0,0,0,0,-1.013
1619610749284,0.598,0,0,0,0,-1.023
1619610749304,0.588,0,0,0,0,-1.005
1619610749324,0.602,0,0,0,0,-1
1619610749344,0.602,0,0,0,0,-1
1619610749364,0.602,0,0,0,0,-0.978
1619610749384,0.598,0,0,0,0,-1
1619610749404,0.605,0,0,0,0,-0.974
1619610749424,0.602,0,0,0,0,-0.99
1619610749444,0.598,0,0,0,0,-1.009
1619610749464,0.598,0,0,0,0,-1.112
1619610749484,0.605,0,0,0,0,-1.172
1619610749504,0.592,0,0,0,0,-1.124
1619610749524,0.602,0,0,0,0,-1.1
1619610749544,0.602,0,0,0,0,-1.165
1619610749564,0.588,0,0,0,0,-1.181
1619610749584,0.588,0,0,0,0,-1.257
1619610749604,0.588,0,0,0,0,-1.257
1619610749624,0.592,0,0,0,0,-1.254
1619610749644,0.595,0,0,0,0,-1.192
1619610749664,0.605,0,0,0,0,-1.178
1619610749684,0.605,0,0,0,0,-1.089
1619610749704,0.588,0,0,0,0,-1.018
1619610749724,0.598,0,0,0,0,-1.014
1619610749744,0.595,0,0,0,0,-1.01
1619610749764,0.609,0,0,0,0,-0.981
1619610749784,0.602,0,0,0,0,-0.962
1619610749804,0.602,0,0,0,0,-0.967
1619610749824,0.616,0,0,0,0,-1.023
1619610749844,0.578,0,0,0,0,-1.038
1619610749874,0.605,0,0,0,0,-1.045
1619610749884,0.598,0,0,0,0,-1.041
1619610749904,0.598,0,0,0,0,-1.041
1619610749924,0.595,0,0,0,0,-1.01
1619610749944,0.598,0,0,0,0,-1.011
1619610749966,0.598,0,0,0,0,-1.037
1619610749984,0.612,0,0,0,0,-1.026
1619610750004,0.575,0,0,0,0,-0.982
1619610750024,0.598,0,0,0,0,-0.987
1619610750044,0.598,0,0,0,0,-0.984
1619610750065,0.605,0,0,0,0,-0.99
1619610750084,0.605,0,0,0,0,-1.003
1619610750104,0.595,0,0,0,0,-1.023
1619610750124,0.616,0,0,0,0,-1.054
1619610750144,0.578,0,0,0,0,-1.103
1619610750164,0.578,0,0,0,0,-1.103
1619610750184,0.598,0,0,0,0,-1.12
1619610750204,0.602,0,0,0,0,-1.101
1619610750224,0.602,0,0,0,0,-1.046
1619610750244,0.609,0,0,0,0,-1.033
1619610750265,0.602,0,0,0,0,-1.046
1619610750284,0.598,0,0,0,0,-1.024
1619610750304,0.598,0,0,0,0,-1.03
1619610750324,0.588,0,0,0,0,-1.053
1619610750344,0.598,0,0,0,0,-1.067
1619610750377,0.598,0,0,0,0,-1.068
1619610750384,0.598,0,0,0,0,-1.033
1619610750404,0.595,0,0,0,0,-1.023
1619610750424,0.595,0,0,0,0,-1.023
1619610750444,0.598,0,0,0,0,-1.021
1619610750466,0.602,0,0,0,0,-0.992
1619610750484,0.602,0,0,0,0,-0.952
1619610750504,0.598,0,0,0,0,-0.925
1619610750524,0.605,0,0,0,0,-0.977
1619610750544,0.585,0,0,0,0,-1.013
1619610750565,0.602,0,0,0,0,-0.999
1619610750584,0.602,0,0,0,0,-0.989
1619610750604,0.592,0,0,0,0,-0.99
1619610750624,0.605,0,0,0,0,-0.996
1619610750644,0.609,0,0,0,0,-0.978
1619610750665,0.588,0,0,0,0,-0.986
1619610750685,0.595,0,0,0,0,-0.979
1619610750704,0.595,0,0,0,0,-0.979
1619610750724,0.602,0,0,0,0,-0.981
1619610750744,0.592,0,0,0,0,-0.974
1619610750765,0.602,0,0,0,0,-0.965
1619610750784,0.592,0,0,0,0,-0.934
1619610750804,0.612,0,0,0,0,-0.939
1619610750824,0.581,0,0,0,0,-0.961
1619610750844,0.602,0,0,0,0,-1.003
1619610750864,0.602,0,0,0,0,-1.027
1619610750884,0.602,0,0,0,0,-1.022
1619610750904,0.595,0,0,0,0,-1.039
1619610750924,0.605,0,0,0,0,-1.047
1619610750944,0.612,0,0,0,0,-1.053
1619610750964,0.588,0,0,0,0,-1.071
1619610750984,0.602,0,0,0,0,-1.098
1619610751004,0.602,0,0,0,0,-1.098
1619610751024,0.595,0,0,0,0,-1.132
1619610751044,0.595,0,0,0,0,-1.153
1619610751064,0.595,0,0,0,0,-1.123
1619610751084,0.605,0,0,0,0,-1.123
1619610751104,0.595,0,0,0,0,-1.118
1619610751124,0.626,0,0,0,0,-1.138
1619610751144,0.571,0,0,0,0,-1.104
1619610751164,0.598,0,0,0,0,-1.03
1619610751184,0.602,0,0,0,0,-0.968
1619610751204,0.592,0,0,0,0,-0.998
1619610751224,0.592,0,0,0,0,-0.998
1619610751244,0.592,0,0,0,0,-1.016
1619610751264,0.602,0,0,0,0,-1.039
1619610751284,0.602,0,0,0,0,-1.031
1619610751304,0.592,0,0,0,0,-1.013
1619610751324,0.595,0,0,0,0,-1.035
1619610751344,0.605,0,0,0,0,-1.079
1619610751364,0.592,0,0,0,0,-1.053
1619610751384,0.598,0,0,0,0,-1.045
1619610751404,0.602,0,0,0,0,-1.082
1619610751424,0.605,0,0,0,0,-1.107
1619610751444,0.602,0,0,0,0,-1.097
1619610751464,0.609,0,0,0,0,-1.048
1619610751484,0.609,0,0,0,0,-1.048
1619610751504,0.575,0,0,0,0,-1.046
1619610751524,0.605,0,0,0,0,-1.104
1619610751544,0.602,0,0,0,0,-1.149
1619610751564,0.598,0,0,0,0,-1.083
1619610751584,0.602,0,0,0,0,-1.01
1619610751604,0.609,0,0,0,0,-1.01
1619610751624,0.581,0,0,0,0,-1.031
1619610751644,0.595,0,0,0,0,-1.021
1619610751664,0.598,0,0,0,0,-1.013
1619610751684,0.598,0,0,0,0,-1.014
1619610751704,0.598,0,0,0,0,-1.016
1619610751724,0.609,0,0,0,0,-1.045
1619610751744,0.609,0,0,0,0,-0.983
1619610751764,0.609,0,0,0,0,-0.983
1619610751784,0.578,0,0,0,0,-0.957
1619610751804,0.595,0,0,0,0,-1.016
1619610751824,0.598,0,0,0,0,-1.084
1619610751844,0.595,0,0,0,0,-1.059
1619610751864,0.592,0,0,0,0,-1.062
1619610751884,0.602,0,0,0,0,-1.037
1619610751904,0.612,0,0,0,0,-1.078
1619610751924,0.571,0,0,0,0,-1.088
1619610751944,0.595,0,0,0,0,-1.078
1619610751964,0.595,0,0,0,0,-1.047
1619610751984,0.602,0,0,0,0,-1.02
1619610752004,0.595,0,0,0,0,-1.013
1619610752024,0.598,0,0,0,0,-0.998
1619610752044,0.619,0,0,0,0,-0.987
1619610752064,0.619,0,0,0,0,-0.987
1619610752084,0.568,0,0,0,0,-1.004
1619610752104,0.595,0,0,0,0,-1.073
1619610752124,0.605,0,0,0,0,-1.102
1619610752144,0.602,0,0,0,0,-1.091
1619610752164,0.598,0,0,0,0,-1.081
1619610752184,0.605,0,0,0,0,-1.106
1619610752204,0.602,0,0,0,0,-1.122
1619610752224,0.605,0,0,0,0,-1.155
1619610752244,0.605,0,0,0,0,-1.099
1619610752264,0.598,0,0,0,0,-1.096
1619610752294,0.598,0,0,0,0,-1.111
1619610752304,0.605,0,0,0,0,-1.066
1619610752324,0.605,0,0,0,0,-1.066
1619610752344,0.592,0,0,0,0,-0.995
1619610752364,0.602,0,0,0,0,-0.959
1619610752386,0.602,0,0,0,0,-0.943
1619610752404,0.598,0,0,0,0,-0.942
1619610752424,0.602,0,0,0,0,-0.942
1619610752444,0.605,0,0,0,0,-0.935
1619610752464,0.588,0,0,0,0,-0.947
1619610752484,0.605,0,0,0,0,-0.967
1619610752504,0.605,0,0,0,0,-0.989
1619610752524,0.598,0,0,0,0,-1.023
1619610752544,0.602,0,0,0,0,-1.041
1619610752564,0.609,0,0,0,0,-1.035
1619610752584,0.609,0,0,0,0,-1.035
1619610752604,0.578,0,0,0,0,-1.049
1619610752624,0.602,0,0,0,0,-1.075
1619610752644,0.598,0,0,0,0,-1.074
1619610752664,0.602,0,0,0,0,-1.034
1619610752685,0.595,0,0,0,0,-1.05
1619610752704,0.598,0,0,0,0,-1.1
1619610752724,0.612,0,0,0,0,-1.074
1619610752744,0.575,0,0,0,0,-1.038
1619610752764,0.595,0,0,0,0,-1.025
1619610752786,0.602,0,0,0,0,-1.039
1619610752804,0.595,0,0,0,0,-1.047
1619610752824,0.602,0,0,0,0,-1.048
1619610752844,0.595,0,0,0,0,-1.023
1619610752864,0.616,0,0,0,0,-1.022
1619610752884,0.616,0,0,0,0,-1.022
1619610752904,0.575,0,0,0,0,-1.052
1619610752924,0.595,0,0,0,0,-1.065
1619610752944,0.598,0,0,0,0,-1.053
1619610752964,0.595,0,0,0,0,-1.039
1619610752985,0.595,0,0,0,0,-1.038
1619610753004,0.616,0,0,0,0,-1.048
1619610753024,0.571,0,0,0,0,-1.031
1619610753044,0.595,0,0,0,0,-1.028
1619610753064,0.602,0,0,0,0,-1.042
1619610753084,0.598,0,0,0,0,-1.076
1619610753104,0.598,0,0,0,0,-1.099
1619610753124,0.595,0,0,0,0,-1.05
1619610753144,0.595,0,0,0,0,-1.05
1619610753164,0.598,0,0,0,0,-1.016
1619610753184,0.598,0,0,0,0,-0.984
1619610753204,0.598,0,0,0,0,-0.998
1619610753224,0.598,0,0,0,0,-0.992
1619610753244,0.598,0,0,0,0,-0.999
1619610753264,0.602,0,0,0,0,-1.004
1619610753284,0.602,0,0,0,0,-0.996
1619610753304,0.605,0,0,0,0,-0.983
1619610753324,0.602,0,0,0,0,-0.989
1619610753344,0.598,0,0,0,0,-1.007
1619610753364,0.598,0,0,0,0,-1.031
1619610753384,0.612,0,0,0,0,-1.044
1619610753404,0.612,0,0,0,0,-1.044
1619610753424,0.585,0,0,0,0,-1.072
1619610753444,0.592,0,0,0,0,-1.086
1619610753464,0.602,0,0,0,0,-1.101
1619610753484,0.605,0,0,0,0,-1.079
1619610753504,0.598,0,0,0,0,-1.057
1619610753524,0.609,0,0,0,0,-1.017
1619610753544,0.581,0,0,0,0,-1.021
1619610753564,0.588,0,0,0,0,-1.039
1619610753584,0.605,0,0,0,0,-1.034
1619610753604,0.595,0,0,0,0,-1.019
1619610753624,0.598,0,0,0,0,-1.024
1619610753644,0.598,0,0,0,0,-1.044
1619610753665,0.616,0,0,0,0,-1.041
1619610753684,0.616,0,0,0,0,-1.041
1619610753704,0.575,0,0,0,0,-1.076
1619610753724,0.598,0,0,0,0,-1.094
1619610753744,0.598,0,0,0,0,-1.088
1619610753764,0.602,0,0,0,0,-1.109
1619610753784,0.602,0,0,0,0,-1.101
1619610753804,0.595,0,0,0,0,-1.127
1619610753824,0.616,0,0,0,0,-1.148
1619610753844,0.571,0,0,0,0,-1.102
1619610753864,0.598,0,0,0,0,-1.089
1619610753884,0.595,0,0,0,0,-1.098
1619610753904,0.602,0,0,0,0,-1.065
1619610753924,0.595,0,0,0,0,-1.045
1619610753944,0.595,0,0,0,0,-1.056
1619610753964,0.622,0,0,0,0,-1.05
1619610753984,0.622,0,0,0,0,-1.05
1619610754004,0.568,0,0,0,0,-1.051
1619610754024,0.595,0,0,0,0,-1.049
1619610754044,0.602,0,0,0,0,-1.048
1619610754064,0.598,0,0,0,0,-1.02
1619610754084,0.602,0,0,0,0,-1.014
1619610754104,0.602,0,0,0,0,-1.048
1619610754124,0.595,0,0,0,0,-1.046
1619610754144,0.598,0,0,0,0,-1.06
1619610754164,0.605,0,0,0,0,-1.076
1619610754184,0.595,0,0,0,0,-1.047
1619610754204,0.598,0,0,0,0,-1.024
1619610754224,0.598,0,0,0,0,-1.024
1619610754244,0.598,0,0,0,0,-1.024
1619610754264,0.585,0,0,0,0,-1.06
1619610754284,0.598,0,0,0,0,-1.06
1619610754304,0.598,0,0,0,0,-1.055
1619610754324,0.592,0,0,0,0,-1.038
1619610754344,0.602,0,0,0,0,-1.022
1619610754364,0.605,0,0,0,0,-1.035
1619610754384,0.581,0,0,0,0,-1.024
1619610754404,0.602,0,0,0,0,-0.985
1619610754424,0.592,0,0,0,0,-1.014
1619610754444,0.598,0,0,0,0,-1.047
1619610754464,0.598,0,0,0,0,-1.039
1619610754484,0.612,0,0,0,0,-1.048
1619610754504,0.612,0,0,0,0,-1.048
1619610754524,0.578,0,0,0,0,-1.067
1619610754544,0.602,0,0,0,0,-1.072
1619610754564,0.602,0,0,0,0,-1.073
1619610754584,0.598,0,0,0,0,-1.081
1619610754614,0.605,0,0,0,0,-1.065
1619610754624,0.619,0,0,0,0,-1.054
1619610754644,0.619,0,0,0,0,-1.054
1619610754664,0.578,0,0,0,0,-1.046
1619610754684,0.598,0,0,0,0,-1.035
1619610754705,0.595,0,0,0,0,-1.016
1619610754724,0.598,0,0,0,0,-1
1619610754744,0.588,0,0,0,0,-0.982
1619610754764,0.598,0,0,0,0,-0.993
1619610754784,0.622,0,0,0,0,-1
1619610754805,0.622,0,0,0,0,-1
1619610754824,0.575,0,0,0,0,-0.977
1619610754844,0.598,0,0,0,0,-0.988
1619610754864,0.602,0,0,0,0,-1.001
1619610754884,0.602,0,0,0,0,-1.032
1619610754904,0.602,0,0,0,0,-1.054
1619610754924,0.622,0,0,0,0,-1.041
1619610754944,0.585,0,0,0,0,-1.032
1619610754964,0.581,0,0,0,0,-1.054
1619610754984,0.595,0,0,0,0,-1.06
1619610755005,0.595,0,0,0,0,-1.038
1619610755024,0.598,0,0,0,0,-1.008
1619610755044,0.595,0,0,0,0,-1
1619610755064,0.595,0,0,0,0,-1
1619610755084,0.588,0,0,0,0,-0.996
1619610755105,0.602,0,0,0,0,-1.023
1619610755124,0.592,0,0,0,0,-1.033
1619610755144,0.598,0,0,0,0,-1.058
1619610755164,0.595,0,0,0,0,-1.09
1619610755184,0.602,0,0,0,0,-1.063
1619610755206,0.581,0,0,0,0,-1.045
1619610755225,0.598,0,0,0,0,-1.075
1619610755244,0.602,0,0,0,0,-1.103
1619610755264,0.595,0,0,0,0,-1.041
1619610755284,0.605,0,0,0,0,-1.015
1619610755304,0.609,0,0,0,0,-1.007
1619610755324,0.609,0,0,0,0,-1.007
1619610755344,0.581,0,0,0,0,-1.001
1619610755364,0.598,0,0,0,0,-1.003
1619610755384,0.602,0,0,0,0,-0.995
1619610755404,0.598,0,0,0,0,-0.975
1619610755424,0.595,0,0,0,0,-0.981
1619610755444,0.605,0,0,0,0,-0.954
1619610755464,0.581,0,0,0,0,-0.964
1619610755484,0.598,0,0,0,0,-1.026
1619610755504,0.602,0,0,0,0,-1.099
1619610755524,0.598,0,0,0,0,-1.154
1619610755544,0.602,0,0,0,0,-1.126
1619610755564,0.605,0,0,0,0,-1.129
1619610755584,0.605,0,0,0,0,-1.156
1619610755604,0.605,0,0,0,0,-1.156
1619610755624,0.575,0,0,0,0,-1.163
1619610755644,0.595,0,0,0,0,-1.183
1619610755664,0.598,0,0,0,0,-1.197
1619610755684,0.602,0,0,0,0,-1.211
1619610755704,0.598,0,0,0,0,-1.186
1619610755724,0.605,0,0,0,0,-1.106
1619610755744,0.622,0,0,0,0,-1.076
1619610755764,0.581,0,0,0,0,-1.101
1619610755784,0.598,0,0,0,0,-1.072
1619610755804,0.602,0,0,0,0,-1.05
1619610755824,0.598,0,0,0,0,-1.042
1619610755844,0.605,0,0,0,0,-1.051
1619610755864,0.602,0,0,0,0,-1.061
1619610755884,0.619,0,0,0,0,-1.034
1619610755904,0.619,0,0,0,0,-1.034
1619610755924,0.575,0,0,0,0,-1.013
1619610755944,0.588,0,0,0,0,-1.012
1619610755964,0.605,0,0,0,0,-1.018
1619610755984,0.602,0,0,0,0,-1.032
1619610756004,0.598,0,0,0,0,-1.024
1619610756024,0.595,0,0,0,0,-1.036
1619610756044,0.598,0,0,0,0,-1.052
1619610756064,0.602,0,0,0,0,-1.048
1619610756084,0.602,0,0,0,0,-1.048
1619610756104,0.595,0,0,0,0,-1.046
1619610756124,0.602,0,0,0,0,-1.059
1619610756144,0.598,0,0,0,0,-1.061
1619610756164,0.598,0,0,0,0,-1.061
1619610756184,0.581,0,0,0,0,-1.071
1619610756204,0.598,0,0,0,0,-1.056
1619610756224,0.598,0,0,0,0,-1.064
1619610756244,0.598,0,0,0,0,-1.083
1619610756264,0.595,0,0,0,0,-1.057
1619610756284,0.605,0,0,0,0,-1.032
1619610756304,0.581,0,0,0,0,-1.053
1619610756324,0.598,0,0,0,0,-1.056
1619610756344,0.602,0,0,0,0,-1.069
1619610756364,0.595,0,0,0,0,-1.053
1619610756384,0.598,0,0,0,0,-1.047
1619610756404,0.605,0,0,0,0,-1.076
1619610756424,0.605,0,0,0,0,-1.076
1619610756444,0.585,0,0,0,0,-1.057
1619610756464,0.602,0,0,0,0,-1.017
1619610756484,0.598,0,0,0,0,-0.976
1619610756504,0.605,0,0,0,0,-0.977
1619610756524,0.602,0,0,0,0,-0.974
1619610756544,0.598,0,0,0,0,-1.007
1619610756564,0.616,0,0,0,0,-1.05
1619610756584,0.578,0,0,0,0,-1.046
1619610756604,0.602,0,0,0,0,-1.039
1619610756624,0.595,0,0,0,0,-1.036
1619610756644,0.605,0,0,0,0,-1.024
1619610756664,0.598,0,0,0,0,-0.999
1619610756684,0.598,0,0,0,0,-0.989
1619610756704,0.598,0,0,0,0,-0.989
1619610756724,0.619,0,0,0,0,-1.007
1619610756744,0.575,0,0,0,0,-1.002
1619610756764,0.592,0,0,0,0,-0.976
1619610756784,0.595,0,0,0,0,-0.949
1619610756804,0.602,0,0,0,0,-0.946
1619610756824,0.602,0,0,0,0,-0.946
1619610756844,0.626,0,0,0,0,-0.984
1619610756864,0.578,0,0,0,0,-1.013
1619610756884,0.602,0,0,0,0,-1.028
1619610756904,0.602,0,0,0,0,-1.055
1619610756924,0.605,0,0,0,0,-1.097
1619610756944,0.595,0,0,0,0,-1.107
1619610756964,0.595,0,0,0,0,-1.107
1619610756984,0.605,0,0,0,0,-1.108
1619610757004,0.598,0,0,0,0,-1.12
1619610757025,0.595,0,0,0,0,-1.139
1619610757044,0.598,0,0,0,0,-1.138
1619610757064,0.602,0,0,0,0,-1.103
1619610757084,0.602,0,0,0,0,-1.061
1619610757104,0.598,0,0,0,0,-1.041
1619610757126,0.588,0,0,0,0,-1.037
1619610757144,0.598,0,0,0,0,-1.039
1619610757164,0.602,0,0,0,0,-1.011
1619610757184,0.595,0,0,0,0,-1.01
1619610757204,0.602,0,0,0,0,-1.017
1619610757226,0.602,0,0,0,0,-1.017
1619610757244,0.612,0,0,0,0,-1.053
1619610757264,0.585,0,0,0,0,-1.077
1619610757284,0.602,0,0,0,0,-1.071
1619610757304,0.598,0,0,0,0,-1.064
1619610757324,0.605,0,0,0,0,-1.074
1619610757344,0.595,0,0,0,0,-1.103
1619610757364,0.616,0,0,0,0,-1.108
1619610757384,0.578,0,0,0,0,-1.085
1619610757404,0.595,0,0,0,0,-1.087
1619610757425,0.598,0,0,0,0,-1.074
1619610757444,0.598,0,0,0,0,-1.072
1619610757464,0.598,0,0,0,0,-1.051
1619610757484,0.598,0,0,0,0,-1.051
1619610757504,0.592,0,0,0,0,-1.067
1619610757525,0.619,0,0,0,0,-1.094
1619610757544,0.581,0,0,0,0,-1.078
1619610757564,0.602,0,0,0,0,-1.065
1619610757584,0.592,0,0,0,0,-1.062
1619610757604,0.595,0,0,0,0,-1.071
1619610757624,0.598,0,0,0,0,-1.066
1619610757644,0.602,0,0,0,0,-1.057
1619610757664,0.609,0,0,0,0,-1.062
1619610757684,0.575,0,0,0,0,-1.035
1619610757704,0.598,0,0,0,0,-1.055
1619610757727,0.602,0,0,0,0,-1.096
1619610757744,0.595,0,0,0,0,-1.059
1619610757764,0.602,0,0,0,0,-0.997
1619610757784,0.602,0,0,0,0,-0.997
1619610757804,0.595,0,0,0,0,-0.991
1619610757825,0.619,0,0,0,0,-1.033
1619610757844,0.571,0,0,0,0,-1.037
1619610757864,0.592,0,0,0,0,-1.049
1619610757884,0.602,0,0,0,0,-1.038
1619610757904,0.592,0,0,0,0,-1.053
1619610757924,0.605,0,0,0,0,-1.063
1619610757945,0.595,0,0,0,0,-1.09
1619610757964,0.592,0,0,0,0,-1.075
1619610757984,0.592,0,0,0,0,-1.035
1619610758004,0.598,0,0,0,0,-1.027
1619610758024,0.598,0,0,0,0,-1.04
1619610758044,0.598,0,0,0,0,-1.04
1619610758064,0.598,0,0,0,0,-1.069
1619610758084,0.602,0,0,0,0,-1.111
1619610758104,0.595,0,0,0,0,-1.118
1619610758124,0.598,0,0,0,0,-1.106
1619610758144,0.602,0,0,0,0,-1.123
1619610758164,0.598,0,0,0,0,-1.139
1619610758184,0.602,0,0,0,0,-1.14
1619610758204,0.609,0,0,0,0,-1.166
1619610758224,0.592,0,0,0,0,-1.134
1619610758244,0.605,0,0,0,0,-1.106
1619610758264,0.598,0,0,0,0,-1.098
1619610758284,0.605,0,0,0,0,-1.026
1619610758304,0.605,0,0,0,0,-1.026
1619610758324,0.602,0,0,0,0,-1.005
1619610758344,0.612,0,0,0,0,-0.994
1619610758364,0.578,0,0,0,0,-0.978
1619610758384,0.602,0,0,0,0,-0.995
1619610758404,0.598,0,0,0,0,-0.987
1619610758424,0.602,0,0,0,0,-0.998
1619610758444,0.602,0,0,0,0,-1.021
1619610758466,0.598,0,0,0,0,-1.027
1619610758484,0.619,0,0,0,0,-1.014
1619610758504,0.578,0,0,0,0,-1.02
1619610758524,0.598,0,0,0,0,-1.034
1619610758544,0.598,0,0,0,0,-1.033
1619610758564,0.598,0,0,0,0,-1.025
1619610758584,0.598,0,0,0,0,-1.025
1619610758604,0.598,0,0,0,0,-1.028
1619610758624,0.602,0,0,0,0,-1.04
1619610758644,0.612,0,0,0,0,-0.99
1619610758664,0.571,0,0,0,0,-1.008
1619610758684,0.602,0,0,0,0,-1.034
1619610758704,0.605,0,0,0,0,-1.041
1619610758725,0.602,0,0,0,0,-1.026
1619610758745,0.592,0,0,0,0,-1.05
1619610758764,0.616,0,0,0,0,-1.074
1619610758784,0.575,0,0,0,0,-1.076
1619610758804,0.602,0,0,0,0,-1.056
1619610758824,0.602,0,0,0,0,-1.056
1619610758844,0.598,0,0,0,0,-1.033
1619610758864,0.598,0,0,0,0,-1.032
1619610758884,0.605,0,0,0,0,-1.063
1619610758904,0.592,0,0,0,0,-1.069
1619610758924,0.581,0,0,0,0,-1.054
1619610758944,0.595,0,0,0,0,-1.04
1619610758964,0.598,0,0,0,0,-1.035
1619610758984,0.598,0,0,0,0,-1.015
1619610759004,0.609,0,0,0,0,-0.997
1619610759024,0.595,0,0,0,0,-1.029
1619610759054,0.585,0,0,0,0,-1.044
1619610759064,0.602,0,0,0,0,-1.054
1619610759084,0.602,0,0,0,0,-1.054
1619610759104,0.602,0,0,0,0,-1.055
1619610759124,0.602,0,0,0,0,-1.03
1619610759145,0.605,0,0,0,0,-0.99
1619610759164,0.598,0,0,0,0,-1.02
1619610759184,0.581,0,0,0,0,-1.021
1619610759204,0.602,0,0,0,0,-1.021
1619610759224,0.605,0,0,0,0,-1.034
1619610759244,0.602,0,0,0,0,-1.018
1619610759264,0.612,0,0,0,0,-1.023
1619610759284,0.595,0,0,0,0,-1.048
1619610759304,0.585,0,0,0,0,-1.05
1619610759324,0.598,0,0,0,0,-1.026
1619610759344,0.598,0,0,0,0,-1.026
1619610759364,0.602,0,0,0,0,-1.017
1619610759384,0.592,0,0,0,0,-1.025
1619610759404,0.609,0,0,0,0,-1.074
1619610759424,0.595,0,0,0,0,-1.05
1619610759445,0.575,0,0,0,0,-1.03
1619610759464,0.602,0,0,0,0,-1.016
1619610759484,0.602,0,0,0,0,-1.01
1619610759504,0.598,0,0,0,0,-1.011
1619610759524,0.602,0,0,0,0,-1.021
1619610759545,0.612,0,0,0,0,-1.027
1619610759564,0.598,0,0,0,0,-1.022
1619610759584,0.578,0,0,0,0,-1.018
1619610759604,0.595,0,0,0,0,-1.041
1619610759624,0.595,0,0,0,0,-1.041
1619610759644,0.598,0,0,0,0,-1.053
1619610759664,0.595,0,0,0,0,-1.065
1619610759684,0.602,0,0,0,0,-1.089
1619610759704,0.619,0,0,0,0,-1.129
1619610759724,0.578,0,0,0,0,-1.133
1619610759744,0.598,0,0,0,0,-1.13
1619610759764,0.598,0,0,0,0,-1.143
1619610759784,0.602,0,0,0,0,-1.15
1619610759804,0.598,0,0,0,0,-1.139
1619610759824,0.595,0,0,0,0,-1.103
1619610759856,0.598,0,0,0,0,-1.103
1619610759864,0.598,0,0,0,0,-1.075
1619610759884,0.598,0,0,0,0,-1.075
1619610759904,0.602,0,0,0,0,-1.058
1619610759924,0.598,0,0,0,0,-1.048
1619610759944,0.595,0,0,0,0,-1.048
1619610759964,0.598,0,0,0,0,-1.039
1619610759984,0.588,0,0,0,0,-1.039
1619610760004,0.598,0,0,0,0,-1.042
1619610760024,0.598,0,0,0,0,-1.034
1619610760044,0.598,0,0,0,0,-1.026
1619610760064,0.602,0,0,0,0,-1.014
1619610760084,0.605,0,0,0,0,-1.058
1619610760104,0.585,0,0,0,0,-1.06
1619610760124,0.602,0,0,0,0,-1.056
1619610760144,0.602,0,0,0,0,-1.056
1619610760164,0.598,0,0,0,0,-1.046
1619610760184,0.602,0,0,0,0,-1.015
1619610760204,0.598,0,0,0,0,-1.003
1619610760224,0.602,0,0,0,0,-1.032
1619610760244,0.581,0,0,0,0,-1.057
1619610760264,0.595,0,0,0,0,-1.04
1619610760284,0.602,0,0,0,0,-1.044
1619610760304,0.598,0,0,0,0,-1.048
1619610760324,0.602,0,0,0,0,-1.023
1619610760344,0.598,0,0,0,0,-1.013
1619610760364,0.616,0,0,0,0,-1.005
1619610760384,0.581,0,0,0,0,-0.995
1619610760404,0.595,0,0,0,0,-1.033
1619610760424,0.595,0,0,0,0,-1.033
1619610760444,0.598,0,0,0,0,-1.067
1619610760464,0.598,0,0,0,0,-1.034
1619610760484,0.598,0,0,0,0,-1.051
1619610760504,0.595,0,0,0,0,-1.06
1619610760524,0.619,0,0,0,0,-1.068
1619610760544,0.571,0,0,0,0,-1.092
1619610760564,0.595,0,0,0,0,-1.103
1619610760584,0.598,0,0,0,0,-1.06
1619610760604,0.595,0,0,0,0,-1.032
1619610760624,0.602,0,0,0,0,-1.019
1619610760644,0.598,0,0,0,0,-1.003
1619610760664,0.619,0,0,0,0,-0.99
1619610760684,0.575,0,0,0,0,-0.983
1619610760704,0.575,0,0,0,0,-0.983
1619610760724,0.595,0,0,0,0,-1.004
1619610760744,0.598,0,0,0,0,-0.996
1619610760764,0.602,0,0,0,0,-0.992
1619610760784,0.602,0,0,0,0,-0.966
1619610760804,0.602,0,0,0,0,-0.984
1619610760824,0.595,0,0,0,0,-1.008
1619610760844,0.598,0,0,0,0,-1.021
1619610760864,0.605,0,0,0,0,-1.062
1619610760884,0.598,0,0,0,0,-1.073
1619610760904,0.598,0,0,0,0,-1.07
1619610760924,0.602,0,0,0,0,-1.065
1619610760944,0.585,0,0,0,0,-1.054
1619610760964,0.585,0,0,0,0,-1.054
1619610760984,0.605,0,0,0,0,-1.025
1619610761004,0.598,0,0,0,0,-0.999
1619610761024,0.602,0,0,0,0,-0.982
1619610761044,0.595,0,0,0,0,-1.011
1619610761064,0.612,0,0,0,0,-1.043
1619610761084,0.585,0,0,0,0,-1.053
1619610761104,0.598,0,0,0,0,-1.054
1619610761124,0.595,0,0,0,0,-1.066
1619610761144,0.598,0,0,0,0,-1.048
1619610761164,0.598,0,0,0,0,-1.055
1619610761184,0.609,0,0,0,0,-1.038
1619610761204,0.575,0,0,0,0,-1.034
1619610761224,0.575,0,0,0,0,-1.034
1619610761244,0.595,0,0,0,0,-1.057
1619610761264,0.595,0,0,0,0,-1.068
1619610761284,0.598,0,0,0,0,-1.032
1619610761304,0.598,0,0,0,0,-1.011
1619610761324,0.595,0,0,0,0,-1.003
1619610761344,0.616,0,0,0,0,-0.987
1619610761364,0.575,0,0,0,0,-0.973
1619610761384,0.602,0,0,0,0,-0.974
1619610761404,0.592,0,0,0,0,-0.971
1619610761424,0.598,0,0,0,0,-0.957
1619610761444,0.592,0,0,0,0,-0.972
1619610761464,0.602,0,0,0,0,-0.981
1619610761484,0.616,0,0,0,0,-1.046
1619610761504,0.571,0,0,0,0,-1.117
1619610761524,0.571,0,0,0,0,-1.117
1619610761544,0.595,0,0,0,0,-1.095
1619610761565,0.609,0,0,0,0,-1.08
1619610761584,0.592,0,0,0,0,-1.141
1619610761604,0.598,0,0,0,0,-1.146
1619610761624,0.595,0,0,0,0,-1.148
1619610761644,0.616,0,0,0,0,-1.21
1619610761664,0.575,0,0,0,0,-1.185
1619610761684,0.595,0,0,0,0,-1.178
1619610761704,0.605,0,0,0,0,-1.175
1619610761724,0.602,0,0,0,0,-1.163
1619610761744,0.605,0,0,0,0,-1.124
1619610761765,0.605,0,0,0,0,-1.091
1619610761784,0.605,0,0,0,0,-1.091
1619610761804,0.602,0,0,0,0,-1.04
1619610761824,0.609,0,0,0,0,-0.995
1619610761844,0.598,0,0,0,0,-0.994
1619610761865,0.605,0,0,0,0,-1.015
1619610761884,0.602,0,0,0,0,-0.997
1619610761904,0.598,0,0,0,0,-0.978
1619610761924,0.598,0,0,0,0,-0.966
1619610761944,0.595,0,0,0,0,-0.982
1619610761967,0.602,0,0,0,0,-0.978
1619610761985,0.598,0,0,0,0,-0.964
1619610762004,0.602,0,0,0,0,-0.988
1619610762024,0.602,0,0,0,0,-1.037
1619610762044,0.602,0,0,0,0,-1.037
1619610762064,0.581,0,0,0,0,-1.041
1619610762084,0.598,0,0,0,0,-1.036
1619610762104,0.595,0,0,0,0,-1.037
1619610762124,0.602,0,0,0,0,-1.034
1619610762144,0.602,0,0,0,0,-1.056
1619610762164,0.605,0,0,0,0,-1.03
1619610762184,0.578,0,0,0,0,-0.994
1619610762204,0.595,0,0,0,0,-0.981
1619610762224,0.609,0,0,0,0,-0.966
1619610762244,0.598,0,0,0,0,-0.981
1619610762264,0.598,0,0,0,0,-0.992
1619610762284,0.598,0,0,0,0,-1.011
1619610762304,0.612,0,0,0,0,-1.033
1619610762324,0.612,0,0,0,0,-1.033
1619610762344,0.578,0,0,0,0,-1.047
1619610762364,0.605,0,0,0,0,-1.068
1619610762384,0.598,0,0,0,0,-1.065
1619610762404,0.595,0,0,0,0,-1.038
1619610762424,0.595,0,0,0,0,-1.036
1619610762444,0.602,0,0,0,0,-1.054
1619610762464,0.612,0,0,0,0,-1.034
1619610762484,0.568,0,0,0,0,-1.003
1619610762504,0.598,0,0,0,0,-0.977
1619610762524,0.602,0,0,0,0,-0.951
1619610762544,0.602,0,0,0,0,-0.951
1619610762564,0.609,0,0,0,0,-0.951
1619610762584,0.598,0,0,0,0,-0.95
1619610762604,0.622,0,0,0,0,-0.985
1619610762624,0.622,0,0,0,0,-0.985
1619610762644,0.578,0,0,0,0,-0.994
1619610762664,0.602,0,0,0,0,-0.982
1619610762684,0.602,0,0,0,0,-0.948
1619610762704,0.602,0,0,0,0,-0.938
1619610762724,0.602,0,0,0,0,-0.96
1619610762744,0.598,0,0,0,0,-0.957
1619610762764,0.598,0,0,0,0,-0.928
1619610762784,0.602,0,0,0,0,-0.94
1619610762804,0.598,0,0,0,0,-0.945
1619610762824,0.605,0,0,0,0,-0.962
1619610762844,0.605,0,0,0,0,-0.975
1619610762864,0.602,0,0,0,0,-1.003
1619610762884,0.602,0,0,0,0,-1.003
1619610762904,0.592,0,0,0,0,-1.037
1619610762924,0.598,0,0,0,0,-1.076
1619610762944,0.598,0,0,0,0,-1.067
1619610762964,0.595,0,0,0,0,-1.067
1619610762984,0.598,0,0,0,0,-1.056
1619610763004,0.609,0,0,0,0,-1.091
1619610763024,0.588,0,0,0,0,-1.115
1619610763044,0.592,0,0,0,0,-1.125
1619610763064,0.598,0,0,0,0,-1.102
1619610763084,0.592,0,0,0,0,-1.067
1619610763104,0.598,0,0,0,0,-1.053
1619610763124,0.605,0,0,0,0,-1.067
1619610763144,0.605,0,0,0,0,-1.067
1619610763164,0.581,0,0,0,0,-1.074
1619610763184,0.598,0,0,0,0,-1.074
1619610763204,0.595,0,0,0,0,-1.087
1619610763224,0.598,0,0,0,0,-1.086
1619610763244,0.598,0,0,0,0,-1.114
1619610763264,0.602,0,0,0,0,-1.093
1619610763284,0.616,0,0,0,0,-1.1
1619610763304,0.578,0,0,0,0,-1.143
1619610763324,0.602,0,0,0,0,-1.114
1619610763344,0.602,0,0,0,0,-1.054
1619610763364,0.598,0,0,0,0,-1.012
1619610763384,0.602,0,0,0,0,-1.028
1619610763404,0.619,0,0,0,0,-1.053
1619610763424,0.619,0,0,0,0,-1.053
1619610763444,0.571,0,0,0,0,-1.064
1619610763464,0.602,0,0,0,0,-1.051
1619610763484,0.595,0,0,0,0,-1.038
1619610763504,0.598,0,0,0,0,-1.051
1619610763524,0.602,0,0,0,0,-1.09
1619610763544,0.612,0,0,0,0,-1.105
1619610763564,0.571,0,0,0,0,-1.126
1619610763584,0.598,0,0,0,0,-1.112
1619610763604,0.602,0,0,0,0,-1.087
1619610763624,0.598,0,0,0,0,-1.073
1619610763644,0.598,0,0,0,0,-1.08
1619610763664,0.598,0,0,0,0,-1.057
1619610763684,0.598,0,0,0,0,-1.057
1619610763704,0.588,0,0,0,0,-1.057
1619610763724,0.602,0,0,0,0,-1.07
1619610763744,0.598,0,0,0,0,-1.06
1619610763764,0.602,0,0,0,0,-1.037
1619610763784,0.602,0,0,0,0,-1.042
1619610763804,0.598,0,0,0,0,-1.015
1619610763824,0.588,0,0,0,0,-1.011
1619610763844,0.595,0,0,0,0,-1.026
1619610763864,0.598,0,0,0,0,-1.041
1619610763884,0.592,0,0,0,0,-1.019
1619610763904,0.602,0,0,0,0,-1.038
1619610763924,0.602,0,0,0,0,-1.042
1619610763944,0.602,0,0,0,0,-1.042
1619610763964,0.585,0,0,0,0,-1.028
1619610763986,0.602,0,0,0,0,-1.044
1619610764004,0.595,0,0,0,0,-1.061
1619610764024,0.595,0,0,0,0,-1.075
1619610764044,0.602,0,0,0,0,-1.067
1619610764064,0.605,0,0,0,0,-1.05
1619610764084,0.575,0,0,0,0,-1.058
1619610764104,0.592,0,0,0,0,-1.1
1619610764124,0.605,0,0,0,0,-1.162
1619610764144,0.595,0,0,0,0,-1.15
1619610764164,0.605,0,0,0,0,-1.107
1619610764185,0.598,0,0,0,0,-1.105
1619610764205,0.619,0,0,0,0,-1.102
1619610764224,0.619,0,0,0,0,-1.102
1619610764244,0.588,0,0,0,0,-1.085
1619610764264,0.602,0,0,0,0,-1.086
1619610764285,0.605,0,0,0,0,-1.079
1619610764304,0.602,0,0,0,0,-1.081
1619610764324,0.602,0,0,0,0,-1.083
1619610764344,0.605,0,0,0,0,-1.049
1619610764364,0.622,0,0,0,0,-1.029
1619610764385,0.581,0,0,0,0,-1.042
1619610764404,0.602,0,0,0,0,-1.056
1619610764424,0.602,0,0,0,0,-1.06
1619610764444,0.598,0,0,0,0,-1.017
1619610764464,0.592,0,0,0,0,-0.993
1619610764484,0.619,0,0,0,0,-1.004
1619610764504,0.619,0,0,0,0,-1.004
1619610764524,0.578,0,0,0,0,-0.99
1619610764544,0.598,0,0,0,0,-0.96
1619610764564,0.598,0,0,0,0,-0.957
1619610764585,0.602,0,0,0,0,-0.995
1619610764604,0.598,0,0,0,0,-1.041
1619610764624,0.602,0,0,0,0,-1.03
1619610764644,0.598,0,0,0,0,-1.02
1619610764664,0.602,0,0,0,0,-1.022
1619610764684,0.598,0,0,0,0,-1.035
1619610764704,0.602,0,0,0,0,-1.049
1619610764724,0.598,0,0,0,0,-1.06
1619610764744,0.598,0,0,0,0,-1.046
1619610764764,0.598,0,0,0,0,-1.046
1619610764784,0.581,0,0,0,0,-1.041
1619610764804,0.602,0,0,0,0,-1.072
1619610764824,0.595,0,0,0,0,-1.081
1619610764844,0.598,0,0,0,0,-1.055
1619610764864,0.595,0,0,0,0,-1.062
1619610764884,0.602,0,0,0,0,-1.053
1619610764904,0.585,0,0,0,0,-1.047
1619610764924,0.595,0,0,0,0,-1.046
1619610764944,0.598,0,0,0,0,-1.044
1619610764964,0.598,0,0,0,0,-1.027
1619610764984,0.602,0,0,0,0,-1.043
1619610765004,0.605,0,0,0,0,-1.03
1619610765024,0.605,0,0,0,0,-1.03
1619610765044,0.585,0,0,0,0,-1.034
1619610765064,0.595,0,0,0,0,-1.01
1619610765084,0.602,0,0,0,0,-1.006
1619610765104,0.598,0,0,0,0,-1.016
1619610765124,0.598,0,0,0,0,-1.045
1619610765144,0.598,0,0,0,0,-1.013
1619610765164,0.612,0,0,0,0,-0.999
1619610765184,0.578,0,0,0,0,-1.026
1619610765204,0.602,0,0,0,0,-1.054
1619610765224,0.595,0,0,0,0,-1.034
1619610765244,0.602,0,0,0,0,-1.052
1619610765264,0.602,0,0,0,0,-1.057
1619610765284,0.598,0,0,0,0,-1.042
1619610765304,0.619,0,0,0,0,-0.988
1619610765324,0.619,0,0,0,0,-0.988
1619610765344,0.575,0,0,0,0,-0.995
1619610765364,0.602,0,0,0,0,-1.017
1619610765384,0.598,0,0,0,0,-1.031
1619610765404,0.609,0,0,0,0,-1.026
1619610765424,0.602,0,0,0,0,-1.036
1619610765444,0.602,0,0,0,0,-1.041
1619610765464,0.629,0,0,0,0,-1.044
1619610765484,0.578,0,0,0,0,-1.012
1619610765504,0.602,0,0,0,0,-1.013
1619610765524,0.605,0,0,0,0,-1.025
1619610765544,0.598,0,0,0,0,-1.05
1619610765564,0.602,0,0,0,0,-1.075
1619610765584,0.595,0,0,0,0,-1.082
1619610765604,0.595,0,0,0,0,-1.082
1619610765624,0.588,0,0,0,0,-1.075
1619610765644,0.592,0,0,0,0,-1.08
1619610765664,0.595,0,0,0,0,-1.081
1619610765684,0.595,0,0,0,0,-1.101
1619610765704,0.595,0,0,0,0,-1.078
1619610765724,0.598,0,0,0,0,-1.036
1619610765744,0.595,0,0,0,0,-1.055
1619610765764,0.595,0,0,0,0,-1.067
1619610765784,0.598,0,0,0,0,-1.053
1619610765804,0.595,0,0,0,0,-1.076
1619610765824,0.598,0,0,0,0,-1.077
1619610765844,0.602,0,0,0,0,-1.086
1619610765864,0.602,0,0,0,0,-1.086
1619610765884,0.585,0,0,0,0,-1.103
1619610765904,0.602,0,0,0,0,-1.09
1619610765924,0.598,0,0,0,0,-1.083
1619610765944,0.595,0,0,0,0,-1.073
1619610765964,0.605,0,0,0,0,-1.07
1619610765984,0.605,0,0,0,0,-1.082
1619610766004,0.581,0,0,0,0,-1.063
1619610766024,0.595,0,0,0,0,-1.028
1619610766044,0.602,0,0,0,0,-1.023
1619610766064,0.598,0,0,0,0,-1.024
1619610766084,0.598,0,0,0,0,-1.005
1619610766114,0.595,0,0,0,0,-1.016
1619610766124,0.612,0,0,0,0,-1.046
1619610766144,0.612,0,0,0,0,-1.046
1619610766164,0.585,0,0,0,0,-1.063
1619610766184,0.598,0,0,0,0,-1.034
1619610766214,0.598,0,0,0,0,-0.975
1619610766224,0.595,0,0,0,0,-1.024
1619610766244,0.595,0,0,0,0,-1.024
1619610766264,0.598,0,0,0,0,-1.039
1619610766284,0.612,0,0,0,0,-1.019
1619610766305,0.581,0,0,0,0,-1.017
1619610766324,0.595,0,0,0,0,-1.017
1619610766344,0.602,0,0,0,0,-1.032
1619610766364,0.602,0,0,0,0,-1.05
1619610766384,0.598,0,0,0,0,-1.037
1619610766406,0.619,0,0,0,0,-1.033
1619610766424,0.619,0,0,0,0,-1.033
1619610766444,0.571,0,0,0,0,-1.078
1619610766464,0.595,0,0,0,0,-1.108
1619610766484,0.595,0,0,0,0,-1.08
1619610766507,0.602,0,0,0,0,-1.074
1619610766524,0.605,0,0,0,0,-1.059
1619610766544,0.602,0,0,0,0,-1.035
1619610766564,0.571,0,0,0,0,-1.035
1619610766584,0.598,0,0,0,0,-1.045
1619610766605,0.595,0,0,0,0,-1.019
1619610766624,0.605,0,0,0,0,-1.002
1619610766644,0.605,0,0,0,0,-1.002
1619610766664,0.612,0,0,0,0,-0.994
1619610766684,0.588,0,0,0,0,-1.01
1619610766705,0.581,0,0,0,0,-1.023
1619610766724,0.598,0,0,0,0,-1.026
1619610766744,0.598,0,0,0,0,-1.032
1619610766764,0.595,0,0,0,0,-1.044
1619610766784,0.612,0,0,0,0,-1.034
1619610766804,0.581,0,0,0,0,-1.022
1619610766824,0.588,0,0,0,0,-1.01
1619610766844,0.598,0,0,0,0,-1.021
1619610766864,0.602,0,0,0,0,-1.006
1619610766884,0.595,0,0,0,0,-1.003
1619610766904,0.595,0,0,0,0,-1.003
1619610766924,0.619,0,0,0,0,-1.022
1619610766944,0.595,0,0,0,0,-1.03
1619610766964,0.575,0,0,0,0,-1.03
1619610766984,0.605,0,0,0,0,-1.043
1619610767005,0.598,0,0,0,0,-1.019
1619610767024,0.605,0,0,0,0,-1
1619610767044,0.616,0,0,0,0,-1.013
1619610767064,0.598,0,0,0,0,-1.04
1619610767084,0.581,0,0,0,0,-1.065
1619610767104,0.598,0,0,0,0,-1.063
1619610767124,0.598,0,0,0,0,-1.08
1619610767144,0.602,0,0,0,0,-1.092
1619610767164,0.602,0,0,0,0,-1.092
1619610767184,0.598,0,0,0,0,-1.095
1619610767204,0.612,0,0,0,0,-1.062
1619610767224,0.592,0,0,0,0,-1.044
1619610767244,0.578,0,0,0,0,-1.074
1619610767264,0.602,0,0,0,0,-1.073
1619610767284,0.602,0,0,0,0,-1.041
1619610767304,0.598,0,0,0,0,-1.007
1619610767324,0.598,0,0,0,0,-1.004
1619610767344,0.602,0,0,0,0,-1.008
1619610767364,0.598,0,0,0,0,-0.981
1619610767384,0.602,0,0,0,0,-0.963
1619610767404,0.598,0,0,0,0,-0.962
1619610767424,0.602,0,0,0,0,-0.974
1619610767444,0.602,0,0,0,0,-0.974
1619610767464,0.598,0,0,0,0,-0.974
1619610767484,0.626,0,0,0,0,-0.954
1619610767504,0.571,0,0,0,0,-1.001
1619610767524,0.595,0,0,0,0,-1.1
1619610767544,0.595,0,0,0,0,-1.129
1619610767564,0.602,0,0,0,0,-1.121
1619610767584,0.592,0,0,0,0,-1.142
1619610767604,0.598,0,0,0,0,-1.185
1619610767624,0.588,0,0,0,0,-1.192
1619610767644,0.595,0,0,0,0,-1.242
1619610767664,0.592,0,0,0,0,-1.243
1619610767684,0.595,0,0,0,0,-1.203
1619610767704,0.595,0,0,0,0,-1.203
1619610767724,0.598,0,0,0,0,-1.179
1619610767744,0.605,0,0,0,0,-1.135
1619610767764,0.595,0,0,0,0,-1.064
1619610767784,0.598,0,0,0,0,-1.033
1619610767804,0.605,0,0,0,0,-1.033
1619610767824,0.602,0,0,0,0,-1.002
1619610767844,0.605,0,0,0,0,-1.011
1619610767864,0.609,0,0,0,0,-1.051
1619610767884,0.585,0,0,0,0,-1.048
1619610767904,0.605,0,0,0,0,-1.031
1619610767924,0.605,0,0,0,0,-1.046
1619610767944,0.595,0,0,0,0,-1.062
1619610767964,0.595,0,0,0,0,-1.062
1619610767984,0.595,0,0,0,0,-1.075
1619610768004,0.595,0,0,0,0,-1.059
1619610768024,0.609,0,0,0,0,-1.047
1619610768044,0.575,0,0,0,0,-1.043
1619610768064,0.592,0,0,0,0,-1.046
1619610768084,0.602,0,0,0,0,-1.039
1619610768104,0.598,0,0,0,0,-1.032
1619610768124,0.595,0,0,0,0,-0.994
1619610768144,0.605,0,0,0,0,-1.016
1619610768164,0.612,0,0,0,0,-1.052
1619610768184,0.575,0,0,0,0,-1.037
1619610768204,0.595,0,0,0,0,-1.044
1619610768224,0.609,0,0,0,0,-1.056
1619610768244,0.602,0,0,0,0,-1.066
1619610768264,0.602,0,0,0,0,-1.066
1619610768284,0.602,0,0,0,0,-1.047
1619610768304,0.595,0,0,0,0,-1.044
1619610768324,0.622,0,0,0,0,-1.103
1619610768344,0.575,0,0,0,0,-1.112
1619610768364,0.598,0,0,0,0,-1.117
1619610768384,0.602,0,0,0,0,-1.115
1619610768404,0.598,0,0,0,0,-1.101
1619610768424,0.598,0,0,0,0,-1.06
1619610768444,0.602,0,0,0,0,-1.038
1619610768464,0.595,0,0,0,0,-1.02
1619610768484,0.598,0,0,0,0,-1.012
1619610768504,0.598,0,0,0,0,-1.013
1619610768524,0.598,0,0,0,0,-1.013
1619610768544,0.598,0,0,0,0,-1.005
1619610768564,0.605,0,0,0,0,-0.978
1619610768584,0.602,0,0,0,0,-0.964
1619610768604,0.598,0,0,0,0,-0.989
1619610768634,0.602,0,0,0,0,-1.024
1619610768644,0.595,0,0,0,0,-1.035
1619610768664,0.605,0,0,0,0,-1.024
1619610768684,0.598,0,0,0,0,-0.987
1619610768704,0.605,0,0,0,0,-0.985
1619610768725,0.588,0,0,0,0,-1.016
1619610768744,0.605,0,0,0,0,-0.974
1619610768764,0.598,0,0,0,0,-0.942
1619610768784,0.598,0,0,0,0,-0.942
1619610768804,0.598,0,0,0,0,-0.926
1619610768824,0.592,0,0,0,0,-0.978
1619610768844,0.609,0,0,0,0,-0.987
1619610768864,0.585,0,0,0,0,-0.972
1619610768884,0.598,0,0,0,0,-0.986
1619610768904,0.602,0,0,0,0,-1
1619610768924,0.595,0,0,0,0,-1.027
1619610768944,0.598,0,0,0,0,-1.037
1619610768964,0.602,0,0,0,0,-1.039
1619610768984,0.616,0,0,0,0,-1.031
1619610769004,0.578,0,0,0,0,-1.046
1619610769025,0.605,0,0,0,0,-1.063
1619610769044,0.602,0,0,0,0,-1.085
1619610769064,0.602,0,0,0,0,-1.085
1619610769084,0.598,0,0,0,0,-1.078
1619610769104,0.595,0,0,0,0,-1.057
1619610769126,0.605,0,0,0,0,-1.061
1619610769144,0.616,0,0,0,0,-1.126
1619610769164,0.581,0,0,0,0,-1.123
1619610769184,0.581,0,0,0,0,-1.113
1619610769204,0.602,0,0,0,0,-1.116
1619610769224,0.602,0,0,0,0,-1.079
1619610769244,0.602,0,0,0,0,-1.043
1619610769264,0.598,0,0,0,0,-1.025
1619610769284,0.626,0,0,0,0,-1.028
1619610769304,0.578,0,0,0,0,-1.047
1619610769324,0.598,0,0,0,0,-1.073
1619610769344,0.598,0,0,0,0,-1.073
1619610769364,0.595,0,0,0,0,-1.043
1619610769384,0.602,0,0,0,0,-1.033
1619610769404,0.598,0,0,0,0,-1.041
1619610769425,0.602,0,0,0,0,-1.034
1619610769444,0.595,0,0,0,0,-1.043
1619610769464,0.595,0,0,0,0,-1.05
1619610769484,0.598,0,0,0,0,-1.062
1619610769504,0.595,0,0,0,0,-1.092
1619610769524,0.595,0,0,0,0,-1.1
1619610769544,0.595,0,0,0,0,-1.116
1619610769564,0.592,0,0,0,0,-1.121
1619610769584,0.595,0,0,0,0,-1.104
1619610769604,0.595,0,0,0,0,-1.104
1619610769624,0.602,0,0,0,0,-1.068
1619610769644,0.592,0,0,0,0,-1.047
1619610769664,0.602,0,0,0,0,-1.037
1619610769684,0.602,0,0,0,0,-1.006
1619610769704,0.585,0,0,0,0,-1.02
1619610769724,0.602,0,0,0,0,-1.051
1619610769744,0.602,0,0,0,0,-1.075
1619610769764,0.595,0,0,0,0,-1.1
1619610769784,0.605,0,0,0,0,-1.119
1619610769804,0.612,0,0,0,0,-1.069
1619610769824,0.585,0,0,0,0,-1
1619610769844,0.602,0,0,0,0,-1.004
1619610769864,0.602,0,0,0,0,-1.004
1619610769884,0.598,0,0,0,0,-1.018
1619610769904,0.602,0,0,0,0,-1.03
1619610769924,0.595,0,0,0,0,-1.044
1619610769944,0.598,0,0,0,0,-1.074
1619610769964,0.609,0,0,0,0,-1.069
1619610769984,0.581,0,0,0,0,-1.075
1619610770004,0.598,0,0,0,0,-1.093
1619610770024,0.592,0,0,0,0,-1.085
1619610770044,0.595,0,0,0,0,-1.076
1619610770064,0.598,0,0,0,0,-1.06
1619610770084,0.592,0,0,0,0,-1.081
1619610770104,0.612,0,0,0,0,-1.131
1619610770124,0.571,0,0,0,0,-1.122
1619610770144,0.595,0,0,0,0,-1.082
1619610770164,0.595,0,0,0,0,-1.082
1619610770184,0.595,0,0,0,0,-1.102
1619610770204,0.602,0,0,0,0,-1.058
1619610770224,0.602,0,0,0,0,-1.044
1619610770244,0.602,0,0,0,0,-1.054
1619610770264,0.619,0,0,0,0,-1.044
1619610770284,0.575,0,0,0,0,-1.057
1619610770304,0.598,0,0,0,0,-1.083
1619610770324,0.602,0,0,0,0,-1.086
1619610770344,0.602,0,0,0,0,-1.062
1619610770364,0.602,0,0,0,0,-1.032
1619610770384,0.602,0,0,0,0,-1.007
1619610770404,0.598,0,0,0,0,-1.009
1619610770424,0.598,0,0,0,0,-1.009
1619610770444,0.605,0,0,0,0,-0.97
1619610770464,0.602,0,0,0,0,-0.943
1619610770484,0.598,0,0,0,0,-0.967
1619610770504,0.602,0,0,0,0,-0.982
1619610770524,0.605,0,0,0,0,-0.975
1619610770544,0.598,0,0,0,0,-0.962
1619610770564,0.598,0,0,0,0,-0.969
1619610770584,0.605,0,0,0,0,-0.979
1619610770604,0.598,0,0,0,0,-0.998
1619610770624,0.598,0,0,0,0,-1.007
1619610770644,0.605,0,0,0,0,-1.014
1619610770664,0.588,0,0,0,0,-1.025
1619610770684,0.588,0,0,0,0,-1.025
1619610770704,0.602,0,0,0,0,-1.052
1619610770724,0.598,0,0,0,0,-1.058
1619610770744,0.592,0,0,0,0,-1.043
1619610770764,0.595,0,0,0,0,-1.055
1619610770784,0.609,0,0,0,0,-1.045
1619610770804,0.585,0,0,0,0,-1.043
1619610770824,0.595,0,0,0,0,-1.06
1619610770844,0.598,0,0,0,0,-1.05
1619610770864,0.605,0,0,0,0,-1.032
1619610770884,0.602,0,0,0,0,-1.03
1619610770904,0.598,0,0,0,0,-1.02
1619610770924,0.602,0,0,0,0,-1.043
1619610770954,0.585,0,0,0,0,-1.046
1619610770964,0.598,0,0,0,0,-1.021
1619610770984,0.598,0,0,0,0,-1.021
1619610771004,0.602,0,0,0,0,-1.034
1619610771024,0.595,0,0,0,0,-1.023
1619610771045,0.598,0,0,0,0,-1.013
1619610771064,0.598,0,0,0,0,-1.003
1619610771084,0.598,0,0,0,0,-1.007
1619610771104,0.609,0,0,0,0,-1.051
1619610771124,0.571,0,0,0,0,-1.049
1619610771145,0.598,0,0,0,0,-1.014
1619610771164,0.598,0,0,0,0,-0.984
1619610771184,0.602,0,0,0,0,-0.984
1619610771204,0.598,0,0,0,0,-1.008
1619610771224,0.595,0,0,0,0,-1.011
1619610771244,0.616,0,0,0,0,-1.056
1619610771264,0.616,0,0,0,0,-1.056
1619610771284,0.578,0,0,0,0,-1.055
1619610771304,0.605,0,0,0,0,-1.011
1619610771324,0.602,0,0,0,0,-0.985
1619610771345,0.595,0,0,0,0,-0.979
1619610771364,0.598,0,0,0,0,-0.982
1619610771384,0.602,0,0,0,0,-1.013
1619610771404,0.605,0,0,0,0,-0.998
1619610771424,0.598,0,0,0,0,-1.002
1619610771445,0.602,0,0,0,0,-1.031
1619610771464,0.595,0,0,0,0,-1.065
1619610771484,0.602,0,0,0,0,-1.05
1619610771504,0.602,0,0,0,0,-1.015
1619610771524,0.602,0,0,0,0,-1.015
1619610771544,0.595,0,0,0,0,-1.025
1619610771564,0.598,0,0,0,0,-1.08
1619610771584,0.598,0,0,0,0,-1.082
1619610771604,0.595,0,0,0,0,-1.08
1619610771624,0.592,0,0,0,0,-1.059
1619610771645,0.598,0,0,0,0,-1.039
1619610771664,0.588,0,0,0,0,-1.046
1619610771684,0.598,0,0,0,0,-1.056
1619610771704,0.595,0,0,0,0,-1.058
1619610771724,0.598,0,0,0,0,-1.055
1619610771745,0.595,0,0,0,0,-1.05
1619610771764,0.612,0,0,0,0,-1.073
1619610771784,0.612,0,0,0,0,-1.073
1619610771804,0.585,0,0,0,0,-1.076
1619610771824,0.595,0,0,0,0,-1.077
1619610771844,0.595,0,0,0,0,-1.11
1619610771864,0.602,0,0,0,0,-1.119
1619610771884,0.598,0,0,0,0,-1.115
1619610771904,0.602,0,0,0,0,-1.147
1619610771924,0.612,0,0,0,0,-1.139
1619610771944,0.581,0,0,0,0,-1.098
1619610771964,0.605,0,0,0,0,-1.103
1619610771984,0.605,0,0,0,0,-1.077
1619610772004,0.585,0,0,0,0,-1.052
1619610772024,0.598,0,0,0,0,-1.021
1619610772044,0.602,0,0,0,0,-1.015
1619610772064,0.619,0,0,0,0,-1.014
1619610772084,0.619,0,0,0,0,-1.014
1619610772104,0.581,0,0,0,0,-1.024
1619610772124,0.595,0,0,0,0,-1.044
1619610772144,0.602,0,0,0,0,-1.047
1619610772164,0.598,0,0,0,0,-1.055
1619610772184,0.598,0,0,0,0,-1.075
1619610772204,0.619,0,0,0,0,-1.031
1619610772224,0.575,0,0,0,0,-1.006
1619610772244,0.588,0,0,0,0,-1.022
1619610772264,0.598,0,0,0,0,-1.042
1619610772284,0.602,0,0,0,0,-1.028
1619610772304,0.595,0,0,0,0,-1
1619610772324,0.598,0,0,0,0,-1.025
1619610772344,0.598,0,0,0,0,-1.025
1619610772364,0.598,0,0,0,0,-1.026
1619610772384,0.602,0,0,0,0,-0.999
1619610772404,0.595,0,0,0,0,-0.997
1619610772424,0.595,0,0,0,0,-1.006
1619610772444,0.598,0,0,0,0,-1.06
1619610772464,0.605,0,0,0,0,-1.116
1619610772484,0.592,0,0,0,0,-1.09
1619610772504,0.592,0,0,0,0,-1.058
1619610772524,0.598,0,0,0,0,-1.07
1619610772544,0.598,0,0,0,0,-1.047
1619610772564,0.605,0,0,0,0,-1.026
1619610772584,0.602,0,0,0,0,-1.043
1619610772604,0.602,0,0,0,0,-1.043
