1619609185284,0.183,0,0,0,0,0.708
1619609185304,0.2,0,0,0,0,0.708
1619609185324,0.2,0,0,0,0,0.708
1619609185343,0.2,0,0,0,0,0.708
1619609185364,0.2,0,0,0,0,0.708
1619609185383,0.197,0,0,0,0,0.708
1619609185404,0.197,0,0,0,0,0.708
1619609185424,0.2,0,0,0,0,0.708
1619609185443,0.197,0,0,0,0,0.708
1619609185463,0.204,0,0,0,0,0.708
1619609185483,0.193,0,0,0,0,0.708
1619609185503,0.193,0,0,0,0,0.708
1619609185523,0.2,0,0,0,0,0.708
1619609185544,0.2,0,0,0,0,0.708
1619609185564,0.2,0,0,0,0,0.708
1619609185584,0.197,0,0,0,0,0.708
1619609185604,0.197,0,0,0,0,0.708
1619609185624,0.2,0,0,0,0,0.708
1619609185644,0.207,0,0,0,0,0.708
1619609185664,0.19,0,0,0,0,0.708
1619609185684,0.2,0,0,0,0,0.708
1619609185704,0.2,0,0,0,0,0.708
1619609185724,0.2,0,0,0,0,0.708
1619609185743,0.2,0,0,0,0,0.708
1619609185764,0.197,0,0,0,0,0.708
1619609185784,0.2,0,0,0,0,0.708
1619609185804,0.2,0,0,0,0,0.708
1619609185824,0.197,0,0,0,0,0.708
1619609185843,0.204,0,0,0,0,0.708
1619609185863,0.19,0,0,0,0,0.708
1619609185884,0.2,0,0,0,0,0.708
1619609185904,0.193,0,0,0,0,0.708
1619609185924,0.193,0,0,0,0,0.708
1619609185943,0.2,0,0,0,0,0.708
1619609185964,0.197,0,0,0,0,0.708
1619609185984,0.2,0,0,0,0,0.708
1619609186004,0.2,0,0,0,0,0.708
1619609186024,0.2,0,0,0,0,0.708
1619609186043,0.2,0,0,0,0,0.708
1619609186063,0.197,0,0,0,0,0.708
1619609186083,0.197,0,0,0,0,0.708
1619609186103,0.187,0,0,0,0,0.708
1619609186123,0.2,0,0,0,0,0.708
1619609186143,0.2,0,0,0,0,0.708
1619609186163,0.197,0,0,0,0,0.708
1619609186184,0.197,0,0,0,0,0.708
1619609186203,0.2,0,0,0,0,0.708
1619609186224,0.193,0,0,0,0,0.708
1619609186244,0.197,0,0,0,0,0.708
1619609186263,0.2,0,0,0,0,0.708
1619609186283,0.2,0,0,0,0,0.708
1619609186314,0.197,0,0,0,0,0.708
1619609186323,0.2,0,0,0,0,0.708
1619609186344,0.197,0,0,0,0,0.708
1619609186363,0.2,0,0,0,0,0.708
1619609186383,0.197,0,0,0,0,0.708
1619609186404,0.19,0,0,0,0,0.708
1619609186423,0.2,0,0,0,0,0.708
1619609186443,0.2,0,0,0,0,0.708
1619609186463,0.204,0,0,0,0,0.708
1619609186483,0.2,0,0,0,0,0.708
1619609186505,0.2,0,0,0,0,0.708
1619609186524,0.2,0,0,0,0,0.708
1619609186544,0.197,0,0,0,0,0.708
1619609186564,0.204,0,0,0,0,0.708
1619609186584,0.193,0,0,0,0,0.708
1619609186604,0.204,0,0,0,0,0.708
1619609186624,0.197,0,0,0,0,0.708
1619609186644,0.2,0,0,0,0,0.708
1619609186664,0.19,0,0,0,0,0.708
1619609186683,0.2,0,0,0,0,0.708
1619609186704,0.2,0,0,0,0,0.708
1619609186723,0.197,0,0,0,0,0.708
1619609186744,0.204,0,0,0,0,0.708
1619609186764,0.19,0,0,0,0,0.708
1619609186784,0.2,0,0,0,0,0.708
1619609186804,0.2,0,0,0,0,0.708
1619609186823,0.197,0,0,0,0,0.708
1619609186843,0.197,0,0,0,0,0.708
1619609186864,0.204,0,0,0,0,0.708
1619609186884,0.2,0,0,0,0,0.708
1619609186906,0.2,0,0,0,0,0.708
1619609186924,0.211,0,0,0,0,0.708
1619609186943,0.183,0,0,0,0,0.708
1619609186964,0.197,0,0,0,0,0.708
1619609186984,0.193,0,0,0,0,0.708
1619609187006,0.197,0,0,0,0,0.708
1619609187023,0.193,0,0,0,0,0.708
1619609187043,0.197,0,0,0,0,0.708
1619609187063,0.197,0,0,0,0,0.708
1619609187084,0.2,0,0,0,0,0.708
1619609187104,0.193,0,0,0,0,0.708
1619609187124,0.2,0,0,0,0,0.708
1619609187143,0.2,0,0,0,0,0.708
1619609187163,0.19,0,0,0,0,0.708
1619609187183,0.204,0,0,0,0,0.708
1619609187204,0.197,0,0,0,0,0.708
1619609187224,0.204,0,0,0,0,0.708
1619609187244,0.197,0,0,0,0,0.708
1619609187264,0.2,0,0,0,0,0.708
1619609187283,0.197,0,0,0,0,0.708
1619609187304,0.2,0,0,0,0,0.708
1619609187324,0.2,0,0,0,0,0.708
1619609187343,0.197,0,0,0,0,0.708
1619609187363,0.197,0,0,0,0,0.708
1619609187383,0.19,0,0,0,0,0.708
1619609187403,0.2,0,0,0,0,0.708
1619609187423,0.2,0,0,0,0,0.708
1619609187443,0.204,0,0,0,0,0.708
1619609187464,0.19,0,0,0,0,0.708
1619609187483,0.2,0,0,0,0,0.708
1619609187504,0.2,0,0,0,0,0.708
1619609187523,0.2,0,0,0,0,0.708
1619609187543,0.2,0,0,0,0,0.708
1619609187563,0.204,0,0,0,0,0.708
1619609187584,0.193,0,0,0,0,0.708
1619609187603,0.204,0,0,0,0,0.708
1619609187623,0.2,0,0,0,0,0.708
1619609187643,0.204,0,0,0,0,0.708
1619609187664,0.183,0,0,0,0,0.708
1619609187684,0.197,0,0,0,0,0.708
1619609187704,0.2,0,0,0,0,0.708
1619609187724,0.2,0,0,0,0,0.708
1619609187743,0.197,0,0,0,0,0.708
1619609187764,0.197,0,0,0,0,0.708
1619609187784,0.204,0,0,0,0,0.708
1619609187804,0.197,0,0,0,0,0.708
1619609187823,0.207,0,0,0,0,0.708
1619609187843,0.187,0,0,0,0,0.708
1619609187864,0.187,0,0,0,0,0.708
1619609187884,0.197,0,0,0,0,0.708
1619609187903,0.2,0,0,0,0,0.708
1619609187924,0.197,0,0,0,0,0.708
1619609187944,0.2,0,0,0,0,0.708
1619609187964,0.204,0,0,0,0,0.708
1619609187983,0.197,0,0,0,0,0.708
1619609188004,0.204,0,0,0,0,0.708
1619609188023,0.187,0,0,0,0,0.708
1619609188043,0.2,0,0,0,0,0.708
1619609188063,0.2,0,0,0,0,0.708
1619609188083,0.197,0,0,0,0,0.708
1619609188103,0.197,0,0,0,0,0.708
1619609188124,0.197,0,0,0,0,0.708
1619609188143,0.2,0,0,0,0,0.708
1619609188163,0.193,0,0,0,0,0.708
1619609188183,0.2,0,0,0,0,0.708
1619609188203,0.2,0,0,0,0,0.708
1619609188223,0.197,0,0,0,0,0.708
1619609188244,0.2,0,0,0,0,0.708
1619609188263,0.197,0,0,0,0,0.708
1619609188283,0.193,0,0,0,0,0.708
1619609188303,0.2,0,0,0,0,0.708
1619609188323,0.197,0,0,0,0,0.708
1619609188344,0.207,0,0,0,0,0.708
1619609188363,0.197,0,0,0,0,0.708
1619609188383,0.204,0,0,0,0,0.708
1619609188403,0.204,0,0,0,0,0.708
1619609188423,0.204,0,0,0,0,0.708
1619609188444,0.197,0,0,0,0,0.708
1619609188464,0.204,0,0,0,0,0.708
1619609188484,0.193,0,0,0,0,0.708
1619609188504,0.197,0,0,0,0,0.708
1619609188524,0.204,0,0,0,0,0.708
1619609188544,0.187,0,0,0,0,0.708
1619609188564,0.187,0,0,0,0,0.708
1619609188583,0.193,0,0,0,0,0.708
1619609188604,0.197,0,0,0,0,0.708
1619609188624,0.197,0,0,0,0,0.708
1619609188644,0.197,0,0,0,0,0.708
1619609188664,0.2,0,0,0,0,0.708
1619609188684,0.193,0,0,0,0,0.708
1619609188703,0.193,0,0,0,0,0.708
1619609188734,0.207,0,0,0,0,0.708
1619609188744,0.187,0,0,0,0,0.708
1619609188763,0.2,0,0,0,0,0.708
1619609188784,0.197,0,0,0,0,0.708
1619609188803,0.2,0,0,0,0,0.708
1619609188824,0.197,0,0,0,0,0.708
1619609188843,0.204,0,0,0,0,0.708
1619609188863,0.19,0,0,0,0,0.708
1619609188883,0.2,0,0,0,0,0.708
1619609188904,0.207,0,0,0,0,0.708
1619609188924,0.207,0,0,0,0,0.708
1619609188944,0.19,0,0,0,0,0.708
1619609188963,0.204,0,0,0,0,0.708
1619609188983,0.2,0,0,0,0,0.708
1619609189003,0.197,0,0,0,0,0.708
1619609189024,0.197,0,0,0,0,0.708
1619609189043,0.197,0,0,0,0,0.708
1619609189064,0.2,0,0,0,0,0.708
1619609189083,0.211,0,0,0,0,0.708
1619609189103,0.183,0,0,0,0,0.708
1619609189124,0.19,0,0,0,0,0.708
1619609189144,0.2,0,0,0,0,0.708
1619609189164,0.197,0,0,0,0,0.708
1619609189184,0.2,0,0,0,0,0.708
1619609189203,0.204,0,0,0,0,0.708
1619609189225,0.2,0,0,0,0,0.708
1619609189244,0.204,0,0,0,0,0.708
1619609189264,0.204,0,0,0,0,0.708
1619609189283,0.2,0,0,0,0,0.708
1619609189303,0.2,0,0,0,0,0.708
1619609189325,0.197,0,0,0,0,0.708
1619609189344,0.2,0,0,0,0,0.708
1619609189363,0.197,0,0,0,0,0.708
1619609189384,0.197,0,0,0,0,0.708
1619609189404,0.197,0,0,0,0,0.708
1619609189424,0.2,0,0,0,0,0.708
1619609189444,0.197,0,0,0,0,0.708
1619609189463,0.197,0,0,0,0,0.708
1619609189483,0.2,0,0,0,0,0.708
1619609189503,0.2,0,0,0,0,0.708
1619609189524,0.197,0,0,0,0,0.708
1619609189544,0.2,0,0,0,0,0.708
1619609189564,0.2,0,0,0,0,0.708
1619609189584,0.2,0,0,0,0,0.708
1619609189604,0.2,0,0,0,0,0.708
1619609189624,0.2,0,0,0,0,0.708
1619609189644,0.197,0,0,0,0,0.708
1619609189663,0.2,0,0,0,0,0.708
1619609189683,0.197,0,0,0,0,0.708
1619609189704,0.197,0,0,0,0,0.708
1619609189724,0.2,0,0,0,0,0.708
1619609189744,0.2,0,0,0,0,0.708
1619609189764,0.193,0,0,0,0,0.708
1619609189783,0.197,0,0,0,0,0.708
1619609189804,0.197,0,0,0,0,0.708
1619609189823,0.187,0,0,0,0,0.708
1619609189843,0.19,0,0,0,0,0.708
1619609189863,0.2,0,0,0,0,0.708
1619609189883,0.197,0,0,0,0,0.708
1619609189903,0.197,0,0,0,0,0.708
1619609189923,0.2,0,0,0,0,0.708
1619609189943,0.2,0,0,0,0,0.708
1619609189963,0.197,0,0,0,0,0.708
1619609189984,0.207,0,0,0,0,0.708
1619609190003,0.207,0,0,0,0,0.708
1619609190023,0.193,0,0,0,0,0.708
1619609190043,0.2,0,0,0,0,0.708
1619609190063,0.204,0,0,0,0,0.708
1619609190083,0.2,0,0,0,0,0.708
1619609190103,0.2,0,0,0,0,0.708
1619609190123,0.2,0,0,0,0,0.708
1619609190144,0.2,0,0,0,0,0.708
1619609190164,0.204,0,0,0,0,0.708
1619609190184,0.204,0,0,0,0,0.708
1619609190204,0.197,0,0,0,0,0.708
1619609190224,0.2,0,0,0,0,0.708
1619609190244,0.2,0,0,0,0,0.708
1619609190264,0.193,0,0,0,0,0.708
1619609190283,0.197,0,0,0,0,0.708
1619609190303,0.197,0,0,0,0,0.708
1619609190323,0.204,0,0,0,0,0.708
1619609190343,0.204,0,0,0,0,0.708
1619609190363,0.197,0,0,0,0,0.708
1619609190383,0.197,0,0,0,0,0.708
1619609190403,0.2,0,0,0,0,0.708
1619609190424,0.2,0,0,0,0,0.708
1619609190443,0.193,0,0,0,0,0.708
1619609190463,0.204,0,0,0,0,0.708
1619609190484,0.204,0,0,0,0,0.708
1619609190503,0.2,0,0,0,0,0.708
1619609190523,0.204,0,0,0,0,0.708
1619609190543,0.19,0,0,0,0,0.708
1619609190564,0.193,0,0,0,0,0.708
1619609190583,0.2,0,0,0,0,0.708
1619609190603,0.197,0,0,0,0,0.708
1619609190623,0.197,0,0,0,0,0.708
1619609190643,0.197,0,0,0,0,0.708
1619609190663,0.204,0,0,0,0,0.708
1619609190683,0.187,0,0,0,0,0.708
1619609190703,0.2,0,0,0,0,0.708
1619609190723,0.2,0,0,0,0,0.708
1619609190743,0.197,0,0,0,0,0.708
1619609190764,0.2,0,0,0,0,0.708
1619609190783,0.19,0,0,0,0,0.708
1619609190803,0.197,0,0,0,0,0.708
1619609190824,0.2,0,0,0,0,0.708
1619609190843,0.2,0,0,0,0,0.708
1619609190863,0.2,0,0,0,0,0.708
1619609190883,0.197,0,0,0,0,0.708
1619609190903,0.204,0,0,0,0,0.708
1619609190923,0.19,0,0,0,0,0.708
1619609190943,0.2,0,0,0,0,0.708
1619609190963,0.2,0,0,0,0,0.708
1619609190983,0.197,0,0,0,0,0.708
1619609191003,0.204,0,0,0,0,0.708
1619609191023,0.197,0,0,0,0,0.708
1619609191054,0.2,0,0,0,0,0.708
1619609191064,0.197,0,0,0,0,0.708
1619609191083,0.204,0,0,0,0,0.708
1619609191103,0.204,0,0,0,0,0.708
1619609191123,0.19,0,0,0,0,0.708
1619609191144,0.2,0,0,0,0,0.708
1619609191164,0.193,0,0,0,0,0.708
1619609191183,0.2,0,0,0,0,0.708
1619609191203,0.197,0,0,0,0,0.708
1619609191223,0.197,0,0,0,0,0.708
1619609191245,0.197,0,0,0,0,0.708
1619609191263,0.197,0,0,0,0,0.708
1619609191283,0.2,0,0,0,0,0.708
1619609191303,0.197,0,0,0,0,0.708
1619609191323,0.2,0,0,0,0,0.708
1619609191344,0.197,0,0,0,0,0.708
1619609191364,0.2,0,0,0,0,0.708
1619609191383,0.2,0,0,0,0,0.708
1619609191403,0.197,0,0,0,0,0.708
1619609191423,0.204,0,0,0,0,0.708
1619609191445,0.204,0,0,0,0,0.708
1619609191464,0.187,0,0,0,0,0.708
1619609191483,0.197,0,0,0,0,0.708
1619609191504,0.2,0,0,0,0,0.708
1619609191523,0.197,0,0,0,0,0.708
1619609191544,0.2,0,0,0,0,0.708
1619609191564,0.197,0,0,0,0,0.708
1619609191583,0.197,0,0,0,0,0.708
1619609191603,0.2,0,0,0,0,0.708
1619609191623,0.2,0,0,0,0,0.708
1619609191656,0.19,0,0,0,0,0.708
1619609191663,0.2,0,0,0,0,0.708
1619609191683,0.204,0,0,0,0,0.708
1619609191704,0.197,0,0,0,0,0.708
1619609191724,0.204,0,0,0,0,0.708
1619609191744,0.197,0,0,0,0,0.708
1619609191764,0.2,0,0,0,0,0.708
1619609191783,0.193,0,0,0,0,0.708
1619609191804,0.207,0,0,0,0,0.708
1619609191823,0.207,0,0,0,0,0.708
1619609191844,0.197,0,0,0,0,0.708
1619609191864,0.19,0,0,0,0,0.708
1619609191884,0.204,0,0,0,0,0.708
1619609191903,0.197,0,0,0,0,0.708
1619609191923,0.204,0,0,0,0,0.708
1619609191944,0.197,0,0,0,0,0.708
1619609191963,0.204,0,0,0,0,0.708
1619609191984,0.204,0,0,0,0,0.708
1619609192003,0.2,0,0,0,0,0.708
1619609192023,0.197,0,0,0,0,0.708
1619609192043,0.19,0,0,0,0,0.708
1619609192063,0.2,0,0,0,0,0.708
1619609192084,0.197,0,0,0,0,0.708
1619609192103,0.2,0,0,0,0,0.708
1619609192123,0.2,0,0,0,0,0.708
1619609192143,0.2,0,0,0,0,0.708
1619609192163,0.197,0,0,0,0,0.708
1619609192184,0.197,0,0,0,0,0.708
1619609192204,0.204,0,0,0,0,0.708
1619609192223,0.193,0,0,0,0,0.708
1619609192243,0.197,0,0,0,0,0.708
1619609192263,0.2,0,0,0,0,0.708
1619609192283,0.207,0,0,0,0,0.708
1619609192303,0.193,0,0,0,0,0.708
1619609192323,0.2,0,0,0,0,0.708
1619609192343,0.197,0,0,0,0,0.708
1619609192363,0.2,0,0,0,0,0.708
1619609192384,0.193,0,0,0,0,0.708
1619609192403,0.197,0,0,0,0,0.708
1619609192424,0.197,0,0,0,0,0.708
1619609192444,0.2,0,0,0,0,0.708
1619609192463,0.197,0,0,0,0,0.708
1619609192484,0.197,0,0,0,0,0.708
1619609192503,0.2,0,0,0,0,0.708
1619609192524,0.2,0,0,0,0,0.708
1619609192543,0.197,0,0,0,0,0.708
1619609192563,0.197,0,0,0,0,0.708
1619609192583,0.2,0,0,0,0,0.708
1619609192603,0.197,0,0,0,0,0.708
1619609192623,0.197,0,0,0,0,0.708
1619609192643,0.2,0,0,0,0,0.708
1619609192663,0.197,0,0,0,0,0.708
1619609192683,0.2,0,0,0,0,0.708
1619609192703,0.204,0,0,0,0,0.708
1619609192723,0.2,0,0,0,0,0.708
1619609192743,0.197,0,0,0,0,0.708
1619609192764,0.197,0,0,0,0,0.708
1619609192784,0.204,0,0,0,0,0.708
1619609192803,0.197,0,0,0,0,0.708
1619609192824,0.197,0,0,0,0,0.708
1619609192843,0.193,0,0,0,0,0.708
1619609192864,0.2,0,0,0,0,0.708
1619609192884,0.2,0,0,0,0,0.708
1619609192904,0.2,0,0,0,0,0.708
1619609192923,0.2,0,0,0,0,0.708
1619609192943,0.19,0,0,0,0,0.708
1619609192963,0.197,0,0,0,0,0.708
1619609192983,0.197,0,0,0,0,0.708
1619609193003,0.193,0,0,0,0,0.708
1619609193023,0.197,0,0,0,0,0.708
1619609193043,0.197,0,0,0,0,0.708
1619609193064,0.2,0,0,0,0,0.708
1619609193083,0.2,0,0,0,0,0.708
1619609193104,0.2,0,0,0,0,0.708
1619609193123,0.187,0,0,0,0,0.708
1619609193143,0.2,0,0,0,0,0.708
1619609193163,0.193,0,0,0,0,0.708
1619609193183,0.2,0,0,0,0,0.708
1619609193204,0.2,0,0,0,0,0.708
1619609193223,0.2,0,0,0,0,0.708
1619609193243,0.197,0,0,0,0,0.708
1619609193274,0.197,0,0,0,0,0.708
1619609193283,0.2,0,0,0,0,0.708
1619609193303,0.2,0,0,0,0,0.708
1619609193324,0.187,0,0,0,0,0.708
1619609193343,0.197,0,0,0,0,0.708
1619609193364,0.193,0,0,0,0,0.708
1619609193383,0.197,0,0,0,0,0.708
1619609193404,0.19,0,0,0,0,0.708
1619609193423,0.2,0,0,0,0,0.708
1619609193444,0.204,0,0,0,0,0.708
1619609193465,0.197,0,0,0,0,0.708
1619609193483,0.207,0,0,0,0,0.708
1619609193504,0.204,0,0,0,0,0.708
1619609193523,0.197,0,0,0,0,0.708
1619609193543,0.204,0,0,0,0,0.708
1619609193564,0.197,0,0,0,0,0.708
1619609193584,0.193,0,0,0,0,0.708
1619609193604,0.193,0,0,0,0,0.708
1619609193624,0.2,0,0,0,0,0.708
1619609193643,0.207,0,0,0,0,0.708
1619609193664,0.193,0,0,0,0,0.708
1619609193684,0.2,0,0,0,0,0.708
1619609193703,0.2,0,0,0,0,0.708
1619609193723,0.2,0,0,0,0,0.708
1619609193743,0.2,0,0,0,0,0.708
1619609193764,0.2,0,0,0,0,0.708
1619609193784,0.193,0,0,0,0,0.708
1619609193804,0.204,0,0,0,0,0.708
1619609193823,0.197,0,0,0,0,0.708
1619609193844,0.19,0,0,0,0,0.708
1619609193865,0.197,0,0,0,0,0.708
1619609193884,0.197,0,0,0,0,0.708
1619609193904,0.2,0,0,0,0,0.708
1619609193923,0.197,0,0,0,0,0.708
1619609193943,0.2,0,0,0,0,0.708
1619609193964,0.2,0,0,0,0,0.708
1619609193983,0.197,0,0,0,0,0.708
1619609194003,0.204,0,0,0,0,0.708
1619609194024,0.2,0,0,0,0,0.708
1619609194043,0.197,0,0,0,0,0.708
1619609194064,0.197,0,0,0,0,0.708
1619609194084,0.193,0,0,0,0,0.708
1619609194104,0.197,0,0,0,0,0.708
1619609194123,0.2,0,0,0,0,0.708
1619609194143,0.193,0,0,0,0,0.708
1619609194165,0.197,0,0,0,0,0.708
1619609194184,0.2,0,0,0,0,0.708
1619609194203,0.2,0,0,0,0,0.708
1619609194223,0.183,0,0,0,0,0.708
1619609194243,0.2,0,0,0,0,0.708
1619609194264,0.197,0,0,0,0,0.708
1619609194283,0.193,0,0,0,0,0.708
1619609194304,0.2,0,0,0,0,0.708
1619609194324,0.2,0,0,0,0,0.708
1619609194343,0.2,0,0,0,0,0.708
1619609194364,0.2,0,0,0,0,0.708
1619609194383,0.204,0,0,0,0,0.708
1619609194404,0.187,0,0,0,0,0.708
1619609194423,0.197,0,0,0,0,0.708
1619609194444,0.197,0,0,0,0,0.708
1619609194463,0.197,0,0,0,0,0.708
1619609194483,0.204,0,0,0,0,0.708
1619609194503,0.2,0,0,0,0,0.708
1619609194524,0.2,0,0,0,0,0.708
1619609194543,0.207,0,0,0,0,0.708
1619609194563,0.2,0,0,0,0,0.708
1619609194583,0.204,0,0,0,0,0.708
1619609194603,0.197,0,0,0,0,0.708
1619609194623,0.193,0,0,0,0,0.708
1619609194643,0.2,0,0,0,0,0.708
1619609194664,0.2,0,0,0,0,0.708
1619609194683,0.204,0,0,0,0,0.708
1619609194703,0.197,0,0,0,0,0.708
1619609194723,0.204,0,0,0,0,0.708
1619609194743,0.193,0,0,0,0,0.708
1619609194764,0.2,0,0,0,0,0.708
1619609194784,0.197,0,0,0,0,0.708
1619609194803,0.2,0,0,0,0,0.708
1619609194823,0.197,0,0,0,0,0.708
1619609194843,0.2,0,0,0,0,0.708
1619609194863,0.193,0,0,0,0,0.708
1619609194883,0.197,0,0,0,0,0.708
1619609194903,0.204,0,0,0,0,0.708
1619609194923,0.187,0,0,0,0,0.708
1619609194943,0.2,0,0,0,0,0.708
1619609194964,0.197,0,0,0,0,0.708
1619609194984,0.2,0,0,0,0,0.708
1619609195004,0.197,0,0,0,0,0.708
1619609195023,0.197,0,0,0,0,0.708
1619609195043,0.197,0,0,0,0,0.708
1619609195063,0.197,0,0,0,0,0.708
1619609195083,0.193,0,0,0,0,0.708
1619609195103,0.204,0,0,0,0,0.708
1619609195124,0.183,0,0,0,0,0.708
1619609195143,0.2,0,0,0,0,0.708
1619609195163,0.2,0,0,0,0,0.708
1619609195183,0.204,0,0,0,0,0.708
1619609195204,0.204,0,0,0,0,0.708
1619609195224,0.197,0,0,0,0,0.708
1619609195244,0.2,0,0,0,0,0.708
1619609195264,0.197,0,0,0,0,0.708
1619609195284,0.207,0,0,0,0,0.708
1619609195304,0.187,0,0,0,0,0.708
1619609195324,0.2,0,0,0,0,0.708
1619609195344,0.2,0,0,0,0,0.708
1619609195363,0.193,0,0,0,0,0.708
1619609195383,0.193,0,0,0,0,0.708
1619609195404,0.197,0,0,0,0,0.708
1619609195424,0.204,0,0,0,0,0.708
1619609195443,0.197,0,0,0,0,0.708
1619609195464,0.197,0,0,0,0,0.708
1619609195484,0.2,0,0,0,0,0.708
1619609195503,0.197,0,0,0,0,0.708
1619609195523,0.197,0,0,0,0,0.708
1619609195543,0.193,0,0,0,0,0.708
1619609195563,0.2,0,0,0,0,0.708
1619609195584,0.2,0,0,0,0,0.708
1619609195604,0.2,0,0,0,0,0.708
1619609195623,0.204,0,0,0,0,0.708
1619609195643,0.2,0,0,0,0,0.708
1619609195664,0.197,0,0,0,0,0.708
1619609195684,0.197,0,0,0,0,0.708
1619609195704,0.2,0,0,0,0,0.708
1619609195723,0.2,0,0,0,0,0.708
1619609195743,0.2,0,0,0,0,0.708
1619609195763,0.193,0,0,0,0,0.708
1619609195784,0.197,0,0,0,0,0.708
1619609195804,0.2,0,0,0,0,0.708
1619609195824,0.197,0,0,0,0,0.708
1619609195843,0.19,0,0,0,0,0.708
1619609195863,0.197,0,0,0,0,0.708
1619609195884,0.2,0,0,0,0,0.708
1619609195904,0.197,0,0,0,0,0.708
1619609195924,0.204,0,0,0,0,0.708
1619609195943,0.2,0,0,0,0,0.708
1619609195963,0.2,0,0,0,0,0.708
1619609195984,0.2,0,0,0,0,0.708
1619609196003,0.19,0,0,0,0,0.708
1619609196024,0.197,0,0,0,0,0.708
1619609196043,0.2,0,0,0,0,0.708
1619609196063,0.197,0,0,0,0,0.708
1619609196084,0.197,0,0,0,0,0.708
1619609196104,0.2,0,0,0,0,0.708
1619609196124,0.2,0,0,0,0,0.708
1619609196144,0.204,0,0,0,0,0.708
1619609196163,0.204,0,0,0,0,0.708
1619609196185,0.2,0,0,0,0,0.708
1619609196203,0.2,0,0,0,0,0.708
1619609196224,0.2,0,0,0,0,0.708
1619609196244,0.2,0,0,0,0,0.708
1619609196264,0.197,0,0,0,0,0.708
1619609196284,0.2,0,0,0,0,0.708
1619609196304,0.2,0,0,0,0,0.708
1619609196324,0.2,0,0,0,0,0.708
1619609196344,0.193,0,0,0,0,0.708
1619609196364,0.207,0,0,0,0,0.708
1619609196384,0.183,0,0,0,0,0.708
1619609196404,0.197,0,0,0,0,0.708
1619609196423,0.193,0,0,0,0,0.708
1619609196443,0.193,0,0,0,0,0.708
1619609196463,0.2,0,0,0,0,0.708
1619609196485,0.197,0,0,0,0,0.708
1619609196504,0.197,0,0,0,0,0.708
1619609196524,0.2,0,0,0,0,0.708
1619609196543,0.204,0,0,0,0,0.708
1619609196563,0.2,0,0,0,0,0.708
1619609196583,0.204,0,0,0,0,0.708
1619609196604,0.197,0,0,0,0,0.708
1619609196624,0.2,0,0,0,0,0.708
1619609196643,0.2,0,0,0,0,0.708
1619609196664,0.197,0,0,0,0,0.708
1619609196683,0.2,0,0,0,0,0.708
1619609196704,0.2,0,0,0,0,0.708
1619609196723,0.2,0,0,0,0,0.708
1619609196744,0.204,0,0,0,0,0.708
1619609196763,0.197,0,0,0,0,0.708
1619609196784,0.197,0,0,0,0,0.708
1619609196803,0.2,0,0,0,0,0.708
1619609196824,0.197,0,0,0,0,0.708
1619609196843,0.197,0,0,0,0,0.708
1619609196863,0.2,0,0,0,0,0.708
1619609196883,0.197,0,0,0,0,0.708
1619609196904,0.2,0,0,0,0,0.708
1619609196923,0.187,0,0,0,0,0.708
1619609196943,0.197,0,0,0,0,0.708
1619609196964,0.2,0,0,0,0,0.708
1619609196983,0.197,0,0,0,0,0.708
1619609197003,0.197,0,0,0,0,0.708
1619609197023,0.204,0,0,0,0,0.708
1619609197043,0.2,0,0,0,0,0.708
1619609197063,0.193,0,0,0,0,0.708
1619609197083,0.211,0,0,0,0,0.708
1619609197103,0.2,0,0,0,0,0.708
1619609197124,0.2,0,0,0,0,0.708
1619609197143,0.204,0,0,0,0,0.708
1619609197164,0.204,0,0,0,0,0.708
1619609197183,0.2,0,0,0,0,0.708
1619609197203,0.197,0,0,0,0,0.708
1619609197223,0.2,0,0,0,0,0.708
1619609197244,0.197,0,0,0,0,0.708
1619609197263,0.187,0,0,0,0,0.708
1619609197283,0.207,0,0,0,0,0.708
1619609197303,0.183,0,0,0,0,0.708
1619609197323,0.204,0,0,0,0,0.708
1619609197344,0.197,0,0,0,0,0.708
1619609197364,0.2,0,0,0,0,0.708
1619609197383,0.2,0,0,0,0,0.708
1619609197403,0.19,0,0,0,0,0.708
1619609197423,0.204,0,0,0,0,0.708
1619609197443,0.2,0,0,0,0,0.708
1619609197463,0.204,0,0,0,0,0.708
1619609197483,0.19,0,0,0,0,0.708
1619609197504,0.19,0,0,0,0,0.708
1619609197523,0.19,0,0,0,0,0.708
1619609197544,0.2,0,0,0,0,0.708
1619609197563,0.2,0,0,0,0,0.708
1619609197583,0.197,0,0,0,0,0.708
1619609197603,0.2,0,0,0,0,0.708
1619609197624,0.2,0,0,0,0,0.708
1619609197643,0.2,0,0,0,0,0.708
1619609197664,0.193,0,0,0,0,0.708
1619609197684,0.197,0,0,0,0,0.708
1619609197703,0.2,0,0,0,0,0.708
1619609197723,0.197,0,0,0,0,0.708
1619609197743,0.197,0,0,0,0,0.708
1619609197763,0.197,0,0,0,0,0.708
1619609197783,0.197,0,0,0,0,0.708
1619609197803,0.2,0,0,0,0,0.708
1619609197824,0.193,0,0,0,0,0.708
1619609197844,0.197,0,0,0,0,0.708
1619609197863,0.197,0,0,0,0,0.708
1619609197883,0.197,0,0,0,0,0.708
1619609197903,0.2,0,0,0,0,0.708
1619609197924,0.197,0,0,0,0,0.708
1619609197944,0.2,0,0,0,0,0.708
1619609197964,0.2,0,0,0,0,0.708
1619609197983,0.197,0,0,0,0,0.708
1619609198014,0.204,0,0,0,0,0.708
1619609198023,0.204,0,0,0,0,0.708
1619609198043,0.204,0,0,0,0,0.708
1619609198064,0.197,0,0,0,0,0.708
1619609198083,0.197,0,0,0,0,0.708
1619609198104,0.2,0,0,0,0,0.708
1619609198123,0.193,0,0,0,0,0.708
1619609198144,0.197,0,0,0,0,0.708
1619609198163,0.197,0,0,0,0,0.708
1619609198183,0.197,0,0,0,0,0.708
1619609198204,0.193,0,0,0,0,0.708
1619609198224,0.197,0,0,0,0,0.708
1619609198244,0.197,0,0,0,0,0.708
1619609198263,0.197,0,0,0,0,0.708
1619609198283,0.197,0,0,0,0,0.708
1619609198304,0.2,0,0,0,0,0.708
1619609198324,0.197,0,0,0,0,0.708
1619609198344,0.204,0,0,0,0,0.708
1619609198363,0.2,0,0,0,0,0.708
1619609198383,0.211,0,0,0,0,0.708
1619609198404,0.187,0,0,0,0,0.708
1619609198424,0.2,0,0,0,0,0.708
1619609198443,0.197,0,0,0,0,0.708
1619609198463,0.2,0,0,0,0,0.708
1619609198484,0.204,0,0,0,0,0.708
1619609198505,0.19,0,0,0,0,0.708
1619609198524,0.2,0,0,0,0,0.708
1619609198543,0.204,0,0,0,0,0.708
1619609198564,0.204,0,0,0,0,0.708
1619609198583,0.204,0,0,0,0,0.708
1619609198605,0.2,0,0,0,0,0.708
1619609198624,0.193,0,0,0,0,0.708
1619609198644,0.2,0,0,0,0,0.708
1619609198664,0.197,0,0,0,0,0.708
1619609198684,0.2,0,0,0,0,0.708
1619609198704,0.2,0,0,0,0,0.708
1619609198723,0.2,0,0,0,0,0.708
1619609198744,0.197,0,0,0,0,0.708
1619609198763,0.2,0,0,0,0,0.708
1619609198784,0.2,0,0,0,0,0.708
1619609198804,0.197,0,0,0,0,0.708
1619609198824,0.2,0,0,0,0,0.708
1619609198844,0.2,0,0,0,0,0.708
1619609198863,0.197,0,0,0,0,0.708
1619609198883,0.2,0,0,0,0,0.708
1619609198904,0.197,0,0,0,0,0.708
1619609198923,0.197,0,0,0,0,0.708
1619609198944,0.197,0,0,0,0,0.708
1619609198963,0.187,0,0,0,0,0.708
1619609198983,0.2,0,0,0,0,0.708
1619609199003,0.197,0,0,0,0,0.708
1619609199024,0.2,0,0,0,0,0.708
1619609199044,0.197,0,0,0,0,0.708
1619609199063,0.197,0,0,0,0,0.708
1619609199083,0.197,0,0,0,0,0.708
1619609199103,0.193,0,0,0,0,0.708
1619609199124,0.2,0,0,0,0,0.708
1619609199144,0.197,0,0,0,0,0.708
1619609199163,0.2,0,0,0,0,0.708
1619609199183,0.19,0,0,0,0,0.708
1619609199203,0.2,0,0,0,0,0.708
1619609199223,0.2,0,0,0,0,0.708
1619609199244,0.204,0,0,0,0,0.708
1619609199263,0.197,0,0,0,0,0.708
1619609199283,0.197,0,0,0,0,0.708
1619609199303,0.197,0,0,0,0,0.708
1619609199324,0.2,0,0,0,0,0.708
1619609199344,0.193,0,0,0,0,0.708
1619609199364,0.197,0,0,0,0,0.708
1619609199383,0.2,0,0,0,0,0.708
1619609199403,0.197,0,0,0,0,0.708
1619609199423,0.197,0,0,0,0,0.708
1619609199443,0.207,0,0,0,0,0.708
1619609199464,0.19,0,0,0,0,0.708
1619609199484,0.197,0,0,0,0,0.708
1619609199503,0.204,0,0,0,0,0.708
1619609199523,0.197,0,0,0,0,0.708
1619609199543,0.204,0,0,0,0,0.708
1619609199564,0.193,0,0,0,0,0.708
1619609199583,0.2,0,0,0,0,0.708
1619609199603,0.2,0,0,0,0,0.708
1619609199623,0.204,0,0,0,0,0.708
1619609199643,0.204,0,0,0,0,0.708
1619609199663,0.19,0,0,0,0,0.708
1619609199683,0.2,0,0,0,0,0.708
1619609199704,0.197,0,0,0,0,0.708
1619609199723,0.197,0,0,0,0,0.708
1619609199743,0.2,0,0,0,0,0.708
1619609199763,0.2,0,0,0,0,0.708
1619609199783,0.204,0,0,0,0,0.708
1619609199804,0.2,0,0,0,0,0.708
1619609199824,0.2,0,0,0,0,0.708
1619609199844,0.197,0,0,0,0,0.708
1619609199864,0.2,0,0,0,0,0.708
1619609199884,0.2,0,0,0,0,0.708
1619609199903,0.197,0,0,0,0,0.708
1619609199924,0.197,0,0,0,0,0.708
1619609199944,0.187,0,0,0,0,0.708
1619609199963,0.2,0,0,0,0,0.708
1619609199983,0.2,0,0,0,0,0.708
1619609200003,0.2,0,0,0,0,0.708
1619609200023,0.197,0,0,0,0,0.708
1619609200044,0.197,0,0,0,0,0.708
1619609200063,0.197,0,0,0,0,0.708
1619609200083,0.2,0,0,0,0,0.708
1619609200103,0.197,0,0,0,0,0.708
1619609200123,0.2,0,0,0,0,0.708
1619609200144,0.193,0,0,0,0,0.708
1619609200163,0.197,0,0,0,0,0.708
1619609200183,0.2,0,0,0,0,0.708
1619609200203,0.187,0,0,0,0,0.708
1619609200223,0.193,0,0,0,0,0.708
1619609200243,0.2,0,0,0,0,0.708
1619609200264,0.197,0,0,0,0,0.708
1619609200283,0.197,0,0,0,0,0.708
1619609200303,0.2,0,0,0,0,0.708
1619609200323,0.19,0,0,0,0,0.708
1619609200343,0.204,0,0,0,0,0.708
1619609200363,0.197,0,0,0,0,0.708
1619609200383,0.197,0,0,0,0,0.708
1619609200403,0.19,0,0,0,0,0.708
1619609200424,0.2,0,0,0,0,0.708
1619609200443,0.2,0,0,0,0,0.708
1619609200463,0.2,0,0,0,0,0.708
1619609200483,0.204,0,0,0,0,0.708
1619609200503,0.204,0,0,0,0,0.708
1619609200524,0.2,0,0,0,0,0.708
1619609200544,0.207,0,0,0,0,0.708
1619609200563,0.187,0,0,0,0,0.708
1619609200583,0.197,0,0,0,0,0.708
1619609200604,0.2,0,0,0,0,0.708
1619609200625,0.197,0,0,0,0,0.708
1619609200644,0.197,0,0,0,0,0.708
1619609200663,0.2,0,0,0,0,0.708
1619609200683,0.2,0,0,0,0,0.708
1619609200703,0.2,0,0,0,0,0.708
1619609200724,0.207,0,0,0,0,0.708
1619609200744,0.207,0,0,0,0,0.708
1619609200763,0.19,0,0,0,0,0.708
1619609200783,0.2,0,0,0,0,0.708
1619609200803,0.197,0,0,0,0,0.708
1619609200825,0.2,0,0,0,0,0.708
1619609200844,0.193,0,0,0,0,0.708
1619609200863,0.2,0,0,0,0,0.708
1619609200883,0.187,0,0,0,0,0.708
1619609200903,0.204,0,0,0,0,0.708
1619609200924,0.197,0,0,0,0,0.708
1619609200944,0.2,0,0,0,0,0.708
1619609200963,0.193,0,0,0,0,0.708
1619609200984,0.2,0,0,0,0,0.708
1619609201004,0.204,0,0,0,0,0.708
1619609201025,0.2,0,0,0,0,0.708
1619609201044,0.2,0,0,0,0,0.708
1619609201064,0.204,0,0,0,0,0.708
1619609201083,0.204,0,0,0,0,0.708
1619609201103,0.197,0,0,0,0,0.708
1619609201124,0.193,0,0,0,0,0.708
1619609201144,0.197,0,0,0,0,0.708
1619609201164,0.2,0,0,0,0,0.708
1619609201183,0.197,0,0,0,0,0.708
1619609201203,0.2,0,0,0,0,0.708
1619609201225,0.2,0,0,0,0,0.708
1619609201244,0.197,0,0,0,0,0.708
1619609201263,0.2,0,0,0,0,0.708
1619609201283,0.193,0,0,0,0,0.708
1619609201303,0.187,0,0,0,0,0.708
1619609201324,0.204,0,0,0,0,0.708
1619609201344,0.193,0,0,0,0,0.708
1619609201364,0.2,0,0,0,0,0.708
1619609201383,0.197,0,0,0,0,0.708
1619609201404,0.197,0,0,0,0,0.708
1619609201424,0.193,0,0,0,0,0.708
1619609201444,0.207,0,0,0,0,0.708
1619609201464,0.207,0,0,0,0,0.708
1619609201483,0.19,0,0,0,0,0.708
1619609201503,0.2,0,0,0,0,0.708
1619609201523,0.2,0,0,0,0,0.708
1619609201543,0.204,0,0,0,0,0.708
1619609201563,0.2,0,0,0,0,0.708
1619609201583,0.204,0,0,0,0,0.708
1619609201603,0.2,0,0,0,0,0.708
1619609201623,0.2,0,0,0,0,0.708
1619609201644,0.204,0,0,0,0,0.708
1619609201664,0.19,0,0,0,0,0.708
1619609201684,0.2,0,0,0,0,0.708
1619609201704,0.2,0,0,0,0,0.708
1619609201723,0.193,0,0,0,0,0.708
1619609201744,0.197,0,0,0,0,0.708
1619609201763,0.193,0,0,0,0,0.708
1619609201784,0.197,0,0,0,0,0.708
1619609201803,0.204,0,0,0,0,0.708
1619609201823,0.204,0,0,0,0,0.708
1619609201844,0.187,0,0,0,0,0.708
1619609201864,0.204,0,0,0,0,0.708
1619609201884,0.2,0,0,0,0,0.708
1619609201904,0.197,0,0,0,0,0.708
1619609201923,0.19,0,0,0,0,0.708
1619609201944,0.204,0,0,0,0,0.708
1619609201964,0.2,0,0,0,0,0.708
1619609201983,0.2,0,0,0,0,0.708
1619609202003,0.197,0,0,0,0,0.708
1619609202023,0.2,0,0,0,0,0.708
1619609202044,0.2,0,0,0,0,0.708
1619609202063,0.2,0,0,0,0,0.708
1619609202084,0.2,0,0,0,0,0.708
1619609202103,0.197,0,0,0,0,0.708
1619609202123,0.193,0,0,0,0,0.708
1619609202143,0.207,0,0,0,0,0.708
1619609202163,0.207,0,0,0,0,0.708
1619609202184,0.193,0,0,0,0,0.708
1619609202203,0.2,0,0,0,0,0.708
1619609202223,0.197,0,0,0,0,0.708
1619609202243,0.204,0,0,0,0,0.708
1619609202263,0.197,0,0,0,0,0.708
1619609202283,0.197,0,0,0,0,0.708
1619609202303,0.2,0,0,0,0,0.708
1619609202323,0.2,0,0,0,0,0.708
1619609202343,0.2,0,0,0,0,0.708
1619609202363,0.193,0,0,0,0,0.708
1619609202383,0.2,0,0,0,0,0.708
1619609202403,0.197,0,0,0,0,0.708
1619609202424,0.2,0,0,0,0,0.708
1619609202443,0.197,0,0,0,0,0.708
1619609202464,0.197,0,0,0,0,0.708
1619609202484,0.2,0,0,0,0,0.708
1619609202503,0.197,0,0,0,0,0.708
1619609202524,0.204,0,0,0,0,0.708
1619609202543,0.204,0,0,0,0,0.708
1619609202563,0.193,0,0,0,0,0.708
1619609202583,0.19,0,0,0,0,0.708
1619609202603,0.2,0,0,0,0,0.708
1619609202623,0.2,0,0,0,0,0.708
1619609202643,0.193,0,0,0,0,0.708
1619609202664,0.197,0,0,0,0,0.708
1619609202684,0.2,0,0,0,0,0.708
1619609202703,0.187,0,0,0,0,0.708
1619609202723,0.207,0,0,0,0,0.708
1619609202743,0.193,0,0,0,0,0.708
1619609202764,0.197,0,0,0,0,0.708
1619609202784,0.197,0,0,0,0,0.708
1619609202804,0.197,0,0,0,0,0.708
1619609202823,0.197,0,0,0,0,0.708
1619609202844,0.204,0,0,0,0,0.708
1619609202864,0.2,0,0,0,0,0.708
1619609202883,0.211,0,0,0,0,0.708
1619609202903,0.211,0,0,0,0,0.708
1619609202923,0.187,0,0,0,0,0.708
1619609202944,0.197,0,0,0,0,0.708
1619609202964,0.193,0,0,0,0,0.708
1619609202984,0.197,0,0,0,0,0.708
1619609203003,0.2,0,0,0,0,0.708
1619609203024,0.197,0,0,0,0,0.708
1619609203045,0.197,0,0,0,0,0.708
1619609203064,0.197,0,0,0,0,0.708
1619609203083,0.2,0,0,0,0,0.708
1619609203103,0.197,0,0,0,0,0.708
1619609203123,0.204,0,0,0,0,0.708
1619609203144,0.2,0,0,0,0,0.708
1619609203164,0.204,0,0,0,0,0.708
1619609203183,0.2,0,0,0,0,0.708
1619609203203,0.204,0,0,0,0,0.708
1619609203223,0.204,0,0,0,0,0.708
1619609203244,0.204,0,0,0,0,0.708
1619609203264,0.197,0,0,0,0,0.708
1619609203284,0.2,0,0,0,0,0.708
1619609203303,0.2,0,0,0,0,0.708
1619609203323,0.2,0,0,0,0,0.708
1619609203344,0.197,0,0,0,0,0.708
1619609203364,0.2,0,0,0,0,0.708
1619609203383,0.197,0,0,0,0,0.708
1619609203403,0.204,0,0,0,0,0.708
1619609203424,0.197,0,0,0,0,0.708
1619609203446,0.193,0,0,0,0,0.708
1619609203463,0.197,0,0,0,0,0.708
1619609203484,0.187,0,0,0,0,0.708
1619609203504,0.197,0,0,0,0,0.708
1619609203523,0.197,0,0,0,0,0.708
1619609203544,0.2,0,0,0,0,0.708
1619609203564,0.193,0,0,0,0,0.708
1619609203583,0.197,0,0,0,0,0.708
1619609203604,0.197,0,0,0,0,0.708
1619609203624,0.207,0,0,0,0,0.708
1619609203644,0.193,0,0,0,0,0.708
1619609203664,0.193,0,0,0,0,0.708
1619609203684,0.2,0,0,0,0,0.708
1619609203704,0.204,0,0,0,0,0.708
1619609203723,0.197,0,0,0,0,0.708
1619609203744,0.2,0,0,0,0,0.708
1619609203763,0.204,0,0,0,0,0.708
1619609203784,0.204,0,0,0,0,0.708
1619609203803,0.2,0,0,0,0,0.708
1619609203823,0.19,0,0,0,0,0.708
1619609203843,0.197,0,0,0,0,0.708
1619609203863,0.197,0,0,0,0,0.708
1619609203883,0.193,0,0,0,0,0.708
1619609203904,0.2,0,0,0,0,0.708
1619609203924,0.2,0,0,0,0,0.708
1619609203944,0.2,0,0,0,0,0.708
1619609203963,0.2,0,0,0,0,0.708
1619609203983,0.204,0,0,0,0,0.708
1619609204004,0.19,0,0,0,0,0.708
1619609204023,0.2,0,0,0,0,0.708
1619609204043,0.204,0,0,0,0,0.708
1619609204063,0.204,0,0,0,0,0.708
1619609204083,0.2,0,0,0,0,0.708
1619609204103,0.2,0,0,0,0,0.708
1619609204123,0.204,0,0,0,0,0.708
1619609204143,0.2,0,0,0,0,0.708
1619609204163,0.2,0,0,0,0,0.708
1619609204183,0.2,0,0,0,0,0.708
1619609204203,0.197,0,0,0,0,0.708
1619609204224,0.19,0,0,0,0,0.708
1619609204244,0.2,0,0,0,0,0.708
1619609204263,0.2,0,0,0,0,0.708
1619609204283,0.197,0,0,0,0,0.708
1619609204303,0.197,0,0,0,0,0.708
1619609204323,0.2,0,0,0,0,0.708
1619609204343,0.193,0,0,0,0,0.708
1619609204363,0.197,0,0,0,0,0.708
1619609204383,0.2,0,0,0,0,0.708
1619609204404,0.197,0,0,0,0,0.708
1619609204423,0.2,0,0,0,0,0.708
1619609204443,0.2,0,0,0,0,0.708
1619609204464,0.2,0,0,0,0,0.708
1619609204483,0.2,0,0,0,0,0.708
1619609204503,0.204,0,0,0,0,0.708
1619609204523,0.187,0,0,0,0,0.708
1619609204544,0.197,0,0,0,0,0.708
1619609204564,0.2,0,0,0,0,0.708
1619609204583,0.2,0,0,0,0,0.708
1619609204604,0.197,0,0,0,0,0.708
1619609204624,0.197,0,0,0,0,0.708
1619609204644,0.197,0,0,0,0,0.708
1619609204664,0.197,0,0,0,0,0.708
1619609204684,0.2,0,0,0,0,0.708
1619609204703,0.2,0,0,0,0,0.708
1619609204723,0.183,0,0,0,0,0.708
1619609204743,0.2,0,0,0,0,0.708
1619609204764,0.193,0,0,0,0,0.708
1619609204784,0.19,0,0,0,0,0.708
1619609204803,0.2,0,0,0,0,0.708
1619609204823,0.2,0,0,0,0,0.708
1619609204843,0.2,0,0,0,0,0.708
1619609204863,0.2,0,0,0,0,0.708
1619609204884,0.207,0,0,0,0,0.708
1619609204904,0.193,0,0,0,0,0.708
1619609204923,0.2,0,0,0,0,0.708
1619609204943,0.197,0,0,0,0,0.708
1619609204963,0.197,0,0,0,0,0.708
1619609204983,0.207,0,0,0,0,0.708
1619609205003,0.193,0,0,0,0,0.708
1619609205024,0.193,0,0,0,0,0.708
1619609205043,0.193,0,0,0,0,0.708
1619609205063,0.197,0,0,0,0,0.708
1619609205083,0.2,0,0,0,0,0.708
1619609205104,0.2,0,0,0,0,0.708
1619609205124,0.193,0,0,0,0,0.708
1619609205143,0.19,0,0,0,0,0.708
1619609205174,0.2,0,0,0,0,0.708
1619609205183,0.197,0,0,0,0,0.708
1619609205203,0.204,0,0,0,0,0.708
1619609205223,0.2,0,0,0,0,0.708
1619609205243,0.197,0,0,0,0,0.708
1619609205264,0.2,0,0,0,0,0.708
1619609205283,0.197,0,0,0,0,0.708
1619609205304,0.204,0,0,0,0,0.708
1619609205324,0.19,0,0,0,0,0.708
1619609205343,0.2,0,0,0,0,0.708
1619609205364,0.2,0,0,0,0,0.708
1619609205383,0.204,0,0,0,0,0.708
1619609205403,0.197,0,0,0,0,0.708
1619609205423,0.2,0,0,0,0,0.708
1619609205444,0.193,0,0,0,0,0.708
1619609205464,0.2,0,0,0,0,0.708
1619609205483,0.2,0,0,0,0,0.708
1619609205504,0.19,0,0,0,0,0.708
1619609205523,0.207,0,0,0,0,0.708
1619609205543,0.204,0,0,0,0,0.708
1619609205564,0.197,0,0,0,0,0.708
1619609205584,0.204,0,0,0,0,0.708
1619609205604,0.2,0,0,0,0,0.708
1619609205624,0.197,0,0,0,0,0.708
1619609205644,0.204,0,0,0,0,0.708
1619609205665,0.2,0,0,0,0,0.708
1619609205683,0.204,0,0,0,0,0.708
1619609205704,0.193,0,0,0,0,0.708
1619609205724,0.2,0,0,0,0,0.708
1619609205744,0.2,0,0,0,0,0.708
1619609205764,0.197,0,0,0,0,0.708
1619609205784,0.193,0,0,0,0,0.708
1619609205804,0.211,0,0,0,0,0.708
1619609205823,0.19,0,0,0,0,0.708
1619609205843,0.193,0,0,0,0,0.708
1619609205864,0.2,0,0,0,0,0.708
1619609205883,0.204,0,0,0,0,0.708
1619609205903,0.2,0,0,0,0,0.708
1619609205924,0.193,0,0,0,0,0.708
1619609205944,0.204,0,0,0,0,0.708
1619609205964,0.2,0,0,0,0,0.708
1619609205984,0.207,0,0,0,0,0.708
1619609206003,0.183,0,0,0,0,0.708
1619609206023,0.2,0,0,0,0,0.708
1619609206043,0.197,0,0,0,0,0.708
1619609206063,0.19,0,0,0,0,0.708
1619609206084,0.197,0,0,0,0,0.708
1619609206103,0.197,0,0,0,0,0.708
1619609206124,0.197,0,0,0,0,0.708
1619609206144,0.2,0,0,0,0,0.708
1619609206172,0.193,0,0,0,0,0.708
1619609206184,0.193,0,0,0,0,0.708
1619609206204,0.193,0,0,0,0,0.708
1619609206224,0.2,0,0,0,0,0.708
1619609206244,0.2,0,0,0,0,0.708
1619609206264,0.193,0,0,0,0,0.708
1619609206286,0.197,0,0,0,0,0.708
1619609206304,0.2,0,0,0,0,0.708
1619609206324,0.197,0,0,0,0,0.708
1619609206344,0.197,0,0,0,0,0.708
1619609206364,0.204,0,0,0,0,0.708
1619609206384,0.197,0,0,0,0,0.708
1619609206404,0.2,0,0,0,0,0.708
1619609206424,0.193,0,0,0,0,0.708
1619609206444,0.193,0,0,0,0,0.708
1619609206464,0.204,0,0,0,0,0.708
1619609206484,0.2,0,0,0,0,0.708
1619609206504,0.204,0,0,0,0,0.708
1619609206524,0.2,0,0,0,0,0.708
1619609206544,0.19,0,0,0,0,0.708
1619609206566,0.193,0,0,0,0,0.708
1619609206584,0.197,0,0,0,0,0.708
1619609206604,0.193,0,0,0,0,0.708
1619609206624,0.2,0,0,0,0,0.708
1619609206644,0.19,0,0,0,0,0.708
1619609206664,0.197,0,0,0,0,0.708
1619609206684,0.2,0,0,0,0,0.708
1619609206704,0.204,0,0,0,0,0.708
1619609206724,0.193,0,0,0,0,0.708
1619609206745,0.197,0,0,0,0,0.708
1619609206764,0.2,0,0,0,0,0.708
1619609206784,0.2,0,0,0,0,0.708
1619609206815,0.197,0,0,0,0,0.708
1619609206824,0.197,0,0,0,0,0.708
1619609206844,0.197,0,0,0,0,0.708
1619609206864,0.2,0,0,0,0,0.708
1619609206884,0.2,0,0,0,0,0.708
1619609206904,0.207,0,0,0,0,0.708
1619609206926,0.193,0,0,0,0,0.708
1619609206944,0.197,0,0,0,0,0.708
1619609206964,0.197,0,0,0,0,0.708
1619609206984,0.2,0,0,0,0,0.708
1619609207004,0.197,0,0,0,0,0.708
1619609207024,0.19,0,0,0,0,0.708
1619609207044,0.197,0,0,0,0,0.708
1619609207064,0.2,0,0,0,0,0.708
1619609207084,0.204,0,0,0,0,0.708
1619609207104,0.19,0,0,0,0,0.708
1619609207124,0.2,0,0,0,0,0.708
1619609207144,0.197,0,0,0,0,0.708
1619609207164,0.2,0,0,0,0,0.708
1619609207184,0.2,0,0,0,0,0.708
1619609207204,0.197,0,0,0,0,0.708
1619609207224,0.204,0,0,0,0,0.708
1619609207244,0.2,0,0,0,0,0.708
1619609207264,0.197,0,0,0,0,0.708
1619609207284,0.197,0,0,0,0,0.708
1619609207304,0.2,0,0,0,0,0.708
1619609207324,0.204,0,0,0,0,0.708
1619609207344,0.197,0,0,0,0,0.708
1619609207364,0.2,0,0,0,0,0.708
1619609207384,0.197,0,0,0,0,0.708
1619609207404,0.2,0,0,0,0,0.708
1619609207424,0.2,0,0,0,0,0.708
1619609207444,0.19,0,0,0,0,0.708
1619609207464,0.197,0,0,0,0,0.708
1619609207484,0.197,0,0,0,0,0.708
1619609207506,0.204,0,0,0,0,0.708
1619609207524,0.197,0,0,0,0,0.708
1619609207544,0.197,0,0,0,0,0.708
1619609207564,0.2,0,0,0,0,0.708
1619609207584,0.197,0,0,0,0,0.708
1619609207608,0.2,0,0,0,0,0.708
1619609207624,0.2,0,0,0,0,0.708
1619609207644,0.2,0,0,0,0,0.708
1619609207664,0.204,0,0,0,0,0.708
1619609207684,0.2,0,0,0,0,0.708
1619609207704,0.2,0,0,0,0,0.708
1619609207724,0.193,0,0,0,0,0.708
1619609207743,0.197,0,0,0,0,0.708
1619609207763,0.2,0,0,0,0,0.708
1619609207784,0.197,0,0,0,0,0.708
1619609207804,0.204,0,0,0,0,0.708
1619609207824,0.19,0,0,0,0,0.708
1619609207843,0.193,0,0,0,0,0.708
1619609207863,0.193,0,0,0,0,0.708
1619609207884,0.197,0,0,0,0,0.708
1619609207904,0.197,0,0,0,0,0.708
1619609207924,0.197,0,0,0,0,0.708
1619609207944,0.197,0,0,0,0,0.708
1619609207964,0.2,0,0,0,0,0.708
1619609207984,0.197,0,0,0,0,0.708
1619609208004,0.204,0,0,0,0,0.708
1619609208024,0.19,0,0,0,0,0.708
1619609208044,0.193,0,0,0,0,0.708
1619609208064,0.197,0,0,0,0,0.708
1619609208084,0.197,0,0,0,0,0.708
1619609208104,0.197,0,0,0,0,0.708
1619609208124,0.2,0,0,0,0,0.708
1619609208144,0.2,0,0,0,0,0.708
1619609208163,0.214,0,0,0,0,0.708
1619609208184,0.19,0,0,0,0,0.708
1619609208203,0.197,0,0,0,0,0.708
1619609208224,0.204,0,0,0,0,0.708
1619609208244,0.204,0,0,0,0,0.708
1619609208264,0.204,0,0,0,0,0.708
1619609208283,0.197,0,0,0,0,0.708
1619609208304,0.204,0,0,0,0,0.708
1619609208323,0.197,0,0,0,0,0.708
1619609208344,0.2,0,0,0,0,0.708
1619609208364,0.197,0,0,0,0,0.708
1619609208383,0.197,0,0,0,0,0.708
1619609208404,0.2,0,0,0,0,0.708
1619609208424,0.2,0,0,0,0,0.708
1619609208444,0.2,0,0,0,0,0.708
1619609208464,0.197,0,0,0,0,0.708
1619609208484,0.197,0,0,0,0,0.708
1619609208504,0.197,0,0,0,0,0.708
1619609208524,0.197,0,0,0,0,0.708
1619609208544,0.197,0,0,0,0,0.708
1619609208564,0.2,0,0,0,0,0.708
1619609208584,0.2,0,0,0,0,0.708
1619609208603,0.197,0,0,0,0,0.708
1619609208624,0.197,0,0,0,0,0.708
1619609208644,0.193,0,0,0,0,0.708
1619609208663,0.2,0,0,0,0,0.708
1619609208683,0.197,0,0,0,0,0.708
1619609208703,0.197,0,0,0,0,0.708
1619609208723,0.197,0,0,0,0,0.708
1619609208744,0.197,0,0,0,0,0.708
1619609208763,0.2,0,0,0,0,0.708
1619609208783,0.187,0,0,0,0,0.708
1619609208804,0.204,0,0,0,0,0.708
1619609208823,0.204,0,0,0,0,0.708
1619609208844,0.204,0,0,0,0,0.708
1619609208863,0.2,0,0,0,0,0.708
1619609208883,0.204,0,0,0,0,0.708
1619609208903,0.193,0,0,0,0,0.708
1619609208924,0.2,0,0,0,0,0.708
1619609208944,0.2,0,0,0,0,0.708
1619609208963,0.2,0,0,0,0,0.708
1619609208984,0.187,0,0,0,0,0.708
1619609209004,0.197,0,0,0,0,0.708
1619609209024,0.2,0,0,0,0,0.708
1619609209044,0.197,0,0,0,0,0.708
1619609209064,0.2,0,0,0,0,0.708
1619609209084,0.204,0,0,0,0,0.708
1619609209104,0.187,0,0,0,0,0.708
1619609209124,0.197,0,0,0,0,0.708
1619609209144,0.197,0,0,0,0,0.708
1619609209164,0.2,0,0,0,0,0.708
1619609209183,0.197,0,0,0,0,0.708
1619609209203,0.2,0,0,0,0,0.708
1619609209223,0.197,0,0,0,0,0.708
1619609209244,0.207,0,0,0,0,0.708
1619609209264,0.19,0,0,0,0,0.708
1619609209284,0.187,0,0,0,0,0.708
1619609209303,0.187,0,0,0,0,0.708
1619609209323,0.2,0,0,0,0,0.708
1619609209343,0.2,0,0,0,0,0.708
1619609209364,0.2,0,0,0,0,0.708
1619609209384,0.2,0,0,0,0,0.708
1619609209403,0.2,0,0,0,0,0.708
1619609209424,0.2,0,0,0,0,0.708
1619609209444,0.2,0,0,0,0,0.708
1619609209464,0.2,0,0,0,0,0.708
1619609209484,0.2,0,0,0,0,0.708
1619609209503,0.193,0,0,0,0,0.708
1619609209524,0.2,0,0,0,0,0.708
1619609209543,0.2,0,0,0,0,0.708
1619609209563,0.2,0,0,0,0,0.708
1619609209584,0.197,0,0,0,0,0.708
1619609209603,0.197,0,0,0,0,0.708
1619609209634,0.19,0,0,0,0,0.708
1619609209644,0.2,0,0,0,0,0.708
1619609209664,0.2,0,0,0,0,0.708
1619609209683,0.197,0,0,0,0,0.708
1619609209703,0.204,0,0,0,0,0.708
1619609209734,0.2,0,0,0,0,0.708
1619609209743,0.2,0,0,0,0,0.708
1619609209764,0.2,0,0,0,0,0.708
1619609209783,0.2,0,0,0,0,0.708
1619609209803,0.193,0,0,0,0,0.708
1619609209825,0.197,0,0,0,0,0.708
1619609209843,0.197,0,0,0,0,0.708
1619609209863,0.204,0,0,0,0,0.708
1619609209883,0.193,0,0,0,0,0.708
1619609209903,0.197,0,0,0,0,0.708
1619609209925,0.2,0,0,0,0,0.708
1619609209944,0.2,0,0,0,0,0.708
1619609209963,0.197,0,0,0,0,0.708
1619609209983,0.197,0,0,0,0,0.708
1619609210004,0.197,0,0,0,0,0.708
1619609210026,0.197,0,0,0,0,0.708
1619609210043,0.193,0,0,0,0,0.708
1619609210063,0.193,0,0,0,0,0.708
1619609210084,0.2,0,0,0,0,0.708
1619609210104,0.204,0,0,0,0,0.708
1619609210124,0.2,0,0,0,0,0.708
1619609210144,0.2,0,0,0,0,0.708
1619609210164,0.211,0,0,0,0,0.708
1619609210183,0.197,0,0,0,0,0.708
1619609210203,0.197,0,0,0,0,0.708
1619609210224,0.204,0,0,0,0,0.708
1619609210244,0.197,0,0,0,0,0.708
1619609210264,0.204,0,0,0,0,0.708
1619609210283,0.2,0,0,0,0,0.708
1619609210304,0.2,0,0,0,0,0.708
1619609210323,0.204,0,0,0,0,0.708
1619609210344,0.193,0,0,0,0,0.708
1619609210363,0.193,0,0,0,0,0.708
1619609210383,0.2,0,0,0,0,0.708
1619609210403,0.197,0,0,0,0,0.708
1619609210424,0.2,0,0,0,0,0.708
1619609210444,0.2,0,0,0,0,0.708
1619609210464,0.197,0,0,0,0,0.708
1619609210483,0.193,0,0,0,0,0.708
1619609210504,0.197,0,0,0,0,0.708
1619609210523,0.193,0,0,0,0,0.708
1619609210543,0.2,0,0,0,0,0.708
1619609210563,0.197,0,0,0,0,0.708
1619609210583,0.2,0,0,0,0,0.708
1619609210604,0.19,0,0,0,0,0.708
1619609210623,0.197,0,0,0,0,0.708
1619609210644,0.2,0,0,0,0,0.708
1619609210664,0.211,0,0,0,0,0.708
1619609210683,0.193,0,0,0,0,0.708
1619609210704,0.193,0,0,0,0,0.708
1619609210723,0.2,0,0,0,0,0.708
1619609210743,0.2,0,0,0,0,0.708
1619609210764,0.2,0,0,0,0,0.708
1619609210784,0.197,0,0,0,0,0.708
1619609210804,0.193,0,0,0,0,0.708
1619609210823,0.2,0,0,0,0,0.708
1619609210844,0.197,0,0,0,0,0.708
1619609210863,0.2,0,0,0,0,0.708
1619609210883,0.19,0,0,0,0,0.708
1619609210903,0.197,0,0,0,0,0.708
1619609210923,0.197,0,0,0,0,0.708
1619609210944,0.2,0,0,0,0,0.708
1619609210964,0.193,0,0,0,0,0.708
1619609210984,0.204,0,0,0,0,0.708
1619609211003,0.197,0,0,0,0,0.708
1619609211024,0.204,0,0,0,0,0.708
1619609211043,0.204,0,0,0,0,0.708
1619609211063,0.193,0,0,0,0,0.708
1619609211084,0.193,0,0,0,0,0.708
1619609211104,0.197,0,0,0,0,0.708
1619609211124,0.197,0,0,0,0,0.708
1619609211143,0.2,0,0,0,0,0.708
1619609211164,0.193,0,0,0,0,0.708
1619609211184,0.2,0,0,0,0,0.708
1619609211203,0.2,0,0,0,0,0.708
1619609211223,0.193,0,0,0,0,0.708
1619609211243,0.211,0,0,0,0,0.708
1619609211264,0.193,0,0,0,0,0.708
1619609211284,0.197,0,0,0,0,0.708
1619609211303,0.2,0,0,0,0,0.708
1619609211323,0.2,0,0,0,0,0.708
1619609211343,0.197,0,0,0,0,0.708
1619609211364,0.197,0,0,0,0,0.708
1619609211384,0.19,0,0,0,0,0.708
1619609211404,0.204,0,0,0,0,0.708
1619609211424,0.204,0,0,0,0,0.708
1619609211444,0.197,0,0,0,0,0.708
1619609211464,0.2,0,0,0,0,0.708
1619609211484,0.197,0,0,0,0,0.708
1619609211503,0.2,0,0,0,0,0.708
1619609211524,0.2,0,0,0,0,0.708
1619609211543,0.197,0,0,0,0,0.708
1619609211563,0.2,0,0,0,0,0.708
1619609211583,0.197,0,0,0,0,0.708
1619609211603,0.197,0,0,0,0,0.708
1619609211623,0.2,0,0,0,0,0.708
1619609211644,0.197,0,0,0,0,0.708
1619609211664,0.2,0,0,0,0,0.708
1619609211684,0.197,0,0,0,0,0.708
1619609211703,0.193,0,0,0,0,0.708
1619609211723,0.197,0,0,0,0,0.708
1619609211743,0.2,0,0,0,0,0.708
1619609211764,0.193,0,0,0,0,0.708
1619609211784,0.193,0,0,0,0,0.708
1619609211804,0.193,0,0,0,0,0.708
1619609211824,0.193,0,0,0,0,0.708
1619609211854,0.197,0,0,0,0,0.708
1619609211864,0.2,0,0,0,0,0.708
1619609211883,0.2,0,0,0,0,0.708
1619609211903,0.204,0,0,0,0,0.708
1619609211924,0.197,0,0,0,0,0.708
1619609211944,0.2,0,0,0,0,0.708
1619609211964,0.197,0,0,0,0,0.708
1619609211984,0.19,0,0,0,0,0.708
1619609212004,0.2,0,0,0,0,0.708
1619609212024,0.204,0,0,0,0,0.708
1619609212044,0.2,0,0,0,0,0.708
1619609212064,0.2,0,0,0,0,0.708
1619609212083,0.197,0,0,0,0,0.708
1619609212104,0.197,0,0,0,0,0.708
1619609212123,0.207,0,0,0,0,0.708
1619609212144,0.207,0,0,0,0,0.708
1619609212164,0.193,0,0,0,0,0.708
1619609212183,0.2,0,0,0,0,0.708
1619609212203,0.2,0,0,0,0,0.708
1619609212224,0.197,0,0,0,0,0.708
1619609212245,0.2,0,0,0,0,0.708
1619609212264,0.2,0,0,0,0,0.708
1619609212284,0.197,0,0,0,0,0.708
1619609212304,0.197,0,0,0,0,0.708
1619609212323,0.207,0,0,0,0,0.708
1619609212345,0.19,0,0,0,0,0.708
1619609212364,0.2,0,0,0,0,0.708
1619609212383,0.2,0,0,0,0,0.708
1619609212403,0.197,0,0,0,0,0.708
1619609212424,0.197,0,0,0,0,0.708
1619609212444,0.2,0,0,0,0,0.708
1619609212464,0.2,0,0,0,0,0.708
1619609212484,0.2,0,0,0,0,0.708
1619609212504,0.197,0,0,0,0,0.708
1619609212523,0.2,0,0,0,0,0.708
1619609212544,0.197,0,0,0,0,0.708
1619609212564,0.2,0,0,0,0,0.708
1619609212584,0.197,0,0,0,0,0.708
1619609212604,0.2,0,0,0,0,0.708
1619609212623,0.197,0,0,0,0,0.708
1619609212644,0.2,0,0,0,0,0.708
1619609212665,0.197,0,0,0,0,0.708
1619609212684,0.19,0,0,0,0,0.708
1619609212703,0.197,0,0,0,0,0.708
1619609212723,0.2,0,0,0,0,0.708
1619609212744,0.197,0,0,0,0,0.708
1619609212764,0.2,0,0,0,0,0.708
1619609212784,0.2,0,0,0,0,0.708
1619609212804,0.2,0,0,0,0,0.708
1619609212823,0.197,0,0,0,0,0.708
1619609212843,0.197,0,0,0,0,0.708
1619609212863,0.197,0,0,0,0,0.708
1619609212883,0.197,0,0,0,0,0.708
1619609212904,0.197,0,0,0,0,0.708
1619609212923,0.2,0,0,0,0,0.708
1619609212943,0.197,0,0,0,0,0.708
1619609212964,0.2,0,0,0,0,0.708
1619609212984,0.197,0,0,0,0,0.708
1619609213004,0.207,0,0,0,0,0.708
1619609213024,0.19,0,0,0,0,0.708
1619609213044,0.197,0,0,0,0,0.708
1619609213063,0.204,0,0,0,0,0.708
1619609213084,0.2,0,0,0,0,0.708
1619609213103,0.2,0,0,0,0,0.708
1619609213123,0.197,0,0,0,0,0.708
1619609213143,0.2,0,0,0,0,0.708
1619609213164,0.197,0,0,0,0,0.708
1619609213183,0.204,0,0,0,0,0.708
1619609213203,0.19,0,0,0,0,0.708
1619609213224,0.19,0,0,0,0,0.708
1619609213244,0.197,0,0,0,0,0.708
1619609213264,0.2,0,0,0,0,0.708
1619609213284,0.197,0,0,0,0,0.708
1619609213303,0.197,0,0,0,0,0.708
1619609213323,0.2,0,0,0,0,0.708
1619609213343,0.193,0,0,0,0,0.708
1619609213364,0.2,0,0,0,0,0.708
1619609213383,0.211,0,0,0,0,0.708
1619609213403,0.19,0,0,0,0,0.708
1619609213423,0.193,0,0,0,0,0.708
1619609213443,0.197,0,0,0,0,0.708
1619609213464,0.193,0,0,0,0,0.708
1619609213484,0.197,0,0,0,0,0.708
1619609213503,0.2,0,0,0,0,0.708
1619609213523,0.2,0,0,0,0,0.708
1619609213543,0.197,0,0,0,0,0.708
1619609213563,0.197,0,0,0,0,0.708
1619609213583,0.197,0,0,0,0,0.708
1619609213604,0.2,0,0,0,0,0.708
1619609213623,0.187,0,0,0,0,0.708
1619609213643,0.204,0,0,0,0,0.708
1619609213664,0.2,0,0,0,0,0.708
1619609213684,0.2,0,0,0,0,0.708
1619609213703,0.2,0,0,0,0,0.708
1619609213724,0.204,0,0,0,0,0.708
1619609213743,0.2,0,0,0,0,0.708
1619609213763,0.197,0,0,0,0,0.708
1619609213783,0.2,0,0,0,0,0.708
1619609213804,0.2,0,0,0,0,0.708
1619609213824,0.193,0,0,0,0,0.708
1619609213843,0.193,0,0,0,0,0.708
1619609213863,0.2,0,0,0,0,0.708
1619609213883,0.197,0,0,0,0,0.708
1619609213904,0.204,0,0,0,0,0.708
1619609213924,0.204,0,0,0,0,0.708
1619609213943,0.19,0,0,0,0,0.708
1619609213963,0.197,0,0,0,0,0.708
1619609213983,0.204,0,0,0,0,0.708
1619609214003,0.2,0,0,0,0,0.708
1619609214024,0.193,0,0,0,0,0.708
1619609214044,0.197,0,0,0,0,0.708
1619609214064,0.2,0,0,0,0,0.708
1619609214084,0.197,0,0,0,0,0.708
1619609214104,0.204,0,0,0,0,0.708
1619609214123,0.197,0,0,0,0,0.708
1619609214143,0.2,0,0,0,0,0.708
1619609214164,0.2,0,0,0,0,0.708
1619609214184,0.197,0,0,0,0,0.708
1619609214204,0.197,0,0,0,0,0.708
1619609214223,0.2,0,0,0,0,0.708
1619609214243,0.2,0,0,0,0,0.708
1619609214274,0.193,0,0,0,0,0.708
1619609214283,0.204,0,0,0,0,0.708
1619609214304,0.204,0,0,0,0,0.708
1619609214323,0.193,0,0,0,0,0.708
1619609214343,0.193,0,0,0,0,0.708
1619609214364,0.197,0,0,0,0,0.708
1619609214384,0.197,0,0,0,0,0.708
1619609214403,0.2,0,0,0,0,0.708
1619609214423,0.197,0,0,0,0,0.708
1619609214443,0.197,0,0,0,0,0.708
1619609214464,0.2,0,0,0,0,0.708
1619609214484,0.204,0,0,0,0,0.708
1619609214504,0.187,0,0,0,0,0.708
1619609214523,0.197,0,0,0,0,0.708
1619609214543,0.197,0,0,0,0,0.708
1619609214564,0.193,0,0,0,0,0.708
1619609214584,0.2,0,0,0,0,0.708
1619609214604,0.204,0,0,0,0,0.708
1619609214623,0.197,0,0,0,0,0.708
1619609214643,0.197,0,0,0,0,0.708
1619609214666,0.2,0,0,0,0,0.708
1619609214684,0.197,0,0,0,0,0.708
1619609214704,0.197,0,0,0,0,0.708
1619609214723,0.197,0,0,0,0,0.708
1619609214743,0.197,0,0,0,0,0.708
1619609214765,0.197,0,0,0,0,0.708
1619609214784,0.207,0,0,0,0,0.708
1619609214803,0.197,0,0,0,0,0.708
1619609214823,0.2,0,0,0,0,0.708
1619609214843,0.197,0,0,0,0,0.708
1619609214865,0.197,0,0,0,0,0.708
1619609214884,0.204,0,0,0,0,0.708
1619609214903,0.197,0,0,0,0,0.708
1619609214923,0.2,0,0,0,0,0.708
1619609214943,0.19,0,0,0,0,0.708
1619609214964,0.2,0,0,0,0,0.708
1619609214984,0.2,0,0,0,0,0.708
1619609215004,0.204,0,0,0,0,0.708
1619609215024,0.2,0,0,0,0,0.708
1619609215044,0.19,0,0,0,0,0.708
1619609215064,0.193,0,0,0,0,0.708
1619609215084,0.2,0,0,0,0,0.708
1619609215104,0.204,0,0,0,0,0.708
1619609215123,0.197,0,0,0,0,0.708
1619609215143,0.2,0,0,0,0,0.708
1619609215165,0.2,0,0,0,0,0.708
1619609215184,0.204,0,0,0,0,0.708
1619609215203,0.207,0,0,0,0,0.708
1619609215224,0.19,0,0,0,0,0.708
1619609215243,0.204,0,0,0,0,0.708
1619609215264,0.2,0,0,0,0,0.708
1619609215284,0.204,0,0,0,0,0.708
1619609215304,0.2,0,0,0,0,0.708
1619609215323,0.2,0,0,0,0,0.708
1619609215343,0.193,0,0,0,0,0.708
1619609215363,0.193,0,0,0,0,0.708
1619609215384,0.2,0,0,0,0,0.708
1619609215403,0.2,0,0,0,0,0.708
1619609215423,0.187,0,0,0,0,0.708
1619609215444,0.197,0,0,0,0,0.708
1619609215463,0.2,0,0,0,0,0.708
1619609215483,0.2,0,0,0,0,0.708
1619609215503,0.2,0,0,0,0,0.708
1619609215524,0.197,0,0,0,0,0.708
1619609215543,0.197,0,0,0,0,0.708
1619609215563,0.197,0,0,0,0,0.708
1619609215584,0.2,0,0,0,0,0.708
1619609215603,0.187,0,0,0,0,0.708
1619609215623,0.197,0,0,0,0,0.708
1619609215644,0.2,0,0,0,0,0.708
1619609215663,0.197,0,0,0,0,0.708
1619609215684,0.2,0,0,0,0,0.708
1619609215703,0.2,0,0,0,0,0.708
1619609215724,0.2,0,0,0,0,0.708
1619609215744,0.197,0,0,0,0,0.708
1619609215764,0.2,0,0,0,0,0.708
1619609215784,0.197,0,0,0,0,0.708
1619609215804,0.197,0,0,0,0,0.708
1619609215824,0.2,0,0,0,0,0.708
1619609215843,0.197,0,0,0,0,0.708
1619609215864,0.204,0,0,0,0,0.708
1619609215884,0.19,0,0,0,0,0.708
1619609215904,0.197,0,0,0,0,0.708
1619609215923,0.204,0,0,0,0,0.708
1619609215943,0.197,0,0,0,0,0.708
1619609215963,0.197,0,0,0,0,0.708
1619609215986,0.193,0,0,0,0,0.708
1619609216003,0.2,0,0,0,0,0.708
1619609216024,0.197,0,0,0,0,0.708
1619609216043,0.197,0,0,0,0,0.708
1619609216064,0.197,0,0,0,0,0.708
1619609216084,0.197,0,0,0,0,0.708
1619609216104,0.197,0,0,0,0,0.708
1619609216124,0.204,0,0,0,0,0.708
1619609216144,0.197,0,0,0,0,0.708
1619609216164,0.2,0,0,0,0,0.708
1619609216184,0.193,0,0,0,0,0.708
1619609216204,0.2,0,0,0,0,0.708
1619609216224,0.197,0,0,0,0,0.708
1619609216244,0.2,0,0,0,0,0.708
1619609216263,0.193,0,0,0,0,0.708
1619609216284,0.197,0,0,0,0,0.708
