1619611150746,0.796,0,0,0,0,-1.183
1619611150765,0.806,0,0,0,0,-1.184
1619611150785,0.789,0,0,0,0,-1.197
1619611150805,0.799,0,0,0,0,-1.207
1619611150825,0.799,0,0,0,0,-1.181
1619611150845,0.799,0,0,0,0,-1.16
1619611150865,0.799,0,0,0,0,-1.158
1619611150885,0.806,0,0,0,0,-1.154
1619611150905,0.806,0,0,0,0,-1.154
1619611150925,0.779,0,0,0,0,-1.172
1619611150945,0.799,0,0,0,0,-1.166
1619611150965,0.792,0,0,0,0,-1.157
1619611150985,0.796,0,0,0,0,-1.171
1619611151005,0.796,0,0,0,0,-1.213
1619611151025,0.796,0,0,0,0,-1.216
1619611151047,0.827,0,0,0,0,-1.209
1619611151065,0.762,0,0,0,0,-1.245
1619611151085,0.792,0,0,0,0,-1.256
1619611151105,0.792,0,0,0,0,-1.228
1619611151125,0.803,0,0,0,0,-1.181
1619611151146,0.792,0,0,0,0,-1.213
1619611151165,0.82,0,0,0,0,-1.212
1619611151185,0.82,0,0,0,0,-1.212
1619611151205,0.772,0,0,0,0,-1.189
1619611151225,0.792,0,0,0,0,-1.195
1619611151248,0.799,0,0,0,0,-1.209
1619611151265,0.796,0,0,0,0,-1.199
1619611151285,0.799,0,0,0,0,-1.193
1619611151305,0.796,0,0,0,0,-1.204
1619611151325,0.833,0,0,0,0,-1.178
1619611151349,0.769,0,0,0,0,-1.188
1619611151365,0.803,0,0,0,0,-1.194
1619611151385,0.799,0,0,0,0,-1.179
1619611151405,0.806,0,0,0,0,-1.169
1619611151425,0.803,0,0,0,0,-1.165
1619611151446,0.827,0,0,0,0,-1.165
1619611151465,0.827,0,0,0,0,-1.165
1619611151485,0.772,0,0,0,0,-1.162
1619611151505,0.796,0,0,0,0,-1.161
1619611151525,0.799,0,0,0,0,-1.188
1619611151545,0.792,0,0,0,0,-1.156
1619611151565,0.799,0,0,0,0,-1.163
1619611151585,0.799,0,0,0,0,-1.181
1619611151605,0.792,0,0,0,0,-1.168
1619611151625,0.799,0,0,0,0,-1.158
1619611151645,0.799,0,0,0,0,-1.174
1619611151665,0.799,0,0,0,0,-1.175
1619611151685,0.796,0,0,0,0,-1.165
1619611151705,0.803,0,0,0,0,-1.213
1619611151725,0.803,0,0,0,0,-1.213
1619611151745,0.789,0,0,0,0,-1.242
1619611151765,0.803,0,0,0,0,-1.199
1619611151785,0.796,0,0,0,0,-1.187
1619611151805,0.799,0,0,0,0,-1.233
1619611151825,0.792,0,0,0,0,-1.222
1619611151845,0.792,0,0,0,0,-1.182
1619611151865,0.813,0,0,0,0,-1.181
1619611151885,0.786,0,0,0,0,-1.148
1619611151905,0.789,0,0,0,0,-1.132
1619611151925,0.796,0,0,0,0,-1.148
1619611151945,0.799,0,0,0,0,-1.141
1619611151965,0.799,0,0,0,0,-1.109
1619611151985,0.82,0,0,0,0,-1.067
1619611152005,0.82,0,0,0,0,-1.067
1619611152025,0.779,0,0,0,0,-1.111
1619611152045,0.796,0,0,0,0,-1.1
1619611152065,0.799,0,0,0,0,-1.088
1619611152085,0.803,0,0,0,0,-1.095
1619611152105,0.799,0,0,0,0,-1.092
1619611152125,0.796,0,0,0,0,-1.088
1619611152145,0.833,0,0,0,0,-1.06
1619611152165,0.762,0,0,0,0,-1.052
1619611152186,0.792,0,0,0,0,-1.089
1619611152205,0.799,0,0,0,0,-1.138
1619611152225,0.796,0,0,0,0,-1.162
1619611152245,0.799,0,0,0,0,-1.192
1619611152265,0.83,0,0,0,0,-1.2
1619611152285,0.83,0,0,0,0,-1.2
1619611152305,0.762,0,0,0,0,-1.206
1619611152325,0.796,0,0,0,0,-1.196
1619611152345,0.796,0,0,0,0,-1.214
1619611152365,0.796,0,0,0,0,-1.243
1619611152385,0.792,0,0,0,0,-1.235
1619611152405,0.823,0,0,0,0,-1.205
1619611152425,0.765,0,0,0,0,-1.203
1619611152445,0.796,0,0,0,0,-1.169
1619611152465,0.792,0,0,0,0,-1.144
1619611152485,0.813,0,0,0,0,-1.162
1619611152505,0.792,0,0,0,0,-1.181
1619611152525,0.799,0,0,0,0,-1.165
1619611152545,0.799,0,0,0,0,-1.165
1619611152565,0.799,0,0,0,0,-1.143
1619611152585,0.799,0,0,0,0,-1.155
1619611152605,0.796,0,0,0,0,-1.147
1619611152625,0.799,0,0,0,0,-1.138
1619611152645,0.799,0,0,0,0,-1.141
1619611152665,0.803,0,0,0,0,-1.154
1619611152685,0.789,0,0,0,0,-1.144
1619611152705,0.799,0,0,0,0,-1.183
1619611152725,0.796,0,0,0,0,-1.22
1619611152745,0.789,0,0,0,0,-1.21
1619611152765,0.799,0,0,0,0,-1.196
1619611152785,0.799,0,0,0,0,-1.179
1619611152805,0.799,0,0,0,0,-1.179
1619611152825,0.789,0,0,0,0,-1.139
1619611152845,0.799,0,0,0,0,-1.137
1619611152865,0.803,0,0,0,0,-1.152
1619611152885,0.796,0,0,0,0,-1.156
1619611152905,0.796,0,0,0,0,-1.114
1619611152925,0.813,0,0,0,0,-1.092
1619611152945,0.782,0,0,0,0,-1.137
1619611152966,0.792,0,0,0,0,-1.107
1619611152985,0.792,0,0,0,0,-1.137
1619611153005,0.796,0,0,0,0,-1.23
1619611153025,0.796,0,0,0,0,-1.247
1619611153045,0.81,0,0,0,0,-1.229
1619611153076,0.81,0,0,0,0,-1.229
1619611153085,0.799,0,0,0,0,-1.239
1619611153105,0.799,0,0,0,0,-1.239
1619611153125,0.799,0,0,0,0,-1.227
1619611153145,0.799,0,0,0,0,-1.233
1619611153165,0.799,0,0,0,0,-1.236
1619611153185,0.796,0,0,0,0,-1.249
1619611153205,0.82,0,0,0,0,-1.197
1619611153225,0.775,0,0,0,0,-1.144
1619611153245,0.796,0,0,0,0,-1.116
1619611153265,0.799,0,0,0,0,-1.16
1619611153285,0.799,0,0,0,0,-1.179
1619611153305,0.796,0,0,0,0,-1.186
1619611153325,0.806,0,0,0,0,-1.128
1619611153345,0.823,0,0,0,0,-1.089
1619611153366,0.823,0,0,0,0,-1.089
1619611153385,0.772,0,0,0,0,-1.073
1619611153405,0.796,0,0,0,0,-1.063
1619611153425,0.806,0,0,0,0,-1.054
1619611153445,0.796,0,0,0,0,-1.1
1619611153467,0.799,0,0,0,0,-1.148
1619611153485,0.792,0,0,0,0,-1.142
1619611153505,0.823,0,0,0,0,-1.14
1619611153525,0.769,0,0,0,0,-1.129
1619611153545,0.796,0,0,0,0,-1.134
1619611153568,0.803,0,0,0,0,-1.144
1619611153585,0.799,0,0,0,0,-1.164
1619611153605,0.796,0,0,0,0,-1.155
1619611153625,0.796,0,0,0,0,-1.156
1619611153645,0.799,0,0,0,0,-1.177
1619611153666,0.816,0,0,0,0,-1.118
1619611153685,0.816,0,0,0,0,-1.118
1619611153705,0.775,0,0,0,0,-1.083
1619611153725,0.799,0,0,0,0,-1.122
1619611153745,0.796,0,0,0,0,-1.141
1619611153766,0.796,0,0,0,0,-1.129
1619611153785,0.803,0,0,0,0,-1.127
1619611153805,0.803,0,0,0,0,-1.133
1619611153825,0.786,0,0,0,0,-1.155
1619611153845,0.799,0,0,0,0,-1.142
1619611153865,0.799,0,0,0,0,-1.142
1619611153886,0.796,0,0,0,0,-1.117
1619611153905,0.799,0,0,0,0,-1.115
1619611153925,0.806,0,0,0,0,-1.131
1619611153945,0.806,0,0,0,0,-1.131
1619611153965,0.789,0,0,0,0,-1.115
1619611153985,0.803,0,0,0,0,-1.098
1619611154005,0.799,0,0,0,0,-1.101
1619611154025,0.796,0,0,0,0,-1.097
1619611154045,0.803,0,0,0,0,-1.116
1619611154065,0.813,0,0,0,0,-1.18
1619611154085,0.786,0,0,0,0,-1.177
1619611154105,0.796,0,0,0,0,-1.144
1619611154125,0.796,0,0,0,0,-1.143
1619611154145,0.796,0,0,0,0,-1.206
1619611154165,0.796,0,0,0,0,-1.232
1619611154185,0.799,0,0,0,0,-1.217
1619611154205,0.816,0,0,0,0,-1.235
1619611154225,0.816,0,0,0,0,-1.235
1619611154245,0.786,0,0,0,0,-1.206
1619611154265,0.799,0,0,0,0,-1.173
1619611154285,0.799,0,0,0,0,-1.187
1619611154305,0.796,0,0,0,0,-1.207
1619611154326,0.799,0,0,0,0,-1.183
1619611154345,0.792,0,0,0,0,-1.186
1619611154365,0.82,0,0,0,0,-1.251
1619611154385,0.769,0,0,0,0,-1.212
1619611154405,0.796,0,0,0,0,-1.186
1619611154426,0.796,0,0,0,0,-1.193
1619611154446,0.796,0,0,0,0,-1.165
1619611154466,0.792,0,0,0,0,-1.131
1619611154485,0.803,0,0,0,0,-1.119
1619611154505,0.803,0,0,0,0,-1.119
1619611154525,0.827,0,0,0,0,-1.082
1619611154545,0.772,0,0,0,0,-1.055
1619611154565,0.799,0,0,0,0,-1.063
1619611154585,0.792,0,0,0,0,-1.093
1619611154605,0.803,0,0,0,0,-1.066
1619611154625,0.796,0,0,0,0,-1.052
1619611154645,0.803,0,0,0,0,-1.095
1619611154665,0.782,0,0,0,0,-1.137
1619611154685,0.803,0,0,0,0,-1.142
1619611154705,0.796,0,0,0,0,-1.193
1619611154725,0.792,0,0,0,0,-1.203
1619611154745,0.796,0,0,0,0,-1.204
1619611154765,0.796,0,0,0,0,-1.204
1619611154785,0.799,0,0,0,0,-1.23
1619611154805,0.792,0,0,0,0,-1.206
1619611154825,0.799,0,0,0,0,-1.133
1619611154845,0.799,0,0,0,0,-1.117
1619611154865,0.799,0,0,0,0,-1.124
1619611154885,0.792,0,0,0,0,-1.125
1619611154905,0.806,0,0,0,0,-1.097
1619611154925,0.786,0,0,0,0,-1.111
1619611154945,0.799,0,0,0,0,-1.13
1619611154965,0.796,0,0,0,0,-1.133
1619611154985,0.799,0,0,0,0,-1.131
1619611155005,0.796,0,0,0,0,-1.146
1619611155025,0.796,0,0,0,0,-1.146
1619611155045,0.803,0,0,0,0,-1.111
1619611155065,0.782,0,0,0,0,-1.138
1619611155085,0.799,0,0,0,0,-1.133
1619611155105,0.799,0,0,0,0,-1.114
1619611155125,0.796,0,0,0,0,-1.096
1619611155145,0.799,0,0,0,0,-1.095
1619611155165,0.813,0,0,0,0,-1.098
1619611155185,0.782,0,0,0,0,-1.086
1619611155205,0.799,0,0,0,0,-1.082
1619611155225,0.796,0,0,0,0,-1.101
1619611155245,0.796,0,0,0,0,-1.095
1619611155265,0.792,0,0,0,0,-1.101
1619611155285,0.792,0,0,0,0,-1.101
1619611155305,0.799,0,0,0,0,-1.11
1619611155325,0.816,0,0,0,0,-1.127
1619611155345,0.779,0,0,0,0,-1.119
1619611155365,0.799,0,0,0,0,-1.121
1619611155386,0.799,0,0,0,0,-1.143
1619611155405,0.796,0,0,0,0,-1.119
1619611155425,0.799,0,0,0,0,-1.147
1619611155445,0.796,0,0,0,0,-1.188
1619611155465,0.823,0,0,0,0,-1.152
1619611155486,0.769,0,0,0,0,-1.159
1619611155506,0.796,0,0,0,0,-1.184
1619611155525,0.792,0,0,0,0,-1.179
1619611155545,0.792,0,0,0,0,-1.172
1619611155565,0.799,0,0,0,0,-1.154
1619611155585,0.799,0,0,0,0,-1.154
1619611155605,0.803,0,0,0,0,-1.144
1619611155625,0.823,0,0,0,0,-1.1
1619611155645,0.769,0,0,0,0,-1.089
1619611155665,0.799,0,0,0,0,-1.126
1619611155686,0.799,0,0,0,0,-1.117
1619611155705,0.796,0,0,0,0,-1.116
1619611155725,0.799,0,0,0,0,-1.142
1619611155745,0.803,0,0,0,0,-1.125
1619611155765,0.786,0,0,0,0,-1.121
1619611155787,0.792,0,0,0,0,-1.163
1619611155805,0.796,0,0,0,0,-1.2
1619611155825,0.796,0,0,0,0,-1.203
1619611155845,0.796,0,0,0,0,-1.203
1619611155865,0.803,0,0,0,0,-1.174
1619611155887,0.803,0,0,0,0,-1.165
1619611155905,0.786,0,0,0,0,-1.167
1619611155925,0.806,0,0,0,0,-1.182
1619611155945,0.799,0,0,0,0,-1.187
1619611155965,0.799,0,0,0,0,-1.169
1619611155985,0.792,0,0,0,0,-1.121
1619611156005,0.806,0,0,0,0,-1.138
1619611156025,0.789,0,0,0,0,-1.159
1619611156045,0.799,0,0,0,0,-1.131
1619611156065,0.799,0,0,0,0,-1.127
1619611156086,0.792,0,0,0,0,-1.18
1619611156105,0.792,0,0,0,0,-1.18
1619611156125,0.792,0,0,0,0,-1.174
1619611156145,0.806,0,0,0,0,-1.165
1619611156165,0.786,0,0,0,0,-1.158
1619611156185,0.792,0,0,0,0,-1.109
1619611156205,0.792,0,0,0,0,-1.098
1619611156225,0.796,0,0,0,0,-1.141
1619611156245,0.799,0,0,0,0,-1.134
1619611156265,0.816,0,0,0,0,-1.085
1619611156285,0.779,0,0,0,0,-1.06
1619611156305,0.799,0,0,0,0,-1.059
1619611156325,0.796,0,0,0,0,-1.075
1619611156345,0.796,0,0,0,0,-1.099
1619611156366,0.796,0,0,0,0,-1.099
1619611156385,0.803,0,0,0,0,-1.125
1619611156405,0.792,0,0,0,0,-1.141
1619611156425,0.816,0,0,0,0,-1.173
1619611156445,0.772,0,0,0,0,-1.189
1619611156465,0.792,0,0,0,0,-1.167
1619611156485,0.799,0,0,0,0,-1.185
1619611156505,0.792,0,0,0,0,-1.183
1619611156525,0.803,0,0,0,0,-1.167
1619611156545,0.799,0,0,0,0,-1.134
1619611156565,0.827,0,0,0,0,-1.125
1619611156585,0.769,0,0,0,0,-1.131
1619611156605,0.796,0,0,0,0,-1.135
1619611156625,0.799,0,0,0,0,-1.129
1619611156645,0.799,0,0,0,0,-1.139
1619611156665,0.799,0,0,0,0,-1.139
1619611156685,0.792,0,0,0,0,-1.138
1619611156705,0.796,0,0,0,0,-1.165
1619611156725,0.82,0,0,0,0,-1.189
1619611156745,0.772,0,0,0,0,-1.178
1619611156765,0.792,0,0,0,0,-1.148
1619611156785,0.799,0,0,0,0,-1.193
1619611156805,0.803,0,0,0,0,-1.23
1619611156825,0.799,0,0,0,0,-1.204
1619611156845,0.81,0,0,0,0,-1.177
1619611156865,0.789,0,0,0,0,-1.17
1619611156885,0.799,0,0,0,0,-1.133
1619611156905,0.803,0,0,0,0,-1.092
1619611156925,0.803,0,0,0,0,-1.092
1619611156945,0.803,0,0,0,0,-1.106
1619611156965,0.803,0,0,0,0,-1.098
1619611156985,0.799,0,0,0,0,-1.082
1619611157005,0.792,0,0,0,0,-1.077
1619611157025,0.803,0,0,0,0,-1.109
1619611157045,0.792,0,0,0,0,-1.116
1619611157065,0.796,0,0,0,0,-1.158
1619611157085,0.796,0,0,0,0,-1.203
1619611157105,0.803,0,0,0,0,-1.141
1619611157125,0.786,0,0,0,0,-1.122
1619611157145,0.792,0,0,0,0,-1.114
1619611157165,0.796,0,0,0,0,-1.088
1619611157185,0.796,0,0,0,0,-1.088
1619611157205,0.799,0,0,0,0,-1.083
1619611157225,0.792,0,0,0,0,-1.102
1619611157245,0.81,0,0,0,0,-1.122
1619611157265,0.782,0,0,0,0,-1.127
1619611157285,0.796,0,0,0,0,-1.169
1619611157305,0.792,0,0,0,0,-1.212
1619611157325,0.799,0,0,0,0,-1.2
1619611157345,0.799,0,0,0,0,-1.186
1619611157365,0.806,0,0,0,0,-1.258
1619611157385,0.782,0,0,0,0,-1.216
1619611157405,0.796,0,0,0,0,-1.139
1619611157425,0.803,0,0,0,0,-1.103
1619611157445,0.803,0,0,0,0,-1.103
1619611157465,0.803,0,0,0,0,-1.068
1619611157485,0.799,0,0,0,0,-1.023
1619611157505,0.803,0,0,0,0,-1.017
1619611157525,0.82,0,0,0,0,-1.03
1619611157545,0.775,0,0,0,0,-0.991
1619611157565,0.799,0,0,0,0,-0.983
1619611157585,0.799,0,0,0,0,-0.978
1619611157616,0.799,0,0,0,0,-0.983
1619611157625,0.799,0,0,0,0,-1.018
1619611157645,0.799,0,0,0,0,-1.037
1619611157665,0.823,0,0,0,0,-1.034
1619611157685,0.765,0,0,0,0,-1.037
1619611157706,0.799,0,0,0,0,-1.048
1619611157725,0.796,0,0,0,0,-1.066
1619611157745,0.796,0,0,0,0,-1.066
1619611157765,0.792,0,0,0,0,-1.082
1619611157785,0.792,0,0,0,0,-1.12
1619611157807,0.796,0,0,0,0,-1.156
1619611157825,0.796,0,0,0,0,-1.17
1619611157845,0.789,0,0,0,0,-1.149
1619611157865,0.803,0,0,0,0,-1.173
1619611157885,0.796,0,0,0,0,-1.149
1619611157905,0.792,0,0,0,0,-1.163
1619611157925,0.803,0,0,0,0,-1.163
1619611157945,0.816,0,0,0,0,-1.139
1619611157965,0.779,0,0,0,0,-1.095
1619611157985,0.799,0,0,0,0,-1.095
1619611158006,0.799,0,0,0,0,-1.095
1619611158025,0.799,0,0,0,0,-1.139
1619611158045,0.792,0,0,0,0,-1.158
1619611158065,0.799,0,0,0,0,-1.138
1619611158085,0.806,0,0,0,0,-1.122
1619611158107,0.789,0,0,0,0,-1.097
1619611158125,0.796,0,0,0,0,-1.087
1619611158145,0.799,0,0,0,0,-1.111
1619611158165,0.796,0,0,0,0,-1.118
1619611158185,0.792,0,0,0,0,-1.115
1619611158208,0.81,0,0,0,0,-1.138
1619611158225,0.779,0,0,0,0,-1.209
1619611158245,0.796,0,0,0,0,-1.223
1619611158265,0.796,0,0,0,0,-1.223
1619611158285,0.799,0,0,0,0,-1.203
1619611158317,0.799,0,0,0,0,-1.162
1619611158325,0.81,0,0,0,0,-1.06
1619611158345,0.81,0,0,0,0,-1.06
1619611158365,0.782,0,0,0,0,-1.092
1619611158386,0.792,0,0,0,0,-1.14
1619611158406,0.796,0,0,0,0,-1.159
1619611158425,0.799,0,0,0,0,-1.124
1619611158445,0.796,0,0,0,0,-1.121
1619611158465,0.796,0,0,0,0,-1.082
1619611158485,0.82,0,0,0,0,-1.107
1619611158505,0.772,0,0,0,0,-1.173
1619611158525,0.792,0,0,0,0,-1.199
1619611158546,0.792,0,0,0,0,-1.199
1619611158565,0.792,0,0,0,0,-1.22
1619611158585,0.796,0,0,0,0,-1.249
1619611158605,0.803,0,0,0,0,-1.216
1619611158625,0.796,0,0,0,0,-1.199
1619611158645,0.827,0,0,0,0,-1.203
1619611158665,0.769,0,0,0,0,-1.23
1619611158685,0.796,0,0,0,0,-1.223
1619611158705,0.796,0,0,0,0,-1.204
1619611158725,0.803,0,0,0,0,-1.165
1619611158745,0.816,0,0,0,0,-1.087
1619611158765,0.772,0,0,0,0,-1.135
1619611158785,0.772,0,0,0,0,-1.135
1619611158805,0.799,0,0,0,0,-1.223
1619611158825,0.792,0,0,0,0,-1.192
1619611158845,0.81,0,0,0,0,-1.163
1619611158865,0.796,0,0,0,0,-1.157
1619611158885,0.827,0,0,0,0,-1.121
1619611158905,0.772,0,0,0,0,-1.067
1619611158925,0.799,0,0,0,0,-1.046
1619611158945,0.796,0,0,0,0,-1.09
1619611158965,0.792,0,0,0,0,-1.12
1619611158985,0.799,0,0,0,0,-1.112
1619611159005,0.799,0,0,0,0,-1.147
1619611159025,0.799,0,0,0,0,-1.125
1619611159045,0.799,0,0,0,0,-1.125
1619611159066,0.799,0,0,0,0,-1.101
1619611159086,0.799,0,0,0,0,-1.111
1619611159105,0.799,0,0,0,0,-1.14
1619611159125,0.796,0,0,0,0,-1.146
1619611159146,0.806,0,0,0,0,-1.187
1619611159165,0.792,0,0,0,0,-1.176
1619611159185,0.796,0,0,0,0,-1.101
1619611159205,0.796,0,0,0,0,-1.061
1619611159225,0.796,0,0,0,0,-1.096
1619611159245,0.796,0,0,0,0,-1.129
1619611159265,0.81,0,0,0,0,-1.098
1619611159285,0.786,0,0,0,0,-1.11
1619611159305,0.786,0,0,0,0,-1.11
1619611159325,0.799,0,0,0,0,-1.116
1619611159345,0.796,0,0,0,0,-1.119
1619611159365,0.799,0,0,0,0,-1.121
1619611159385,0.796,0,0,0,0,-1.126
1619611159405,0.813,0,0,0,0,-1.138
1619611159425,0.775,0,0,0,0,-1.136
1619611159445,0.803,0,0,0,0,-1.106
1619611159465,0.796,0,0,0,0,-1.067
1619611159485,0.796,0,0,0,0,-1.031
1619611159505,0.803,0,0,0,0,-1.058
1619611159525,0.796,0,0,0,0,-1.077
1619611159545,0.827,0,0,0,0,-1.072
1619611159565,0.827,0,0,0,0,-1.072
1619611159585,0.758,0,0,0,0,-1.089
1619611159605,0.796,0,0,0,0,-1.132
1619611159625,0.792,0,0,0,0,-1.143
1619611159645,0.799,0,0,0,0,-1.178
1619611159665,0.799,0,0,0,0,-1.193
1619611159685,0.82,0,0,0,0,-1.191
1619611159705,0.779,0,0,0,0,-1.182
1619611159725,0.799,0,0,0,0,-1.171
1619611159745,0.799,0,0,0,0,-1.167
1619611159765,0.799,0,0,0,0,-1.155
1619611159785,0.803,0,0,0,0,-1.162
1619611159805,0.799,0,0,0,0,-1.188
1619611159825,0.827,0,0,0,0,-1.174
1619611159845,0.779,0,0,0,0,-1.196
1619611159865,0.779,0,0,0,0,-1.196
1619611159885,0.792,0,0,0,0,-1.185
1619611159909,0.792,0,0,0,0,-1.168
1619611159926,0.792,0,0,0,0,-1.224
1619611159945,0.792,0,0,0,0,-1.224
1619611159966,0.799,0,0,0,0,-1.2
1619611159986,0.823,0,0,0,0,-1.224
1619611160006,0.755,0,0,0,0,-1.209
1619611160026,0.799,0,0,0,0,-1.183
1619611160046,0.796,0,0,0,0,-1.147
1619611160066,0.803,0,0,0,0,-1.086
1619611160086,0.796,0,0,0,0,-1.043
1619611160107,0.799,0,0,0,0,-1.017
1619611160126,0.799,0,0,0,0,-1.017
1619611160146,0.796,0,0,0,0,-1.039
1619611160166,0.796,0,0,0,0,-1.053
1619611160185,0.792,0,0,0,0,-1.038
1619611160205,0.799,0,0,0,0,-1.072
1619611160226,0.792,0,0,0,0,-1.115
1619611160246,0.803,0,0,0,0,-1.165
1619611160265,0.786,0,0,0,0,-1.21
1619611160285,0.796,0,0,0,0,-1.24
1619611160305,0.796,0,0,0,0,-1.237
1619611160325,0.796,0,0,0,0,-1.188
1619611160345,0.796,0,0,0,0,-1.149
1619611160366,0.81,0,0,0,0,-1.118
1619611160386,0.81,0,0,0,0,-1.118
1619611160405,0.786,0,0,0,0,-1.077
1619611160429,0.806,0,0,0,0,-1.066
1619611160447,0.792,0,0,0,0,-1.111
1619611160465,0.792,0,0,0,0,-1.111
1619611160486,0.796,0,0,0,0,-1.106
1619611160505,0.82,0,0,0,0,-1.129
1619611160525,0.779,0,0,0,0,-1.155
1619611160546,0.796,0,0,0,0,-1.139
1619611160566,0.796,0,0,0,0,-1.139
1619611160585,0.796,0,0,0,0,-1.112
1619611160606,0.803,0,0,0,0,-1.083
1619611160625,0.796,0,0,0,0,-1.055
1619611160645,0.803,0,0,0,0,-1.057
1619611160665,0.803,0,0,0,0,-1.057
1619611160685,0.803,0,0,0,0,-1.084
1619611160705,0.789,0,0,0,0,-1.109
1619611160725,0.796,0,0,0,0,-1.121
1619611160746,0.799,0,0,0,0,-1.113
1619611160766,0.792,0,0,0,0,-1.069
1619611160786,0.827,0,0,0,0,-1.09
1619611160806,0.765,0,0,0,0,-1.083
1619611160825,0.792,0,0,0,0,-1.076
1619611160850,0.799,0,0,0,0,-1.109
1619611160866,0.799,0,0,0,0,-1.13
1619611160888,0.799,0,0,0,0,-1.097
1619611160905,0.799,0,0,0,0,-1.086
1619611160926,0.827,0,0,0,0,-1.113
1619611160956,0.827,0,0,0,0,-1.113
1619611160967,0.792,0,0,0,0,-1.137
1619611160989,0.792,0,0,0,0,-1.137
1619611161006,0.799,0,0,0,0,-1.153
1619611161026,0.803,0,0,0,0,-1.158
1619611161056,0.789,0,0,0,0,-1.121
1619611161066,0.83,0,0,0,0,-1.156
1619611161086,0.758,0,0,0,0,-1.172
1619611161105,0.803,0,0,0,0,-1.156
1619611161126,0.796,0,0,0,0,-1.169
1619611161146,0.799,0,0,0,0,-1.166
1619611161165,0.803,0,0,0,0,-1.135
1619611161186,0.799,0,0,0,0,-1.087
1619611161206,0.799,0,0,0,0,-1.087
1619611161226,0.796,0,0,0,0,-1.089
1619611161248,0.796,0,0,0,0,-1.09
1619611161266,0.799,0,0,0,0,-1.047
1619611161286,0.796,0,0,0,0,-1.063
1619611161306,0.796,0,0,0,0,-1.1
1619611161326,0.799,0,0,0,0,-1.139
1619611161345,0.789,0,0,0,0,-1.163
1619611161366,0.796,0,0,0,0,-1.187
1619611161386,0.796,0,0,0,0,-1.209
1619611161405,0.796,0,0,0,0,-1.189
1619611161425,0.799,0,0,0,0,-1.214
1619611161445,0.799,0,0,0,0,-1.227
1619611161465,0.813,0,0,0,0,-1.138
1619611161485,0.813,0,0,0,0,-1.138
1619611161505,0.789,0,0,0,0,-1.116
1619611161525,0.796,0,0,0,0,-1.102
1619611161546,0.796,0,0,0,0,-1.063
1619611161565,0.796,0,0,0,0,-1.063
1619611161585,0.799,0,0,0,0,-1.119
1619611161605,0.813,0,0,0,0,-1.152
1619611161625,0.772,0,0,0,0,-1.147
1619611161646,0.799,0,0,0,0,-1.195
1619611161665,0.799,0,0,0,0,-1.212
1619611161685,0.796,0,0,0,0,-1.17
1619611161705,0.796,0,0,0,0,-1.143
1619611161725,0.799,0,0,0,0,-1.156
1619611161746,0.803,0,0,0,0,-1.068
1619611161765,0.803,0,0,0,0,-1.068
1619611161785,0.799,0,0,0,0,-1.045
1619611161805,0.799,0,0,0,0,-1.042
1619611161825,0.799,0,0,0,0,-1.036
1619611161845,0.796,0,0,0,0,-1.032
1619611161865,0.792,0,0,0,0,-1.054
1619611161885,0.823,0,0,0,0,-1.113
1619611161905,0.765,0,0,0,0,-1.114
1619611161925,0.796,0,0,0,0,-1.129
1619611161946,0.803,0,0,0,0,-1.151
1619611161965,0.789,0,0,0,0,-1.155
1619611161985,0.799,0,0,0,0,-1.172
1619611162005,0.823,0,0,0,0,-1.2
1619611162025,0.823,0,0,0,0,-1.2
1619611162047,0.765,0,0,0,0,-1.177
1619611162065,0.796,0,0,0,0,-1.112
1619611162085,0.796,0,0,0,0,-1.073
1619611162105,0.799,0,0,0,0,-1.079
1619611162125,0.799,0,0,0,0,-1.083
1619611162145,0.799,0,0,0,0,-1.099
1619611162165,0.792,0,0,0,0,-1.125
1619611162185,0.796,0,0,0,0,-1.088
1619611162205,0.799,0,0,0,0,-1.061
1619611162225,0.796,0,0,0,0,-1.083
1619611162245,0.796,0,0,0,0,-1.114
1619611162265,0.799,0,0,0,0,-1.218
1619611162285,0.799,0,0,0,0,-1.218
1619611162305,0.789,0,0,0,0,-1.266
1619611162325,0.803,0,0,0,0,-1.231
1619611162345,0.796,0,0,0,0,-1.201
1619611162365,0.799,0,0,0,0,-1.176
1619611162385,0.799,0,0,0,0,-1.18
1619611162405,0.803,0,0,0,0,-1.107
1619611162425,0.799,0,0,0,0,-1.076
1619611162445,0.799,0,0,0,0,-1.097
1619611162465,0.799,0,0,0,0,-1.072
1619611162485,0.803,0,0,0,0,-1.069
1619611162505,0.803,0,0,0,0,-1.08
1619611162525,0.81,0,0,0,0,-1.111
1619611162545,0.81,0,0,0,0,-1.111
1619611162565,0.782,0,0,0,0,-1.131
1619611162585,0.799,0,0,0,0,-1.167
1619611162605,0.796,0,0,0,0,-1.189
1619611162625,0.796,0,0,0,0,-1.135
1619611162645,0.796,0,0,0,0,-1.064
1619611162665,0.816,0,0,0,0,-1.034
1619611162685,0.775,0,0,0,0,-1.027
1619611162705,0.789,0,0,0,0,-1.04
1619611162725,0.799,0,0,0,0,-1.057
1619611162745,0.796,0,0,0,0,-1.06
1619611162765,0.792,0,0,0,0,-1.048
1619611162785,0.799,0,0,0,0,-1.063
1619611162805,0.82,0,0,0,0,-1.12
1619611162825,0.82,0,0,0,0,-1.12
1619611162845,0.769,0,0,0,0,-1.128
1619611162865,0.796,0,0,0,0,-1.163
1619611162885,0.786,0,0,0,0,-1.22
1619611162905,0.796,0,0,0,0,-1.218
1619611162925,0.799,0,0,0,0,-1.189
1619611162945,0.792,0,0,0,0,-1.17
1619611162965,0.83,0,0,0,0,-1.111
1619611162985,0.769,0,0,0,0,-1.068
1619611163005,0.799,0,0,0,0,-1.047
1619611163025,0.799,0,0,0,0,-1.008
1619611163045,0.796,0,0,0,0,-0.99
1619611163065,0.799,0,0,0,0,-0.971
1619611163085,0.803,0,0,0,0,-0.946
1619611163105,0.837,0,0,0,0,-0.914
1619611163125,0.837,0,0,0,0,-0.914
1619611163145,0.755,0,0,0,0,-0.957
1619611163165,0.799,0,0,0,0,-0.992
1619611163185,0.799,0,0,0,0,-1
1619611163205,0.803,0,0,0,0,-0.986
1619611163225,0.799,0,0,0,0,-1.008
1619611163245,0.799,0,0,0,0,-1.026
1619611163265,0.786,0,0,0,0,-1.025
1619611163285,0.799,0,0,0,0,-1.047
1619611163305,0.792,0,0,0,0,-1.066
1619611163325,0.799,0,0,0,0,-1.052
1619611163345,0.792,0,0,0,0,-1.073
1619611163365,0.803,0,0,0,0,-1.102
1619611163385,0.803,0,0,0,0,-1.102
1619611163405,0.786,0,0,0,0,-1.105
1619611163425,0.799,0,0,0,0,-1.154
1619611163445,0.796,0,0,0,0,-1.219
1619611163465,0.792,0,0,0,0,-1.243
1619611163485,0.799,0,0,0,0,-1.222
1619611163505,0.81,0,0,0,0,-1.186
1619611163525,0.782,0,0,0,0,-1.153
1619611163545,0.803,0,0,0,0,-1.107
1619611163566,0.799,0,0,0,0,-1.075
1619611163585,0.792,0,0,0,0,-1.053
1619611163605,0.796,0,0,0,0,-1.038
1619611163625,0.813,0,0,0,0,-1.043
1619611163645,0.813,0,0,0,0,-1.043
1619611163666,0.786,0,0,0,0,-1.085
1619611163685,0.799,0,0,0,0,-1.066
1619611163705,0.796,0,0,0,0,-1.061
1619611163725,0.796,0,0,0,0,-1.11
1619611163745,0.792,0,0,0,0,-1.205
1619611163765,0.796,0,0,0,0,-1.186
1619611163785,0.82,0,0,0,0,-1.132
1619611163805,0.775,0,0,0,0,-1.093
1619611163825,0.792,0,0,0,0,-1.072
1619611163845,0.796,0,0,0,0,-1.075
1619611163865,0.799,0,0,0,0,-1.086
1619611163886,0.792,0,0,0,0,-1.093
1619611163905,0.796,0,0,0,0,-1.102
1619611163925,0.82,0,0,0,0,-1.132
1619611163945,0.775,0,0,0,0,-1.167
1619611163966,0.775,0,0,0,0,-1.167
1619611163985,0.789,0,0,0,0,-1.172
1619611164005,0.816,0,0,0,0,-1.178
1619611164025,0.782,0,0,0,0,-1.157
1619611164045,0.796,0,0,0,0,-1.137
1619611164066,0.799,0,0,0,0,-1.107
1619611164085,0.83,0,0,0,0,-1.094
1619611164105,0.762,0,0,0,0,-1.075
1619611164125,0.796,0,0,0,0,-1.083
1619611164145,0.799,0,0,0,0,-1.113
1619611164167,0.792,0,0,0,0,-1.13
1619611164185,0.803,0,0,0,0,-1.108
1619611164205,0.799,0,0,0,0,-1.08
1619611164225,0.799,0,0,0,0,-1.08
1619611164245,0.799,0,0,0,0,-1.072
1619611164266,0.792,0,0,0,0,-1.059
1619611164285,0.792,0,0,0,0,-1.134
1619611164305,0.792,0,0,0,0,-1.24
1619611164325,0.799,0,0,0,0,-1.231
1619611164345,0.806,0,0,0,0,-1.133
1619611164366,0.796,0,0,0,0,-1.153
1619611164385,0.81,0,0,0,0,-1.209
1619611164405,0.799,0,0,0,0,-1.164
1619611164425,0.796,0,0,0,0,-1.144
1619611164445,0.796,0,0,0,0,-1.14
1619611164465,0.806,0,0,0,0,-1.113
1619611164485,0.806,0,0,0,0,-1.113
1619611164505,0.796,0,0,0,0,-1.098
1619611164525,0.796,0,0,0,0,-1.11
1619611164545,0.796,0,0,0,0,-1.14
1619611164565,0.799,0,0,0,0,-1.159
1619611164585,0.816,0,0,0,0,-1.161
1619611164605,0.772,0,0,0,0,-1.161
1619611164625,0.796,0,0,0,0,-1.158
1619611164645,0.803,0,0,0,0,-1.164
1619611164665,0.792,0,0,0,0,-1.105
1619611164685,0.816,0,0,0,0,-1.061
1619611164705,0.816,0,0,0,0,-1.061
1619611164725,0.782,0,0,0,0,-1.076
1619611164745,0.803,0,0,0,0,-1.097
1619611164765,0.796,0,0,0,0,-1.063
1619611164785,0.799,0,0,0,0,-1.065
1619611164805,0.799,0,0,0,0,-1.098
1619611164825,0.796,0,0,0,0,-1.107
1619611164845,0.823,0,0,0,0,-1.123
1619611164865,0.796,0,0,0,0,-1.171
1619611164885,0.772,0,0,0,0,-1.149
1619611164905,0.796,0,0,0,0,-1.116
1619611164925,0.803,0,0,0,0,-1.061
1619611164945,0.799,0,0,0,0,-1.04
1619611164965,0.792,0,0,0,0,-1.013
1619611164985,0.816,0,0,0,0,-1.016
1619611165005,0.816,0,0,0,0,-1.016
1619611165025,0.799,0,0,0,0,-1.008
1619611165045,0.775,0,0,0,0,-1.023
1619611165065,0.789,0,0,0,0,-1.019
1619611165085,0.799,0,0,0,0,-1.034
1619611165105,0.799,0,0,0,0,-1.05
1619611165125,0.796,0,0,0,0,-1.066
1619611165145,0.823,0,0,0,0,-1.116
1619611165165,0.765,0,0,0,0,-1.111
1619611165185,0.799,0,0,0,0,-1.088
1619611165205,0.796,0,0,0,0,-1.095
1619611165225,0.796,0,0,0,0,-1.107
1619611165245,0.799,0,0,0,0,-1.078
1619611165265,0.827,0,0,0,0,-1.077
1619611165285,0.827,0,0,0,0,-1.077
1619611165305,0.765,0,0,0,0,-1.089
1619611165326,0.792,0,0,0,0,-1.124
1619611165345,0.799,0,0,0,0,-1.158
1619611165365,0.799,0,0,0,0,-1.161
1619611165385,0.796,0,0,0,0,-1.174
1619611165405,0.806,0,0,0,0,-1.18
1619611165425,0.792,0,0,0,0,-1.188
1619611165445,0.799,0,0,0,0,-1.236
1619611165465,0.799,0,0,0,0,-1.233
1619611165485,0.806,0,0,0,0,-1.19
1619611165505,0.799,0,0,0,0,-1.157
1619611165525,0.799,0,0,0,0,-1.157
1619611165545,0.813,0,0,0,0,-1.134
1619611165565,0.789,0,0,0,0,-1.152
1619611165585,0.799,0,0,0,0,-1.16
1619611165605,0.799,0,0,0,0,-1.191
1619611165625,0.799,0,0,0,0,-1.151
1619611165645,0.796,0,0,0,0,-1.165
1619611165665,0.803,0,0,0,0,-1.187
1619611165686,0.786,0,0,0,0,-1.166
1619611165705,0.796,0,0,0,0,-1.104
1619611165725,0.803,0,0,0,0,-1.105
1619611165745,0.796,0,0,0,0,-1.079
1619611165765,0.796,0,0,0,0,-1.053
1619611165785,0.796,0,0,0,0,-1.053
1619611165805,0.816,0,0,0,0,-1.067
1619611165825,0.786,0,0,0,0,-1.047
1619611165845,0.789,0,0,0,0,-1.039
1619611165865,0.796,0,0,0,0,-1.017
1619611165886,0.796,0,0,0,0,-1.031
1619611165905,0.789,0,0,0,0,-1.055
1619611165925,0.796,0,0,0,0,-1.11
1619611165945,0.82,0,0,0,0,-1.163
1619611165965,0.769,0,0,0,0,-1.157
1619611165986,0.792,0,0,0,0,-1.163
1619611166005,0.799,0,0,0,0,-1.19
1619611166025,0.796,0,0,0,0,-1.194
1619611166045,0.796,0,0,0,0,-1.181
1619611166065,0.796,0,0,0,0,-1.181
1619611166087,0.803,0,0,0,0,-1.148
1619611166105,0.82,0,0,0,0,-1.078
1619611166125,0.769,0,0,0,0,-1.039
1619611166145,0.792,0,0,0,0,-1.059
1619611166165,0.792,0,0,0,0,-1.073
1619611166185,0.803,0,0,0,0,-1.074
1619611166205,0.792,0,0,0,0,-1.096
1619611166225,0.799,0,0,0,0,-1.114
1619611166245,0.803,0,0,0,0,-1.086
1619611166265,0.799,0,0,0,0,-1.068
1619611166286,0.803,0,0,0,0,-1.076
1619611166308,0.796,0,0,0,0,-1.113
1619611166325,0.796,0,0,0,0,-1.077
1619611166345,0.796,0,0,0,0,-1.077
1619611166365,0.796,0,0,0,0,-1.078
1619611166387,0.799,0,0,0,0,-1.105
1619611166405,0.799,0,0,0,0,-1.09
1619611166425,0.792,0,0,0,0,-1.081
1619611166445,0.799,0,0,0,0,-1.044
1619611166465,0.799,0,0,0,0,-1.035
1619611166487,0.796,0,0,0,0,-1.017
1619611166506,0.799,0,0,0,0,-1.058
1619611166525,0.789,0,0,0,0,-1.098
1619611166545,0.796,0,0,0,0,-1.097
1619611166565,0.799,0,0,0,0,-1.086
1619611166585,0.796,0,0,0,0,-1.105
1619611166605,0.796,0,0,0,0,-1.105
1619611166625,0.796,0,0,0,0,-1.128
1619611166645,0.806,0,0,0,0,-1.149
1619611166665,0.782,0,0,0,0,-1.179
1619611166686,0.799,0,0,0,0,-1.185
1619611166705,0.799,0,0,0,0,-1.177
1619611166725,0.792,0,0,0,0,-1.163
1619611166745,0.792,0,0,0,0,-1.17
1619611166765,0.813,0,0,0,0,-1.14
1619611166786,0.782,0,0,0,0,-1.131
1619611166805,0.799,0,0,0,0,-1.122
1619611166825,0.799,0,0,0,0,-1.111
1619611166845,0.799,0,0,0,0,-1.084
1619611166865,0.799,0,0,0,0,-1.084
1619611166885,0.799,0,0,0,0,-1.069
1619611166905,0.81,0,0,0,0,-1.109
1619611166925,0.779,0,0,0,0,-1.15
1619611166945,0.799,0,0,0,0,-1.18
1619611166965,0.789,0,0,0,0,-1.178
1619611166985,0.796,0,0,0,0,-1.169
1619611167005,0.799,0,0,0,0,-1.157
1619611167025,0.796,0,0,0,0,-1.126
1619611167045,0.82,0,0,0,0,-1.132
1619611167065,0.775,0,0,0,0,-1.158
1619611167085,0.796,0,0,0,0,-1.155
1619611167105,0.796,0,0,0,0,-1.165
1619611167125,0.799,0,0,0,0,-1.124
1619611167145,0.799,0,0,0,0,-1.124
1619611167165,0.799,0,0,0,0,-1.106
1619611167185,0.799,0,0,0,0,-1.127
1619611167205,0.827,0,0,0,0,-1.121
1619611167225,0.765,0,0,0,0,-1.128
1619611167245,0.799,0,0,0,0,-1.148
1619611167265,0.796,0,0,0,0,-1.127
1619611167285,0.799,0,0,0,0,-1.121
1619611167305,0.796,0,0,0,0,-1.129
1619611167325,0.827,0,0,0,0,-1.137
1619611167345,0.758,0,0,0,0,-1.142
1619611167365,0.792,0,0,0,0,-1.118
1619611167385,0.799,0,0,0,0,-1.091
1619611167405,0.799,0,0,0,0,-1.091
1619611167425,0.796,0,0,0,0,-1.096
1619611167445,0.799,0,0,0,0,-1.109
1619611167465,0.81,0,0,0,0,-1.081
1619611167485,0.775,0,0,0,0,-1.064
1619611167505,0.796,0,0,0,0,-1.081
1619611167525,0.803,0,0,0,0,-1.074
1619611167545,0.799,0,0,0,0,-1.03
1619611167565,0.789,0,0,0,0,-1.027
1619611167585,0.799,0,0,0,0,-1.053
1619611167605,0.792,0,0,0,0,-1.063
1619611167625,0.792,0,0,0,0,-1.093
1619611167645,0.796,0,0,0,0,-1.119
1619611167665,0.796,0,0,0,0,-1.119
1619611167685,0.796,0,0,0,0,-1.149
1619611167705,0.792,0,0,0,0,-1.158
1619611167725,0.803,0,0,0,0,-1.156
1619611167745,0.792,0,0,0,0,-1.148
1619611167765,0.803,0,0,0,0,-1.127
1619611167785,0.796,0,0,0,0,-1.103
1619611167805,0.796,0,0,0,0,-1.142
1619611167825,0.799,0,0,0,0,-1.154
1619611167845,0.81,0,0,0,0,-1.108
1619611167865,0.779,0,0,0,0,-1.12
1619611167885,0.799,0,0,0,0,-1.15
1619611167905,0.792,0,0,0,0,-1.124
1619611167925,0.792,0,0,0,0,-1.124
1619611167945,0.796,0,0,0,0,-1.116
1619611167965,0.803,0,0,0,0,-1.147
1619611167985,0.816,0,0,0,0,-1.161
1619611168005,0.786,0,0,0,0,-1.146
1619611168025,0.803,0,0,0,0,-1.181
1619611168045,0.803,0,0,0,0,-1.142
1619611168065,0.803,0,0,0,0,-1.145
1619611168085,0.799,0,0,0,0,-1.18
1619611168105,0.803,0,0,0,0,-1.201
1619611168125,0.82,0,0,0,0,-1.103
1619611168145,0.772,0,0,0,0,-1.072
1619611168165,0.799,0,0,0,0,-1.041
1619611168185,0.796,0,0,0,0,-1.009
1619611168205,0.796,0,0,0,0,-1.009
1619611168225,0.799,0,0,0,0,-0.993
1619611168245,0.799,0,0,0,0,-1.032
1619611168265,0.796,0,0,0,0,-1.076
1619611168285,0.82,0,0,0,0,-1.115
1619611168305,0.769,0,0,0,0,-1.142
1619611168325,0.796,0,0,0,0,-1.099
1619611168345,0.796,0,0,0,0,-1.07
1619611168365,0.796,0,0,0,0,-1.091
1619611168385,0.796,0,0,0,0,-1.119
1619611168406,0.827,0,0,0,0,-1.071
1619611168425,0.758,0,0,0,0,-1.044
1619611168445,0.796,0,0,0,0,-1.06
1619611168465,0.796,0,0,0,0,-1.06
1619611168485,0.796,0,0,0,0,-1.037
1619611168505,0.799,0,0,0,0,-1.055
1619611168525,0.799,0,0,0,0,-1.147
1619611168546,0.792,0,0,0,0,-1.202
1619611168565,0.799,0,0,0,0,-1.204
1619611168585,0.796,0,0,0,0,-1.213
1619611168606,0.81,0,0,0,0,-1.158
1619611168625,0.796,0,0,0,0,-1.085
1619611168645,0.799,0,0,0,0,-1.086
1619611168665,0.803,0,0,0,0,-1.071
1619611168685,0.792,0,0,0,0,-1.014
1619611168707,0.799,0,0,0,0,-0.978
1619611168725,0.796,0,0,0,0,-0.966
1619611168745,0.796,0,0,0,0,-0.966
1619611168765,0.799,0,0,0,0,-0.922
1619611168785,0.796,0,0,0,0,-0.923
1619611168806,0.803,0,0,0,0,-1.004
1619611168825,0.786,0,0,0,0,-1.032
1619611168845,0.796,0,0,0,0,-1.028
1619611168865,0.792,0,0,0,0,-1.069
1619611168885,0.792,0,0,0,0,-1.11
1619611168907,0.789,0,0,0,0,-1.126
1619611168925,0.803,0,0,0,0,-1.176
1619611168945,0.779,0,0,0,0,-1.197
1619611168965,0.796,0,0,0,0,-1.2
1619611168985,0.796,0,0,0,0,-1.2
1619611169005,0.789,0,0,0,0,-1.175
1619611169025,0.796,0,0,0,0,-1.17
1619611169045,0.792,0,0,0,0,-1.142
1619611169065,0.796,0,0,0,0,-1.149
1619611169085,0.816,0,0,0,0,-1.199
1619611169106,0.772,0,0,0,0,-1.209
1619611169125,0.796,0,0,0,0,-1.195
1619611169145,0.796,0,0,0,0,-1.196
1619611169165,0.803,0,0,0,0,-1.216
1619611169185,0.806,0,0,0,0,-1.212
1619611169205,0.799,0,0,0,0,-1.191
1619611169225,0.823,0,0,0,0,-1.209
1619611169245,0.772,0,0,0,0,-1.214
1619611169265,0.799,0,0,0,0,-1.168
1619611169285,0.799,0,0,0,0,-1.168
1619611169305,0.799,0,0,0,0,-1.106
1619611169325,0.799,0,0,0,0,-1.101
1619611169345,0.799,0,0,0,0,-1.056
1619611169365,0.796,0,0,0,0,-1.077
1619611169385,0.827,0,0,0,0,-1.153
1619611169405,0.765,0,0,0,0,-1.161
1619611169425,0.796,0,0,0,0,-1.149
1619611169445,0.799,0,0,0,0,-1.158
1619611169465,0.799,0,0,0,0,-1.172
1619611169485,0.796,0,0,0,0,-1.164
1619611169505,0.796,0,0,0,0,-1.164
1619611169525,0.796,0,0,0,0,-1.185
1619611169545,0.796,0,0,0,0,-1.185
1619611169565,0.792,0,0,0,0,-1.174
1619611169585,0.796,0,0,0,0,-1.146
1619611169605,0.796,0,0,0,0,-1.118
1619611169625,0.803,0,0,0,0,-1.115
1619611169645,0.799,0,0,0,0,-1.159
1619611169665,0.789,0,0,0,0,-1.126
1619611169685,0.796,0,0,0,0,-1.094
1619611169705,0.799,0,0,0,0,-1.105
1619611169725,0.803,0,0,0,0,-1.14
1619611169745,0.799,0,0,0,0,-1.149
1619611169765,0.799,0,0,0,0,-1.125
1619611169785,0.789,0,0,0,0,-1.128
1619611169805,0.789,0,0,0,0,-1.128
1619611169825,0.796,0,0,0,0,-1.18
1619611169845,0.792,0,0,0,0,-1.166
1619611169865,0.799,0,0,0,0,-1.117
1619611169885,0.796,0,0,0,0,-1.085
1619611169905,0.803,0,0,0,0,-1.079
1619611169925,0.786,0,0,0,0,-1.148
1619611169945,0.796,0,0,0,0,-1.182
1619611169965,0.792,0,0,0,0,-1.181
1619611169985,0.803,0,0,0,0,-1.161
1619611170005,0.799,0,0,0,0,-1.13
1619611170025,0.816,0,0,0,0,-1.174
1619611170045,0.789,0,0,0,0,-1.162
1619611170065,0.789,0,0,0,0,-1.162
1619611170085,0.796,0,0,0,0,-1.11
1619611170105,0.799,0,0,0,0,-1.15
1619611170125,0.792,0,0,0,0,-1.193
1619611170145,0.799,0,0,0,0,-1.146
1619611170165,0.796,0,0,0,0,-1.111
1619611170185,0.823,0,0,0,0,-1.114
1619611170205,0.782,0,0,0,0,-1.105
1619611170225,0.796,0,0,0,0,-1.103
1619611170245,0.799,0,0,0,0,-1.117
1619611170265,0.796,0,0,0,0,-1.131
1619611170285,0.799,0,0,0,0,-1.141
1619611170305,0.803,0,0,0,0,-1.153
1619611170325,0.823,0,0,0,0,-1.14
1619611170345,0.782,0,0,0,0,-1.115
1619611170365,0.782,0,0,0,0,-1.115
1619611170385,0.789,0,0,0,0,-1.152
1619611170405,0.792,0,0,0,0,-1.175
1619611170425,0.803,0,0,0,0,-1.163
1619611170445,0.799,0,0,0,0,-1.132
1619611170465,0.796,0,0,0,0,-1.103
1619611170485,0.827,0,0,0,0,-1.087
1619611170505,0.762,0,0,0,0,-1.092
1619611170525,0.799,0,0,0,0,-1.12
1619611170545,0.799,0,0,0,0,-1.13
1619611170565,0.796,0,0,0,0,-1.114
1619611170585,0.792,0,0,0,0,-1.118
1619611170605,0.83,0,0,0,0,-1.123
1619611170626,0.83,0,0,0,0,-1.123
1619611170647,0.758,0,0,0,0,-1.083
1619611170665,0.796,0,0,0,0,-1.11
1619611170685,0.792,0,0,0,0,-1.145
1619611170705,0.792,0,0,0,0,-1.119
1619611170736,0.799,0,0,0,0,-1.099
1619611170745,0.792,0,0,0,0,-1.077
1619611170765,0.792,0,0,0,0,-1.077
1619611170785,0.803,0,0,0,0,-1.089
1619611170805,0.796,0,0,0,0,-1.09
1619611170826,0.799,0,0,0,0,-1.094
1619611170845,0.799,0,0,0,0,-1.099
1619611170865,0.81,0,0,0,0,-1.125
1619611170885,0.81,0,0,0,0,-1.125
1619611170905,0.796,0,0,0,0,-1.147
1619611170925,0.792,0,0,0,0,-1.14
1619611170945,0.796,0,0,0,0,-1.179
1619611170965,0.796,0,0,0,0,-1.167
1619611170985,0.799,0,0,0,0,-1.167
1619611171005,0.806,0,0,0,0,-1.191
1619611171026,0.786,0,0,0,0,-1.19
1619611171045,0.792,0,0,0,0,-1.214
1619611171065,0.799,0,0,0,0,-1.181
1619611171085,0.81,0,0,0,0,-1.162
1619611171105,0.799,0,0,0,0,-1.195
1619611171126,0.813,0,0,0,0,-1.177
1619611171145,0.782,0,0,0,0,-1.184
1619611171165,0.782,0,0,0,0,-1.184
1619611171185,0.792,0,0,0,0,-1.204
1619611171205,0.799,0,0,0,0,-1.2
1619611171228,0.799,0,0,0,0,-1.202
1619611171245,0.796,0,0,0,0,-1.204
1619611171265,0.796,0,0,0,0,-1.196
1619611171285,0.813,0,0,0,0,-1.181
1619611171305,0.779,0,0,0,0,-1.128
1619611171325,0.796,0,0,0,0,-1.085
1619611171345,0.803,0,0,0,0,-1.068
1619611171365,0.799,0,0,0,0,-1.035
1619611171385,0.799,0,0,0,0,-1.038
1619611171405,0.796,0,0,0,0,-1.055
1619611171426,0.823,0,0,0,0,-1.056
1619611171445,0.772,0,0,0,0,-1.116
1619611171465,0.772,0,0,0,0,-1.116
1619611171485,0.792,0,0,0,0,-1.168
1619611171505,0.796,0,0,0,0,-1.18
1619611171526,0.796,0,0,0,0,-1.183
1619611171545,0.796,0,0,0,0,-1.223
1619611171565,0.796,0,0,0,0,-1.209
1619611171585,0.823,0,0,0,0,-1.182
1619611171605,0.765,0,0,0,0,-1.154
1619611171625,0.796,0,0,0,0,-1.132
1619611171645,0.799,0,0,0,0,-1.082
1619611171665,0.799,0,0,0,0,-1.067
1619611171685,0.799,0,0,0,0,-1.088
1619611171705,0.799,0,0,0,0,-1.135
1619611171725,0.799,0,0,0,0,-1.135
1619611171745,0.796,0,0,0,0,-1.193
1619611171765,0.796,0,0,0,0,-1.207
1619611171785,0.799,0,0,0,0,-1.175
1619611171805,0.799,0,0,0,0,-1.165
1619611171825,0.796,0,0,0,0,-1.156
1619611171845,0.799,0,0,0,0,-1.113
1619611171865,0.803,0,0,0,0,-1.113
1619611171885,0.786,0,0,0,0,-1.099
1619611171905,0.799,0,0,0,0,-1.076
1619611171925,0.796,0,0,0,0,-1.081
1619611171945,0.796,0,0,0,0,-1.11
1619611171965,0.81,0,0,0,0,-1.141
1619611171986,0.81,0,0,0,0,-1.141
1619611172005,0.782,0,0,0,0,-1.111
1619611172025,0.799,0,0,0,0,-1.111
1619611172045,0.796,0,0,0,0,-1.115
1619611172065,0.799,0,0,0,0,-1.091
1619611172085,0.796,0,0,0,0,-1.098
1619611172105,0.81,0,0,0,0,-1.115
1619611172125,0.782,0,0,0,0,-1.119
1619611172145,0.796,0,0,0,0,-1.145
1619611172165,0.799,0,0,0,0,-1.17
1619611172185,0.789,0,0,0,0,-1.165
1619611172205,0.799,0,0,0,0,-1.151
1619611172225,0.799,0,0,0,0,-1.148
1619611172245,0.82,0,0,0,0,-1.163
1619611172265,0.82,0,0,0,0,-1.163
1619611172285,0.775,0,0,0,0,-1.152
1619611172305,0.792,0,0,0,0,-1.149
1619611172325,0.796,0,0,0,0,-1.185
1619611172345,0.799,0,0,0,0,-1.165
1619611172365,0.803,0,0,0,0,-1.144
1619611172385,0.799,0,0,0,0,-1.159
1619611172405,0.816,0,0,0,0,-1.165
1619611172425,0.772,0,0,0,0,-1.171
1619611172445,0.796,0,0,0,0,-1.146
1619611172465,0.799,0,0,0,0,-1.103
1619611172485,0.796,0,0,0,0,-1.078
1619611172505,0.796,0,0,0,0,-1.109
1619611172525,0.792,0,0,0,0,-1.141
1619611172545,0.823,0,0,0,0,-1.151
1619611172565,0.823,0,0,0,0,-1.151
1619611172585,0.769,0,0,0,0,-1.166
1619611172605,0.796,0,0,0,0,-1.195
1619611172625,0.799,0,0,0,0,-1.202
1619611172645,0.796,0,0,0,0,-1.174
1619611172665,0.81,0,0,0,0,-1.165
1619611172685,0.779,0,0,0,0,-1.183
1619611172705,0.796,0,0,0,0,-1.16
1619611172725,0.799,0,0,0,0,-1.173
1619611172745,0.799,0,0,0,0,-1.171
1619611172765,0.803,0,0,0,0,-1.121
1619611172785,0.823,0,0,0,0,-1.105
1619611172805,0.823,0,0,0,0,-1.105
1619611172825,0.762,0,0,0,0,-1.135
1619611172845,0.796,0,0,0,0,-1.143
1619611172865,0.799,0,0,0,0,-1.126
1619611172885,0.799,0,0,0,0,-1.172
1619611172905,0.796,0,0,0,0,-1.223
1619611172925,0.799,0,0,0,0,-1.182
1619611172945,0.789,0,0,0,0,-1.165
1619611172965,0.796,0,0,0,0,-1.177
1619611172985,0.796,0,0,0,0,-1.14
1619611173005,0.799,0,0,0,0,-1.108
1619611173025,0.792,0,0,0,0,-1.112
1619611173046,0.813,0,0,0,0,-1.075
1619611173065,0.813,0,0,0,0,-1.075
1619611173085,0.786,0,0,0,0,-1.055
1619611173105,0.796,0,0,0,0,-1.095
1619611173125,0.796,0,0,0,0,-1.091
1619611173146,0.796,0,0,0,0,-1.085
1619611173165,0.799,0,0,0,0,-1.1
1619611173185,0.81,0,0,0,0,-1.136
1619611173205,0.782,0,0,0,0,-1.14
1619611173225,0.796,0,0,0,0,-1.159
1619611173245,0.799,0,0,0,0,-1.164
1619611173265,0.799,0,0,0,0,-1.145
1619611173285,0.796,0,0,0,0,-1.153
1619611173305,0.796,0,0,0,0,-1.172
1619611173325,0.813,0,0,0,0,-1.171
1619611173346,0.813,0,0,0,0,-1.171
1619611173365,0.769,0,0,0,0,-1.159
1619611173385,0.81,0,0,0,0,-1.157
1619611173405,0.796,0,0,0,0,-1.148
1619611173425,0.792,0,0,0,0,-1.148
1619611173447,0.796,0,0,0,0,-1.147
1619611173465,0.799,0,0,0,0,-1.166
1619611173485,0.813,0,0,0,0,-1.164
1619611173505,0.782,0,0,0,0,-1.163
1619611173525,0.799,0,0,0,0,-1.177
1619611173547,0.799,0,0,0,0,-1.198
1619611173565,0.796,0,0,0,0,-1.175
1619611173585,0.799,0,0,0,0,-1.183
1619611173605,0.803,0,0,0,0,-1.182
1619611173625,0.803,0,0,0,0,-1.166
1619611173645,0.827,0,0,0,0,-1.119
1619611173665,0.827,0,0,0,0,-1.119
1619611173685,0.765,0,0,0,0,-1.107
1619611173705,0.796,0,0,0,0,-1.085
1619611173725,0.81,0,0,0,0,-1.072
1619611173746,0.796,0,0,0,0,-1.079
1619611173765,0.796,0,0,0,0,-1.109
1619611173785,0.799,0,0,0,0,-1.114
1619611173805,0.823,0,0,0,0,-1.151
1619611173825,0.765,0,0,0,0,-1.162
1619611173845,0.796,0,0,0,0,-1.126
1619611173865,0.796,0,0,0,0,-1.117
1619611173885,0.799,0,0,0,0,-1.133
1619611173905,0.796,0,0,0,0,-1.104
1619611173925,0.799,0,0,0,0,-1.082
1619611173945,0.799,0,0,0,0,-1.082
1619611173965,0.799,0,0,0,0,-1.103
1619611173985,0.796,0,0,0,0,-1.095
1619611174005,0.796,0,0,0,0,-1.101
1619611174025,0.799,0,0,0,0,-1.153
1619611174045,0.796,0,0,0,0,-1.218
1619611174065,0.796,0,0,0,0,-1.187
1619611174085,0.803,0,0,0,0,-1.229
1619611174105,0.789,0,0,0,0,-1.225
1619611174125,0.796,0,0,0,0,-1.154
1619611174145,0.799,0,0,0,0,-1.136
1619611174165,0.796,0,0,0,0,-1.129
1619611174185,0.799,0,0,0,0,-1.08
1619611174205,0.816,0,0,0,0,-1.046
1619611174225,0.816,0,0,0,0,-1.046
1619611174245,0.782,0,0,0,0,-1.035
1619611174265,0.799,0,0,0,0,-0.992
1619611174285,0.803,0,0,0,0,-0.948
1619611174305,0.799,0,0,0,0,-0.969
1619611174325,0.792,0,0,0,0,-1.015
1619611174345,0.813,0,0,0,0,-1.04
1619611174365,0.779,0,0,0,0,-1.075
1619611174385,0.799,0,0,0,0,-1.097
1619611174405,0.799,0,0,0,0,-1.098
1619611174425,0.796,0,0,0,0,-1.092
1619611174445,0.799,0,0,0,0,-1.173
1619611174465,0.789,0,0,0,0,-1.186
1619611174486,0.82,0,0,0,0,-1.15
1619611174505,0.82,0,0,0,0,-1.15
1619611174525,0.772,0,0,0,0,-1.135
1619611174545,0.799,0,0,0,0,-1.127
1619611174565,0.796,0,0,0,0,-1.097
1619611174585,0.792,0,0,0,0,-1.135
1619611174605,0.796,0,0,0,0,-1.19
1619611174625,0.792,0,0,0,0,-1.2
1619611174645,0.823,0,0,0,0,-1.183
1619611174665,0.772,0,0,0,0,-1.203
1619611174685,0.796,0,0,0,0,-1.188
1619611174705,0.803,0,0,0,0,-1.16
1619611174725,0.796,0,0,0,0,-1.176
1619611174745,0.796,0,0,0,0,-1.207
1619611174765,0.827,0,0,0,0,-1.177
1619611174785,0.827,0,0,0,0,-1.177
1619611174805,0.765,0,0,0,0,-1.124
1619611174825,0.799,0,0,0,0,-1.097
1619611174845,0.803,0,0,0,0,-1.073
1619611174865,0.799,0,0,0,0,-1.062
1619611174885,0.796,0,0,0,0,-1.088
1619611174905,0.799,0,0,0,0,-1.156
1619611174925,0.796,0,0,0,0,-1.145
1619611174945,0.799,0,0,0,0,-1.153
1619611174965,0.792,0,0,0,0,-1.16
1619611174985,0.799,0,0,0,0,-1.151
1619611175005,0.796,0,0,0,0,-1.148
1619611175025,0.803,0,0,0,0,-1.17
1619611175045,0.803,0,0,0,0,-1.17
1619611175065,0.786,0,0,0,0,-1.16
1619611175085,0.799,0,0,0,0,-1.123
1619611175105,0.799,0,0,0,0,-1.131
1619611175125,0.792,0,0,0,0,-1.13
1619611175145,0.796,0,0,0,0,-1.135
1619611175165,0.796,0,0,0,0,-1.168
1619611175185,0.806,0,0,0,0,-1.145
1619611175206,0.789,0,0,0,0,-1.123
1619611175225,0.792,0,0,0,0,-1.157
1619611175245,0.799,0,0,0,0,-1.184
1619611175265,0.796,0,0,0,0,-1.146
1619611175285,0.796,0,0,0,0,-1.13
1619611175305,0.81,0,0,0,0,-1.173
1619611175325,0.81,0,0,0,0,-1.173
1619611175345,0.772,0,0,0,0,-1.176
1619611175376,0.803,0,0,0,0,-1.16
1619611175385,0.799,0,0,0,0,-1.098
1619611175405,0.799,0,0,0,0,-1.098
1619611175425,0.803,0,0,0,0,-1.058
1619611175446,0.789,0,0,0,0,-1.093
1619611175466,0.82,0,0,0,0,-1.234
1619611175485,0.755,0,0,0,0,-1.207
1619611175505,0.81,0,0,0,0,-1.143
1619611175525,0.799,0,0,0,0,-1.16
1619611175545,0.799,0,0,0,0,-1.2
1619611175565,0.799,0,0,0,0,-1.187
1619611175585,0.823,0,0,0,0,-1.154
1619611175605,0.823,0,0,0,0,-1.154
1619611175625,0.772,0,0,0,0,-1.172
1619611175645,0.792,0,0,0,0,-1.218
1619611175665,0.796,0,0,0,0,-1.179
1619611175685,0.803,0,0,0,0,-1.159
1619611175705,0.792,0,0,0,0,-1.128
1619611175725,0.799,0,0,0,0,-1.148
1619611175745,0.823,0,0,0,0,-1.156
1619611175766,0.772,0,0,0,0,-1.112
1619611175785,0.796,0,0,0,0,-1.111
1619611175805,0.796,0,0,0,0,-1.132
1619611175825,0.803,0,0,0,0,-1.151
1619611175845,0.799,0,0,0,0,-1.142
1619611175866,0.799,0,0,0,0,-1.156
1619611175885,0.799,0,0,0,0,-1.176
1619611175905,0.799,0,0,0,0,-1.176
1619611175925,0.799,0,0,0,0,-1.158
1619611175945,0.792,0,0,0,0,-1.13
1619611175967,0.806,0,0,0,0,-1.086
1619611175985,0.799,0,0,0,0,-1.089
1619611176005,0.803,0,0,0,0,-1.063
1619611176025,0.799,0,0,0,0,-1.106
1619611176045,0.792,0,0,0,0,-1.146
1619611176066,0.796,0,0,0,0,-1.132
1619611176085,0.81,0,0,0,0,-1.16
1619611176105,0.792,0,0,0,0,-1.18
1619611176125,0.799,0,0,0,0,-1.12
1619611176145,0.799,0,0,0,0,-1.091
1619611176167,0.799,0,0,0,0,-1.091
1619611176185,0.782,0,0,0,0,-1.122
1619611176205,0.796,0,0,0,0,-1.112
1619611176225,0.799,0,0,0,0,-1.102
1619611176245,0.799,0,0,0,0,-1.091
1619611176265,0.796,0,0,0,0,-1.071
1619611176285,0.81,0,0,0,0,-1.095
1619611176305,0.786,0,0,0,0,-1.136
1619611176325,0.799,0,0,0,0,-1.127
1619611176345,0.796,0,0,0,0,-1.121
1619611176365,0.799,0,0,0,0,-1.104
1619611176385,0.799,0,0,0,0,-1.108
1619611176405,0.806,0,0,0,0,-1.11
1619611176425,0.806,0,0,0,0,-1.11
1619611176445,0.786,0,0,0,0,-1.131
1619611176465,0.796,0,0,0,0,-1.16
1619611176485,0.799,0,0,0,0,-1.178
1619611176505,0.796,0,0,0,0,-1.178
1619611176525,0.799,0,0,0,0,-1.177
1619611176545,0.799,0,0,0,0,-1.176
1619611176565,0.823,0,0,0,0,-1.206
1619611176585,0.765,0,0,0,0,-1.2
1619611176605,0.799,0,0,0,0,-1.198
1619611176625,0.792,0,0,0,0,-1.19
1619611176645,0.803,0,0,0,0,-1.184
1619611176665,0.799,0,0,0,0,-1.188
1619611176685,0.823,0,0,0,0,-1.214
1619611176705,0.823,0,0,0,0,-1.214
1619611176725,0.769,0,0,0,0,-1.23
1619611176745,0.799,0,0,0,0,-1.24
1619611176765,0.792,0,0,0,0,-1.255
1619611176785,0.792,0,0,0,0,-1.187
1619611176805,0.803,0,0,0,0,-1.208
1619611176825,0.799,0,0,0,0,-1.175
1619611176845,0.83,0,0,0,0,-1.062
1619611176865,0.775,0,0,0,0,-1.055
1619611176885,0.799,0,0,0,0,-1.053
1619611176905,0.799,0,0,0,0,-1.01
1619611176925,0.799,0,0,0,0,-1.031
1619611176945,0.799,0,0,0,0,-1.067
1619611176965,0.799,0,0,0,0,-1.067
1619611176985,0.789,0,0,0,0,-1.113
1619611177005,0.799,0,0,0,0,-1.165
1619611177025,0.792,0,0,0,0,-1.202
1619611177045,0.796,0,0,0,0,-1.208
1619611177065,0.792,0,0,0,0,-1.19
1619611177085,0.792,0,0,0,0,-1.184
1619611177105,0.799,0,0,0,0,-1.175
1619611177125,0.792,0,0,0,0,-1.137
1619611177145,0.799,0,0,0,0,-1.098
1619611177165,0.799,0,0,0,0,-1.068
1619611177185,0.796,0,0,0,0,-1.063
1619611177205,0.792,0,0,0,0,-1.077
1619611177225,0.792,0,0,0,0,-1.077
1619611177245,0.806,0,0,0,0,-1.16
1619611177265,0.786,0,0,0,0,-1.204
1619611177285,0.792,0,0,0,0,-1.209
1619611177305,0.799,0,0,0,0,-1.197
1619611177325,0.799,0,0,0,0,-1.19
1619611177345,0.796,0,0,0,0,-1.136
1619611177365,0.796,0,0,0,0,-1.125
1619611177385,0.813,0,0,0,0,-1.118
1619611177405,0.779,0,0,0,0,-1.099
1619611177425,0.799,0,0,0,0,-1.101
1619611177445,0.799,0,0,0,0,-1.128
1619611177465,0.796,0,0,0,0,-1.133
1619611177485,0.796,0,0,0,0,-1.121
1619611177505,0.796,0,0,0,0,-1.121
1619611177525,0.813,0,0,0,0,-1.137
1619611177545,0.779,0,0,0,0,-1.127
1619611177565,0.796,0,0,0,0,-1.094
1619611177585,0.799,0,0,0,0,-1.087
1619611177605,0.799,0,0,0,0,-1.091
1619611177625,0.796,0,0,0,0,-1.105
1619611177645,0.799,0,0,0,0,-1.124
1619611177665,0.796,0,0,0,0,-1.158
1619611177685,0.799,0,0,0,0,-1.162
1619611177705,0.796,0,0,0,0,-1.17
1619611177725,0.799,0,0,0,0,-1.158
1619611177745,0.799,0,0,0,0,-1.16
1619611177765,0.799,0,0,0,0,-1.16
1619611177795,0.792,0,0,0,0,-1.144
1619611177805,0.769,0,0,0,0,-1.174
1619611177825,0.769,0,0,0,0,-1.174
1619611177845,0.789,0,0,0,0,-1.177
1619611177865,0.796,0,0,0,0,-1.199
1619611177886,0.799,0,0,0,0,-1.197
1619611177905,0.792,0,0,0,0,-1.17
1619611177925,0.789,0,0,0,0,-1.165
1619611177945,0.82,0,0,0,0,-1.179
1619611177965,0.765,0,0,0,0,-1.156
1619611177985,0.799,0,0,0,0,-1.125
1619611178005,0.792,0,0,0,0,-1.087
1619611178025,0.799,0,0,0,0,-1.132
1619611178045,0.799,0,0,0,0,-1.132
1619611178065,0.792,0,0,0,0,-1.148
1619611178086,0.799,0,0,0,0,-1.141
1619611178105,0.796,0,0,0,0,-1.186
1619611178125,0.796,0,0,0,0,-1.191
1619611178145,0.796,0,0,0,0,-1.195
1619611178165,0.799,0,0,0,0,-1.191
1619611178187,0.799,0,0,0,0,-1.182
1619611178205,0.806,0,0,0,0,-1.134
1619611178225,0.792,0,0,0,0,-1.113
1619611178245,0.806,0,0,0,0,-1.111
1619611178265,0.796,0,0,0,0,-1.119
1619611178287,0.796,0,0,0,0,-1.124
1619611178305,0.813,0,0,0,0,-1.125
1619611178325,0.813,0,0,0,0,-1.125
1619611178345,0.803,0,0,0,0,-1.125
1619611178365,0.786,0,0,0,0,-1.122
1619611178385,0.792,0,0,0,0,-1.161
1619611178405,0.799,0,0,0,0,-1.226
1619611178425,0.796,0,0,0,0,-1.209
1619611178445,0.796,0,0,0,0,-1.182
1619611178465,0.799,0,0,0,0,-1.18
1619611178486,0.81,0,0,0,0,-1.135
1619611178505,0.786,0,0,0,0,-1.111
1619611178525,0.799,0,0,0,0,-1.121
1619611178545,0.796,0,0,0,0,-1.103
1619611178565,0.796,0,0,0,0,-1.061
1619611178585,0.796,0,0,0,0,-1.061
1619611178605,0.799,0,0,0,0,-1.072
1619611178625,0.813,0,0,0,0,-1.109
1619611178645,0.775,0,0,0,0,-1.104
1619611178665,0.796,0,0,0,0,-1.109
1619611178685,0.792,0,0,0,0,-1.125
1619611178705,0.796,0,0,0,0,-1.085
1619611178725,0.796,0,0,0,0,-1.104
1619611178745,0.799,0,0,0,0,-1.162
1619611178765,0.799,0,0,0,0,-1.16
1619611178785,0.796,0,0,0,0,-1.156
1619611178805,0.792,0,0,0,0,-1.204
1619611178825,0.796,0,0,0,0,-1.24
1619611178845,0.796,0,0,0,0,-1.24
1619611178865,0.796,0,0,0,0,-1.214
1619611178885,0.799,0,0,0,0,-1.184
1619611178905,0.82,0,0,0,0,-1.17
1619611178925,0.769,0,0,0,0,-1.148
1619611178945,0.796,0,0,0,0,-1.146
1619611178965,0.796,0,0,0,0,-1.164
1619611178985,0.799,0,0,0,0,-1.17
1619611179005,0.803,0,0,0,0,-1.154
1619611179025,0.796,0,0,0,0,-1.158
1619611179045,0.83,0,0,0,0,-1.186
1619611179065,0.765,0,0,0,0,-1.171
1619611179085,0.799,0,0,0,0,-1.163
1619611179105,0.81,0,0,0,0,-1.171
1619611179125,0.81,0,0,0,0,-1.171
1619611179145,0.799,0,0,0,0,-1.149
1619611179165,0.799,0,0,0,0,-1.107
1619611179185,0.803,0,0,0,0,-1.109
1619611179205,0.799,0,0,0,0,-1.064
1619611179225,0.803,0,0,0,0,-1.041
1619611179245,0.792,0,0,0,0,-1.056
1619611179265,0.796,0,0,0,0,-1.107
1619611179285,0.799,0,0,0,0,-1.115
1619611179305,0.799,0,0,0,0,-1.146
1619611179325,0.792,0,0,0,0,-1.168
1619611179345,0.792,0,0,0,0,-1.133
1619611179365,0.796,0,0,0,0,-1.122
1619611179385,0.796,0,0,0,0,-1.122
1619611179405,0.799,0,0,0,0,-1.13
1619611179425,0.799,0,0,0,0,-1.119
1619611179445,0.81,0,0,0,0,-1.068
1619611179465,0.786,0,0,0,0,-1.103
1619611179485,0.796,0,0,0,0,-1.137
1619611179505,0.796,0,0,0,0,-1.127
1619611179525,0.796,0,0,0,0,-1.188
1619611179545,0.799,0,0,0,0,-1.219
1619611179565,0.796,0,0,0,0,-1.175
1619611179585,0.813,0,0,0,0,-1.188
1619611179605,0.782,0,0,0,0,-1.176
1619611179625,0.796,0,0,0,0,-1.129
1619611179645,0.81,0,0,0,0,-1.082
1619611179665,0.81,0,0,0,0,-1.082
1619611179685,0.796,0,0,0,0,-1.075
1619611179705,0.796,0,0,0,0,-1.092
1619611179725,0.799,0,0,0,0,-1.068
1619611179745,0.82,0,0,0,0,-1.007
1619611179765,0.775,0,0,0,0,-0.981
1619611179785,0.796,0,0,0,0,-0.942
1619611179805,0.799,0,0,0,0,-0.957
1619611179825,0.796,0,0,0,0,-1.011
1619611179845,0.796,0,0,0,0,-1.045
1619611179865,0.799,0,0,0,0,-1.069
1619611179885,0.82,0,0,0,0,-1.1
1619611179905,0.772,0,0,0,0,-1.122
1619611179925,0.813,0,0,0,0,-1.128
1619611179945,0.789,0,0,0,0,-1.169
1619611179965,0.789,0,0,0,0,-1.169
1619611179985,0.789,0,0,0,0,-1.162
1619611180005,0.799,0,0,0,0,-1.186
1619611180025,0.792,0,0,0,0,-1.164
1619611180045,0.833,0,0,0,0,-1.097
1619611180065,0.762,0,0,0,0,-1.083
1619611180085,0.792,0,0,0,0,-1.121
1619611180105,0.799,0,0,0,0,-1.183
1619611180125,0.792,0,0,0,0,-1.186
1619611180145,0.796,0,0,0,0,-1.166
1619611180165,0.81,0,0,0,0,-1.197
1619611180185,0.782,0,0,0,0,-1.205
1619611180206,0.799,0,0,0,0,-1.182
1619611180225,0.799,0,0,0,0,-1.182
1619611180245,0.799,0,0,0,0,-1.182
1619611180265,0.803,0,0,0,0,-1.173
1619611180285,0.792,0,0,0,0,-1.158
1619611180307,0.803,0,0,0,0,-1.125
1619611180325,0.796,0,0,0,0,-1.109
1619611180345,0.803,0,0,0,0,-1.091
1619611180365,0.799,0,0,0,0,-1.059
1619611180385,0.796,0,0,0,0,-1.077
1619611180405,0.796,0,0,0,0,-1.133
1619611180425,0.803,0,0,0,0,-1.142
1619611180445,0.789,0,0,0,0,-1.15
1619611180465,0.799,0,0,0,0,-1.13
1619611180485,0.799,0,0,0,0,-1.13
1619611180506,0.792,0,0,0,0,-1.105
1619611180526,0.796,0,0,0,0,-1.146
1619611180545,0.792,0,0,0,0,-1.189
1619611180565,0.813,0,0,0,0,-1.151
1619611180585,0.782,0,0,0,0,-1.113
1619611180607,0.796,0,0,0,0,-1.1
1619611180625,0.799,0,0,0,0,-1.094
1619611180645,0.796,0,0,0,0,-1.119
1619611180665,0.799,0,0,0,0,-1.143
1619611180685,0.803,0,0,0,0,-1.156
1619611180705,0.782,0,0,0,0,-1.171
1619611180726,0.796,0,0,0,0,-1.173
1619611180745,0.796,0,0,0,0,-1.173
1619611180765,0.796,0,0,0,0,-1.181
1619611180785,0.799,0,0,0,0,-1.161
1619611180806,0.792,0,0,0,0,-1.144
1619611180825,0.799,0,0,0,0,-1.156
1619611180845,0.82,0,0,0,0,-1.145
1619611180865,0.775,0,0,0,0,-1.137
1619611180885,0.796,0,0,0,0,-1.129
1619611180906,0.799,0,0,0,0,-1.111
1619611180925,0.796,0,0,0,0,-1.055
1619611180945,0.796,0,0,0,0,-1.039
1619611180965,0.796,0,0,0,0,-1.05
1619611180985,0.82,0,0,0,0,-1.106
1619611181005,0.765,0,0,0,0,-1.151
1619611181026,0.796,0,0,0,0,-1.174
1619611181046,0.796,0,0,0,0,-1.174
1619611181065,0.799,0,0,0,0,-1.184
1619611181085,0.803,0,0,0,0,-1.18
1619611181105,0.799,0,0,0,0,-1.129
1619611181125,0.796,0,0,0,0,-1.204
1619611181145,0.82,0,0,0,0,-1.317
1619611181165,0.772,0,0,0,0,-1.22
1619611181185,0.799,0,0,0,0,-1.161
1619611181205,0.792,0,0,0,0,-1.187
1619611181225,0.799,0,0,0,0,-1.183
1619611181245,0.796,0,0,0,0,-1.22
1619611181265,0.813,0,0,0,0,-1.157
1619611181285,0.782,0,0,0,0,-1.151
1619611181305,0.782,0,0,0,0,-1.151
1619611181325,0.803,0,0,0,0,-1.202
1619611181345,0.803,0,0,0,0,-1.195
1619611181365,0.792,0,0,0,0,-1.167
1619611181385,0.803,0,0,0,0,-1.164
1619611181405,0.803,0,0,0,0,-1.165
1619611181425,0.796,0,0,0,0,-1.16
1619611181445,0.799,0,0,0,0,-1.159
1619611181465,0.803,0,0,0,0,-1.176
1619611181485,0.796,0,0,0,0,-1.115
1619611181505,0.799,0,0,0,0,-1.077
1619611181525,0.806,0,0,0,0,-1.116
1619611181545,0.786,0,0,0,0,-1.131
1619611181565,0.786,0,0,0,0,-1.131
1619611181585,0.796,0,0,0,0,-1.134
1619611181605,0.803,0,0,0,0,-1.141
1619611181625,0.796,0,0,0,0,-1.088
1619611181645,0.796,0,0,0,0,-1.045
1619611181665,0.813,0,0,0,0,-1.084
1619611181685,0.782,0,0,0,0,-1.099
1619611181705,0.792,0,0,0,0,-1.105
1619611181725,0.799,0,0,0,0,-1.12
1619611181745,0.799,0,0,0,0,-1.122
