1619610844894,0.588,0,0,0,0,-1.208
1619610844914,0.595,0,0,0,0,-1.221
1619610844934,0.598,0,0,0,0,-1.255
1619610844954,0.598,0,0,0,0,-1.236
1619610844974,0.598,0,0,0,0,-1.202
1619610844994,0.602,0,0,0,0,-1.173
1619610845018,0.588,0,0,0,0,-1.17
1619610845034,0.598,0,0,0,0,-1.201
1619610845066,0.598,0,0,0,0,-1.201
1619610845074,0.598,0,0,0,0,-1.201
1619610845095,0.598,0,0,0,0,-1.235
1619610845115,0.595,0,0,0,0,-1.206
1619610845134,0.612,0,0,0,0,-1.209
1619610845155,0.585,0,0,0,0,-1.185
1619610845175,0.595,0,0,0,0,-1.167
1619610845194,0.595,0,0,0,0,-1.148
1619610845215,0.598,0,0,0,0,-1.145
1619610845234,0.595,0,0,0,0,-1.141
1619610845255,0.595,0,0,0,0,-1.199
1619610845274,0.609,0,0,0,0,-1.259
1619610845294,0.575,0,0,0,0,-1.236
1619610845314,0.592,0,0,0,0,-1.24
1619610845334,0.592,0,0,0,0,-1.24
1619610845354,0.598,0,0,0,0,-1.23
1619610845374,0.598,0,0,0,0,-1.226
1619610845394,0.595,0,0,0,0,-1.204
1619610845414,0.595,0,0,0,0,-1.17
1619610845434,0.616,0,0,0,0,-1.145
1619610845455,0.578,0,0,0,0,-1.195
1619610845474,0.598,0,0,0,0,-1.214
1619610845495,0.602,0,0,0,0,-1.225
1619610845515,0.602,0,0,0,0,-1.268
1619610845534,0.602,0,0,0,0,-1.279
1619610845555,0.602,0,0,0,0,-1.264
1619610845574,0.619,0,0,0,0,-1.241
1619610845594,0.571,0,0,0,0,-1.231
1619610845614,0.571,0,0,0,0,-1.231
1619610845635,0.598,0,0,0,0,-1.257
1619610845657,0.602,0,0,0,0,-1.295
1619610845674,0.598,0,0,0,0,-1.315
1619610845695,0.598,0,0,0,0,-1.314
1619610845714,0.622,0,0,0,0,-1.289
1619610845734,0.575,0,0,0,0,-1.262
1619610845755,0.602,0,0,0,0,-1.235
1619610845774,0.595,0,0,0,0,-1.225
1619610845794,0.598,0,0,0,0,-1.171
1619610845814,0.598,0,0,0,0,-1.154
1619610845834,0.602,0,0,0,0,-1.122
1619610845855,0.602,0,0,0,0,-1.122
1619610845875,0.602,0,0,0,0,-1.122
1619610845894,0.605,0,0,0,0,-1.123
1619610845915,0.595,0,0,0,0,-1.141
1619610845934,0.605,0,0,0,0,-1.147
1619610845955,0.605,0,0,0,0,-1.13
1619610845974,0.602,0,0,0,0,-1.124
1619610845995,0.595,0,0,0,0,-1.168
1619610846015,0.592,0,0,0,0,-1.196
1619610846035,0.602,0,0,0,0,-1.2
1619610846055,0.602,0,0,0,0,-1.211
1619610846075,0.598,0,0,0,0,-1.246
1619610846095,0.609,0,0,0,0,-1.302
1619610846114,0.581,0,0,0,0,-1.285
1619610846134,0.581,0,0,0,0,-1.285
1619610846154,0.598,0,0,0,0,-1.263
1619610846174,0.602,0,0,0,0,-1.26
1619610846194,0.595,0,0,0,0,-1.257
1619610846216,0.598,0,0,0,0,-1.262
1619610846234,0.609,0,0,0,0,-1.206
1619610846254,0.595,0,0,0,0,-1.177
1619610846274,0.595,0,0,0,0,-1.176
1619610846294,0.598,0,0,0,0,-1.178
1619610846314,0.598,0,0,0,0,-1.179
1619610846334,0.602,0,0,0,0,-1.168
1619610846354,0.602,0,0,0,0,-1.161
1619610846374,0.612,0,0,0,0,-1.194
1619610846395,0.612,0,0,0,0,-1.194
1619610846414,0.578,0,0,0,0,-1.177
1619610846434,0.595,0,0,0,0,-1.154
1619610846454,0.602,0,0,0,0,-1.183
1619610846474,0.592,0,0,0,0,-1.16
1619610846494,0.595,0,0,0,0,-1.18
1619610846514,0.595,0,0,0,0,-1.195
1619610846534,0.616,0,0,0,0,-1.201
1619610846555,0.575,0,0,0,0,-1.201
1619610846575,0.602,0,0,0,0,-1.234
1619610846594,0.598,0,0,0,0,-1.206
1619610846615,0.602,0,0,0,0,-1.164
1619610846634,0.595,0,0,0,0,-1.131
1619610846654,0.595,0,0,0,0,-1.119
1619610846674,0.626,0,0,0,0,-1.185
1619610846694,0.626,0,0,0,0,-1.185
1619610846714,0.575,0,0,0,0,-1.19
1619610846734,0.598,0,0,0,0,-1.174
1619610846754,0.598,0,0,0,0,-1.175
1619610846774,0.605,0,0,0,0,-1.235
1619610846794,0.598,0,0,0,0,-1.257
1619610846814,0.595,0,0,0,0,-1.188
1619610846834,0.598,0,0,0,0,-1.203
1619610846854,0.598,0,0,0,0,-1.244
1619610846874,0.595,0,0,0,0,-1.254
1619610846894,0.598,0,0,0,0,-1.271
1619610846914,0.588,0,0,0,0,-1.284
1619610846934,0.602,0,0,0,0,-1.284
1619610846954,0.602,0,0,0,0,-1.284
1619610846974,0.595,0,0,0,0,-1.282
1619610846994,0.598,0,0,0,0,-1.282
1619610847015,0.598,0,0,0,0,-1.284
1619610847034,0.602,0,0,0,0,-1.257
1619610847054,0.595,0,0,0,0,-1.209
1619610847075,0.612,0,0,0,0,-1.211
1619610847095,0.585,0,0,0,0,-1.213
1619610847114,0.602,0,0,0,0,-1.222
1619610847134,0.602,0,0,0,0,-1.24
1619610847154,0.598,0,0,0,0,-1.225
1619610847174,0.605,0,0,0,0,-1.223
1619610847194,0.605,0,0,0,0,-1.264
1619610847214,0.605,0,0,0,0,-1.264
1619610847234,0.581,0,0,0,0,-1.249
1619610847254,0.595,0,0,0,0,-1.275
1619610847274,0.592,0,0,0,0,-1.322
1619610847294,0.592,0,0,0,0,-1.37
1619610847314,0.598,0,0,0,0,-1.353
1619610847334,0.602,0,0,0,0,-1.34
1619610847354,0.578,0,0,0,0,-1.357
1619610847375,0.598,0,0,0,0,-1.355
1619610847394,0.602,0,0,0,0,-1.347
1619610847414,0.598,0,0,0,0,-1.328
1619610847434,0.595,0,0,0,0,-1.283
1619610847454,0.595,0,0,0,0,-1.261
1619610847476,0.619,0,0,0,0,-1.273
1619610847494,0.619,0,0,0,0,-1.273
1619610847514,0.578,0,0,0,0,-1.254
1619610847534,0.598,0,0,0,0,-1.206
1619610847554,0.605,0,0,0,0,-1.176
1619610847576,0.598,0,0,0,0,-1.191
1619610847595,0.602,0,0,0,0,-1.207
1619610847614,0.595,0,0,0,0,-1.193
1619610847634,0.616,0,0,0,0,-1.179
1619610847654,0.575,0,0,0,0,-1.161
1619610847675,0.598,0,0,0,0,-1.131
1619610847694,0.595,0,0,0,0,-1.068
1619610847714,0.612,0,0,0,0,-1.052
1619610847734,0.581,0,0,0,0,-1.044
1619610847754,0.595,0,0,0,0,-1.036
1619610847775,0.626,0,0,0,0,-1.122
1619610847796,0.626,0,0,0,0,-1.122
1619610847814,0.578,0,0,0,0,-1.149
1619610847834,0.588,0,0,0,0,-1.108
1619610847854,0.598,0,0,0,0,-1.105
1619610847875,0.602,0,0,0,0,-1.142
1619610847894,0.602,0,0,0,0,-1.154
1619610847914,0.595,0,0,0,0,-1.149
1619610847934,0.602,0,0,0,0,-1.133
1619610847954,0.595,0,0,0,0,-1.163
1619610847976,0.605,0,0,0,0,-1.212
1619610847994,0.602,0,0,0,0,-1.22
1619610848014,0.598,0,0,0,0,-1.213
1619610848034,0.602,0,0,0,0,-1.215
1619610848054,0.602,0,0,0,0,-1.215
1619610848075,0.588,0,0,0,0,-1.223
1619610848094,0.602,0,0,0,0,-1.257
1619610848114,0.598,0,0,0,0,-1.257
1619610848134,0.595,0,0,0,0,-1.28
1619610848154,0.595,0,0,0,0,-1.325
1619610848176,0.602,0,0,0,0,-1.311
1619610848194,0.595,0,0,0,0,-1.298
1619610848214,0.595,0,0,0,0,-1.269
1619610848234,0.595,0,0,0,0,-1.239
1619610848254,0.598,0,0,0,0,-1.192
1619610848274,0.602,0,0,0,0,-1.179
1619610848294,0.612,0,0,0,0,-1.191
1619610848314,0.612,0,0,0,0,-1.191
1619610848334,0.585,0,0,0,0,-1.189
1619610848354,0.598,0,0,0,0,-1.168
1619610848374,0.602,0,0,0,0,-1.161
1619610848394,0.605,0,0,0,0,-1.175
1619610848414,0.598,0,0,0,0,-1.182
1619610848435,0.609,0,0,0,0,-1.235
1619610848454,0.581,0,0,0,0,-1.245
1619610848474,0.598,0,0,0,0,-1.25
1619610848494,0.595,0,0,0,0,-1.262
1619610848514,0.598,0,0,0,0,-1.277
1619610848534,0.592,0,0,0,0,-1.284
1619610848554,0.602,0,0,0,0,-1.267
1619610848574,0.616,0,0,0,0,-1.244
1619610848594,0.616,0,0,0,0,-1.244
1619610848614,0.575,0,0,0,0,-1.254
1619610848634,0.598,0,0,0,0,-1.244
1619610848654,0.602,0,0,0,0,-1.217
1619610848674,0.602,0,0,0,0,-1.189
1619610848694,0.595,0,0,0,0,-1.159
1619610848714,0.602,0,0,0,0,-1.158
1619610848734,0.622,0,0,0,0,-1.19
1619610848754,0.578,0,0,0,0,-1.196
1619610848774,0.595,0,0,0,0,-1.208
1619610848794,0.602,0,0,0,0,-1.212
1619610848814,0.598,0,0,0,0,-1.233
1619610848834,0.602,0,0,0,0,-1.232
1619610848854,0.595,0,0,0,0,-1.226
1619610848874,0.595,0,0,0,0,-1.226
1619610848894,0.602,0,0,0,0,-1.238
1619610848914,0.598,0,0,0,0,-1.257
1619610848934,0.595,0,0,0,0,-1.236
1619610848954,0.595,0,0,0,0,-1.226
1619610848974,0.602,0,0,0,0,-1.192
1619610848994,0.595,0,0,0,0,-1.203
1619610849014,0.602,0,0,0,0,-1.249
1619610849034,0.598,0,0,0,0,-1.224
1619610849054,0.605,0,0,0,0,-1.225
1619610849074,0.602,0,0,0,0,-1.212
1619610849094,0.598,0,0,0,0,-1.213
1619610849114,0.612,0,0,0,0,-1.211
1619610849134,0.612,0,0,0,0,-1.211
1619610849154,0.595,0,0,0,0,-1.195
1619610849174,0.598,0,0,0,0,-1.148
1619610849194,0.609,0,0,0,0,-1.139
1619610849214,0.598,0,0,0,0,-1.138
1619610849234,0.602,0,0,0,0,-1.145
1619610849254,0.609,0,0,0,0,-1.153
1619610849274,0.585,0,0,0,0,-1.128
1619610849294,0.595,0,0,0,0,-1.14
1619610849314,0.602,0,0,0,0,-1.179
1619610849334,0.598,0,0,0,0,-1.185
1619610849354,0.592,0,0,0,0,-1.193
1619610849374,0.609,0,0,0,0,-1.235
1619610849394,0.609,0,0,0,0,-1.235
1619610849414,0.585,0,0,0,0,-1.269
1619610849434,0.598,0,0,0,0,-1.313
1619610849454,0.592,0,0,0,0,-1.343
1619610849474,0.598,0,0,0,0,-1.282
1619610849494,0.595,0,0,0,0,-1.236
1619610849514,0.612,0,0,0,0,-1.211
1619610849534,0.585,0,0,0,0,-1.21
1619610849554,0.602,0,0,0,0,-1.186
1619610849574,0.602,0,0,0,0,-1.157
1619610849594,0.595,0,0,0,0,-1.171
1619610849614,0.605,0,0,0,0,-1.191
1619610849634,0.616,0,0,0,0,-1.151
1619610849654,0.616,0,0,0,0,-1.151
1619610849674,0.575,0,0,0,0,-1.148
1619610849694,0.602,0,0,0,0,-1.142
1619610849714,0.598,0,0,0,0,-1.138
1619610849734,0.605,0,0,0,0,-1.128
1619610849754,0.602,0,0,0,0,-1.133
1619610849775,0.612,0,0,0,0,-1.157
1619610849796,0.575,0,0,0,0,-1.18
1619610849814,0.602,0,0,0,0,-1.211
1619610849834,0.598,0,0,0,0,-1.226
1619610849854,0.602,0,0,0,0,-1.234
1619610849874,0.598,0,0,0,0,-1.233
1619610849895,0.626,0,0,0,0,-1.219
1619610849914,0.626,0,0,0,0,-1.219
1619610849934,0.571,0,0,0,0,-1.245
1619610849954,0.605,0,0,0,0,-1.245
1619610849974,0.605,0,0,0,0,-1.221
1619610849996,0.598,0,0,0,0,-1.209
1619610850015,0.602,0,0,0,0,-1.206
1619610850034,0.602,0,0,0,0,-1.222
1619610850054,0.598,0,0,0,0,-1.233
1619610850074,0.598,0,0,0,0,-1.219
1619610850095,0.595,0,0,0,0,-1.224
1619610850114,0.598,0,0,0,0,-1.194
1619610850134,0.592,0,0,0,0,-1.181
1619610850154,0.602,0,0,0,0,-1.218
1619610850174,0.602,0,0,0,0,-1.218
1619610850196,0.581,0,0,0,0,-1.218
1619610850214,0.602,0,0,0,0,-1.222
1619610850234,0.595,0,0,0,0,-1.235
1619610850254,0.595,0,0,0,0,-1.223
1619610850274,0.602,0,0,0,0,-1.191
1619610850295,0.609,0,0,0,0,-1.13
1619610850314,0.588,0,0,0,0,-1.102
1619610850334,0.598,0,0,0,0,-1.107
1619610850354,0.602,0,0,0,0,-1.127
1619610850374,0.595,0,0,0,0,-1.131
1619610850395,0.598,0,0,0,0,-1.187
1619610850414,0.609,0,0,0,0,-1.261
1619610850435,0.609,0,0,0,0,-1.261
1619610850455,0.592,0,0,0,0,-1.246
1619610850474,0.595,0,0,0,0,-1.231
1619610850495,0.598,0,0,0,0,-1.236
1619610850514,0.598,0,0,0,0,-1.189
1619610850534,0.598,0,0,0,0,-1.182
1619610850554,0.598,0,0,0,0,-1.18
1619610850574,0.609,0,0,0,0,-1.161
1619610850594,0.571,0,0,0,0,-1.168
1619610850614,0.598,0,0,0,0,-1.169
1619610850634,0.598,0,0,0,0,-1.204
1619610850654,0.598,0,0,0,0,-1.183
1619610850674,0.598,0,0,0,0,-1.173
1619610850694,0.598,0,0,0,0,-1.182
1619610850714,0.616,0,0,0,0,-1.195
1619610850734,0.616,0,0,0,0,-1.195
1619610850754,0.578,0,0,0,0,-1.22
1619610850774,0.602,0,0,0,0,-1.244
1619610850794,0.602,0,0,0,0,-1.212
1619610850814,0.598,0,0,0,0,-1.227
1619610850834,0.602,0,0,0,0,-1.256
1619610850854,0.602,0,0,0,0,-1.282
1619610850874,0.619,0,0,0,0,-1.241
1619610850894,0.575,0,0,0,0,-1.232
1619610850914,0.598,0,0,0,0,-1.22
1619610850934,0.602,0,0,0,0,-1.2
1619610850954,0.602,0,0,0,0,-1.183
1619610850974,0.595,0,0,0,0,-1.199
1619610850994,0.595,0,0,0,0,-1.163
1619610851014,0.595,0,0,0,0,-1.163
1619610851034,0.602,0,0,0,0,-1.144
1619610851054,0.602,0,0,0,0,-1.171
1619610851074,0.598,0,0,0,0,-1.16
1619610851094,0.602,0,0,0,0,-1.144
1619610851114,0.595,0,0,0,0,-1.111
1619610851134,0.602,0,0,0,0,-1.125
1619610851154,0.598,0,0,0,0,-1.161
1619610851174,0.602,0,0,0,0,-1.163
1619610851194,0.602,0,0,0,0,-1.159
1619610851214,0.598,0,0,0,0,-1.178
1619610851234,0.602,0,0,0,0,-1.213
1619610851254,0.605,0,0,0,0,-1.258
1619610851274,0.605,0,0,0,0,-1.258
1619610851294,0.595,0,0,0,0,-1.265
1619610851314,0.595,0,0,0,0,-1.246
1619610851334,0.595,0,0,0,0,-1.245
1619610851354,0.598,0,0,0,0,-1.225
1619610851374,0.595,0,0,0,0,-1.226
1619610851394,0.598,0,0,0,0,-1.193
1619610851414,0.592,0,0,0,0,-1.183
1619610851434,0.598,0,0,0,0,-1.188
1619610851454,0.598,0,0,0,0,-1.175
1619610851474,0.598,0,0,0,0,-1.177
1619610851494,0.598,0,0,0,0,-1.187
1619610851514,0.609,0,0,0,0,-1.154
1619610851534,0.609,0,0,0,0,-1.154
1619610851554,0.585,0,0,0,0,-1.177
1619610851574,0.598,0,0,0,0,-1.199
1619610851594,0.595,0,0,0,0,-1.218
1619610851614,0.595,0,0,0,0,-1.206
1619610851634,0.598,0,0,0,0,-1.193
1619610851654,0.602,0,0,0,0,-1.218
1619610851674,0.609,0,0,0,0,-1.214
1619610851694,0.575,0,0,0,0,-1.183
1619610851714,0.602,0,0,0,0,-1.169
1619610851734,0.595,0,0,0,0,-1.183
1619610851754,0.605,0,0,0,0,-1.19
1619610851774,0.595,0,0,0,0,-1.191
1619610851794,0.598,0,0,0,0,-1.182
1619610851814,0.616,0,0,0,0,-1.219
1619610851835,0.616,0,0,0,0,-1.219
1619610851854,0.578,0,0,0,0,-1.202
1619610851874,0.595,0,0,0,0,-1.195
1619610851894,0.592,0,0,0,0,-1.187
1619610851914,0.602,0,0,0,0,-1.177
1619610851934,0.598,0,0,0,0,-1.192
1619610851954,0.598,0,0,0,0,-1.212
1619610851974,0.626,0,0,0,0,-1.214
1619610851994,0.571,0,0,0,0,-1.228
1619610852014,0.598,0,0,0,0,-1.179
1619610852034,0.602,0,0,0,0,-1.183
1619610852054,0.598,0,0,0,0,-1.191
1619610852074,0.602,0,0,0,0,-1.222
1619610852094,0.602,0,0,0,0,-1.222
1619610852115,0.598,0,0,0,0,-1.244
1619610852134,0.595,0,0,0,0,-1.238
1619610852154,0.598,0,0,0,0,-1.262
1619610852174,0.598,0,0,0,0,-1.297
1619610852194,0.598,0,0,0,0,-1.322
1619610852216,0.595,0,0,0,0,-1.324
1619610852234,0.602,0,0,0,0,-1.324
1619610852254,0.588,0,0,0,0,-1.347
1619610852274,0.602,0,0,0,0,-1.335
1619610852294,0.602,0,0,0,0,-1.287
1619610852316,0.592,0,0,0,0,-1.212
1619610852334,0.605,0,0,0,0,-1.16
1619610852354,0.605,0,0,0,0,-1.16
1619610852374,0.609,0,0,0,0,-1.172
1619610852394,0.592,0,0,0,0,-1.167
1619610852415,0.602,0,0,0,0,-1.159
1619610852434,0.592,0,0,0,0,-1.177
1619610852454,0.602,0,0,0,0,-1.183
1619610852475,0.598,0,0,0,0,-1.228
1619610852494,0.602,0,0,0,0,-1.316
1619610852515,0.585,0,0,0,0,-1.36
1619610852534,0.588,0,0,0,0,-1.385
1619610852554,0.592,0,0,0,0,-1.406
1619610852574,0.602,0,0,0,0,-1.393
1619610852594,0.592,0,0,0,0,-1.364
1619610852615,0.592,0,0,0,0,-1.364
1619610852634,0.609,0,0,0,0,-1.295
1619610852654,0.575,0,0,0,0,-1.269
1619610852674,0.598,0,0,0,0,-1.254
1619610852694,0.598,0,0,0,0,-1.252
1619610852717,0.595,0,0,0,0,-1.232
1619610852734,0.598,0,0,0,0,-1.187
1619610852754,0.602,0,0,0,0,-1.167
1619610852774,0.609,0,0,0,0,-1.17
1619610852794,0.578,0,0,0,0,-1.203
1619610852815,0.602,0,0,0,0,-1.193
1619610852834,0.595,0,0,0,0,-1.161
1619610852854,0.598,0,0,0,0,-1.171
1619610852874,0.602,0,0,0,0,-1.163
1619610852894,0.602,0,0,0,0,-1.163
1619610852916,0.605,0,0,0,0,-1.141
1619610852934,0.616,0,0,0,0,-1.072
1619610852954,0.575,0,0,0,0,-1.037
1619610852974,0.595,0,0,0,0,-1.027
1619610852994,0.602,0,0,0,0,-1.048
1619610853014,0.598,0,0,0,0,-1.077
1619610853035,0.598,0,0,0,0,-1.125
1619610853054,0.592,0,0,0,0,-1.128
1619610853074,0.626,0,0,0,0,-1.182
1619610853094,0.571,0,0,0,0,-1.213
1619610853114,0.598,0,0,0,0,-1.199
1619610853134,0.605,0,0,0,0,-1.167
1619610853154,0.598,0,0,0,0,-1.167
1619610853174,0.598,0,0,0,0,-1.167
1619610853194,0.602,0,0,0,0,-1.133
1619610853214,0.602,0,0,0,0,-1.163
1619610853234,0.598,0,0,0,0,-1.196
1619610853254,0.602,0,0,0,0,-1.217
1619610853274,0.592,0,0,0,0,-1.256
1619610853294,0.598,0,0,0,0,-1.257
1619610853314,0.598,0,0,0,0,-1.26
1619610853334,0.595,0,0,0,0,-1.235
1619610853354,0.595,0,0,0,0,-1.232
1619610853374,0.598,0,0,0,0,-1.272
1619610853394,0.598,0,0,0,0,-1.329
1619610853414,0.588,0,0,0,0,-1.336
1619610853434,0.588,0,0,0,0,-1.336
1619610853454,0.581,0,0,0,0,-1.25
1619610853474,0.605,0,0,0,0,-1.231
1619610853494,0.595,0,0,0,0,-1.281
1619610853514,0.598,0,0,0,0,-1.257
1619610853534,0.598,0,0,0,0,-1.243
1619610853554,0.602,0,0,0,0,-1.202
1619610853574,0.602,0,0,0,0,-1.198
1619610853594,0.616,0,0,0,0,-1.199
1619610853614,0.592,0,0,0,0,-1.169
1619610853634,0.598,0,0,0,0,-1.17
1619610853654,0.602,0,0,0,0,-1.158
1619610853674,0.605,0,0,0,0,-1.156
1619610853694,0.605,0,0,0,0,-1.156
1619610853714,0.598,0,0,0,0,-1.157
1619610853734,0.612,0,0,0,0,-1.156
1619610853754,0.585,0,0,0,0,-1.153
1619610853774,0.595,0,0,0,0,-1.193
1619610853795,0.598,0,0,0,0,-1.212
1619610853814,0.602,0,0,0,0,-1.225
1619610853834,0.592,0,0,0,0,-1.257
1619610853854,0.598,0,0,0,0,-1.28
1619610853874,0.616,0,0,0,0,-1.273
1619610853894,0.575,0,0,0,0,-1.284
1619610853914,0.592,0,0,0,0,-1.266
1619610853934,0.598,0,0,0,0,-1.256
1619610853954,0.602,0,0,0,0,-1.247
1619610853974,0.602,0,0,0,0,-1.247
1619610853994,0.598,0,0,0,0,-1.232
1619610854014,0.602,0,0,0,0,-1.236
1619610854034,0.622,0,0,0,0,-1.224
1619610854054,0.564,0,0,0,0,-1.189
1619610854074,0.602,0,0,0,0,-1.203
1619610854094,0.602,0,0,0,0,-1.224
1619610854114,0.602,0,0,0,0,-1.226
1619610854134,0.598,0,0,0,0,-1.235
1619610854154,0.622,0,0,0,0,-1.244
1619610854174,0.575,0,0,0,0,-1.249
1619610854194,0.602,0,0,0,0,-1.268
1619610854214,0.595,0,0,0,0,-1.244
1619610854234,0.595,0,0,0,0,-1.244
1619610854255,0.595,0,0,0,0,-1.254
1619610854274,0.605,0,0,0,0,-1.277
1619610854294,0.602,0,0,0,0,-1.19
1619610854314,0.598,0,0,0,0,-1.176
1619610854334,0.609,0,0,0,0,-1.18
1619610854354,0.602,0,0,0,0,-1.173
1619610854374,0.598,0,0,0,0,-1.142
1619610854394,0.612,0,0,0,0,-1.149
1619610854414,0.605,0,0,0,0,-1.147
1619610854434,0.598,0,0,0,0,-1.139
1619610854454,0.598,0,0,0,0,-1.131
1619610854474,0.602,0,0,0,0,-1.132
1619610854495,0.602,0,0,0,0,-1.132
1619610854515,0.602,0,0,0,0,-1.15
1619610854535,0.595,0,0,0,0,-1.182
1619610854554,0.609,0,0,0,0,-1.246
1619610854574,0.585,0,0,0,0,-1.277
1619610854594,0.598,0,0,0,0,-1.28
1619610854614,0.602,0,0,0,0,-1.289
1619610854636,0.585,0,0,0,0,-1.293
1619610854654,0.598,0,0,0,0,-1.272
1619610854674,0.609,0,0,0,0,-1.229
1619610854694,0.588,0,0,0,0,-1.209
1619610854714,0.595,0,0,0,0,-1.187
1619610854735,0.598,0,0,0,0,-1.157
1619610854754,0.598,0,0,0,0,-1.157
1619610854774,0.602,0,0,0,0,-1.121
1619610854794,0.595,0,0,0,0,-1.111
1619610854814,0.609,0,0,0,0,-1.103
1619610854835,0.592,0,0,0,0,-1.15
1619610854854,0.602,0,0,0,0,-1.157
1619610854874,0.602,0,0,0,0,-1.163
1619610854894,0.602,0,0,0,0,-1.18
1619610854914,0.598,0,0,0,0,-1.205
1619610854935,0.598,0,0,0,0,-1.231
1619610854954,0.595,0,0,0,0,-1.222
1619610854974,0.602,0,0,0,0,-1.257
1619610854994,0.598,0,0,0,0,-1.285
1619610855014,0.598,0,0,0,0,-1.263
1619610855036,0.592,0,0,0,0,-1.221
1619610855054,0.592,0,0,0,0,-1.221
1619610855074,0.598,0,0,0,0,-1.175
1619610855094,0.602,0,0,0,0,-1.215
1619610855114,0.598,0,0,0,0,-1.233
1619610855135,0.619,0,0,0,0,-1.258
1619610855154,0.575,0,0,0,0,-1.264
1619610855174,0.602,0,0,0,0,-1.238
1619610855194,0.598,0,0,0,0,-1.225
1619610855214,0.598,0,0,0,0,-1.224
1619610855236,0.598,0,0,0,0,-1.234
1619610855254,0.605,0,0,0,0,-1.221
1619610855274,0.619,0,0,0,0,-1.17
1619610855294,0.568,0,0,0,0,-1.137
1619610855314,0.598,0,0,0,0,-1.173
1619610855334,0.598,0,0,0,0,-1.173
1619610855356,0.602,0,0,0,0,-1.183
1619610855374,0.595,0,0,0,0,-1.174
1619610855394,0.595,0,0,0,0,-1.178
1619610855414,0.602,0,0,0,0,-1.231
1619610855434,0.595,0,0,0,0,-1.246
1619610855454,0.595,0,0,0,0,-1.209
1619610855474,0.598,0,0,0,0,-1.162
1619610855494,0.595,0,0,0,0,-1.125
1619610855514,0.598,0,0,0,0,-1.122
1619610855534,0.602,0,0,0,0,-1.144
1619610855554,0.592,0,0,0,0,-1.179
1619610855574,0.605,0,0,0,0,-1.227
1619610855594,0.605,0,0,0,0,-1.227
1619610855614,0.595,0,0,0,0,-1.194
1619610855634,0.602,0,0,0,0,-1.18
1619610855654,0.602,0,0,0,0,-1.184
1619610855674,0.605,0,0,0,0,-1.188
1619610855694,0.595,0,0,0,0,-1.199
1619610855714,0.598,0,0,0,0,-1.217
1619610855734,0.598,0,0,0,0,-1.2
1619610855754,0.598,0,0,0,0,-1.228
1619610855774,0.602,0,0,0,0,-1.237
1619610855794,0.602,0,0,0,0,-1.274
1619610855814,0.578,0,0,0,0,-1.312
1619610855834,0.602,0,0,0,0,-1.3
1619610855854,0.602,0,0,0,0,-1.3
1619610855874,0.595,0,0,0,0,-1.305
1619610855894,0.585,0,0,0,0,-1.265
1619610855914,0.602,0,0,0,0,-1.285
1619610855934,0.602,0,0,0,0,-1.284
1619610855954,0.612,0,0,0,0,-1.293
1619610855974,0.578,0,0,0,0,-1.269
1619610855994,0.605,0,0,0,0,-1.242
1619610856014,0.602,0,0,0,0,-1.219
1619610856034,0.602,0,0,0,0,-1.208
1619610856054,0.598,0,0,0,0,-1.174
1619610856074,0.602,0,0,0,0,-1.13
1619610856094,0.612,0,0,0,0,-1.114
1619610856114,0.585,0,0,0,0,-1.101
1619610856134,0.602,0,0,0,0,-1.112
1619610856154,0.602,0,0,0,0,-1.112
1619610856174,0.598,0,0,0,0,-1.121
1619610856194,0.598,0,0,0,0,-1.103
1619610856214,0.595,0,0,0,0,-1.117
1619610856234,0.598,0,0,0,0,-1.193
1619610856255,0.619,0,0,0,0,-1.183
1619610856274,0.571,0,0,0,0,-1.148
1619610856294,0.595,0,0,0,0,-1.169
1619610856314,0.598,0,0,0,0,-1.166
1619610856334,0.602,0,0,0,0,-1.166
1619610856354,0.598,0,0,0,0,-1.171
1619610856374,0.602,0,0,0,0,-1.19
1619610856394,0.595,0,0,0,0,-1.193
1619610856415,0.595,0,0,0,0,-1.193
1619610856434,0.602,0,0,0,0,-1.207
1619610856454,0.598,0,0,0,0,-1.231
1619610856474,0.602,0,0,0,0,-1.234
1619610856494,0.598,0,0,0,0,-1.213
1619610856514,0.598,0,0,0,0,-1.163
1619610856535,0.598,0,0,0,0,-1.168
1619610856554,0.598,0,0,0,0,-1.165
1619610856574,0.598,0,0,0,0,-1.159
1619610856594,0.592,0,0,0,0,-1.128
1619610856614,0.598,0,0,0,0,-1.106
1619610856634,0.598,0,0,0,0,-1.122
1619610856655,0.592,0,0,0,0,-1.147
1619610856674,0.592,0,0,0,0,-1.147
1619610856694,0.595,0,0,0,0,-1.162
1619610856714,0.598,0,0,0,0,-1.167
1619610856734,0.595,0,0,0,0,-1.188
1619610856756,0.605,0,0,0,0,-1.228
1619610856774,0.605,0,0,0,0,-1.215
1619610856794,0.592,0,0,0,0,-1.208
1619610856814,0.602,0,0,0,0,-1.2
1619610856834,0.595,0,0,0,0,-1.227
1619610856855,0.602,0,0,0,0,-1.22
1619610856875,0.598,0,0,0,0,-1.202
1619610856894,0.609,0,0,0,0,-1.186
1619610856914,0.588,0,0,0,0,-1.211
1619610856934,0.588,0,0,0,0,-1.211
1619610856956,0.598,0,0,0,0,-1.195
1619610856974,0.598,0,0,0,0,-1.203
1619610856994,0.605,0,0,0,0,-1.203
1619610857014,0.598,0,0,0,0,-1.196
1619610857034,0.598,0,0,0,0,-1.192
1619610857055,0.612,0,0,0,0,-1.213
1619610857074,0.575,0,0,0,0,-1.169
1619610857094,0.595,0,0,0,0,-1.147
1619610857114,0.595,0,0,0,0,-1.146
1619610857134,0.598,0,0,0,0,-1.162
1619610857155,0.592,0,0,0,0,-1.193
1619610857174,0.598,0,0,0,0,-1.223
1619610857194,0.619,0,0,0,0,-1.206
1619610857214,0.619,0,0,0,0,-1.206
1619610857234,0.578,0,0,0,0,-1.178
1619610857256,0.602,0,0,0,0,-1.185
1619610857274,0.602,0,0,0,0,-1.208
1619610857294,0.598,0,0,0,0,-1.238
1619610857314,0.592,0,0,0,0,-1.226
1619610857334,0.605,0,0,0,0,-1.253
1619610857355,0.602,0,0,0,0,-1.293
1619610857374,0.592,0,0,0,0,-1.316
1619610857394,0.598,0,0,0,0,-1.348
1619610857414,0.595,0,0,0,0,-1.359
1619610857435,0.598,0,0,0,0,-1.395
1619610857455,0.602,0,0,0,0,-1.367
1619610857475,0.595,0,0,0,0,-1.347
1619610857494,0.595,0,0,0,0,-1.347
1619610857514,0.602,0,0,0,0,-1.336
1619610857534,0.598,0,0,0,0,-1.263
1619610857554,0.598,0,0,0,0,-1.227
1619610857574,0.595,0,0,0,0,-1.229
1619610857594,0.605,0,0,0,0,-1.291
1619610857614,0.595,0,0,0,0,-1.254
1619610857634,0.595,0,0,0,0,-1.205
1619610857654,0.598,0,0,0,0,-1.211
1619610857674,0.598,0,0,0,0,-1.245
1619610857694,0.595,0,0,0,0,-1.246
1619610857714,0.605,0,0,0,0,-1.257
1619610857734,0.605,0,0,0,0,-1.257
1619610857754,0.581,0,0,0,0,-1.278
1619610857774,0.595,0,0,0,0,-1.359
1619610857794,0.598,0,0,0,0,-1.381
1619610857814,0.592,0,0,0,0,-1.396
1619610857834,0.592,0,0,0,0,-1.379
1619610857854,0.605,0,0,0,0,-1.345
1619610857874,0.595,0,0,0,0,-1.337
1619610857894,0.598,0,0,0,0,-1.319
1619610857914,0.595,0,0,0,0,-1.233
1619610857934,0.598,0,0,0,0,-1.24
1619610857954,0.598,0,0,0,0,-1.224
1619610857974,0.616,0,0,0,0,-1.19
1619610857994,0.616,0,0,0,0,-1.19
1619610858014,0.575,0,0,0,0,-1.19
1619610858034,0.598,0,0,0,0,-1.169
1619610858054,0.602,0,0,0,0,-1.159
1619610858074,0.598,0,0,0,0,-1.132
1619610858095,0.598,0,0,0,0,-1.155
1619610858115,0.602,0,0,0,0,-1.152
1619610858135,0.612,0,0,0,0,-1.137
1619610858154,0.578,0,0,0,0,-1.098
1619610858174,0.595,0,0,0,0,-1.107
1619610858194,0.605,0,0,0,0,-1.093
1619610858214,0.595,0,0,0,0,-1.105
1619610858234,0.598,0,0,0,0,-1.114
1619610858255,0.598,0,0,0,0,-1.136
1619610858274,0.612,0,0,0,0,-1.107
1619610858294,0.612,0,0,0,0,-1.107
1619610858314,0.575,0,0,0,0,-1.14
1619610858334,0.598,0,0,0,0,-1.148
1619610858354,0.598,0,0,0,0,-1.104
1619610858374,0.598,0,0,0,0,-1.088
1619610858394,0.605,0,0,0,0,-1.099
1619610858414,0.585,0,0,0,0,-1.073
1619610858434,0.602,0,0,0,0,-1.073
1619610858454,0.602,0,0,0,0,-1.141
1619610858474,0.602,0,0,0,0,-1.186
1619610858494,0.605,0,0,0,0,-1.216
1619610858514,0.598,0,0,0,0,-1.252
1619610858534,0.598,0,0,0,0,-1.252
1619610858554,0.598,0,0,0,0,-1.261
1619610858575,0.602,0,0,0,0,-1.262
1619610858595,0.605,0,0,0,0,-1.269
1619610858614,0.595,0,0,0,0,-1.278
1619610858634,0.598,0,0,0,0,-1.289
1619610858654,0.595,0,0,0,0,-1.378
1619610858674,0.585,0,0,0,0,-1.429
1619610858694,0.581,0,0,0,0,-1.384
1619610858714,0.588,0,0,0,0,-1.315
1619610858734,0.588,0,0,0,0,-1.24
1619610858754,0.598,0,0,0,0,-1.28
1619610858774,0.602,0,0,0,0,-1.257
1619610858794,0.602,0,0,0,0,-1.257
1619610858814,0.598,0,0,0,0,-1.229
1619610858834,0.592,0,0,0,0,-1.208
1619610858854,0.602,0,0,0,0,-1.168
1619610858874,0.605,0,0,0,0,-1.163
1619610858894,0.605,0,0,0,0,-1.167
1619610858914,0.609,0,0,0,0,-1.167
1619610858934,0.595,0,0,0,0,-1.1
1619610858954,0.602,0,0,0,0,-1.085
1619610858974,0.605,0,0,0,0,-1.136
1619610858994,0.602,0,0,0,0,-1.175
1619610859014,0.602,0,0,0,0,-1.182
1619610859034,0.609,0,0,0,0,-1.178
1619610859054,0.609,0,0,0,0,-1.178
1619610859085,0.581,0,0,0,0,-1.178
1619610859094,0.595,0,0,0,0,-1.206
1619610859114,0.595,0,0,0,0,-1.206
1619610859134,0.595,0,0,0,0,-1.217
1619610859154,0.598,0,0,0,0,-1.251
1619610859177,0.602,0,0,0,0,-1.254
1619610859194,0.605,0,0,0,0,-1.296
1619610859214,0.575,0,0,0,0,-1.319
1619610859234,0.592,0,0,0,0,-1.322
1619610859254,0.598,0,0,0,0,-1.306
1619610859276,0.598,0,0,0,0,-1.297
1619610859294,0.602,0,0,0,0,-1.295
1619610859314,0.602,0,0,0,0,-1.308
1619610859334,0.619,0,0,0,0,-1.292
1619610859354,0.619,0,0,0,0,-1.292
1619610859375,0.581,0,0,0,0,-1.265
1619610859394,0.602,0,0,0,0,-1.23
1619610859414,0.605,0,0,0,0,-1.209
1619610859434,0.598,0,0,0,0,-1.168
1619610859454,0.602,0,0,0,0,-1.147
1619610859475,0.626,0,0,0,0,-1.165
1619610859494,0.571,0,0,0,0,-1.165
1619610859514,0.598,0,0,0,0,-1.155
1619610859534,0.598,0,0,0,0,-1.189
1619610859554,0.602,0,0,0,0,-1.182
1619610859576,0.595,0,0,0,0,-1.197
1619610859594,0.602,0,0,0,0,-1.208
1619610859614,0.602,0,0,0,0,-1.208
1619610859634,0.602,0,0,0,0,-1.208
1619610859654,0.602,0,0,0,0,-1.225
1619610859675,0.602,0,0,0,0,-1.23
1619610859694,0.602,0,0,0,0,-1.243
1619610859714,0.598,0,0,0,0,-1.248
1619610859734,0.602,0,0,0,0,-1.244
1619610859754,0.598,0,0,0,0,-1.206
1619610859775,0.598,0,0,0,0,-1.186
1619610859794,0.598,0,0,0,0,-1.217
1619610859814,0.598,0,0,0,0,-1.235
1619610859834,0.598,0,0,0,0,-1.243
1619610859854,0.609,0,0,0,0,-1.173
1619610859876,0.609,0,0,0,0,-1.173
1619610859894,0.588,0,0,0,0,-1.175
1619610859914,0.595,0,0,0,0,-1.173
1619610859934,0.598,0,0,0,0,-1.157
1619610859954,0.598,0,0,0,0,-1.153
1619610859974,0.598,0,0,0,0,-1.13
1619610859994,0.605,0,0,0,0,-1.135
1619610860015,0.592,0,0,0,0,-1.163
1619610860034,0.602,0,0,0,0,-1.126
1619610860054,0.598,0,0,0,0,-1.115
1619610860074,0.598,0,0,0,0,-1.137
1619610860094,0.602,0,0,0,0,-1.178
1619610860114,0.616,0,0,0,0,-1.224
1619610860134,0.616,0,0,0,0,-1.224
1619610860154,0.585,0,0,0,0,-1.253
1619610860174,0.598,0,0,0,0,-1.246
1619610860194,0.605,0,0,0,0,-1.239
1619610860214,0.602,0,0,0,0,-1.214
1619610860234,0.602,0,0,0,0,-1.222
1619610860254,0.602,0,0,0,0,-1.235
1619610860274,0.616,0,0,0,0,-1.197
1619610860294,0.578,0,0,0,0,-1.195
1619610860314,0.602,0,0,0,0,-1.238
1619610860334,0.598,0,0,0,0,-1.238
1619610860354,0.585,0,0,0,0,-1.227
1619610860374,0.602,0,0,0,0,-1.264
1619610860394,0.598,0,0,0,0,-1.273
1619610860414,0.616,0,0,0,0,-1.251
1619610860434,0.616,0,0,0,0,-1.251
1619610860454,0.571,0,0,0,0,-1.252
1619610860474,0.595,0,0,0,0,-1.235
1619610860494,0.602,0,0,0,0,-1.239
1619610860514,0.598,0,0,0,0,-1.235
1619610860534,0.595,0,0,0,0,-1.225
1619610860554,0.619,0,0,0,0,-1.2
1619610860574,0.575,0,0,0,0,-1.18
1619610860594,0.602,0,0,0,0,-1.154
1619610860614,0.602,0,0,0,0,-1.135
1619610860634,0.598,0,0,0,0,-1.139
1619610860654,0.598,0,0,0,0,-1.095
1619610860674,0.602,0,0,0,0,-1.104
1619610860694,0.602,0,0,0,0,-1.104
1619610860714,0.588,0,0,0,0,-1.186
1619610860734,0.602,0,0,0,0,-1.223
1619610860754,0.598,0,0,0,0,-1.219
1619610860774,0.592,0,0,0,0,-1.189
1619610860794,0.598,0,0,0,0,-1.185
1619610860814,0.602,0,0,0,0,-1.193
1619610860834,0.598,0,0,0,0,-1.192
1619610860854,0.592,0,0,0,0,-1.181
1619610860874,0.598,0,0,0,0,-1.193
1619610860894,0.598,0,0,0,0,-1.196
1619610860914,0.602,0,0,0,0,-1.223
1619610860934,0.609,0,0,0,0,-1.23
1619610860954,0.609,0,0,0,0,-1.23
1619610860974,0.592,0,0,0,0,-1.239
1619610860994,0.595,0,0,0,0,-1.222
1619610861014,0.598,0,0,0,0,-1.262
1619610861034,0.598,0,0,0,0,-1.291
1619610861054,0.602,0,0,0,0,-1.274
1619610861074,0.609,0,0,0,0,-1.247
1619610861094,0.578,0,0,0,0,-1.276
1619610861114,0.598,0,0,0,0,-1.295
1619610861134,0.598,0,0,0,0,-1.297
1619610861154,0.605,0,0,0,0,-1.281
1619610861174,0.598,0,0,0,0,-1.194
1619610861194,0.598,0,0,0,0,-1.175
1619610861214,0.619,0,0,0,0,-1.178
1619610861234,0.619,0,0,0,0,-1.178
1619610861254,0.575,0,0,0,0,-1.151
1619610861274,0.595,0,0,0,0,-1.155
1619610861294,0.605,0,0,0,0,-1.147
1619610861314,0.595,0,0,0,0,-1.083
1619610861334,0.602,0,0,0,0,-1.083
1619610861354,0.616,0,0,0,0,-1.141
1619610861374,0.575,0,0,0,0,-1.118
1619610861394,0.598,0,0,0,0,-1.109
1619610861414,0.605,0,0,0,0,-1.146
1619610861434,0.602,0,0,0,0,-1.182
1619610861454,0.598,0,0,0,0,-1.2
1619610861474,0.602,0,0,0,0,-1.209
1619610861495,0.622,0,0,0,0,-1.176
1619610861515,0.622,0,0,0,0,-1.176
1619610861534,0.575,0,0,0,0,-1.17
1619610861554,0.598,0,0,0,0,-1.2
1619610861574,0.595,0,0,0,0,-1.199
1619610861596,0.592,0,0,0,0,-1.197
1619610861616,0.602,0,0,0,0,-1.248
1619610861634,0.622,0,0,0,0,-1.281
1619610861654,0.575,0,0,0,0,-1.288
1619610861674,0.598,0,0,0,0,-1.271
1619610861696,0.602,0,0,0,0,-1.231
1619610861715,0.605,0,0,0,0,-1.219
1619610861734,0.602,0,0,0,0,-1.219
1619610861754,0.605,0,0,0,0,-1.231
1619610861774,0.605,0,0,0,0,-1.231
1619610861795,0.598,0,0,0,0,-1.187
1619610861814,0.598,0,0,0,0,-1.15
1619610861834,0.598,0,0,0,0,-1.149
1619610861854,0.605,0,0,0,0,-1.137
1619610861874,0.592,0,0,0,0,-1.123
1619610861895,0.602,0,0,0,0,-1.153
1619610861914,0.595,0,0,0,0,-1.163
1619610861934,0.592,0,0,0,0,-1.171
1619610861954,0.592,0,0,0,0,-1.172
1619610861974,0.595,0,0,0,0,-1.167
1619610861997,0.598,0,0,0,0,-1.16
1619610862015,0.605,0,0,0,0,-1.144
1619610862034,0.605,0,0,0,0,-1.144
1619610862054,0.585,0,0,0,0,-1.163
1619610862074,0.598,0,0,0,0,-1.18
1619610862096,0.595,0,0,0,0,-1.142
1619610862115,0.598,0,0,0,0,-1.167
1619610862134,0.598,0,0,0,0,-1.219
1619610862154,0.605,0,0,0,0,-1.184
1619610862174,0.585,0,0,0,0,-1.178
1619610862195,0.602,0,0,0,0,-1.194
1619610862214,0.598,0,0,0,0,-1.182
1619610862234,0.602,0,0,0,0,-1.215
1619610862254,0.602,0,0,0,0,-1.249
1619610862274,0.598,0,0,0,0,-1.231
1619610862295,0.616,0,0,0,0,-1.219
1619610862314,0.616,0,0,0,0,-1.219
1619610862334,0.575,0,0,0,0,-1.196
1619610862354,0.598,0,0,0,0,-1.191
1619610862374,0.595,0,0,0,0,-1.189
1619610862395,0.595,0,0,0,0,-1.174
1619610862414,0.595,0,0,0,0,-1.14
1619610862435,0.626,0,0,0,0,-1.177
1619610862455,0.578,0,0,0,0,-1.181
1619610862474,0.595,0,0,0,0,-1.205
1619610862494,0.602,0,0,0,0,-1.225
1619610862514,0.592,0,0,0,0,-1.237
1619610862534,0.602,0,0,0,0,-1.277
1619610862554,0.622,0,0,0,0,-1.314
1619610862574,0.622,0,0,0,0,-1.314
1619610862594,0.575,0,0,0,0,-1.337
1619610862614,0.602,0,0,0,0,-1.349
1619610862635,0.598,0,0,0,0,-1.35
1619610862654,0.598,0,0,0,0,-1.349
1619610862674,0.602,0,0,0,0,-1.32
1619610862694,0.616,0,0,0,0,-1.284
1619610862714,0.578,0,0,0,0,-1.275
1619610862734,0.598,0,0,0,0,-1.256
1619610862754,0.602,0,0,0,0,-1.21
1619610862774,0.595,0,0,0,0,-1.168
1619610862794,0.598,0,0,0,0,-1.197
1619610862814,0.598,0,0,0,0,-1.178
1619610862834,0.598,0,0,0,0,-1.178
1619610862854,0.598,0,0,0,0,-1.18
1619610862874,0.598,0,0,0,0,-1.195
1619610862894,0.595,0,0,0,0,-1.213
1619610862914,0.595,0,0,0,0,-1.197
1619610862934,0.602,0,0,0,0,-1.24
1619610862954,0.602,0,0,0,0,-1.308
1619610862974,0.585,0,0,0,0,-1.321
1619610862994,0.598,0,0,0,0,-1.284
1619610863014,0.595,0,0,0,0,-1.342
1619610863034,0.598,0,0,0,0,-1.346
1619610863054,0.598,0,0,0,0,-1.332
1619610863074,0.609,0,0,0,0,-1.313
1619610863094,0.609,0,0,0,0,-1.313
1619610863114,0.581,0,0,0,0,-1.284
1619610863134,0.598,0,0,0,0,-1.255
1619610863154,0.595,0,0,0,0,-1.219
1619610863174,0.602,0,0,0,0,-1.211
1619610863194,0.598,0,0,0,0,-1.186
1619610863214,0.602,0,0,0,0,-1.173
1619610863236,0.588,0,0,0,0,-1.202
1619610863254,0.602,0,0,0,0,-1.183
1619610863274,0.595,0,0,0,0,-1.174
1619610863294,0.598,0,0,0,0,-1.174
1619610863314,0.598,0,0,0,0,-1.153
1619610863334,0.598,0,0,0,0,-1.153
1619610863354,0.602,0,0,0,0,-1.131
1619610863375,0.609,0,0,0,0,-1.119
1619610863394,0.581,0,0,0,0,-1.09
1619610863414,0.598,0,0,0,0,-1.066
1619610863434,0.602,0,0,0,0,-1.076
1619610863454,0.602,0,0,0,0,-1.118
1619610863474,0.598,0,0,0,0,-1.17
1619610863494,0.592,0,0,0,0,-1.164
1619610863514,0.616,0,0,0,0,-1.138
1619610863534,0.575,0,0,0,0,-1.174
1619610863554,0.595,0,0,0,0,-1.188
1619610863574,0.602,0,0,0,0,-1.192
1619610863594,0.598,0,0,0,0,-1.201
1619610863614,0.595,0,0,0,0,-1.196
1619610863634,0.595,0,0,0,0,-1.196
1619610863654,0.602,0,0,0,0,-1.159
1619610863674,0.619,0,0,0,0,-1.153
1619610863694,0.575,0,0,0,0,-1.194
1619610863714,0.602,0,0,0,0,-1.229
1619610863734,0.598,0,0,0,0,-1.221
1619610863754,0.605,0,0,0,0,-1.173
1619610863774,0.598,0,0,0,0,-1.174
1619610863794,0.626,0,0,0,0,-1.206
1619610863814,0.571,0,0,0,0,-1.175
1619610863834,0.598,0,0,0,0,-1.157
1619610863854,0.595,0,0,0,0,-1.173
1619610863874,0.602,0,0,0,0,-1.211
1619610863894,0.602,0,0,0,0,-1.211
1619610863924,0.598,0,0,0,0,-1.189
1619610863934,0.581,0,0,0,0,-1.447
1619610863954,0.581,0,0,0,0,-1.447
1619610863974,0.598,0,0,0,0,-1.292
1619610863994,0.595,0,0,0,0,-1.273
1619610864015,0.595,0,0,0,0,-1.288
1619610864035,0.595,0,0,0,0,-1.246
1619610864054,0.609,0,0,0,0,-1.231
1619610864074,0.595,0,0,0,0,-1.186
1619610864094,0.598,0,0,0,0,-1.186
1619610864116,0.602,0,0,0,0,-1.179
1619610864134,0.602,0,0,0,0,-1.17
1619610864154,0.602,0,0,0,0,-1.17
1619610864174,0.609,0,0,0,0,-1.16
1619610864194,0.609,0,0,0,0,-1.167
1619610864215,0.592,0,0,0,0,-1.164
1619610864234,0.598,0,0,0,0,-1.143
1619610864254,0.602,0,0,0,0,-1.156
1619610864274,0.598,0,0,0,0,-1.18
1619610864294,0.598,0,0,0,0,-1.198
1619610864315,0.605,0,0,0,0,-1.198
1619610864334,0.585,0,0,0,0,-1.214
1619610864354,0.602,0,0,0,0,-1.242
1619610864374,0.592,0,0,0,0,-1.243
1619610864394,0.602,0,0,0,0,-1.232
1619610864416,0.602,0,0,0,0,-1.232
1619610864434,0.595,0,0,0,0,-1.231
1619610864454,0.595,0,0,0,0,-1.231
1619610864474,0.605,0,0,0,0,-1.269
1619610864494,0.585,0,0,0,0,-1.305
1619610864516,0.598,0,0,0,0,-1.277
1619610864534,0.598,0,0,0,0,-1.238
1619610864554,0.602,0,0,0,0,-1.245
1619610864574,0.602,0,0,0,0,-1.249
1619610864594,0.602,0,0,0,0,-1.247
1619610864615,0.619,0,0,0,0,-1.24
1619610864634,0.578,0,0,0,0,-1.232
1619610864655,0.605,0,0,0,0,-1.222
1619610864674,0.602,0,0,0,0,-1.209
1619610864694,0.602,0,0,0,0,-1.193
1619610864716,0.602,0,0,0,0,-1.193
1619610864734,0.605,0,0,0,0,-1.168
1619610864754,0.605,0,0,0,0,-1.168
1619610864774,0.619,0,0,0,0,-1.169
1619610864794,0.575,0,0,0,0,-1.19
1619610864814,0.598,0,0,0,0,-1.198
1619610864834,0.598,0,0,0,0,-1.214
1619610864854,0.612,0,0,0,0,-1.233
1619610864874,0.588,0,0,0,0,-1.242
1619610864894,0.602,0,0,0,0,-1.212
1619610864914,0.595,0,0,0,0,-1.213
1619610864935,0.598,0,0,0,0,-1.215
1619610864954,0.602,0,0,0,0,-1.205
1619610864974,0.602,0,0,0,0,-1.205
1619610864995,0.605,0,0,0,0,-1.206
1619610865014,0.598,0,0,0,0,-1.203
1619610865034,0.605,0,0,0,0,-1.189
1619610865054,0.588,0,0,0,0,-1.172
1619610865074,0.605,0,0,0,0,-1.151
1619610865094,0.605,0,0,0,0,-1.163
1619610865114,0.595,0,0,0,0,-1.18
1619610865134,0.598,0,0,0,0,-1.206
1619610865154,0.612,0,0,0,0,-1.188
1619610865174,0.581,0,0,0,0,-1.163
1619610865194,0.602,0,0,0,0,-1.183
1619610865214,0.598,0,0,0,0,-1.159
1619610865234,0.598,0,0,0,0,-1.159
1619610865254,0.595,0,0,0,0,-1.171
1619610865274,0.598,0,0,0,0,-1.169
1619610865294,0.609,0,0,0,0,-1.19
1619610865314,0.588,0,0,0,0,-1.189
1619610865334,0.598,0,0,0,0,-1.191
1619610865354,0.598,0,0,0,0,-1.218
1619610865374,0.605,0,0,0,0,-1.21
1619610865394,0.602,0,0,0,0,-1.179
1619610865414,0.609,0,0,0,0,-1.186
1619610865434,0.588,0,0,0,0,-1.2
1619610865454,0.598,0,0,0,0,-1.193
1619610865474,0.602,0,0,0,0,-1.235
1619610865494,0.602,0,0,0,0,-1.235
1619610865514,0.602,0,0,0,0,-1.246
1619610865534,0.592,0,0,0,0,-1.23
1619610865554,0.598,0,0,0,0,-1.214
1619610865574,0.612,0,0,0,0,-1.255
1619610865594,0.581,0,0,0,0,-1.277
1619610865614,0.595,0,0,0,0,-1.282
1619610865634,0.598,0,0,0,0,-1.27
1619610865654,0.592,0,0,0,0,-1.255
1619610865674,0.595,0,0,0,0,-1.274
1619610865694,0.585,0,0,0,0,-1.288
1619610865714,0.616,0,0,0,0,-1.262
1619610865734,0.575,0,0,0,0,-1.235
1619610865754,0.598,0,0,0,0,-1.199
1619610865774,0.598,0,0,0,0,-1.17
1619610865794,0.598,0,0,0,0,-1.17
1619610865814,0.602,0,0,0,0,-1.164
1619610865834,0.595,0,0,0,0,-1.131
1619610865854,0.598,0,0,0,0,-1.118
1619610865874,0.622,0,0,0,0,-1.146
1619610865894,0.575,0,0,0,0,-1.144
1619610865914,0.602,0,0,0,0,-1.171
1619610865934,0.598,0,0,0,0,-1.165
1619610865954,0.598,0,0,0,0,-1.124
1619610865974,0.605,0,0,0,0,-1.079
1619610865994,0.585,0,0,0,0,-1.095
1619610866014,0.595,0,0,0,0,-1.103
1619610866034,0.595,0,0,0,0,-1.103
1619610866054,0.598,0,0,0,0,-1.13
1619610866074,0.598,0,0,0,0,-1.139
1619610866094,0.602,0,0,0,0,-1.173
1619610866114,0.609,0,0,0,0,-1.215
1619610866135,0.581,0,0,0,0,-1.249
1619610866154,0.585,0,0,0,0,-1.284
1619610866174,0.598,0,0,0,0,-1.281
1619610866194,0.598,0,0,0,0,-1.283
1619610866214,0.592,0,0,0,0,-1.33
1619610866234,0.609,0,0,0,0,-1.382
1619610866254,0.592,0,0,0,0,-1.356
1619610866274,0.588,0,0,0,0,-1.311
1619610866294,0.588,0,0,0,0,-1.311
1619610866314,0.605,0,0,0,0,-1.291
1619610866335,0.605,0,0,0,0,-1.28
1619610866354,0.598,0,0,0,0,-1.244
1619610866374,0.609,0,0,0,0,-1.189
1619610866394,0.598,0,0,0,0,-1.175
1619610866414,0.585,0,0,0,0,-1.16
1619610866436,0.609,0,0,0,0,-1.159
1619610866454,0.592,0,0,0,0,-1.142
1619610866474,0.605,0,0,0,0,-1.128
1619610866494,0.605,0,0,0,0,-1.133
1619610866514,0.605,0,0,0,0,-1.122
1619610866535,0.578,0,0,0,0,-1.112
1619610866554,0.595,0,0,0,0,-1.114
1619610866574,0.595,0,0,0,0,-1.114
1619610866594,0.598,0,0,0,0,-1.09
1619610866614,0.595,0,0,0,0,-1.076
1619610866635,0.609,0,0,0,0,-1.127
1619610866654,0.619,0,0,0,0,-1.174
1619610866675,0.602,0,0,0,0,-1.137
1619610866695,0.575,0,0,0,0,-1.131
1619610866714,0.605,0,0,0,0,-1.168
1619610866735,0.598,0,0,0,0,-1.185
1619610866754,0.602,0,0,0,0,-1.167
1619610866774,0.619,0,0,0,0,-1.179
1619610866794,0.575,0,0,0,0,-1.229
1619610866814,0.602,0,0,0,0,-1.28
1619610866836,0.602,0,0,0,0,-1.28
1619610866854,0.605,0,0,0,0,-1.249
1619610866874,0.598,0,0,0,0,-1.24
1619610866894,0.602,0,0,0,0,-1.227
1619610866914,0.598,0,0,0,0,-1.237
1619610866935,0.602,0,0,0,0,-1.265
1619610866954,0.595,0,0,0,0,-1.259
1619610866974,0.602,0,0,0,0,-1.234
1619610866994,0.595,0,0,0,0,-1.222
1619610867014,0.598,0,0,0,0,-1.207
1619610867035,0.602,0,0,0,0,-1.2
1619610867054,0.598,0,0,0,0,-1.203
1619610867074,0.595,0,0,0,0,-1.215
1619610867094,0.595,0,0,0,0,-1.215
1619610867114,0.598,0,0,0,0,-1.201
1619610867135,0.602,0,0,0,0,-1.195
1619610867154,0.598,0,0,0,0,-1.195
1619610867174,0.602,0,0,0,0,-1.231
1619610867194,0.595,0,0,0,0,-1.225
1619610867214,0.595,0,0,0,0,-1.24
1619610867234,0.595,0,0,0,0,-1.232
1619610867254,0.595,0,0,0,0,-1.211
1619610867274,0.595,0,0,0,0,-1.208
1619610867294,0.602,0,0,0,0,-1.218
1619610867314,0.588,0,0,0,0,-1.193
1619610867334,0.592,0,0,0,0,-1.193
1619610867354,0.592,0,0,0,0,-1.193
1619610867374,0.595,0,0,0,0,-1.184
1619610867394,0.595,0,0,0,0,-1.172
1619610867414,0.588,0,0,0,0,-1.2
1619610867434,0.609,0,0,0,0,-1.228
1619610867454,0.592,0,0,0,0,-1.202
1619610867474,0.598,0,0,0,0,-1.197
1619610867494,0.598,0,0,0,0,-1.185
1619610867514,0.598,0,0,0,0,-1.163
1619610867534,0.602,0,0,0,0,-1.152
1619610867554,0.609,0,0,0,0,-1.141
1619610867574,0.578,0,0,0,0,-1.134
1619610867594,0.602,0,0,0,0,-1.133
1619610867614,0.602,0,0,0,0,-1.133
1619610867634,0.598,0,0,0,0,-1.145
1619610867654,0.598,0,0,0,0,-1.18
1619610867674,0.595,0,0,0,0,-1.219
1619610867694,0.602,0,0,0,0,-1.244
1619610867714,0.622,0,0,0,0,-1.277
1619610867734,0.575,0,0,0,0,-1.316
1619610867754,0.592,0,0,0,0,-1.321
1619610867774,0.602,0,0,0,0,-1.32
1619610867794,0.602,0,0,0,0,-1.319
1619610867814,0.598,0,0,0,0,-1.329
1619610867834,0.609,0,0,0,0,-1.324
1619610867854,0.616,0,0,0,0,-1.316
1619610867874,0.585,0,0,0,0,-1.278
1619610867894,0.595,0,0,0,0,-1.252
1619610867914,0.595,0,0,0,0,-1.252
1619610867934,0.595,0,0,0,0,-1.231
1619610867954,0.602,0,0,0,0,-1.231
1619610867974,0.602,0,0,0,0,-1.238
1619610867994,0.598,0,0,0,0,-1.206
1619610868014,0.622,0,0,0,0,-1.209
1619610868034,0.571,0,0,0,0,-1.208
1619610868054,0.595,0,0,0,0,-1.226
1619610868074,0.595,0,0,0,0,-1.234
1619610868094,0.602,0,0,0,0,-1.252
1619610868115,0.595,0,0,0,0,-1.274
1619610868134,0.595,0,0,0,0,-1.277
1619610868154,0.598,0,0,0,0,-1.295
1619610868174,0.598,0,0,0,0,-1.295
1619610868195,0.588,0,0,0,0,-1.291
1619610868215,0.595,0,0,0,0,-1.313
1619610868234,0.595,0,0,0,0,-1.265
1619610868254,0.598,0,0,0,0,-1.344
1619610868274,0.605,0,0,0,0,-1.316
1619610868295,0.588,0,0,0,0,-1.289
1619610868314,0.595,0,0,0,0,-1.299
1619610868335,0.602,0,0,0,0,-1.271
1619610868355,0.602,0,0,0,0,-1.242
1619610868374,0.595,0,0,0,0,-1.237
1619610868394,0.605,0,0,0,0,-1.166
1619610868414,0.592,0,0,0,0,-1.154
1619610868434,0.592,0,0,0,0,-1.154
1619610868465,0.595,0,0,0,0,-1.177
1619610868475,0.598,0,0,0,0,-1.226
1619610868494,0.598,0,0,0,0,-1.226
1619610868514,0.592,0,0,0,0,-1.197
1619610868534,0.605,0,0,0,0,-1.179
1619610868556,0.588,0,0,0,0,-1.174
1619610868575,0.595,0,0,0,0,-1.127
1619610868595,0.598,0,0,0,0,-1.101
1619610868614,0.598,0,0,0,0,-1.057
1619610868634,0.595,0,0,0,0,-1.047
1619610868655,0.602,0,0,0,0,-1.081
1619610868674,0.616,0,0,0,0,-1.166
1619610868694,0.581,0,0,0,0,-1.157
1619610868715,0.581,0,0,0,0,-1.157
1619610868734,0.595,0,0,0,0,-1.15
1619610868755,0.602,0,0,0,0,-1.182
1619610868774,0.595,0,0,0,0,-1.22
1619610868794,0.598,0,0,0,0,-1.208
1619610868814,0.598,0,0,0,0,-1.204
1619610868835,0.612,0,0,0,0,-1.182
1619610868856,0.575,0,0,0,0,-1.18
1619610868875,0.602,0,0,0,0,-1.191
1619610868894,0.595,0,0,0,0,-1.139
1619610868914,0.598,0,0,0,0,-1.098
1619610868934,0.605,0,0,0,0,-1.148
1619610868956,0.619,0,0,0,0,-1.211
1619610868974,0.575,0,0,0,0,-1.251
1619610868994,0.575,0,0,0,0,-1.251
1619610869014,0.592,0,0,0,0,-1.202
1619610869034,0.598,0,0,0,0,-1.222
1619610869054,0.602,0,0,0,0,-1.206
1619610869074,0.605,0,0,0,0,-1.213
1619610869094,0.622,0,0,0,0,-1.218
1619610869114,0.575,0,0,0,0,-1.19
1619610869135,0.592,0,0,0,0,-1.162
1619610869155,0.602,0,0,0,0,-1.14
1619610869174,0.602,0,0,0,0,-1.14
1619610869194,0.595,0,0,0,0,-1.153
1619610869215,0.598,0,0,0,0,-1.314
1619610869234,0.598,0,0,0,0,-1.314
1619610869254,0.592,0,0,0,0,-1.344
1619610869274,0.592,0,0,0,0,-1.32
1619610869294,0.598,0,0,0,0,-1.318
1619610869314,0.598,0,0,0,0,-1.333
1619610869334,0.598,0,0,0,0,-1.292
1619610869354,0.602,0,0,0,0,-1.283
1619610869374,0.598,0,0,0,0,-1.261
1619610869394,0.598,0,0,0,0,-1.244
1619610869414,0.598,0,0,0,0,-1.228
1619610869434,0.598,0,0,0,0,-1.225
1619610869454,0.598,0,0,0,0,-1.218
1619610869474,0.612,0,0,0,0,-1.224
1619610869494,0.612,0,0,0,0,-1.224
1619610869514,0.585,0,0,0,0,-1.214
1619610869534,0.602,0,0,0,0,-1.197
1619610869554,0.605,0,0,0,0,-1.188
1619610869574,0.602,0,0,0,0,-1.157
1619610869594,0.598,0,0,0,0,-1.145
1619610869614,0.605,0,0,0,0,-1.134
1619610869634,0.581,0,0,0,0,-1.131
1619610869654,0.598,0,0,0,0,-1.16
1619610869674,0.588,0,0,0,0,-1.198
1619610869694,0.598,0,0,0,0,-1.237
1619610869714,0.595,0,0,0,0,-1.247
1619610869734,0.595,0,0,0,0,-1.28
1619610869754,0.616,0,0,0,0,-1.296
1619610869774,0.616,0,0,0,0,-1.296
1619610869794,0.578,0,0,0,0,-1.296
1619610869814,0.595,0,0,0,0,-1.313
1619610869834,0.598,0,0,0,0,-1.318
1619610869854,0.605,0,0,0,0,-1.293
1619610869874,0.602,0,0,0,0,-1.236
1619610869894,0.605,0,0,0,0,-1.22
1619610869914,0.622,0,0,0,0,-1.232
1619610869934,0.585,0,0,0,0,-1.2
1619610869954,0.602,0,0,0,0,-1.172
1619610869974,0.602,0,0,0,0,-1.171
1619610869994,0.605,0,0,0,0,-1.135
1619610870014,0.602,0,0,0,0,-1.166
1619610870034,0.598,0,0,0,0,-1.166
1619610870054,0.629,0,0,0,0,-1.188
1619610870074,0.629,0,0,0,0,-1.188
1619610870094,0.575,0,0,0,0,-1.228
1619610870114,0.602,0,0,0,0,-1.231
1619610870134,0.595,0,0,0,0,-1.199
1619610870154,0.598,0,0,0,0,-1.182
1619610870174,0.598,0,0,0,0,-1.171
1619610870194,0.598,0,0,0,0,-1.209
1619610870214,0.598,0,0,0,0,-1.198
1619610870234,0.595,0,0,0,0,-1.18
1619610870254,0.598,0,0,0,0,-1.171
1619610870274,0.595,0,0,0,0,-1.177
1619610870294,0.602,0,0,0,0,-1.174
1619610870314,0.602,0,0,0,0,-1.183
1619610870334,0.602,0,0,0,0,-1.183
1619610870354,0.598,0,0,0,0,-1.164
1619610870374,0.602,0,0,0,0,-1.167
1619610870394,0.598,0,0,0,0,-1.175
1619610870414,0.602,0,0,0,0,-1.172
1619610870434,0.592,0,0,0,0,-1.137
1619610870454,0.609,0,0,0,0,-1.145
1619610870474,0.588,0,0,0,0,-1.151
1619610870494,0.598,0,0,0,0,-1.173
1619610870514,0.602,0,0,0,0,-1.211
1619610870534,0.598,0,0,0,0,-1.213
1619610870554,0.598,0,0,0,0,-1.208
1619610870574,0.609,0,0,0,0,-1.247
1619610870594,0.609,0,0,0,0,-1.247
1619610870614,0.595,0,0,0,0,-1.259
1619610870634,0.598,0,0,0,0,-1.244
1619610870654,0.595,0,0,0,0,-1.238
1619610870674,0.602,0,0,0,0,-1.231
1619610870694,0.605,0,0,0,0,-1.233
1619610870714,0.609,0,0,0,0,-1.244
1619610870734,0.588,0,0,0,0,-1.266
1619610870754,0.598,0,0,0,0,-1.257
1619610870775,0.598,0,0,0,0,-1.265
1619610870794,0.595,0,0,0,0,-1.278
1619610870814,0.602,0,0,0,0,-1.264
1619610870834,0.595,0,0,0,0,-1.208
1619610870854,0.602,0,0,0,0,-1.212
1619610870876,0.602,0,0,0,0,-1.212
1619610870894,0.592,0,0,0,0,-1.234
1619610870914,0.595,0,0,0,0,-1.234
1619610870934,0.595,0,0,0,0,-1.193
1619610870954,0.598,0,0,0,0,-1.165
1619610870976,0.598,0,0,0,0,-1.165
1619610870994,0.598,0,0,0,0,-1.167
1619610871014,0.616,0,0,0,0,-1.184
1619610871034,0.571,0,0,0,0,-1.219
1619610871054,0.592,0,0,0,0,-1.192
1619610871075,0.602,0,0,0,0,-1.186
1619610871094,0.598,0,0,0,0,-1.218
1619610871114,0.598,0,0,0,0,-1.206
1619610871134,0.602,0,0,0,0,-1.204
1619610871154,0.619,0,0,0,0,-1.185
1619610871175,0.619,0,0,0,0,-1.185
1619610871194,0.578,0,0,0,0,-1.192
1619610871214,0.602,0,0,0,0,-1.201
1619610871234,0.598,0,0,0,0,-1.195
1619610871254,0.602,0,0,0,0,-1.189
1619610871275,0.602,0,0,0,0,-1.228
1619610871294,0.602,0,0,0,0,-1.246
1619610871314,0.598,0,0,0,0,-1.264
1619610871335,0.595,0,0,0,0,-1.268
1619610871354,0.588,0,0,0,0,-1.273
1619610871374,0.602,0,0,0,0,-1.289
1619610871394,0.598,0,0,0,0,-1.329
1619610871414,0.605,0,0,0,0,-1.301
1619610871434,0.605,0,0,0,0,-1.301
1619610871454,0.592,0,0,0,0,-1.24
1619610871474,0.602,0,0,0,0,-1.224
1619610871494,0.598,0,0,0,0,-1.185
1619610871514,0.605,0,0,0,0,-1.148
1619610871534,0.598,0,0,0,0,-1.135
1619610871554,0.598,0,0,0,0,-1.124
1619610871575,0.592,0,0,0,0,-1.115
1619610871594,0.598,0,0,0,0,-1.164
1619610871614,0.598,0,0,0,0,-1.188
1619610871634,0.602,0,0,0,0,-1.215
1619610871654,0.592,0,0,0,0,-1.204
1619610871674,0.609,0,0,0,0,-1.196
1619610871694,0.609,0,0,0,0,-1.196
1619610871714,0.588,0,0,0,0,-1.183
1619610871734,0.598,0,0,0,0,-1.196
1619610871754,0.592,0,0,0,0,-1.199
1619610871774,0.602,0,0,0,0,-1.166
1619610871794,0.595,0,0,0,0,-1.125
1619610871814,0.609,0,0,0,0,-1.153
1619610871834,0.578,0,0,0,0,-1.161
1619610871854,0.602,0,0,0,0,-1.156
1619610871874,0.602,0,0,0,0,-1.15
1619610871894,0.605,0,0,0,0,-1.16
1619610871914,0.602,0,0,0,0,-1.169
1619610871934,0.602,0,0,0,0,-1.192
1619610871954,0.612,0,0,0,0,-1.184
1619610871974,0.612,0,0,0,0,-1.184
1619610871994,0.592,0,0,0,0,-1.204
1619610872014,0.605,0,0,0,0,-1.228
1619610872034,0.592,0,0,0,0,-1.225
1619610872054,0.598,0,0,0,0,-1.22
1619610872074,0.602,0,0,0,0,-1.221
1619610872094,0.598,0,0,0,0,-1.225
1619610872114,0.616,0,0,0,0,-1.243
1619610872134,0.575,0,0,0,0,-1.258
1619610872154,0.595,0,0,0,0,-1.248
1619610872174,0.592,0,0,0,0,-1.25
1619610872194,0.602,0,0,0,0,-1.237
1619610872214,0.598,0,0,0,0,-1.246
1619610872234,0.595,0,0,0,0,-1.266
1619610872254,0.619,0,0,0,0,-1.214
1619610872274,0.619,0,0,0,0,-1.214
1619610872294,0.575,0,0,0,0,-1.176
1619610872314,0.592,0,0,0,0,-1.182
1619610872334,0.598,0,0,0,0,-1.207
1619610872354,0.602,0,0,0,0,-1.219
1619610872374,0.598,0,0,0,0,-1.22
1619610872394,0.598,0,0,0,0,-1.205
1619610872414,0.598,0,0,0,0,-1.21
1619610872434,0.598,0,0,0,0,-1.225
1619610872454,0.602,0,0,0,0,-1.209
1619610872474,0.602,0,0,0,0,-1.198
1619610872494,0.598,0,0,0,0,-1.166
1619610872514,0.602,0,0,0,0,-1.182
1619610872534,0.602,0,0,0,0,-1.182
1619610872554,0.592,0,0,0,0,-1.176
1619610872574,0.598,0,0,0,0,-1.157
1619610872594,0.592,0,0,0,0,-1.115
1619610872614,0.598,0,0,0,0,-1.13
1619610872634,0.595,0,0,0,0,-1.165
1619610872654,0.605,0,0,0,0,-1.177
1619610872674,0.588,0,0,0,0,-1.17
1619610872694,0.602,0,0,0,0,-1.186
1619610872714,0.598,0,0,0,0,-1.183
1619610872734,0.598,0,0,0,0,-1.212
1619610872754,0.595,0,0,0,0,-1.224
1619610872774,0.609,0,0,0,0,-1.197
1619610872794,0.609,0,0,0,0,-1.197
1619610872814,0.585,0,0,0,0,-1.2
1619610872834,0.598,0,0,0,0,-1.182
1619610872854,0.595,0,0,0,0,-1.198
1619610872874,0.598,0,0,0,0,-1.186
1619610872894,0.588,0,0,0,0,-1.188
