1619613007614 -0.099465 0.800000 0.000000
1619613007715 -0.099465 0.800000 0.000000
1619613007816 -0.099465 0.800000 0.000000
1619613007917 -0.099465 0.800000 0.000000
1619613008017 -0.099465 0.800000 0.000000
1619613008118 -0.099465 0.800000 0.000000
1619613008219 -0.099465 0.800000 0.000000
1619613008320 -0.099465 0.800000 0.000000
1619613008421 -0.099465 0.800000 0.000000
1619613008522 -0.099465 0.800000 0.000000
1619613008622 -0.099465 0.800000 0.000000
1619613008723 -0.099465 0.800000 0.000000
1619613008824 -0.099465 0.800000 0.000000
1619613008925 -0.099465 0.800000 0.000000
1619613009026 -0.099465 0.800000 0.000000
1619613009126 -0.099465 0.800000 0.000000
1619613009228 -0.099465 0.800000 0.000000
1619613009328 -0.099465 0.800000 0.000000
1619613009429 -0.099465 0.800000 0.000000
1619613009530 -0.099465 0.800000 0.000000
1619613009631 -0.099465 0.800000 0.000000
1619613009732 -0.099465 0.800000 0.000000
1619613009833 -0.099465 0.800000 0.000000
1619613009933 -0.099465 0.800000 0.000000
1619613010034 -0.099465 0.800000 0.000000
1619613010135 -0.099465 0.800000 0.000000
1619613010236 -0.099465 0.800000 0.000000
1619613010337 -0.099465 0.800000 0.000000
1619613010438 -0.099465 0.800000 0.000000
1619613010538 -0.099465 0.800000 0.000000
1619613010639 -0.099465 0.800000 0.000000
1619613010740 -0.099465 0.800000 0.000000
1619613010841 -0.099465 0.800000 0.000000
1619613010942 -0.099465 0.800000 0.000000
1619613011042 -0.099465 0.800000 0.000000
1619613011143 -0.099465 0.800000 0.000000
1619613011244 -0.099465 0.800000 0.000000
1619613011345 -0.099465 0.800000 0.000000
1619613011446 -0.099465 0.800000 0.000000
1619613011547 -0.099465 0.800000 0.000000
1619613011648 -0.099465 0.800000 0.000000
1619613011748 -0.099465 0.800000 0.000000
1619613011849 -0.099465 0.800000 0.000000
1619613011950 -0.099465 0.800000 0.000000
1619613012051 -0.099465 0.800000 0.000000
1619613012152 -0.099465 0.800000 0.000000
1619613012252 -0.099465 0.800000 0.000000
1619613012353 -0.099465 0.800000 0.000000
1619613012454 -0.099465 0.800000 0.000000
1619613012555 -0.099465 0.800000 0.000000
1619613012656 -0.099465 0.800000 0.000000
1619613012757 -0.099465 0.800000 0.000000
1619613012858 -0.099465 0.800000 0.000000
1619613012959 -0.099465 0.800000 0.000000
1619613013060 -0.099465 0.800000 0.000000
1619613013160 -0.099465 0.800000 0.000000
1619613013261 -0.099465 0.800000 0.000000
1619613013363 -0.099465 0.800000 0.000000
1619613013463 -0.099465 0.800000 0.000000
1619613013564 -0.099465 0.800000 0.000000
1619613013665 -0.099465 0.800000 0.000000
1619613013766 -0.099465 0.800000 0.000000
1619613013867 -0.099465 0.800000 0.000000
1619613013968 -0.099465 0.800000 0.000000
1619613014069 -0.099465 0.800000 0.000000
1619613014170 -0.099465 0.800000 0.000000
1619613014271 -0.099465 0.800000 0.000000
1619613014372 -0.099465 0.800000 0.000000
1619613014473 -0.099465 0.800000 0.000000
1619613014573 -0.099465 0.800000 0.000000
1619613014674 -0.099465 0.800000 0.000000
1619613014775 -0.099465 0.800000 0.000000
1619613014876 -0.099465 0.800000 0.000000
1619613014977 -0.099465 0.800000 0.000000
1619613015078 -0.099465 0.800000 0.000000
1619613015179 -0.099465 0.800000 0.000000
1619613015279 -0.099465 0.800000 0.000000
1619613015380 -0.099465 0.800000 0.000000
1619613015481 -0.099465 0.800000 0.000000
1619613015582 -0.099465 0.800000 0.000000
1619613015683 -0.099465 0.800000 0.000000
1619613015784 -0.099465 0.800000 0.000000
1619613015884 -0.099465 0.800000 0.000000
1619613015985 -0.099465 0.800000 0.000000
1619613016086 -0.099465 0.800000 0.000000
1619613016187 -0.099465 0.800000 0.000000
1619613016288 -0.099465 0.800000 0.000000
1619613016389 -0.099465 0.800000 0.000000
1619613016490 -0.099465 0.800000 0.000000
1619613016591 -0.099465 0.800000 0.000000
1619613016691 -0.099465 0.800000 0.000000
1619613016792 -0.099465 0.800000 0.000000
1619613016893 -0.099465 0.800000 0.000000
1619613016994 -0.099465 0.800000 0.000000
1619613017095 -0.099465 0.800000 0.000000
1619613017196 -0.099465 0.800000 0.000000
1619613017297 -0.099465 0.800000 0.000000
1619613017398 -0.099465 0.800000 0.000000
1619613017498 -0.099465 0.800000 0.000000
1619613017599 -0.099465 0.800000 0.000000
1619613017700 -0.099465 0.800000 0.000000
1619613017801 -0.099465 0.800000 0.000000
1619613017902 -0.099465 0.800000 0.000000
1619613018003 -0.099465 0.800000 0.000000
1619613018103 -0.099465 0.800000 0.000000
1619613018204 -0.099465 0.800000 0.000000
1619613018305 -0.099465 0.800000 0.000000
1619613018406 -0.099465 0.800000 0.000000
1619613018507 -0.099465 0.800000 0.000000
1619613018608 -0.099465 0.800000 0.000000
1619613018709 -0.099465 0.800000 0.000000
1619613018810 -0.099465 0.800000 0.000000
1619613018910 -0.099465 0.800000 0.000000
1619613019011 -0.099465 0.800000 0.000000
1619613019112 -0.099465 0.800000 0.000000
1619613019213 -0.099465 0.800000 0.000000
1619613019314 -0.099465 0.800000 0.000000
1619613019415 -0.099465 0.800000 0.000000
1619613019516 -0.099465 0.800000 0.000000
1619613019616 -0.099465 0.800000 0.000000
1619613019717 -0.099465 0.800000 0.000000
1619613019818 -0.099465 0.800000 0.000000
1619613019919 -0.099465 0.800000 0.000000
1619613020020 -0.099465 0.800000 0.000000
1619613020121 -0.099465 0.800000 0.000000
1619613020222 -0.099465 0.800000 0.000000
1619613020322 -0.099465 0.800000 0.000000
1619613020423 -0.099465 0.800000 0.000000
1619613020524 -0.099465 0.800000 0.000000
1619613020625 -0.099465 0.800000 0.000000
1619613020726 -0.099465 0.800000 0.000000
1619613020827 -0.099465 0.800000 0.000000
1619613020928 -0.099465 0.800000 0.000000
1619613021028 -0.099465 0.800000 0.000000
1619613021130 -0.099465 0.800000 0.000000
1619613021231 -0.099465 0.800000 0.000000
1619613021331 -0.099465 0.800000 0.000000
1619613021432 -0.099465 0.800000 0.000000
1619613021533 -0.099465 0.800000 0.000000
1619613021634 -0.099465 0.800000 0.000000
1619613021735 -0.099465 0.800000 0.000000
1619613021836 -0.099465 0.800000 0.000000
1619613021937 -0.099465 0.800000 0.000000
1619613022037 -0.099465 0.800000 0.000000
1619613022138 -0.099465 0.800000 0.000000
1619613022239 -0.099465 0.800000 0.000000
1619613022340 -0.099465 0.800000 0.000000
1619613022441 -0.099465 0.800000 0.000000
1619613022542 -0.099465 0.800000 0.000000
1619613022642 -0.099465 0.800000 0.000000
1619613022743 -0.099465 0.800000 0.000000
1619613022844 -0.099465 0.800000 0.000000
1619613022945 -0.099465 0.800000 0.000000
1619613023046 -0.099465 0.800000 0.000000
1619613023147 -0.099465 0.800000 0.000000
1619613023247 -0.099465 0.800000 0.000000
1619613023348 -0.099465 0.800000 0.000000
1619613023449 -0.099465 0.800000 0.000000
1619613023550 -0.099465 0.800000 0.000000
1619613023651 -0.099465 0.800000 0.000000
1619613023752 -0.099465 0.800000 0.000000
1619613023852 -0.099465 0.800000 0.000000
1619613023953 -0.099465 0.800000 0.000000
1619613024054 -0.099465 0.800000 0.000000
1619613024155 -0.099465 0.800000 0.000000
1619613024256 -0.099465 0.800000 0.000000
1619613024357 -0.099465 0.800000 0.000000
1619613024458 -0.099465 0.800000 0.000000
1619613024559 -0.099465 0.800000 0.000000
1619613024660 -0.099465 0.800000 0.000000
1619613024760 -0.099465 0.800000 0.000000
1619613024861 -0.099465 0.800000 0.000000
1619613024962 -0.099465 0.800000 0.000000
1619613025063 -0.099465 0.800000 0.000000
1619613025164 -0.099465 0.800000 0.000000
1619613025265 -0.099465 0.800000 0.000000
1619613025366 -0.099465 0.800000 0.000000
1619613025467 -0.099465 0.800000 0.000000
1619613025568 -0.099465 0.800000 0.000000
1619613025668 -0.099465 0.800000 0.000000
1619613025770 -0.099465 0.800000 0.000000
1619613025870 -0.099465 0.800000 0.000000
1619613025971 -0.099465 0.800000 0.000000
1619613026072 -0.099465 0.800000 0.000000
1619613026173 -0.099465 0.800000 0.000000
1619613026274 -0.099465 0.800000 0.000000
1619613026375 -0.099465 0.800000 0.000000
1619613026476 -0.099465 0.800000 0.000000
1619613026577 -0.099465 0.800000 0.000000
1619613026677 -0.099465 0.800000 0.000000
1619613026778 -0.099465 0.800000 0.000000
1619613026879 -0.099465 0.800000 0.000000
1619613026980 -0.099465 0.800000 0.000000
1619613027081 -0.099465 0.800000 0.000000
1619613027182 -0.099465 0.800000 0.000000
1619613027283 -0.099465 0.800000 0.000000
1619613027384 -0.099465 0.800000 0.000000
1619613027484 -0.099465 0.800000 0.000000
1619613027585 -0.099465 0.800000 0.000000
1619613027686 -0.099465 0.800000 0.000000
1619613027787 -0.099465 0.800000 0.000000
1619613027888 -0.099465 0.800000 0.000000
1619613027989 -0.099465 0.800000 0.000000
1619613028090 -0.099465 0.800000 0.000000
1619613028190 -0.099465 0.800000 0.000000
1619613028291 -0.099465 0.800000 0.000000
1619613028392 -0.099465 0.800000 0.000000
1619613028493 -0.099465 0.800000 0.000000
1619613028594 -0.099465 0.800000 0.000000
1619613028694 -0.099465 0.800000 0.000000
1619613028795 -0.099465 0.800000 0.000000
1619613028896 -0.099465 0.800000 0.000000
1619613028997 -0.099465 0.800000 0.000000
1619613029098 -0.099465 0.800000 0.000000
1619613029199 -0.099465 0.800000 0.000000
1619613029299 -0.099465 0.800000 0.000000
1619613029400 -0.099465 0.800000 0.000000
1619613029501 -0.099465 0.800000 0.000000
1619613029602 -0.099465 0.800000 0.000000
1619613029703 -0.099465 0.800000 0.000000
1619613029803 -0.099465 0.800000 0.000000
1619613029904 -0.099465 0.800000 0.000000
1619613030005 -0.099465 0.800000 0.000000
1619613030106 -0.099465 0.800000 0.000000
1619613030207 -0.099465 0.800000 0.000000
1619613030307 -0.099465 0.800000 0.000000
1619613030408 -0.099465 0.800000 0.000000
1619613030509 -0.099465 0.800000 0.000000
1619613030610 -0.099465 0.800000 0.000000
1619613030711 -0.099465 0.800000 0.000000
1619613030812 -0.099465 0.800000 0.000000
1619613030912 -0.099465 0.800000 0.000000
1619613031013 -0.099465 0.800000 0.000000
1619613031114 -0.099465 0.800000 0.000000
1619613031215 -0.099465 0.800000 0.000000
1619613031316 -0.099465 0.800000 0.000000
1619613031417 -0.099465 0.800000 0.000000
1619613031518 -0.099465 0.800000 0.000000
1619613031618 -0.099465 0.800000 0.000000
1619613031719 -0.099465 0.800000 0.000000
1619613031820 -0.099465 0.800000 0.000000
1619613031921 -0.099465 0.800000 0.000000
1619613032022 -0.099465 0.800000 0.000000
1619613032123 -0.099465 0.800000 0.000000
1619613032223 -0.099465 0.800000 0.000000
1619613032324 -0.099465 0.800000 0.000000
1619613032425 -0.099465 0.800000 0.000000
1619613032526 -0.099465 0.800000 0.000000
1619613032627 -0.099465 0.800000 0.000000
1619613032728 -0.099465 0.800000 0.000000
1619613032829 -0.099465 0.800000 0.000000
1619613032930 -0.099465 0.800000 0.000000
1619613033031 -0.099465 0.800000 0.000000
1619613033131 -0.099465 0.800000 0.000000
1619613033232 -0.099465 0.800000 0.000000
1619613033333 -0.099465 0.800000 0.000000
1619613033434 -0.099465 0.800000 0.000000
1619613033535 -0.099465 0.800000 0.000000
1619613033635 -0.099465 0.800000 0.000000
1619613033736 -0.099465 0.800000 0.000000
1619613033837 -0.099465 0.800000 0.000000
1619613033938 -0.099465 0.800000 0.000000
1619613034039 -0.099465 0.800000 0.000000
1619613034140 -0.099465 0.800000 0.000000
1619613034240 -0.099465 0.800000 0.000000
1619613034341 -0.099465 0.800000 0.000000
1619613034442 -0.099465 0.800000 0.000000
1619613034543 -0.099465 0.800000 0.000000
1619613034644 -0.099465 0.800000 0.000000
1619613034745 -0.099465 0.800000 0.000000
1619613034845 -0.099465 0.800000 0.000000
1619613034946 -0.099465 0.800000 0.000000
1619613035047 -0.099465 0.800000 0.000000
1619613035148 -0.099465 0.800000 0.000000
1619613035249 -0.099465 0.800000 0.000000
1619613035350 -0.099465 0.800000 0.000000
1619613035451 -0.099465 0.800000 0.000000
1619613035552 -0.099465 0.800000 0.000000
1619613035653 -0.099465 0.800000 0.000000
1619613035754 -0.099465 0.800000 0.000000
1619613035854 -0.099465 0.800000 0.000000
1619613035955 -0.099465 0.800000 0.000000
1619613036056 -0.099465 0.800000 0.000000
1619613036157 -0.099465 0.800000 0.000000
1619613036258 -0.099465 0.800000 0.000000
1619613036359 -0.099465 0.800000 0.000000
1619613036460 -0.099465 0.800000 0.000000
1619613036560 -0.099465 0.800000 0.000000
1619613036661 -0.099465 0.800000 0.000000
1619613036762 -0.099465 0.800000 0.000000
1619613036863 -0.099465 0.800000 0.000000
1619613036964 -0.099465 0.800000 0.000000
1619613037065 -0.099465 0.800000 0.000000
1619613037166 -0.099465 0.800000 0.000000
1619613037266 -0.099465 0.800000 0.000000
1619613037367 -0.099465 0.800000 0.000000
1619613037468 -0.099465 0.800000 0.000000
1619613037570 -0.099465 0.800000 0.000000
1619613037671 -0.099465 0.800000 0.000000
1619613037771 -0.099465 0.800000 0.000000
1619613037872 -0.099465 0.800000 0.000000
1619613037973 -0.099465 0.800000 0.000000
1619613038074 -0.099465 0.800000 0.000000
1619613038175 -0.099465 0.800000 0.000000
1619613038275 -0.099465 0.800000 0.000000
1619613038376 -0.099465 0.800000 0.000000
1619613038477 -0.099465 0.800000 0.000000
1619613038578 -0.099465 0.800000 0.000000
1619613038679 -0.099465 0.800000 0.000000
1619613038780 -0.099465 0.800000 0.000000
1619613038880 -0.099465 0.800000 0.000000
1619613038981 -0.099465 0.800000 0.000000
1619613039082 -0.099465 0.800000 0.000000
1619613039183 -0.099465 0.800000 0.000000
1619613039284 -0.099465 0.800000 0.000000
1619613039385 -0.099465 0.800000 0.000000
1619613039485 -0.099465 0.800000 0.000000
1619613039586 -0.099465 0.800000 0.000000
1619613039687 -0.099465 0.800000 0.000000
1619613039788 -0.099465 0.800000 0.000000
1619613039889 -0.099465 0.800000 0.000000
1619613039990 -0.099465 0.800000 0.000000
1619613040091 -0.099465 0.800000 0.000000
1619613040191 -0.099465 0.800000 0.000000
1619613040292 -0.099465 0.800000 0.000000
1619613040393 -0.099465 0.800000 0.000000
1619613040494 -0.099465 0.800000 0.000000
1619613040595 -0.099465 0.800000 0.000000
1619613040696 -0.099465 0.800000 0.000000
1619613040796 -0.099465 0.800000 0.000000
1619613040897 -0.099465 0.800000 0.000000
1619613040998 -0.099465 0.800000 0.000000
1619613041099 -0.099465 0.800000 0.000000
1619613041200 -0.099465 0.800000 0.000000
1619613041301 -0.099465 0.800000 0.000000
1619613041402 -0.099465 0.800000 0.000000
1619613041502 -0.099465 0.800000 0.000000
1619613041603 -0.099465 0.800000 0.000000
1619613041704 -0.099465 0.800000 0.000000
1619613041805 -0.099465 0.800000 0.000000
1619613041906 -0.099465 0.800000 0.000000
1619613042007 -0.099465 0.800000 0.000000
1619613042108 -0.099465 0.800000 0.000000
1619613042209 -0.099465 0.800000 0.000000
1619613042310 -0.099465 0.800000 0.000000
