steer_data,Timestamp,Action,Bump,Traffic congestion
4.384999999999991,1577091270069,0,0,0
4.525000000000006,1577091270972,0,0,0
4.525000000000006,1577091271912,0,0,0
4.525000000000006,1577091272852,0,0,0
4.525000000000006,1577091273792,0,0,0
4.525000000000006,1577091274732,0,0,0
4.525000000000006,1577091275672,0,0,0
4.5449999999999875,1577091276648,0,0,0
4.5449999999999875,1577091277588,0,0,0
4.5449999999999875,1577091278482,0,0,0
4.5449999999999875,1577091279422,0,0,0
4.5449999999999875,1577091280362,0,0,0
4.5449999999999875,1577091281312,0,0,0
4.5449999999999875,1577091282288,0,0,0
4.5449999999999875,1577091283202,0,0,0
4.5449999999999875,1577091284141,0,0,0
4.5449999999999875,1577091285081,0,0,0
4.5449999999999875,1577091286021,0,0,0
4.5449999999999875,1577091286961,0,0,0
4.5449999999999875,1577091287902,0,0,0
4.5449999999999875,1577091288842,0,0,0
4.5449999999999875,1577091289782,0,0,0
4.5449999999999875,1577091290722,0,0,0
4.5449999999999875,1577091291661,0,0,0
4.5449999999999875,1577091292602,0,0,0
4.5449999999999875,1577091293541,0,0,0
4.5449999999999875,1577091294481,0,0,0
4.5449999999999875,1577091295432,0,0,0
4.5449999999999875,1577091296371,0,0,0
4.5449999999999875,1577091297312,0,0,0
4.5449999999999875,1577091298252,0,0,0
4.5449999999999875,1577091299238,0,0,0
4.5449999999999875,1577091300152,0,0,0
4.5449999999999875,1577091301091,0,0,0
4.5449999999999875,1577091302032,0,0,0
4.5449999999999875,1577091302982,0,0,0
4.5449999999999875,1577091303921,0,0,0
4.5449999999999875,1577091304861,0,0,0
4.5449999999999875,1577091305801,0,0,0
4.5449999999999875,1577091306741,0,0,0
4.5449999999999875,1577091307691,0,0,0
4.5449999999999875,1577091308631,0,0,0
4.5449999999999875,1577091309571,0,0,0
4.5449999999999875,1577091310511,0,0,0
4.5449999999999875,1577091311451,0,0,0
4.5449999999999875,1577091312391,0,0,0
4.5449999999999875,1577091313331,0,0,0
4.5449999999999875,1577091314291,0,0,0
4.5449999999999875,1577091315231,0,0,0
4.5449999999999875,1577091316171,0,0,0
4.5449999999999875,1577091317111,0,0,0
4.5449999999999875,1577091318051,0,0,0
4.5449999999999875,1577091318991,0,0,0
4.5449999999999875,1577091319931,0,0,0
4.5449999999999875,1577091320871,0,0,0
4.5449999999999875,1577091321811,0,0,0
4.5449999999999875,1577091322761,0,0,0
4.5449999999999875,1577091323701,0,0,0
4.5449999999999875,1577091324651,0,0,0
4.5449999999999875,1577091325591,0,0,0
4.5449999999999875,1577091326541,0,0,0
4.5449999999999875,1577091327481,0,0,0
4.5449999999999875,1577091328431,0,0,0
4.5449999999999875,1577091329371,0,0,0
4.5449999999999875,1577091330321,0,0,0
4.5449999999999875,1577091331271,0,0,0
4.5449999999999875,1577091332211,0,0,0
4.5449999999999875,1577091333151,0,0,0
4.5449999999999875,1577091334091,0,0,0
4.5449999999999875,1577091335051,0,0,0
4.5449999999999875,1577091335991,0,0,0
4.5449999999999875,1577091336931,0,0,0
4.5449999999999875,1577091337871,0,0,0
4.5449999999999875,1577091338811,0,0,0
4.5449999999999875,1577091339741,0,0,0
4.5449999999999875,1577091340681,0,0,0
4.5449999999999875,1577091341621,0,0,0
4.5449999999999875,1577091342571,0,0,0
4.5449999999999875,1577091343521,0,0,0
4.5449999999999875,1577091344461,0,0,0
4.5449999999999875,1577091345421,0,0,0
4.5449999999999875,1577091346732,0,0,0
4.5449999999999875,1577091347741,0,0,0
4.5449999999999875,1577091348721,0,0,0
4.5449999999999875,1577091349661,0,0,0
4.5449999999999875,1577091350751,0,0,0
4.5449999999999875,1577091351701,0,0,0
4.5449999999999875,1577091352631,0,0,0
4.5449999999999875,1577091353570,0,0,0
4.5449999999999875,1577091354501,0,0,0
4.5449999999999875,1577091355440,0,0,0
4.5449999999999875,1577091356380,0,0,0
4.5449999999999875,1577091357320,0,0,0
4.5449999999999875,1577091358260,0,0,0
4.5449999999999875,1577091359201,0,0,0
4.5449999999999875,1577091360140,0,0,0
4.5449999999999875,1577091361081,0,0,0
4.5449999999999875,1577091362020,0,0,0
4.5449999999999875,1577091362940,0,0,0
4.5449999999999875,1577091363881,0,0,0
4.5449999999999875,1577091364821,0,0,0
4.5449999999999875,1577091365760,0,0,0
4.5449999999999875,1577091366701,0,0,0
4.5449999999999875,1577091367660,0,0,0
4.5449999999999875,1577091368610,0,0,0
4.5449999999999875,1577091369551,0,0,0
4.5449999999999875,1577091370490,0,0,0
4.5449999999999875,1577091371430,0,0,0
4.5449999999999875,1577091372370,0,0,0
4.5449999999999875,1577091373310,0,0,0
4.5449999999999875,1577091374260,0,0,0
4.5449999999999875,1577091375237,0,0,0
4.5449999999999875,1577091376140,0,0,0
4.5449999999999875,1577091377080,0,0,0
4.5449999999999875,1577091378020,0,0,0
4.5449999999999875,1577091378960,0,0,0
4.5449999999999875,1577091379901,0,0,0
4.5449999999999875,1577091380840,0,0,0
4.5449999999999875,1577091381780,0,0,0
4.5449999999999875,1577091382730,0,0,0
4.5449999999999875,1577091383670,0,0,0
4.5449999999999875,1577091384610,0,0,0
4.5449999999999875,1577091385550,0,0,0
4.5449999999999875,1577091386490,0,0,0
4.5449999999999875,1577091387420,0,0,0
4.5449999999999875,1577091388360,0,0,0
4.5449999999999875,1577091389336,0,0,0
4.5449999999999875,1577091390240,0,0,0
4.5449999999999875,1577091391180,0,0,0
4.5449999999999875,1577091392120,0,0,0
4.5449999999999875,1577091393060,0,0,0
4.5449999999999875,1577091394037,0,0,0
4.5449999999999875,1577091394940,0,0,0
4.5449999999999875,1577091395880,0,0,0
4.5449999999999875,1577091396820,0,0,0
4.5449999999999875,1577091397790,0,0,0
4.5449999999999875,1577091398730,0,0,0
4.5449999999999875,1577091399670,0,0,0
4.5449999999999875,1577091400610,0,0,0
4.5449999999999875,1577091401550,0,0,0
4.5449999999999875,1577091402490,0,0,0
4.5449999999999875,1577091403430,0,0,0
4.5449999999999875,1577091404370,0,0,0
4.5449999999999875,1577091405310,0,0,0
4.5449999999999875,1577091406250,0,0,0
4.5449999999999875,1577091407190,0,0,0
4.5449999999999875,1577091408130,0,0,0
12.254999999999995,1577091409070,0,0,0
10.155000000000001,1577091410010,0,0,0
10.085000000000008,1577091410950,0,0,0
10.085000000000008,1577091411890,0,0,0
10.085000000000008,1577091412830,0,0,0
10.055000000000007,1577091413770,0,0,0
9.914999999999992,1577091414710,0,0,0
12.805000000000007,1577091415660,0,0,0
41.065,1577091416600,1,0,0
25.485000000000014,1577091417540,1,0,0
10.775000000000006,1577091418480,1,0,0
20.125,1577091419420,1,0,0
9.10499999999999,1577091420360,1,0,0
-5.215000000000003,1577091421310,1,0,0
-7.594999999999999,1577091422260,1,0,0
-0.17500000000001137,1577091423200,1,0,0
4.89500000000001,1577091424140,1,0,0
0.7450000000000045,1577091425080,1,0,0
1.9749999999999943,1577091426020,1,0,0
3.085000000000008,1577091426960,1,0,0
3.7750000000000057,1577091427900,1,0,0
5.9550000000000125,1577091428839,1,0,0
4.215000000000003,1577091429779,1,0,0
5.0449999999999875,1577091430720,1,0,0
5.085000000000008,1577091431660,1,0,0
3.6850000000000023,1577091432600,1,0,0
3.7549999999999955,1577091433540,1,0,0
1.4749999999999943,1577091434479,1,0,0
2.8549999999999898,1577091435419,1,0,0
3.4550000000000125,1577091436359,1,0,0
2.7050000000000125,1577091437336,1,0,0
2.2549999999999955,1577091438239,1,0,0
2.5250000000000057,1577091439179,1,0,0
3.384999999999991,1577091440119,1,0,0
4.194999999999993,1577091441060,1,0,0
4.125,1577091442000,1,0,0
4.14500000000001,1577091442939,1,0,0
4.185000000000002,1577091443889,1,0,0
4.175000000000011,1577091444839,1,0,0
4.185000000000002,1577091445779,1,0,0
4.224999999999994,1577091446719,1,0,0
4.10499999999999,1577091447659,1,0,0
4.064999999999998,1577091448599,1,0,0
3.8950000000000102,1577091449539,1,0,0
3.2849999999999966,1577091450479,1,0,0
3.3149999999999977,1577091451409,1,0,0
2.835000000000008,1577091452385,1,0,0
3.3249999999999886,1577091453289,1,0,0
8.465000000000003,1577091454229,1,0,0
8.025000000000006,1577091455179,1,0,0
7.7050000000000125,1577091456119,1,0,0
9.314999999999998,1577091457059,1,0,0
23.754999999999995,1577091458000,4,0,0
23.155,1577091458929,4,0,0
9.794999999999987,1577091459879,4,0,0
-1.3950000000000102,1577091460819,4,0,0
-4.514999999999986,1577091461759,4,0,0
0.014999999999986358,1577091462709,4,0,0
1.335000000000008,1577091463659,4,0,0
1.7350000000000136,1577091464609,1,0,0
3.805000000000007,1577091465549,1,0,0
3.2150000000000034,1577091466489,1,0,0
2.0449999999999875,1577091467429,1,0,0
3.0250000000000057,1577091468369,1,0,0
3.1049999999999898,1577091469309,1,0,0
3.094999999999999,1577091470249,1,0,0
3.1049999999999898,1577091471189,1,0,0
1.4550000000000125,1577091472119,1,0,0
2.414999999999992,1577091473059,1,0,0
-4.375,1577091473999,5,0,0
-8.14500000000001,1577091474939,5,0,0
6.775000000000006,1577091475879,5,0,0
10.224999999999994,1577091476819,5,0,0
5.335000000000008,1577091477759,5,0,0
5.375,1577091478699,5,0,0
4.085000000000008,1577091479639,5,0,0
3.4350000000000023,1577091480579,5,0,0
3.5250000000000057,1577091481509,1,0,0
3.805000000000007,1577091482439,1,0,0
5.615000000000009,1577091483379,1,0,0
4.965000000000003,1577091484319,1,0,0
4.414999999999992,1577091485259,1,0,0
8.564999999999998,1577091486199,1,0,0
11.305000000000007,1577091487139,2,0,0
18.595,1577091488079,2,0,0
21.17500000000001,1577091489029,2,0,0
15.485000000000014,1577091489979,2,0,0
8.914999999999992,1577091490929,2,0,0
9.965000000000003,1577091491869,2,0,0
7.525000000000006,1577091492809,2,0,0
4.264999999999986,1577091493749,2,0,0
4.60499999999999,1577091494689,2,0,0
2.7750000000000057,1577091495629,4,0,0
5.555000000000007,1577091496605,4,0,0
17.405,1577091497509,4,0,0
11.444999999999993,1577091498449,4,0,0
4.7050000000000125,1577091499399,4,0,0
-6.435000000000002,1577091500338,4,0,0
-8.64500000000001,1577091501279,4,0,0
1.2249999999999943,1577091502229,4,0,0
1.6550000000000011,1577091503206,4,0,0
8.555000000000007,1577091504109,1,0,0
5.235000000000014,1577091505069,1,0,0
4.4950000000000045,1577091506029,1,0,0
3.0049999999999955,1577091506969,1,0,0
3.8950000000000102,1577091507908,1,0,0
1.9050000000000011,1577091508849,1,0,0
2.634999999999991,1577091509788,1,0,0
2.2249999999999943,1577091510729,1,0,0
2.2649999999999864,1577091511669,1,0,0
4.164999999999992,1577091512608,1,0,0
4.014999999999986,1577091513549,1,0,0
3.7649999999999864,1577091514478,1,0,0
2.835000000000008,1577091515418,1,0,0
3.0749999999999886,1577091516369,1,0,0
2.0449999999999875,1577091517308,1,0,0
2.134999999999991,1577091518249,1,0,0
2.2350000000000136,1577091519188,1,0,0
2.2649999999999864,1577091520128,1,0,0
2.1049999999999898,1577091521058,1,0,0
1.7949999999999875,1577091521999,1,0,0
2.125,1577091522938,1,0,0
3.335000000000008,1577091523878,1,0,0
6.474999999999994,1577091524828,1,0,0
4.365000000000009,1577091525768,1,0,0
-12.10499999999999,1577091526708,5,0,0
-19.905,1577091527658,5,0,0
-1.9550000000000125,1577091528598,5,0,0
21.14500000000001,1577091529538,5,0,0
20.11500000000001,1577091530468,5,0,0
16.85499999999999,1577091531398,5,0,0
17.92500000000001,1577091532338,5,0,0
17.89500000000001,1577091533278,8,0,0
24.17500000000001,1577091534218,8,0,0
27.775000000000006,1577091535158,8,0,0
26.735000000000014,1577091536098,8,0,0
23.034999999999997,1577091537028,8,0,0
13.764999999999986,1577091537958,8,0,0
18.245000000000005,1577091538898,8,0,0
21.995000000000005,1577091539838,8,0,0
33.42500000000001,1577091540778,8,0,0
38.764999999999986,1577091541718,8,0,0
44.035,1577091542668,8,0,0
31.955000000000013,1577091543618,8,0,0
17.07499999999999,1577091544548,8,0,0
-20.335000000000008,1577091545478,-1,0,0
5.425000000000011,1577091546408,-1,0,0
23.284999999999997,1577091547348,-1,0,0
19.414999999999992,1577091548288,-1,0,0
22.985000000000014,1577091549228,8,0,0
23.185000000000002,1577091550178,8,0,0
21.044999999999987,1577091551118,8,0,0
15.10499999999999,1577091552048,8,0,0
9.224999999999994,1577091552978,8,0,0
-0.5149999999999864,1577091553918,8,0,0
1.9650000000000034,1577091554858,8,0,0
22.905,1577091555798,4,0,0
18.805000000000007,1577091556738,4,0,0
7.094999999999999,1577091557678,4,0,0
-12.715000000000003,1577091558618,4,0,0
-12.735000000000014,1577091559548,4,0,0
1.8149999999999977,1577091560478,4,0,0
4.264999999999986,1577091561428,4,0,0
1.7450000000000045,1577091562369,1,0,0
0.07499999999998863,1577091563318,1,0,0
2.914999999999992,1577091564258,1,0,0
4.305000000000007,1577091565218,1,0,0
4.2450000000000045,1577091566158,1,0,0
4.985000000000014,1577091567098,1,0,0
4.414999999999992,1577091568048,1,0,0
-0.125,1577091568978,1,0,0
0.42500000000001137,1577091569918,1,0,0
1.0949999999999989,1577091570857,1,0,0
5.155000000000001,1577091571798,1,0,0
2.5149999999999864,1577091572738,1,0,0
4.814999999999998,1577091573678,1,0,0
2.2450000000000045,1577091574655,1,0,0
3.9350000000000023,1577091575548,1,0,0
3.9850000000000136,1577091576477,1,0,0
2.344999999999999,1577091577454,1,0,0
-1.0049999999999955,1577091578357,1,0,0
-1.0649999999999977,1577091579334,1,0,0
-1.5449999999999875,1577091580237,1,0,0
-15.875,1577091581177,3,0,0
-20.694999999999993,1577091582118,3,0,0
-11.044999999999987,1577091583068,3,0,0
-9.275000000000006,1577091584007,3,0,0
-14.914999999999992,1577091584938,3,0,0
-10.85499999999999,1577091585934,3,0,0
-12.664999999999992,1577091586837,3,0,0
-12.664999999999992,1577091587815,3,0,0
-15.455000000000013,1577091588717,3,0,0
-1.7350000000000136,1577091589648,3,0,0
-2.9650000000000034,1577091590587,3,0,0
-3.0749999999999886,1577091591517,3,0,0
-3.585000000000008,1577091592448,3,0,0
-3.414999999999992,1577091593387,3,0,0
5.0449999999999875,1577091594318,3,0,0
2.3549999999999898,1577091595257,3,0,0
2.2549999999999955,1577091596207,3,0,0
2.875,1577091597175,1,0,0
5.264999999999986,1577091598078,1,0,0
3.905000000000001,1577091599007,1,0,0
3.164999999999992,1577091599957,1,0,0
3.085000000000008,1577091600934,1,0,0
3.2649999999999864,1577091601837,1,0,0
3.2750000000000057,1577091602767,1,0,0
5.9550000000000125,1577091603707,1,0,0
7.014999999999986,1577091604637,1,0,0
-1.3549999999999898,1577091605577,1,0,0
-0.48500000000001364,1577091606517,1,0,0
7.525000000000006,1577091607447,1,0,0
6.2949999999999875,1577091608387,1,0,0
4.625,1577091609327,1,0,0
-1.884999999999991,1577091610257,1,0,0
1.1949999999999932,1577091611207,1,0,0
2.7549999999999955,1577091612147,1,0,0
10.375,1577091613087,1,0,0
2.4749999999999943,1577091614027,1,0,0
2.115000000000009,1577091614967,1,0,0
2.0649999999999977,1577091615907,1,0,0
3.664999999999992,1577091616847,1,0,0
4.555000000000007,1577091617787,1,0,0
3.5250000000000057,1577091618727,1,0,0
4.425000000000011,1577091619694,1,0,0
5.14500000000001,1577091620587,1,0,0
4.465000000000003,1577091621517,1,0,0
3.4850000000000136,1577091622458,1,0,0
1.914999999999992,1577091623407,1,0,0
1.2450000000000045,1577091624347,1,0,0
-7.314999999999998,1577091625277,1,0,0
-18.724999999999994,1577091626207,5,0,0
-4.574999999999989,1577091627147,5,0,0
8.485000000000014,1577091628087,5,0,0
18.875,1577091629018,5,0,0
15.814999999999998,1577091629967,5,0,0
9.85499999999999,1577091630907,5,0,0
1.9350000000000023,1577091631847,5,0,0
5.784999999999997,1577091632787,5,0,0
2.194999999999993,1577091633717,1,0,0
3.9350000000000023,1577091634647,1,0,0
5.5049999999999955,1577091635613,8,0,0
17.495000000000005,1577091636507,8,0,0
26.034999999999997,1577091637437,8,0,0
20.685000000000002,1577091638413,8,0,0
41.014999999999986,1577091639317,8,0,0
47.19499999999999,1577091640257,8,0,0
33.275000000000006,1577091641198,8,0,0
20.694999999999993,1577091642137,8,0,0
19.245000000000005,1577091643077,8,0,0
27.11500000000001,1577091644017,8,0,0
17.11500000000001,1577091644947,8,0,0
21.784999999999997,1577091645906,8,0,0
14.594999999999999,1577091646847,8,0,0
13.914999999999992,1577091647787,8,0,0
10.175000000000011,1577091648717,8,0,0
1.134999999999991,1577091649647,8,0,0
2.9850000000000136,1577091650613,8,0,0
4.60499999999999,1577091651516,8,0,0
3.6049999999999898,1577091652457,8,0,0
1.5449999999999875,1577091653397,8,0,0
4.115000000000009,1577091654337,8,0,0
1.7849999999999966,1577091655276,1,0,0
0.2849999999999966,1577091656206,1,0,0
1.6750000000000114,1577091657147,1,0,0
1.835000000000008,1577091658077,1,0,0
2.384999999999991,1577091659006,1,0,0
2.4950000000000045,1577091659973,1,0,0
2.7450000000000045,1577091660886,1,0,0
3.4850000000000136,1577091661826,1,0,0
3.625,1577091662777,1,0,0
0.835000000000008,1577091663716,1,0,0
1.7249999999999943,1577091664646,1,0,0
5.525000000000006,1577091665633,1,0,0
4.425000000000011,1577091666537,1,0,0
2.365000000000009,1577091667476,1,0,0
3.5250000000000057,1577091668416,1,0,0
0.1150000000000091,1577091669357,1,0,0
0.15500000000000114,1577091670306,1,0,0
1.5049999999999955,1577091671246,1,0,0
1.865000000000009,1577091672186,1,0,0
2.634999999999991,1577091673126,1,0,0
4.055000000000007,1577091674057,1,0,0
1.085000000000008,1577091674986,1,0,0
3.125,1577091675926,1,0,0
3.7050000000000125,1577091676866,1,0,0
4.435000000000002,1577091677806,1,0,0
2.4749999999999943,1577091678736,1,0,0
3.9550000000000125,1577091679666,1,0,0
3.3950000000000102,1577091680606,1,0,0
2.1049999999999898,1577091681546,1,0,0
1.9950000000000045,1577091682515,1,0,0
1.2649999999999864,1577091683418,1,0,0
4.685000000000002,1577091684395,1,0,0
3.1450000000000102,1577091685286,1,0,0
11.034999999999997,1577091686226,1,0,0
6.2949999999999875,1577091687167,1,0,0
-0.6049999999999898,1577091688106,1,0,0
-3.9550000000000125,1577091689074,1,0,0
3.8149999999999977,1577091689977,1,0,0
2.944999999999993,1577091690917,1,0,0
3.134999999999991,1577091691893,1,0,0
-0.4449999999999932,1577091692797,1,0,0
13.205000000000013,1577091693726,1,0,0
7.324999999999989,1577091694657,1,0,0
7.5049999999999955,1577091695606,1,0,0
-4.844999999999999,1577091696537,1,0,0
-12.205000000000013,1577091697466,1,0,0
1.9250000000000114,1577091698426,1,0,0
3.9650000000000034,1577091699357,1,0,0
-25.935000000000002,1577091700296,5,0,0
-37.70500000000001,1577091701237,5,0,0
-15.875,1577091702176,5,0,0
25.875,1577091703116,5,0,0
47.685,1577091704056,5,0,0
27.085000000000008,1577091704986,5,0,0
0.9950000000000045,1577091705953,5,0,0
6.155000000000001,1577091706856,5,0,0
-0.014999999999986358,1577091707786,1,0,0
-0.22499999999999432,1577091708717,1,0,0
3.155000000000001,1577091709646,1,0,0
4.034999999999997,1577091710586,1,0,0
1.8249999999999886,1577091711526,1,0,0
2.5749999999999886,1577091712456,1,0,0
2.125,1577091713397,1,0,0
8.525000000000006,1577091714326,1,0,0
11.034999999999997,1577091715266,1,0,0
1.634999999999991,1577091716206,1,0,0
-0.4749999999999943,1577091717146,1,0,0
-2.1750000000000114,1577091718076,1,0,0
2.884999999999991,1577091719016,1,0,0
4.824999999999989,1577091719946,1,0,0
4.835000000000008,1577091720886,1,0,0
4.155000000000001,1577091721836,1,0,0
7.0449999999999875,1577091722765,1,0,0
7.064999999999998,1577091723696,1,0,0
8.10499999999999,1577091724672,1,0,0
4.465000000000003,1577091725565,1,0,0
4.64500000000001,1577091726516,1,0,0
4.824999999999989,1577091727456,1,0,0
3.865000000000009,1577091728396,1,0,0
1.2649999999999864,1577091729325,1,0,0
4.555000000000007,1577091730265,1,0,0
7.335000000000008,1577091731205,1,0,0
6.634999999999991,1577091732146,1,0,0
4.914999999999992,1577091733085,1,0,0
6.2050000000000125,1577091734025,1,0,0
2.2549999999999955,1577091734956,1,0,0
2.0349999999999966,1577091735885,1,0,0
-0.8549999999999898,1577091736825,1,0,0
-1.1949999999999932,1577091737792,1,0,0
-2.585000000000008,1577091738685,1,0,0
-0.5449999999999875,1577091739625,1,0,0
-2.194999999999993,1577091740556,9,0,0
-21.955000000000013,1577091741485,9,0,0
-43.014999999999986,1577091742415,9,0,0
-49.224999999999994,1577091743392,9,0,0
-60.32499999999999,1577091744295,9,0,0
-49.965,1577091745225,9,0,0
-41.595,1577091746175,9,0,0
-27.82499999999999,1577091747105,9,0,0
-28.92500000000001,1577091748036,9,0,0
-29.335000000000008,1577091748965,9,0,0
-25.14500000000001,1577091749895,9,0,0
-19.89500000000001,1577091750872,9,0,0
-20.335000000000008,1577091751765,9,0,0
-23.544999999999987,1577091752695,9,0,0
-29.495000000000005,1577091753625,9,0,0
-46.065,1577091754555,9,0,0
-42.86500000000001,1577091755485,9,0,0
-23.564999999999998,1577091756425,9,0,0
-32.985000000000014,1577091757355,9,0,0
-45.025000000000006,1577091758295,9,0,0
-41.974999999999994,1577091759235,9,0,0
-25.38499999999999,1577091760175,9,0,0
-26.35499999999999,1577091761105,9,0,0
-29.264999999999986,1577091762045,9,0,0
-19.155,1577091762975,9,0,0
-4.175000000000011,1577091763915,9,0,0
2.8950000000000102,1577091764865,9,0,0
9.025000000000006,1577091765795,1,0,0
-1.5649999999999977,1577091766725,1,0,0
-4.685000000000002,1577091767655,1,0,0
2.7849999999999966,1577091768585,1,0,0
7.914999999999992,1577091769515,1,0,0
1.5949999999999989,1577091770445,1,0,0
3.5250000000000057,1577091771385,1,0,0
1.865000000000009,1577091772325,1,0,0
0.9250000000000114,1577091773265,1,0,0
1.0949999999999989,1577091774205,0,0,0
1.414999999999992,1577091775135,0,0,0
-0.044999999999987494,1577091776065,0,0,0
0.2150000000000034,1577091776995,0,0,0
25.32499999999999,1577091777935,0,0,0
35.785,1577091778865,-1,0,0
50.315,1577091779795,-1,0,0
66.815,1577091780725,-1,0,0
24.055000000000007,1577091781665,-1,0,0
35.85499999999999,1577091782605,-1,0,0
57.964999999999975,1577091783582,-1,0,0
61.09500000000003,1577091784475,-1,0,0
53.815,1577091785405,-1,0,0
69.84500000000003,1577091786335,-1,0,0
4.055000000000007,1577091787275,-1,0,0
-53.89500000000001,1577091788225,-1,0,0
-24.07499999999999,1577091789193,-1,0,0
11.175000000000011,1577091790085,-1,0,0
3.2450000000000045,1577091791015,-1,0,0
3.5149999999999864,1577091791955,-1,0,0
3.7750000000000057,1577091792931,-1,0,0
1.7750000000000057,1577091793825,1,0,0
1.6049999999999898,1577091794765,1,0,0
4.414999999999992,1577091795696,1,0,0
4.865000000000009,1577091796625,1,0,0
4.215000000000003,1577091797564,1,0,0
4.715000000000003,1577091798496,1,0,0
10.574999999999989,1577091799436,1,0,0
11.465000000000003,1577091800376,1,0,0
11.60499999999999,1577091801317,1,0,0
6.814999999999998,1577091802256,1,0,0
2.2750000000000057,1577091803232,1,0,0
-2.405000000000001,1577091804125,1,0,0
-5.314999999999998,1577091805055,1,0,0
-5.7549999999999955,1577091805984,1,0,0
-0.39500000000001023,1577091806916,1,0,0
0.5149999999999864,1577091807864,1,0,0
-1.4950000000000045,1577091808804,1,0,0
-2.8549999999999898,1577091809735,1,0,0
0.4650000000000034,1577091810675,1,0,0
-0.07499999999998863,1577091811616,1,0,0
6.235000000000014,1577091812555,1,0,0
5.944999999999993,1577091813532,1,0,0
2.2750000000000057,1577091814435,1,0,0
0.8149999999999977,1577091815375,1,0,0
-0.875,1577091816315,1,0,0
-1.0149999999999864,1577091817255,1,0,0
-4.2450000000000045,1577091818204,1,0,0
-13.64500000000001,1577091819135,9,0,0
-16.375,1577091820064,9,0,0
-18.314999999999998,1577091821031,9,0,0
-13.044999999999987,1577091821934,9,0,0
-14.35499999999999,1577091822864,9,0,0
-15.384999999999991,1577091823814,9,0,0
-15.245000000000005,1577091824744,9,0,0
-15.425000000000011,1577091825684,9,0,0
-15.455000000000013,1577091826614,9,0,0
-15.435000000000002,1577091827554,9,0,0
-7.944999999999993,1577091828484,9,0,0
-8.585000000000008,1577091829414,9,0,0
-4.675000000000011,1577091830344,9,0,0
4.974999999999994,1577091831274,9,0,0
5.324999999999989,1577091832204,9,0,0
-0.7050000000000125,1577091833134,1,0,0
0.48500000000001364,1577091834064,1,0,0
1.0149999999999864,1577091834994,1,0,0
2.365000000000009,1577091835924,1,0,0
3.844999999999999,1577091836854,1,0,0
3.6450000000000102,1577091837784,1,0,0
2.7549999999999955,1577091838714,1,0,0
3.615000000000009,1577091839644,1,0,0
1.384999999999991,1577091840584,1,0,0
3.4749999999999943,1577091841514,1,0,0
2.865000000000009,1577091842444,1,0,0
2.0250000000000057,1577091843384,1,0,0
1.2150000000000034,1577091844314,1,0,0
1.1850000000000023,1577091845254,1,0,0
1.884999999999991,1577091846194,1,0,0
3.335000000000008,1577091847124,1,0,0
3.4550000000000125,1577091848054,1,0,0
3.3249999999999886,1577091848984,1,0,0
3.375,1577091849914,1,0,0
3.3950000000000102,1577091850844,1,0,0
2.6850000000000023,1577091851784,1,0,0
3.5250000000000057,1577091852714,1,0,0
3.805000000000007,1577091853644,1,0,0
5.35499999999999,1577091854574,1,0,0
5.175000000000011,1577091855514,8,0,0
11.264999999999986,1577091856444,8,0,0
12.835000000000008,1577091857374,8,0,0
15.865000000000009,1577091858304,8,0,0
18.764999999999986,1577091859234,8,0,0
19.465000000000003,1577091860164,8,0,0
19.435000000000002,1577091861094,8,0,0
23.455000000000013,1577091862024,8,0,0
17.064999999999998,1577091862964,8,0,0
15.64500000000001,1577091863894,8,0,0
17.314999999999998,1577091864834,8,0,0
19.064999999999998,1577091865764,8,0,0
20.784999999999997,1577091866694,8,0,0
10.064999999999998,1577091867634,8,0,0
8.824999999999989,1577091868564,8,0,0
4.925000000000011,1577091869504,8,0,0
4.064999999999998,1577091870444,8,0,0
3.2450000000000045,1577091871384,8,0,0
3.844999999999999,1577091872323,8,0,0
10.625,1577091873253,8,0,0
23.345,1577091874194,8,0,0
1.7649999999999864,1577091875123,8,0,0
1.0949999999999989,1577091876053,8,0,0
19.485000000000014,1577091876983,8,0,0
32.95500000000001,1577091877923,8,0,0
51.065,1577091878853,8,0,0
25.10499999999999,1577091879783,8,0,0
22.025000000000006,1577091880713,8,0,0
29.39500000000001,1577091881654,8,0,0
21.095,1577091882594,8,0,0
18.405,1577091883523,8,0,0
10.025000000000006,1577091884463,8,0,0
10.284999999999997,1577091885394,8,0,0
7.7450000000000045,1577091886323,8,0,0
5.884999999999991,1577091887263,8,0,0
5.884999999999991,1577091888194,1,0,0
6.414999999999992,1577091889123,1,0,0
9.914999999999992,1577091890053,1,0,0
-2.2050000000000125,1577091890983,1,0,0
-3.7949999999999875,1577091891913,1,0,0
4.235000000000014,1577091892881,1,0,0
4.925000000000011,1577091893773,1,0,0
-0.17500000000001137,1577091894703,1,0,0
1.5250000000000057,1577091895634,1,0,0
0.835000000000008,1577091896563,1,0,0
0.5149999999999864,1577091897494,1,0,0
3.1750000000000114,1577091898423,1,0,0
4.4950000000000045,1577091899353,1,0,0
4.2450000000000045,1577091900283,1,0,0
3.305000000000007,1577091901213,1,0,0
1.335000000000008,1577091902153,1,0,0
1.2849999999999966,1577091903083,1,0,0
1.4449999999999932,1577091904013,1,0,0
1.2849999999999966,1577091904944,1,0,0
1.5949999999999989,1577091905883,1,0,0
5.694999999999993,1577091906813,1,0,0
2.884999999999991,1577091907744,1,0,0
3.4850000000000136,1577091908683,1,0,0
3.2350000000000136,1577091909623,1,0,0
1.5049999999999955,1577091910563,1,0,0
1.0149999999999864,1577091911493,1,0,0
3.615000000000009,1577091912423,1,0,0
3.5349999999999966,1577091913353,1,0,0
0.7949999999999875,1577091914283,1,0,0
2.164999999999992,1577091915213,1,0,0
2.335000000000008,1577091916143,1,0,0
5.465000000000003,1577091917073,1,0,0
4.324999999999989,1577091918013,1,0,0
5.5449999999999875,1577091918943,1,0,0
8.224999999999994,1577091919873,8,0,0
14.164999999999992,1577091920803,8,0,0
29.444999999999993,1577091921743,8,0,0
23.875,1577091922673,8,0,0
15.414999999999992,1577091923603,8,0,0
18.625,1577091924543,8,0,0
18.11500000000001,1577091925473,8,0,0
17.764999999999986,1577091926403,8,0,0
16.995000000000005,1577091927333,8,0,0
26.974999999999994,1577091928263,8,0,0
29.85499999999999,1577091929193,8,0,0
25.60499999999999,1577091930123,8,0,0
13.715000000000003,1577091931053,8,0,0
13.745000000000005,1577091931983,8,0,0
9.324999999999989,1577091932923,8,0,0
7.675000000000011,1577091933853,8,0,0
1.884999999999991,1577091934783,8,0,0
2.7050000000000125,1577091935713,8,0,0
3.944999999999993,1577091936643,1,0,0
4.965000000000003,1577091937573,1,0,0
0.19499999999999318,1577091938513,1,0,0
1.3249999999999886,1577091939443,1,0,0
1.8549999999999898,1577091940373,1,0,0
1.8549999999999898,1577091941303,1,0,0
1.875,1577091942243,1,0,0
-15.905000000000001,1577091943173,1,0,0
-22.525000000000006,1577091944102,3,0,0
-21.705000000000013,1577091945032,3,0,0
-23.095,1577091945963,3,0,0
-26.92500000000001,1577091946893,3,0,0
-25.10499999999999,1577091947823,3,0,0
-19.995000000000005,1577091948753,3,0,0
-16.57499999999999,1577091949682,3,0,0
-6.0049999999999955,1577091950612,3,0,0
-4.0449999999999875,1577091951579,3,0,0
-0.18500000000000227,1577091952482,3,0,0
4.275000000000006,1577091953422,3,0,0
4.35499999999999,1577091954352,3,0,0
3.875,1577091955282,1,0,0
3.905000000000001,1577091956212,1,0,0
3.4950000000000045,1577091957143,1,0,0
3.655000000000001,1577091958072,1,0,0
2.4350000000000023,1577091959002,1,0,0
0.48500000000001364,1577091959943,1,0,0
4.814999999999998,1577091960882,1,0,0
2.2750000000000057,1577091961812,1,0,0
8.675000000000011,1577091962743,1,0,0
17.435000000000002,1577091963682,4,0,0
8.14500000000001,1577091964622,4,0,0
-2.384999999999991,1577091965552,4,0,0
-5.925000000000011,1577091966482,4,0,0
-0.914999999999992,1577091967412,4,0,0
0.625,1577091968343,4,0,0
0.7350000000000136,1577091969272,4,0,0
2.5049999999999955,1577091970202,1,0,0
2.3249999999999886,1577091971132,1,0,0
2.0749999999999886,1577091972062,1,0,0
3.4850000000000136,1577091972993,1,0,0
3.2849999999999966,1577091973922,1,0,0
5.965000000000003,1577091974852,1,0,0
2.555000000000007,1577091975782,1,0,0
2.344999999999999,1577091976712,1,0,0
-0.7649999999999864,1577091977643,1,0,0
-1.1850000000000023,1577091978572,1,0,0
-0.18500000000000227,1577091979512,9,0,0
-4.534999999999997,1577091980443,9,0,0
-13.64500000000001,1577091981372,9,0,0
-19.585000000000008,1577091982302,9,0,0
-11.215000000000003,1577091983232,9,0,0
-17.36500000000001,1577091984162,9,0,0
-11.134999999999991,1577091985092,9,0,0
-11.115000000000009,1577091986022,9,0,0
-14.85499999999999,1577091986952,9,0,0
-15.875,1577091987882,9,0,0
-15.995000000000005,1577091988812,9,0,0
-17.595,1577091989780,9,0,0
-2.4950000000000045,1577091990672,9,0,0
-2.7549999999999955,1577091991602,9,0,0
1.2249999999999943,1577091992532,9,0,0
2.3549999999999898,1577091993472,9,0,0
2.8950000000000102,1577091994412,1,0,0
2.875,1577091995352,1,0,0
2.884999999999991,1577091996282,1,0,0
2.884999999999991,1577091997212,1,0,0
4.764999999999986,1577091998179,1,0,0
2.6450000000000102,1577091999072,1,0,0
5.10499999999999,1577092000002,1,0,0
2.7549999999999955,1577092000932,1,0,0
3.2350000000000136,1577092001862,1,0,0
5.435000000000002,1577092002802,4,0,0
5.555000000000007,1577092003732,4,0,0
18.63499999999999,1577092004662,4,0,0
34.724999999999994,1577092005629,4,0,0
13.314999999999998,1577092006522,4,0,0
1.5550000000000068,1577092007452,4,0,0
-4.4950000000000045,1577092008382,4,0,0
-14.60499999999999,1577092009312,4,0,0
-22.245000000000005,1577092010262,4,0,0
-33.264999999999986,1577092011212,4,0,0
5.675000000000011,1577092012142,4,0,0
-0.044999999999987494,1577092013072,4,0,0
-0.0049999999999954525,1577092014012,1,0,1
-0.0049999999999954525,1577092014942,1,0,1
-0.07499999999998863,1577092015882,1,0,1
-0.06499999999999773,1577092016812,0,0,1
-0.07499999999998863,1577092017742,0,0,1
-0.0049999999999954525,1577092018672,0,0,1
-0.0049999999999954525,1577092019612,0,0,1
-0.0049999999999954525,1577092020578,0,0,1
-0.0049999999999954525,1577092021472,0,0,1
-0.0049999999999954525,1577092022402,0,0,1
-0.0049999999999954525,1577092023342,0,0,1
-0.0049999999999954525,1577092024282,0,0,1
0.17500000000001137,1577092025211,0,0,1
0.17500000000001137,1577092026161,0,0,1
0.17500000000001137,1577092027092,0,0,1
0.17500000000001137,1577092028031,0,0,1
0.17500000000001137,1577092028961,0,0,1
0.17500000000001137,1577092029911,0,0,1
0.17500000000001137,1577092030842,0,0,1
0.17500000000001137,1577092031771,0,0,1
0.17500000000001137,1577092032721,0,0,1
0.18500000000000227,1577092033651,1,0,1
0.19499999999999318,1577092034581,1,0,1
0.18500000000000227,1577092035511,0,0,1
0.18500000000000227,1577092036461,0,0,1
0.18500000000000227,1577092037401,0,0,1
0.19499999999999318,1577092038342,0,0,1
0.18500000000000227,1577092039271,1,0,0
0.18500000000000227,1577092040221,1,0,0
0.18500000000000227,1577092041171,1,0,0
0.4749999999999943,1577092042101,1,0,0
2.085000000000008,1577092043031,1,0,0
1.5649999999999977,1577092043961,1,0,0
-0.7949999999999875,1577092044891,1,0,0
-0.6450000000000102,1577092045821,1,0,0
0.5049999999999955,1577092046751,1,0,0
3.805000000000007,1577092047681,1,0,0
-2.115000000000009,1577092048611,1,0,0
3.3950000000000102,1577092049551,1,0,0
0.9650000000000034,1577092050481,1,0,0
3.2350000000000136,1577092051411,1,0,0
3.164999999999992,1577092052341,1,0,0
4.115000000000009,1577092053271,1,0,0
5.474999999999994,1577092054201,1,0,0
4.194999999999993,1577092055131,1,0,0
14.025000000000006,1577092056063,1,0,0
32.55500000000001,1577092057011,2,0,0
53.224999999999994,1577092057951,2,0,0
121.92500000000001,1577092058881,2,0,0
-136.855,1577092059811,2,0,0
-125.365,1577092060741,2,0,0
-168.29500000000002,1577092061671,2,0,0
32.79499999999999,1577092062611,2,0,0
9.64500000000001,1577092063541,2,0,0
0.7849999999999966,1577092064471,2,0,0
-1.7450000000000045,1577092065401,1,0,0
-1.2150000000000034,1577092066331,1,0,0
1.6450000000000102,1577092067271,1,0,0
1.5949999999999989,1577092068201,1,0,0
1.115000000000009,1577092069131,1,0,0
1.0949999999999989,1577092070071,1,0,0
0.6450000000000102,1577092071011,1,0,0
2.405000000000001,1577092071973,1,0,0
3.7649999999999864,1577092072911,1,0,0
3.6450000000000102,1577092073851,1,0,0
3.4550000000000125,1577092074791,1,0,0
4.414999999999992,1577092075721,1,0,0
4.444999999999993,1577092076651,1,0,0
8.675000000000011,1577092077581,2,0,0
19.845,1577092078511,2,0,0
21.11500000000001,1577092079441,2,0,0
19.35499999999999,1577092080371,2,0,0
19.235000000000014,1577092081301,2,0,0
12.944999999999993,1577092082231,2,0,0
8.194999999999993,1577092083161,2,0,0
6.675000000000011,1577092084091,2,0,0
6.594999999999999,1577092085051,2,0,0
3.9749999999999943,1577092085981,2,0,0
-3.2350000000000136,1577092086911,2,0,0
-5.215000000000003,1577092087851,9,0,0
-7.474999999999994,1577092088781,9,0,0
-13.314999999999998,1577092089711,9,0,0
-17.014999999999986,1577092090641,9,0,0
-19.455000000000013,1577092091570,9,0,0
-17.764999999999986,1577092092501,9,0,0
-18.664999999999992,1577092093430,9,0,0
-14.875,1577092094360,9,0,0
-9.10499999999999,1577092095291,9,0,0
-16.61500000000001,1577092096221,9,0,0
-19.064999999999998,1577092097150,9,0,0
-13.865000000000009,1577092098080,9,0,0
-15.955000000000013,1577092099010,9,0,0
-12.514999999999986,1577092099977,9,0,0
-10.955000000000013,1577092100870,9,0,0
-6.284999999999997,1577092101801,9,0,0
-6.025000000000006,1577092102777,9,0,0
-9.794999999999987,1577092103681,9,0,0
-16.63499999999999,1577092104611,9,0,0
-13.955000000000013,1577092105577,9,0,0
-3.1750000000000114,1577092106470,9,0,0
-1.8050000000000068,1577092107400,9,0,0
0.7549999999999955,1577092108330,9,0,0
4.025000000000006,1577092109261,9,0,0
2.585000000000008,1577092110191,1,0,0
1.384999999999991,1577092111121,1,0,0
2.0349999999999966,1577092112050,1,0,0
1.8950000000000102,1577092112981,1,0,0
1.9350000000000023,1577092113910,1,0,0
4.264999999999986,1577092114841,1,0,0
2.7450000000000045,1577092115770,1,0,0
2.375,1577092116701,1,0,0
-2.2949999999999875,1577092117630,1,0,0
-2.8149999999999977,1577092118570,1,0,0
-11.574999999999989,1577092119500,3,0,0
-21.754999999999995,1577092120430,3,0,0
-8.35499999999999,1577092121360,3,0,0
-28.155,1577092122300,3,0,0
-18.095,1577092123278,3,0,0
22.905,1577092124180,3,0,0
31.095,1577092125110,-1,0,0
-3.0449999999999875,1577092126050,-1,0,0
8.89500000000001,1577092126980,-1,0,0
18.42500000000001,1577092127920,-1,0,0
14.375,1577092128830,-1,0,0
10.844999999999999,1577092129770,-1,0,0
10.814999999999998,1577092130700,-1,0,0
18.534999999999997,1577092131640,-1,0,0
18.585000000000008,1577092132570,-1,0,0
12.594999999999999,1577092133500,-1,0,0
10.245000000000005,1577092134430,-1,0,0
8.615000000000009,1577092135370,-1,0,0
5.974999999999994,1577092136300,-1,0,0
4.694999999999993,1577092137230,-1,0,0
3.7949999999999875,1577092138160,-1,0,0
2.7750000000000057,1577092139090,-1,0,0
1.4350000000000023,1577092140020,-1,0,0
2.4850000000000136,1577092140950,-1,0,0
3.5250000000000057,1577092141880,1,0,0
2.7649999999999864,1577092142820,1,0,0
2.0149999999999864,1577092143750,1,0,0
-6.14500000000001,1577092144690,1,0,0
12.625,1577092145620,-1,0,0
31.455000000000013,1577092146550,-1,0,0
5.35499999999999,1577092147480,-1,0,0
-1.6550000000000011,1577092148420,-1,0,0
-8.844999999999999,1577092149360,-1,0,0
-8.495000000000005,1577092150300,-1,0,0
0.8849999999999909,1577092151230,-1,0,0
4.514999999999986,1577092152160,-1,0,0
6.2949999999999875,1577092153090,1,0,0
5.324999999999989,1577092154020,1,0,0
4.574999999999989,1577092154960,1,0,0
4.905000000000001,1577092155890,1,0,0
5.064999999999998,1577092156820,1,0,0
5.074999999999989,1577092157750,1,0,0
5.14500000000001,1577092158690,1,0,0
4.784999999999997,1577092159620,1,0,0
6.0449999999999875,1577092160550,1,0,0
6.335000000000008,1577092161490,1,0,0
5.0449999999999875,1577092162420,1,0,0
3.615000000000009,1577092163350,1,0,0
0.875,1577092164280,1,0,0
0.8549999999999898,1577092165210,1,0,0
0.3650000000000091,1577092166140,5,0,0
-4.115000000000009,1577092167079,5,0,0
-4.125,1577092168009,5,0,0
0.9350000000000023,1577092168940,5,0,0
5.724999999999994,1577092169869,5,0,0
4.9550000000000125,1577092170809,5,0,0
2.085000000000008,1577092171740,5,0,0
0.18500000000000227,1577092172680,5,0,0
-3.2050000000000125,1577092173610,1,0,0
-0.9550000000000125,1577092174549,1,0,0
-3.6850000000000023,1577092175490,1,0,0
-3.405000000000001,1577092176429,1,0,0
2.0749999999999886,1577092177360,1,0,0
0.9550000000000125,1577092178290,1,0,0
-1.5049999999999955,1577092179240,1,0,0
0.4350000000000023,1577092180170,1,0,0
3.0250000000000057,1577092181099,1,0,0
4.414999999999992,1577092182029,1,0,0
3.9550000000000125,1577092182959,1,0,0
3.4850000000000136,1577092183890,1,0,0
5.324999999999989,1577092184829,1,0,0
5.634999999999991,1577092185759,1,0,0
1.9250000000000114,1577092186690,1,0,0
4.324999999999989,1577092187629,1,0,0
4.414999999999992,1577092188579,1,0,0
0.6750000000000114,1577092189509,1,0,0
0.9550000000000125,1577092190453,1,0,0
3.625,1577092191390,1,0,0
1.125,1577092192339,1,0,0
4.935000000000002,1577092193279,1,0,0
2.7450000000000045,1577092194209,1,0,0
3.9650000000000034,1577092195149,1,0,0
4.634999999999991,1577092196079,1,0,0
3.914999999999992,1577092197009,1,0,0
2.905000000000001,1577092197939,1,0,0
2.2350000000000136,1577092198879,1,0,0
2.2450000000000045,1577092199809,1,0,0
2.2649999999999864,1577092200740,1,0,0
2.2750000000000057,1577092201679,1,0,0
2.2549999999999955,1577092202609,1,0,0
2.2450000000000045,1577092203540,1,0,0
2.2450000000000045,1577092204479,1,0,0
2.134999999999991,1577092205419,1,0,0
3.2450000000000045,1577092206359,1,0,0
3.164999999999992,1577092207326,1,0,0
3.865000000000009,1577092208229,1,0,0
3.2249999999999943,1577092209159,1,0,0
1.375,1577092210126,1,0,0
0.5349999999999966,1577092211049,1,0,0
2.194999999999993,1577092212026,1,0,0
2.1450000000000102,1577092212919,1,0,0
1.9950000000000045,1577092213859,1,0,0
1.9550000000000125,1577092214799,1,0,0
2.405000000000001,1577092215739,1,0,0
4.284999999999997,1577092216679,1,0,0
4.185000000000002,1577092217619,1,0,0
5.685000000000002,1577092218549,4,0,0
11.055000000000007,1577092219479,4,0,0
18.715000000000003,1577092220419,4,0,0
11.335000000000008,1577092221359,4,0,0
-4.824999999999989,1577092222299,4,0,0
-14.814999999999998,1577092223239,4,0,0
-4.055000000000007,1577092224179,4,0,0
-8.085000000000008,1577092225119,4,0,0
-2.9749999999999943,1577092226059,4,0,0
-2.7949999999999875,1577092227025,4,0,0
-0.26499999999998636,1577092227919,1,0,0
-0.15500000000000114,1577092228849,1,0,0
-15.555000000000007,1577092229789,5,0,0
-17.405,1577092230729,5,0,0
-4.985000000000014,1577092231669,5,0,0
8.835000000000008,1577092232609,5,0,0
3.7050000000000125,1577092233539,5,0,0
4.39500000000001,1577092234469,5,0,0
0.7849999999999966,1577092235409,5,0,0
0.8549999999999898,1577092236349,5,0,0
-0.2849999999999966,1577092237309,9,0,0
6.875,1577092238249,9,0,0
2.634999999999991,1577092239189,9,0,0
1.914999999999992,1577092240129,9,0,0
-1.6850000000000023,1577092241059,9,0,0
-3.375,1577092241989,9,0,0
-3.4850000000000136,1577092242939,9,0,0
-4.655000000000001,1577092243878,9,0,0
-1.3249999999999886,1577092244818,9,0,0
-1.8950000000000102,1577092245758,9,0,0
-0.014999999999986358,1577092246698,9,0,0
-0.9749999999999943,1577092247639,9,0,0
-1.585000000000008,1577092248578,9,0,0
-3.5250000000000057,1577092249518,5,0,0
-11.025000000000006,1577092250458,5,0,0
-11.264999999999986,1577092251399,5,0,0
-6.155000000000001,1577092252348,5,0,0
11.685000000000002,1577092253289,5,0,0
10.824999999999989,1577092254228,5,0,0
5.0049999999999955,1577092255168,5,0,0
-2.365000000000009,1577092256118,5,0,0
1.4550000000000125,1577092257058,5,0,0
-4.264999999999986,1577092257998,1,0,0
-0.835000000000008,1577092258938,1,0,0
0.8149999999999977,1577092259878,1,0,0
0.914999999999992,1577092260818,1,0,0
1.0949999999999989,1577092261758,1,0,0
1.134999999999991,1577092262698,1,0,0
3.5649999999999977,1577092263638,1,0,0
0.7649999999999864,1577092264578,1,0,0
2.8149999999999977,1577092265508,1,0,0
2.4650000000000034,1577092266448,1,0,0
5.7050000000000125,1577092267408,1,0,0
4.414999999999992,1577092268348,1,0,0
3.0449999999999875,1577092269288,1,0,0
1.835000000000008,1577092270228,1,0,0
1.7649999999999864,1577092271158,1,0,0
1.3249999999999886,1577092272108,1,0,0
1.2450000000000045,1577092273048,1,0,0
2.7150000000000034,1577092273988,1,0,0
3.1049999999999898,1577092274928,1,0,0
8.735000000000014,1577092275878,1,0,0
6.89500000000001,1577092276818,1,0,0
3.664999999999992,1577092277758,1,0,0
3.664999999999992,1577092278698,1,0,0
3.664999999999992,1577092279638,1,0,0
1.2050000000000125,1577092280578,1,0,0
1.0250000000000057,1577092281508,1,0,0
1.085000000000008,1577092282458,1,0,0
2.4350000000000023,1577092283398,1,0,0
-0.664999999999992,1577092284338,1,0,0
-3.3149999999999977,1577092285278,1,0,0
1.875,1577092286218,1,0,0
1.884999999999991,1577092287158,1,0,0
-0.1150000000000091,1577092288098,1,0,0
1.7050000000000125,1577092289038,1,0,0
4.014999999999986,1577092289988,1,0,0
5.715000000000003,1577092290928,1,0,0
5.585000000000008,1577092291878,1,0,0
7.39500000000001,1577092292818,1,0,0
11.344999999999999,1577092293758,-1,0,0
10.245000000000005,1577092294698,-1,0,0
6.064999999999998,1577092295638,-1,0,0
5.7949999999999875,1577092296578,-1,0,0
26.07499999999999,1577092297518,-1,0,0
-22.444999999999993,1577092298458,-1,0,0
-16.655,1577092299398,-1,0,0
6.9950000000000045,1577092300338,-1,0,0
8.784999999999997,1577092301278,-1,0,0
8.365000000000009,1577092302228,-1,0,0
7.164999999999992,1577092303168,-1,0,0
0.8249999999999886,1577092304108,-1,0,0
-0.1349999999999909,1577092305048,-1,0,0
-1.7350000000000136,1577092306025,-1,0,0
-1.8050000000000068,1577092306928,1,0,0
-2.555000000000007,1577092307868,1,0,0
-0.26499999999998636,1577092308808,1,0,0
9.555000000000007,1577092309748,1,0,0
8.965000000000003,1577092310724,1,0,0
7.10499999999999,1577092311628,1,0,0
9.474999999999994,1577092312568,1,0,0
9.905000000000001,1577092313554,1,0,0
7.675000000000011,1577092314458,1,0,0
9.805000000000007,1577092315397,1,0,0
-1.7750000000000057,1577092316375,1,0,0
-2.2350000000000136,1577092317279,1,0,0
-2.155000000000001,1577092318218,1,0,0
13.034999999999997,1577092319158,1,0,0
10.35499999999999,1577092320097,1,0,0
0.23500000000001364,1577092321038,1,0,0
0.14500000000001023,1577092321988,1,0,0
-4.805000000000007,1577092322927,1,0,0
-2.1450000000000102,1577092323867,1,0,0
-1.2350000000000136,1577092324807,1,0,0
10.164999999999992,1577092325747,1,0,0
4.305000000000007,1577092326725,1,0,0
3.805000000000007,1577092327627,1,0,0
3.4550000000000125,1577092328567,1,0,0
3.194999999999993,1577092329507,1,0,0
1.5550000000000068,1577092330447,1,0,0
2.594999999999999,1577092331388,0,0,0
2.6049999999999898,1577092332327,0,0,0
2.6049999999999898,1577092333247,0,0,0
3.085000000000008,1577092334187,0,0,0
3.4650000000000034,1577092335127,0,0,0
3.444999999999993,1577092336067,0,0,0
3.444999999999993,1577092337017,0,0,0
3.444999999999993,1577092337958,0,0,0
3.444999999999993,1577092338897,0,0,0
3.444999999999993,1577092339847,0,0,0
3.444999999999993,1577092340788,0,0,0
3.444999999999993,1577092341727,0,0,0
3.444999999999993,1577092342668,0,0,0
3.444999999999993,1577092343608,0,0,0
3.444999999999993,1577092344547,0,0,0
3.444999999999993,1577092345554,0,0,0
3.444999999999993,1577092346457,0,0,0
3.444999999999993,1577092347398,0,0,0
3.444999999999993,1577092348374,0,0,0
3.444999999999993,1577092349324,0,0,0
3.444999999999993,1577092350274,0,0,0
3.444999999999993,1577092351225,0,0,0
3.444999999999993,1577092352175,0,0,0
3.444999999999993,1577092353077,0,0,0
3.444999999999993,1577092354017,0,0,0
3.444999999999993,1577092354957,0,0,0
3.444999999999993,1577092355897,0,0,0
3.444999999999993,1577092356874,0,0,0
3.444999999999993,1577092357777,0,0,0
3.444999999999993,1577092358717,0,0,0
3.444999999999993,1577092359657,0,0,0
3.444999999999993,1577092360597,0,0,0
3.444999999999993,1577092361575,0,0,0
3.444999999999993,1577092362477,0,0,0
3.444999999999993,1577092363453,0,0,0
3.444999999999993,1577092364367,0,0,0
3.444999999999993,1577092365307,0,0,0
3.444999999999993,1577092366283,0,0,0
3.444999999999993,1577092367197,0,0,0
3.444999999999993,1577092368147,0,0,0
3.444999999999993,1577092369098,0,0,0
3.444999999999993,1577092370038,0,0,0
3.444999999999993,1577092370977,0,0,0
3.444999999999993,1577092371917,0,0,0
3.444999999999993,1577092372867,0,0,0
3.444999999999993,1577092373817,0,0,0
3.444999999999993,1577092374757,0,0,0
3.444999999999993,1577092375697,0,0,0
3.444999999999993,1577092376638,0,0,0
3.444999999999993,1577092377578,0,0,0
3.444999999999993,1577092378517,0,0,0
3.444999999999993,1577092379457,0,0,0
3.444999999999993,1577092380397,0,0,0
3.444999999999993,1577092381337,0,0,0
3.444999999999993,1577092382277,0,0,0
3.444999999999993,1577092383217,0,0,0
3.444999999999993,1577092384203,0,0,0
3.444999999999993,1577092385107,0,0,0
3.444999999999993,1577092386047,0,0,0
3.444999999999993,1577092386997,0,0,0
3.444999999999993,1577092387947,0,0,0
3.444999999999993,1577092388887,0,0,0
3.444999999999993,1577092389873,0,0,0
3.444999999999993,1577092390824,0,0,0
3.444999999999993,1577092391727,0,0,0
3.444999999999993,1577092392677,0,0,0
3.444999999999993,1577092393617,0,0,0
3.444999999999993,1577092394557,0,0,0
3.444999999999993,1577092395497,0,0,0
3.444999999999993,1577092396437,0,0,0
3.444999999999993,1577092397376,0,0,0
3.444999999999993,1577092398317,0,0,0
3.444999999999993,1577092399257,0,0,0
3.444999999999993,1577092400206,0,0,0
3.444999999999993,1577092401146,0,0,0
3.444999999999993,1577092402123,0,0,0
3.444999999999993,1577092403037,0,0,0
3.444999999999993,1577092404024,0,0,0
3.444999999999993,1577092404927,0,0,0
3.444999999999993,1577092405867,0,0,0
3.444999999999993,1577092406807,0,0,0
3.444999999999993,1577092407746,0,0,0
3.444999999999993,1577092408724,0,0,0
3.444999999999993,1577092409627,0,0,0
3.444999999999993,1577092410567,0,0,0
3.444999999999993,1577092411517,0,0,0
3.444999999999993,1577092412457,0,0,0
3.444999999999993,1577092413397,0,0,0
3.444999999999993,1577092414337,0,0,0
3.444999999999993,1577092415325,0,0,0
3.444999999999993,1577092416227,0,0,0
3.444999999999993,1577092417177,4,0,0
16.544999999999987,1577092418117,4,0,0
11.025000000000006,1577092419056,4,0,0
16.014999999999986,1577092419996,4,0,0
20.88499999999999,1577092420936,4,0,0
14.504999999999995,1577092421876,4,0,0
18.625,1577092422827,4,0,0
11.835000000000008,1577092423767,4,0,0
9.335000000000008,1577092424707,4,0,0
3.0649999999999977,1577092425647,4,0,0
-13.435000000000002,1577092426624,4,0,0
-15.865000000000009,1577092427527,4,0,0
-2.4650000000000034,1577092428467,4,0,0
-0.25499999999999545,1577092429406,4,0,0
-0.7949999999999875,1577092430346,1,0,0
-3.5449999999999875,1577092431288,1,0,0
0.5149999999999864,1577092432226,1,0,0
0.8149999999999977,1577092433166,1,0,0
6.324999999999989,1577092434107,1,0,0
-0.5250000000000057,1577092435047,1,0,0
6.594999999999999,1577092435987,1,0,0
4.664999999999992,1577092436963,1,0,0
10.254999999999995,1577092437896,9,0,0
-12.175000000000011,1577092438873,9,0,0
-26.564999999999998,1577092439776,9,0,0
-9.014999999999986,1577092440716,9,0,0
-2.1049999999999898,1577092441656,9,0,0
2.335000000000008,1577092442633,9,0,0
4.365000000000009,1577092443573,1,0,0
2.344999999999999,1577092444476,1,0,0
2.2050000000000125,1577092445416,1,0,0
4.925000000000011,1577092446356,1,0,0
-0.9749999999999943,1577092447296,1,0,0
3.2450000000000045,1577092448236,1,0,0
8.10499999999999,1577092449176,1,0,0
-4.034999999999997,1577092450116,1,0,0
-24.194999999999993,1577092451056,5,0,0
-3.9850000000000136,1577092451996,5,0,0
7.5049999999999955,1577092452946,5,0,0
17.85499999999999,1577092453932,5,0,0
14.335000000000008,1577092454836,5,0,0
10.675000000000011,1577092455776,5,0,0
5.235000000000014,1577092456716,5,0,0
5.925000000000011,1577092457666,5,0,0
-4.944999999999993,1577092458606,5,0,0
5.0449999999999875,1577092459546,5,0,0
3.8149999999999977,1577092460486,1,0,0
3.7050000000000125,1577092461426,1,0,0
3.944999999999993,1577092462366,1,0,0
4.4550000000000125,1577092463306,1,0,0
-0.35499999999998977,1577092464245,1,0,0
3.414999999999992,1577092465222,1,0,0
4.944999999999993,1577092466126,1,0,0
9.685000000000002,1577092467065,1,0,0
6.465000000000003,1577092468005,1,0,0
-21.32499999999999,1577092468956,3,0,0
-115.605,1577092469895,3,0,0
86.42500000000001,1577092470836,3,0,0
61.764999999999986,1577092471776,3,0,0
-178.895,1577092472715,3,0,0
-80.225,1577092473702,3,0,0
-41.525000000000006,1577092474605,3,0,0
-5.935000000000002,1577092475555,3,0,0
0.9350000000000023,1577092476496,3,0,0
-0.625,1577092477436,1,0,0
5.965000000000003,1577092478375,1,0,0
5.134999999999991,1577092479315,1,0,0
4.634999999999991,1577092480256,1,0,0
3.164999999999992,1577092481195,1,0,0
2.414999999999992,1577092482136,1,0,0
0.9350000000000023,1577092483075,1,0,0
4.275000000000006,1577092484015,1,0,0
2.9350000000000023,1577092484975,1,0,0
5.025000000000006,1577092485915,1,0,0
4.435000000000002,1577092486855,1,0,0
3.7849999999999966,1577092487795,1,0,0
3.615000000000009,1577092488735,1,0,0
3.5349999999999966,1577092489675,1,0,0
2.0250000000000057,1577092490615,1,0,0
2.0149999999999864,1577092491555,1,0,0
2.0049999999999955,1577092492532,1,0,0
2.0049999999999955,1577092493445,1,0,0
4.275000000000006,1577092494422,1,0,0
6.5449999999999875,1577092495325,1,0,0
5.7549999999999955,1577092496265,-1,0,0
10.705000000000013,1577092497205,-1,0,0
11.055000000000007,1577092498145,-1,0,0
7.814999999999998,1577092499085,-1,0,0
0.25499999999999545,1577092500025,-1,0,0
-2.6850000000000023,1577092500965,-1,0,0
-0.9550000000000125,1577092501905,-1,0,0
3.7750000000000057,1577092502845,-1,0,0
11.574999999999989,1577092503822,1,0,0
-0.5550000000000068,1577092504725,1,0,0
-1.8249999999999886,1577092505665,1,0,0
7.814999999999998,1577092506605,1,0,0
3.0149999999999864,1577092507545,1,0,0
-5.4950000000000045,1577092508522,1,0,0
-1.0749999999999886,1577092509425,1,0,0
-2.5749999999999886,1577092510365,1,0,0
0.8650000000000091,1577092511306,1,0,0
3.5649999999999977,1577092512245,1,0,0
5.305000000000007,1577092513221,1,0,0
5.025000000000006,1577092514145,1,0,0
7.435000000000002,1577092515122,1,0,0
3.5149999999999864,1577092516026,1,0,0
2.2549999999999955,1577092516965,1,0,0
2.164999999999992,1577092517906,1,0,0
2.194999999999993,1577092518845,1,0,0
2.2050000000000125,1577092519822,1,0,0
2.194999999999993,1577092520726,1,0,0
2.2350000000000136,1577092521665,1,0,0
2.914999999999992,1577092522605,1,0,0
3.4650000000000034,1577092523545,1,0,0
3.5449999999999875,1577092524522,1,0,0
3.555000000000007,1577092525425,1,0,0
9.485000000000014,1577092526365,1,0,0
6.965000000000003,1577092527305,1,0,0
5.615000000000009,1577092528245,1,0,0
4.0449999999999875,1577092529221,1,0,0
2.7350000000000136,1577092530125,1,0,0
0.7450000000000045,1577092531065,1,0,0
-1.3249999999999886,1577092532016,1,0,0
-1.0149999999999864,1577092532956,1,0,0
0.4449999999999932,1577092533896,1,0,0
1.7649999999999864,1577092534845,1,0,0
-0.49500000000000455,1577092535785,1,0,0
5.215000000000003,1577092536724,1,0,0
7.2050000000000125,1577092537664,1,0,0
7.094999999999999,1577092538604,1,0,0
7.055000000000007,1577092539544,1,0,0
6.935000000000002,1577092540522,1,0,0
3.585000000000008,1577092541424,1,0,0
-3.7050000000000125,1577092542364,1,0,0
-0.22499999999999432,1577092543304,1,0,0
-0.2750000000000057,1577092544245,1,0,0
-0.2949999999999875,1577092545194,1,0,0
-0.2949999999999875,1577092546135,1,0,0
3.1049999999999898,1577092547074,1,0,0
9.625,1577092548015,1,0,0
4.585000000000008,1577092548955,1,0,0
6.944999999999993,1577092549895,1,0,0
-1.2050000000000125,1577092550835,1,0,0
3.2249999999999943,1577092551821,1,0,0
-0.7949999999999875,1577092552724,1,0,0
3.9350000000000023,1577092553664,1,0,0
3.7750000000000057,1577092554604,1,0,0
-0.10499999999998977,1577092555544,1,0,0
3.2050000000000125,1577092556485,1,0,0
1.1550000000000011,1577092557424,1,0,0
0.3650000000000091,1577092558364,1,0,0
1.875,1577092559304,1,0,0
1.9350000000000023,1577092560244,1,0,0
3.6450000000000102,1577092561220,1,0,0
3.835000000000008,1577092562124,2,0,0
4.965000000000003,1577092563064,2,0,0
10.324999999999989,1577092564004,2,0,0
10.155000000000001,1577092564954,2,0,0
9.014999999999986,1577092565894,2,0,0
13.335000000000008,1577092566834,2,0,0
12.314999999999998,1577092567774,2,0,0
13.675000000000011,1577092568714,2,0,0
14.215000000000003,1577092569654,2,0,0
10.574999999999989,1577092570594,2,0,0
7.525000000000006,1577092571534,2,0,0
6.2450000000000045,1577092572474,2,0,0
-5.384999999999991,1577092573414,2,0,0
-10.455000000000013,1577092574354,5,0,0
-2.5449999999999875,1577092575304,5,0,0
12.465000000000003,1577092576244,5,0,0
15.794999999999987,1577092577221,5,0,0
9.805000000000007,1577092578124,5,0,0
9.414999999999992,1577092579074,5,0,0
5.5049999999999955,1577092580014,5,0,0
3.664999999999992,1577092580954,5,0,0
8.025000000000006,1577092581894,5,0,0
22.32499999999999,1577092582844,4,0,0
10.865000000000009,1577092583820,4,0,0
-6.5449999999999875,1577092584724,4,0,0
-9.884999999999991,1577092585664,4,0,0
-5.2450000000000045,1577092586604,4,0,0
4.64500000000001,1577092587544,4,0,0
1.134999999999991,1577092588484,1,0,0
1.2549999999999955,1577092589424,1,0,0
2.944999999999993,1577092590354,1,0,0
4.884999999999991,1577092591294,1,0,0
3.8249999999999886,1577092592234,1,0,0
2.9749999999999943,1577092593174,1,0,0
3.2150000000000034,1577092594114,1,0,0
5.085000000000008,1577092595054,1,0,0
4.675000000000011,1577092595994,1,0,0
4.405000000000001,1577092596934,1,0,0
2.9850000000000136,1577092597874,1,0,0
2.7549999999999955,1577092598814,1,0,0
2.7450000000000045,1577092599754,1,0,0
2.7549999999999955,1577092600694,1,0,0
2.094999999999999,1577092601634,1,0,0
7.514999999999986,1577092602574,1,0,0
3.664999999999992,1577092603514,1,0,0
4.0449999999999875,1577092604454,1,0,0
5.324999999999989,1577092605384,1,0,0
4.14500000000001,1577092606323,1,0,0
4.514999999999986,1577092607263,1,0,0
4.365000000000009,1577092608203,1,0,0
2.615000000000009,1577092609143,1,0,0
4.0449999999999875,1577092610084,1,0,0
4.634999999999991,1577092611024,1,0,0
4.2549999999999955,1577092611964,1,0,0
4.2050000000000125,1577092612904,1,0,0
4.2050000000000125,1577092613853,1,0,0
2.865000000000009,1577092614803,1,0,0
2.5749999999999886,1577092615743,1,0,0
2.5749999999999886,1577092616684,1,0,0
2.5749999999999886,1577092617623,1,0,0
2.6450000000000102,1577092618563,1,0,0
3.1049999999999898,1577092619503,1,0,0
3.414999999999992,1577092620454,1,0,0
3.4950000000000045,1577092621393,1,0,0
3.4850000000000136,1577092622370,1,0,0
3.4950000000000045,1577092623273,1,0,0
3.4950000000000045,1577092624223,1,0,0
3.4850000000000136,1577092625173,1,0,0
3.805000000000007,1577092626113,1,0,0
3.8249999999999886,1577092627053,1,0,0
6.175000000000011,1577092627993,1,0,0
4.305000000000007,1577092628934,1,0,0
7.39500000000001,1577092629873,1,0,0
5.405000000000001,1577092630824,1,0,0
3.134999999999991,1577092631763,1,0,0
3.125,1577092632704,1,0,0
3.0049999999999955,1577092633644,1,0,0
2.375,1577092634624,1,0,0
0.3650000000000091,1577092635523,1,0,0
1.9850000000000136,1577092636463,1,0,0
2.9250000000000114,1577092637403,1,0,0
2.9950000000000045,1577092638343,1,0,0
4.4550000000000125,1577092639320,1,0,0
8.694999999999993,1577092640223,1,0,0
9.89500000000001,1577092641163,1,0,0
-2.7549999999999955,1577092642103,1,0,0
-19.495000000000005,1577092643043,5,0,0
-11.14500000000001,1577092644021,5,0,0
-2.875,1577092644923,5,0,0
-10.10499999999999,1577092645920,5,0,0
-11.175000000000011,1577092646823,5,0,0
10.305000000000007,1577092647763,5,0,0
26.305000000000007,1577092648703,5,0,0
13.455000000000013,1577092649643,5,0,0
6.224999999999994,1577092650620,5,0,0
6.175000000000011,1577092651523,5,0,0
5.485000000000014,1577092652463,1,0,0
6.014999999999986,1577092653403,1,0,0
6.39500000000001,1577092654343,1,0,0
6.425000000000011,1577092655283,1,0,0
6.414999999999992,1577092656233,0,0,0
6.414999999999992,1577092657173,0,0,0
6.414999999999992,1577092658113,0,0,0
6.414999999999992,1577092659053,0,0,0
6.414999999999992,1577092660003,0,0,0
6.425000000000011,1577092660953,0,0,0
6.585000000000008,1577092661903,0,0,0
7.474999999999994,1577092662843,0,0,0
7.405000000000001,1577092663783,0,0,0
6.925000000000011,1577092664723,0,0,0
8.305000000000007,1577092665663,0,0,0
8.865000000000009,1577092666603,0,0,0
20.845,1577092667543,1,0,0
43.905,1577092668483,1,0,0
28.664999999999992,1577092669423,1,0,0
24.085000000000008,1577092670363,1,0,0
13.014999999999986,1577092671303,1,0,0
14.324999999999989,1577092672243,1,0,0
17.965000000000003,1577092673183,1,0,0
24.35499999999999,1577092674123,1,0,0
6.865000000000009,1577092675063,1,0,0
7.414999999999992,1577092676013,1,0,0
6.7549999999999955,1577092676963,1,0,0
6.094999999999999,1577092677903,1,0,0
6.9550000000000125,1577092678843,1,0,0
7.414999999999992,1577092679783,1,0,0
5.835000000000008,1577092680722,1,0,0
5.724999999999994,1577092681663,1,0,0
6.2549999999999955,1577092682602,1,0,0
9.185000000000002,1577092683542,1,0,0
8.685000000000002,1577092684483,1,0,0
5.735000000000014,1577092685422,1,0,0
3.865000000000009,1577092686362,1,0,0
5.055000000000007,1577092687302,1,0,0
4.064999999999998,1577092688252,1,0,0
4.435000000000002,1577092689192,1,0,0
5.235000000000014,1577092690133,1,0,0
5.735000000000014,1577092691072,1,0,0
7.7549999999999955,1577092692022,1,0,0
7.914999999999992,1577092692962,1,0,0
5.485000000000014,1577092693912,1,0,0
-7.2549999999999955,1577092694852,1,0,0
-1.9550000000000125,1577092695792,1,0,0
0.08500000000000796,1577092696732,1,0,0
-0.06499999999999773,1577092697672,1,0,0
4.764999999999986,1577092698612,1,0,0
6.314999999999998,1577092699552,1,0,0
4.905000000000001,1577092700492,1,0,0
5.574999999999989,1577092701442,1,0,0
1.2949999999999875,1577092702382,1,0,0
4.935000000000002,1577092703322,1,0,0
5.10499999999999,1577092704262,1,0,0
3.8149999999999977,1577092705202,1,0,0
1.9449999999999932,1577092706152,1,0,0
1.9749999999999943,1577092707092,1,0,0
3.365000000000009,1577092708069,1,0,0
1.615000000000009,1577092708972,1,0,0
2.5049999999999955,1577092709912,1,0,0
1.1450000000000102,1577092710852,1,0,0
2.085000000000008,1577092711792,1,0,0
3.2949999999999875,1577092712732,1,0,0
4.284999999999997,1577092713672,1,0,0
5.344999999999999,1577092714612,1,0,0
5.2549999999999955,1577092715552,1,0,0
5.465000000000003,1577092716492,1,0,0
5.525000000000006,1577092717432,1,0,0
5.555000000000007,1577092718372,1,0,0
6.164999999999992,1577092719312,1,0,0
3.7249999999999943,1577092720252,1,0,0
3.585000000000008,1577092721192,1,0,0
2.7249999999999943,1577092722133,1,0,0
2.594999999999999,1577092723072,1,0,0
1.634999999999991,1577092724012,1,0,0
2.2450000000000045,1577092724952,1,0,0
2.2849999999999966,1577092725919,1,0,0
1.335000000000008,1577092726822,1,0,0
-1.4449999999999932,1577092727762,1,0,0
0.664999999999992,1577092728702,1,0,0
1.8950000000000102,1577092729642,1,0,0
2.2849999999999966,1577092730582,1,0,0
4.585000000000008,1577092731522,1,0,0
4.974999999999994,1577092732462,1,0,0
4.985000000000014,1577092733402,1,0,0
0.2750000000000057,1577092734342,1,0,0
1.615000000000009,1577092735282,1,0,0
2.055000000000007,1577092736222,1,0,0
4.324999999999989,1577092737162,1,0,0
0.25499999999999545,1577092738102,1,0,0
1.1550000000000011,1577092739042,1,0,0
1.835000000000008,1577092739992,1,0,0
3.2649999999999864,1577092740932,1,0,0
4.055000000000007,1577092741872,1,0,0
4.074999999999989,1577092742812,1,0,0
4.2050000000000125,1577092743752,1,0,0
5.655000000000001,1577092744692,1,0,0
5.564999999999998,1577092745632,1,0,0
5.314999999999998,1577092746582,1,0,0
4.594999999999999,1577092747522,1,0,0
5.2949999999999875,1577092748462,1,0,0
1.9550000000000125,1577092749402,1,0,0
2.4950000000000045,1577092750342,1,0,0
-2.0250000000000057,1577092751282,1,0,0
0.3650000000000091,1577092752222,1,0,0
0.6550000000000011,1577092753161,1,0,0
3.555000000000007,1577092754102,1,0,0
4.185000000000002,1577092755042,1,0,0
4.215000000000003,1577092755982,1,0,0
4.35499999999999,1577092756932,1,0,0
4.375,1577092757871,1,0,0
4.39500000000001,1577092758811,1,0,0
4.0449999999999875,1577092759751,1,0,0
2.405000000000001,1577092760691,1,0,0
2.7949999999999875,1577092761632,1,0,0
2.9749999999999943,1577092762571,1,0,0
4.064999999999998,1577092763511,1,0,0
4.094999999999999,1577092764451,1,0,0
4.444999999999993,1577092765391,1,0,0
4.694999999999993,1577092766368,1,0,0
6.164999999999992,1577092767271,1,0,0
6.4550000000000125,1577092768211,1,0,0
1.5149999999999864,1577092769151,1,0,0
-0.014999999999986358,1577092770101,1,0,0
3.0349999999999966,1577092771041,1,0,0
-0.7949999999999875,1577092771982,1,0,0
4.324999999999989,1577092772921,1,0,0
4.724999999999994,1577092773861,1,0,0
3.085000000000008,1577092774801,1,0,0
2.7949999999999875,1577092775741,1,0,0
4.865000000000009,1577092776682,1,0,0
3.875,1577092777621,1,0,0
3.5149999999999864,1577092778561,1,0,0
0.6750000000000114,1577092779511,1,0,0
1.9350000000000023,1577092780451,1,0,0
3.375,1577092781391,1,0,0
5.824999999999989,1577092782331,1,0,0
5.474999999999994,1577092783271,1,0,0
5.2450000000000045,1577092784211,1,0,0
-0.39500000000001023,1577092785151,1,0,0
3.7450000000000045,1577092786091,1,0,0
9.705000000000013,1577092787041,1,0,0
1.4749999999999943,1577092787981,1,0,0
4.564999999999998,1577092788921,1,0,0
4.2450000000000045,1577092789861,1,0,0
-1.0649999999999977,1577092790801,1,0,0
0.4449999999999932,1577092791743,1,0,0
2.9550000000000125,1577092792681,1,0,0
5.764999999999986,1577092793621,1,0,0
5.60499999999999,1577092794561,1,0,0
4.5449999999999875,1577092795501,1,0,0
2.1850000000000023,1577092796451,1,0,0
2.384999999999991,1577092797391,1,0,0
4.414999999999992,1577092798331,1,0,0
-0.2150000000000034,1577092799271,1,0,0
-1.0749999999999886,1577092800211,1,0,0
-2.914999999999992,1577092801161,1,0,0
-1.2549999999999955,1577092802101,1,0,0
2.7750000000000057,1577092803051,1,0,0
4.9950000000000045,1577092804011,1,0,0
2.3950000000000102,1577092804951,1,0,0
2.085000000000008,1577092805891,1,0,0
2.2050000000000125,1577092806831,1,0,0
3.344999999999999,1577092807771,1,0,0
3.2549999999999955,1577092808701,1,0,0
3.3549999999999898,1577092809641,1,0,0
4.905000000000001,1577092810581,1,0,0
4.35499999999999,1577092811521,1,0,0
4.14500000000001,1577092812461,1,0,0
4.155000000000001,1577092813391,1,0,0
4.155000000000001,1577092814331,1,0,0
4.155000000000001,1577092815271,1,0,0
4.305000000000007,1577092816211,1,0,0
2.555000000000007,1577092817151,1,0,0
-6.094999999999999,1577092818101,1,0,0
-10.564999999999998,1577092819041,1,0,0
-5.335000000000008,1577092819981,1,0,0
9.715000000000003,1577092820921,1,0,0
9.764999999999986,1577092821861,1,0,0
8.064999999999998,1577092822801,1,0,0
3.164999999999992,1577092823741,1,0,0
3.3950000000000102,1577092824670,1,0,0
3.2849999999999966,1577092825611,1,0,0
1.6450000000000102,1577092826551,1,0,0
0.9050000000000011,1577092827490,1,0,0
0.8849999999999909,1577092828431,1,0,0
0.49500000000000455,1577092829371,1,0,0
2.2249999999999943,1577092830311,1,0,0
2.4950000000000045,1577092831251,1,0,0
2.7949999999999875,1577092832190,1,0,0
2.6750000000000114,1577092833140,1,0,0
3.2350000000000136,1577092834081,1,0,0
3.634999999999991,1577092835010,1,0,0
4.675000000000011,1577092835940,1,0,0
3.4250000000000114,1577092836900,1,0,0
6.215000000000003,1577092837840,1,0,0
1.7849999999999966,1577092838818,1,0,0
-2.444999999999993,1577092839710,1,0,0
0.5149999999999864,1577092840650,1,0,0
3.305000000000007,1577092841590,1,0,0
3.055000000000007,1577092842530,1,0,0
-0.05500000000000682,1577092843470,1,0,0
-1.6550000000000011,1577092844410,1,0,0
0.33500000000000796,1577092845350,1,0,0
1.4749999999999943,1577092846290,1,0,0
4.835000000000008,1577092847267,1,0,0
8.064999999999998,1577092848170,1,0,0
-16.375,1577092849120,3,0,0
-42.565,1577092850061,3,0,0
-45.14500000000001,1577092851001,3,0,0
-51.125,1577092851950,3,0,0
-50.33500000000001,1577092852890,3,0,0
-52.724999999999994,1577092853830,3,0,0
-54.715,1577092854770,3,0,0
-52.264999999999986,1577092855710,3,0,0
-68.13499999999999,1577092856660,3,0,0
-66.88499999999999,1577092857600,3,0,0
-89.445,1577092858540,3,0,0
-161.555,1577092859480,3,0,0
-195.285,1577092860420,3,0,0
-173.255,1577092861360,3,0,0
-171.335,1577092862301,3,0,0
-120.505,1577092863240,3,0,0
-175.805,1577092864190,3,0,0
-108.035,1577092865130,3,0,0
-166.915,1577092866070,3,0,0
-168.235,1577092867010,3,0,0
-82.925,1577092867970,3,0,0
-34.54499999999999,1577092868910,3,0,0
-13.125,1577092869850,3,0,0
5.194999999999993,1577092870790,3,0,0
1.5749999999999886,1577092871730,3,0,0
4.425000000000011,1577092872670,2,0,0
5.314999999999998,1577092873610,2,0,0
9.555000000000007,1577092874550,2,0,0
18.595,1577092875500,2,0,0
13.305000000000007,1577092876440,2,0,0
11.544999999999987,1577092877380,2,0,0
12.254999999999995,1577092878340,2,0,0
16.715000000000003,1577092879280,2,0,0
35.485000000000014,1577092880220,2,0,0
26.754999999999995,1577092881160,2,0,0
30.474999999999994,1577092882100,2,0,0
96.29500000000002,1577092883040,2,0,0
-193.945,1577092883990,2,0,0
103.055,1577092884920,2,0,0
102.26499999999999,1577092885850,2,0,0
123.60500000000002,1577092886790,2,0,0
-163.915,1577092887720,2,0,0
-152.365,1577092888660,2,0,0
-144.645,1577092889600,2,0,0
-171.055,1577092890540,2,0,0
109.72500000000002,1577092891470,2,0,0
49.35499999999999,1577092892410,2,0,0
10.495000000000005,1577092893339,2,0,0
31.14500000000001,1577092894280,2,0,0
89.63499999999999,1577092895219,2,0,0
109.15499999999997,1577092896160,2,0,0
74.945,1577092897099,2,0,0
28.13499999999999,1577092898039,2,0,0
-0.32499999999998863,1577092898980,2,0,0
-27.514999999999986,1577092899930,-1,0,0
-58.724999999999994,1577092900869,-1,0,0
-63.285,1577092901809,-1,0,0
-37.89500000000001,1577092902739,-1,0,0
-17.055000000000007,1577092903680,-1,0,0
3.914999999999992,1577092904619,-1,0,0
13.594999999999999,1577092905559,-1,0,0
14.985000000000014,1577092906499,-1,0,0
15.935000000000002,1577092907430,-1,0,0
15.384999999999991,1577092908369,-1,0,0
-8.555000000000007,1577092909309,-1,0,0
-25.39500000000001,1577092910249,-1,0,0
50.345,1577092911189,-1,0,0
76.23500000000001,1577092912129,-1,0,0
77.66500000000002,1577092913069,-1,0,0
59.704999999999984,1577092914009,-1,0,0
4.335000000000008,1577092914969,-1,0,0
-3.4250000000000114,1577092915909,-1,0,0
-10.125,1577092916849,-1,0,0
22.10499999999999,1577092917789,-1,0,0
42.474999999999994,1577092918729,-1,0,0
39.235000000000014,1577092919669,-1,0,0
34.29499999999999,1577092920609,-1,0,0
-0.26499999999998636,1577092921549,-1,0,0
24.664999999999992,1577092922480,2,0,0
39.04499999999999,1577092923419,2,0,0
85.625,1577092924369,2,0,0
105.98500000000001,1577092925309,2,0,0
112.95499999999998,1577092926249,2,0,0
125.76499999999999,1577092927189,2,0,0
125.78500000000003,1577092928130,2,0,0
-197.095,1577092929069,2,0,0
70.84500000000003,1577092930019,2,0,0
29.32499999999999,1577092930970,2,0,0
2.085000000000008,1577092931909,2,0,0
-13.205000000000013,1577092932849,2,0,0
17.835000000000008,1577092933780,6,0,0
-167.945,1577092934709,6,0,0
0.9250000000000114,1577092935649,6,0,0
-105.545,1577092936589,6,0,0
-99.485,1577092937539,6,0,0
-101.815,1577092938507,6,0,0
-100.125,1577092939409,6,0,0
-100.035,1577092940349,6,0,0
-100.065,1577092941289,6,0,0
-102.795,1577092942266,6,0,0
68.185,1577092943205,6,0,0
-199.545,1577092944109,6,0,0
30.564999999999998,1577092945049,6,0,0
-6.914999999999992,1577092945999,6,0,0
-17.205000000000013,1577092946929,3,0,0
-28.564999999999998,1577092947905,3,0,0
-58.004999999999995,1577092948799,3,0,0
-110.625,1577092949729,3,0,0
-120.105,1577092950669,3,0,0
-89.445,1577092951609,3,0,0
-30.275000000000006,1577092952586,3,0,0
-53.685,1577092953489,3,0,0
-45.67500000000001,1577092954466,3,0,0
-51.33500000000001,1577092955369,3,0,0
-45.94499999999999,1577092956309,3,0,0
-29.335000000000008,1577092957249,3,0,0
-1.7150000000000034,1577092958189,3,0,0
-3.2549999999999955,1577092959119,1,0,0
-9.495000000000005,1577092960059,1,0,0
-8.35499999999999,1577092960989,1,0,0
3.0149999999999864,1577092961919,1,0,0
7.014999999999986,1577092962859,1,0,0
0.0049999999999954525,1577092963799,1,0,0
8.194999999999993,1577092964729,1,0,0
10.675000000000011,1577092965679,1,0,0
-2.914999999999992,1577092966618,1,0,0
8.794999999999987,1577092967548,1,0,0
51.974999999999994,1577092968488,-1,0,0
61.065,1577092969466,-1,0,0
61.10500000000002,1577092970368,-1,0,0
40.63499999999999,1577092971308,-1,0,0
-56.64500000000001,1577092972248,-1,0,0
-72.365,1577092973188,3,0,0
-115.665,1577092974129,3,0,0
-165.45499999999998,1577092975068,3,0,0
-188.395,1577092975998,3,0,0
25.32499999999999,1577092976938,3,0,0
58.10500000000002,1577092977879,3,0,0
-165.70499999999998,1577092978808,3,0,0
-26.784999999999997,1577092979738,3,0,0
-12.495000000000005,1577092980678,3,0,0
-18.985000000000014,1577092981618,3,0,0
-37.85499999999999,1577092982558,3,0,0
-23.194999999999993,1577092983499,3,0,0
-45.224999999999994,1577092984438,3,0,0
-34.08500000000001,1577092985368,3,0,0
-13.155000000000001,1577092986298,3,0,0
-7.405000000000001,1577092987238,3,0,0
15.164999999999992,1577092988178,3,0,0
6.485000000000014,1577092989118,1,0,0
5.835000000000008,1577092990058,1,0,0
3.3549999999999898,1577092990998,1,0,0
3.555000000000007,1577092991928,1,0,0
-1.3950000000000102,1577092992858,1,0,0
6.014999999999986,1577092993788,1,0,0
1.585000000000008,1577092994728,1,0,0
2.655000000000001,1577092995668,1,0,0
10.564999999999998,1577092996608,1,0,0
11.455000000000013,1577092997548,-1,0,0
17.38499999999999,1577092998498,-1,0,0
44.435,1577092999438,-1,0,0
46.57499999999999,1577093000378,-1,0,0
28.284999999999997,1577093001318,-1,0,0
16.044999999999987,1577093002258,-1,0,0
-1.8249999999999886,1577093003198,-1,0,0
-21.585000000000008,1577093004128,-1,0,0
-12.155000000000001,1577093005058,-1,0,0
-7.335000000000008,1577093006024,-1,0,0
-14.655000000000001,1577093006928,-1,0,0
-14.284999999999997,1577093007858,-1,0,0
-9.495000000000005,1577093008825,-1,0,0
-28.965000000000003,1577093009728,-1,0,0
-6.715000000000003,1577093010668,-1,0,0
-9.504999999999995,1577093011608,-1,0,0
-0.8050000000000068,1577093012538,-1,0,0
3.1450000000000102,1577093013505,-1,0,0
-1.4749999999999943,1577093014444,5,0,0
-1.7750000000000057,1577093015348,5,0,0
10.865000000000009,1577093016288,5,0,0
24.294999999999987,1577093017265,5,0,0
16.38499999999999,1577093018168,5,0,0
9.555000000000007,1577093019145,5,0,0
2.2450000000000045,1577093020049,5,0,0
-2.5349999999999966,1577093021025,1,0,0
4.414999999999992,1577093021918,1,0,0
-2.5049999999999955,1577093022838,1,0,0
3.085000000000008,1577093023814,1,0,0
6.435000000000002,1577093024718,1,0,0
-20.36500000000001,1577093025704,3,0,0
-54.735000000000014,1577093026645,3,0,0
-54.92500000000001,1577093027585,3,0,0
-54.38499999999999,1577093028488,3,0,0
-60.004999999999995,1577093029418,3,0,0
-51.94499999999999,1577093030349,3,0,0
-62.55500000000001,1577093031278,3,0,0
-81.685,1577093032218,3,0,0
-93.635,1577093033158,3,0,0
-134.245,1577093034098,3,0,0
-177.625,1577093035065,3,0,0
-182.875,1577093035958,3,0,0
-180.975,1577093036890,3,0,0
-181.025,1577093037818,3,0,0
-181.035,1577093038758,0,0,0
-181.035,1577093039744,0,0,0
-181.735,1577093040647,0,0,0
-183.825,1577093041588,3,0,0
-183.665,1577093042529,3,0,0
-138.065,1577093043469,3,0,0
-58.995000000000005,1577093044408,3,0,0
-45.875,1577093045347,3,0,0
-4.405000000000001,1577093046315,3,0,0
-4.414999999999992,1577093047217,3,0,0
-17.57499999999999,1577093048158,3,0,0
-1.4850000000000136,1577093049098,3,0,0
1.085000000000008,1577093050065,3,0,0
-2.9950000000000045,1577093050995,1,0,0
3.2150000000000034,1577093051887,1,0,0
6.835000000000008,1577093052817,1,0,0
5.305000000000007,1577093053758,1,0,0
4.444999999999993,1577093054708,8,0,0
10.564999999999998,1577093055647,8,0,0
8.764999999999986,1577093056614,8,0,0
9.965000000000003,1577093057517,8,0,0
13.685000000000002,1577093058450,8,0,0
19.42500000000001,1577093059397,8,0,0
14.495000000000005,1577093060338,8,0,0
7.615000000000009,1577093061278,8,0,0
7.39500000000001,1577093062207,8,0,0
10.955000000000013,1577093063148,8,0,0
10.824999999999989,1577093064124,8,0,0
10.664999999999992,1577093065017,8,0,0
9.634999999999991,1577093065984,8,0,0
14.974999999999994,1577093066913,8,0,0
13.775000000000006,1577093067807,8,0,0
14.995000000000005,1577093068737,8,0,0
9.844999999999999,1577093069724,8,0,0
5.875,1577093070617,8,0,0
-1.4050000000000011,1577093071548,8,0,0
3.2350000000000136,1577093072477,1,0,0
1.0949999999999989,1577093073407,1,0,0
3.8549999999999898,1577093074348,1,0,0
1.2050000000000125,1577093075287,1,0,0
-0.5049999999999955,1577093076227,1,0,0
0.9650000000000034,1577093077167,1,0,0
1.884999999999991,1577093078144,1,0,0
2.9950000000000045,1577093079057,1,0,0
2.9749999999999943,1577093079997,1,0,0
2.7949999999999875,1577093080937,1,0,0
3.4650000000000034,1577093081903,1,0,0
1.9350000000000023,1577093082807,1,0,0
7.074999999999989,1577093083737,1,0,0
0.35499999999998977,1577093084687,8,0,0
0.03499999999999659,1577093085664,8,0,0
9.555000000000007,1577093086557,8,0,0
4.0049999999999955,1577093087524,8,0,0
-0.7549999999999955,1577093088417,8,0,0
7.444999999999993,1577093089357,8,0,0
7.365000000000009,1577093090297,8,0,0
5.14500000000001,1577093091237,8,0,0
0.3650000000000091,1577093092214,8,0,0
-6.655000000000001,1577093093117,8,0,0
8.594999999999999,1577093094047,8,0,0
29.735000000000014,1577093094977,8,0,0
35.435,1577093095907,8,0,0
-4.2949999999999875,1577093096837,8,0,0
-6.64500000000001,1577093097777,1,0,0
4.444999999999993,1577093098717,1,0,0
-2.594999999999999,1577093099647,1,0,0
-5.60499999999999,1577093100587,1,0,0
0.9050000000000011,1577093101517,1,0,0
8.164999999999992,1577093102457,1,0,0
12.694999999999993,1577093103423,1,0,0
12.865000000000009,1577093104327,1,0,0
12.465000000000003,1577093105304,1,0,0
-2.4550000000000125,1577093106207,1,0,0
-2.1750000000000114,1577093107147,1,0,0
-1.9850000000000136,1577093108087,1,0,0
16.60499999999999,1577093109027,-1,0,0
-12.094999999999999,1577093109956,-1,0,0
-11.884999999999991,1577093110924,-1,0,0
-5.60499999999999,1577093111863,-1,0,0
8.344999999999999,1577093112777,-1,0,0
5.685000000000002,1577093113716,-1,0,0
0.4650000000000034,1577093114656,1,0,0
2.094999999999999,1577093115596,1,0,0
3.0149999999999864,1577093116564,1,0,0
4.025000000000006,1577093117467,1,0,0
2.0349999999999966,1577093118408,1,0,0
1.4350000000000023,1577093119347,1,0,0
3.3149999999999977,1577093120288,1,0,0
2.625,1577093121236,1,0,0
5.884999999999991,1577093122224,1,0,0
3.914999999999992,1577093123128,1,0,0
-4.444999999999993,1577093124077,1,0,0
-2.164999999999992,1577093125016,1,0,0
3.694999999999993,1577093125947,1,0,0
3.4350000000000023,1577093126876,1,0,0
1.9550000000000125,1577093127816,1,0,0
3.875,1577093128756,1,0,0
3.305000000000007,1577093129696,1,0,0
-1.2350000000000136,1577093130636,1,0,0
-3.694999999999993,1577093131567,1,0,0
-2.2649999999999864,1577093132496,1,0,0
2.9749999999999943,1577093133446,1,0,0
-2.6049999999999898,1577093134387,1,0,0
6.5049999999999955,1577093135364,1,0,0
4.925000000000011,1577093136267,1,0,0
-2.944999999999993,1577093137244,1,0,0
-4.784999999999997,1577093138147,1,0,0
3.9950000000000045,1577093139087,1,0,0
-2.085000000000008,1577093140016,1,0,0
-4.344999999999999,1577093140947,1,0,0
-1.4550000000000125,1577093141924,1,0,0
-12.985000000000014,1577093142828,1,0,0
-26.995000000000005,1577093143767,3,1,0
-46.33500000000001,1577093144707,3,1,0
-97.095,1577093145648,3,1,0
-166.425,1577093146576,3,1,0
127.555,1577093147507,3,1,0
117.47500000000002,1577093148436,3,1,0
117.11500000000001,1577093149376,3,1,0
125.33499999999998,1577093150316,3,1,0
-152.555,1577093151256,3,1,0
-99.255,1577093152223,3,1,0
-18.745000000000005,1577093153116,3,1,0
61.42500000000001,1577093154056,2,0,0
-180.54500000000002,1577093154987,2,0,0
-94.155,1577093155963,2,0,0
50.735000000000014,1577093156867,2,0,0
98.95499999999998,1577093157807,2,0,0
18.10499999999999,1577093158747,2,0,0
-166.395,1577093159687,2,0,0
35.235000000000014,1577093160627,2,0,0
8.784999999999997,1577093161556,2,0,0
11.745000000000005,1577093162496,0,0,0
11.754999999999995,1577093163436,0,0,0
22.435000000000002,1577093164376,1,0,0
42.504999999999995,1577093165316,1,0,0
3.164999999999992,1577093166266,1,0,0
10.724999999999994,1577093167196,1,0,0
5.89500000000001,1577093168127,1,0,0
5.335000000000008,1577093169056,1,0,0
5.344999999999999,1577093169986,1,0,0
5.344999999999999,1577093170962,0,0,0
