1619609601374,0.19,0,0,0,0,-0.197
1619609601394,0.211,0,0,0,0,-0.212
1619609601414,0.19,0,0,0,0,-0.205
1619609601434,0.183,0,0,0,0,-0.178
1619609601454,0.2,0,0,0,0,-0.162
1619609601474,0.2,0,0,0,0,-0.158
1619609601494,0.197,0,0,0,0,-0.168
1619609601514,0.193,0,0,0,0,-0.163
1619609601534,0.197,0,0,0,0,-0.179
1619609601554,0.193,0,0,0,0,-0.17
1619609601575,0.204,0,0,0,0,-0.169
1619609601595,0.19,0,0,0,0,-0.185
1619609601614,0.19,0,0,0,0,-0.185
1619609601634,0.2,0,0,0,0,-0.174
1619609601654,0.197,0,0,0,0,-0.146
1619609601674,0.197,0,0,0,0,-0.163
1619609601694,0.19,0,0,0,0,-0.161
1619609601714,0.193,0,0,0,0,-0.166
1619609601734,0.2,0,0,0,0,-0.19
1619609601754,0.2,0,0,0,0,-0.215
1619609601774,0.19,0,0,0,0,-0.215
1619609601794,0.193,0,0,0,0,-0.225
1619609601814,0.19,0,0,0,0,-0.212
1619609601834,0.197,0,0,0,0,-0.206
1619609601854,0.207,0,0,0,0,-0.19
1619609601874,0.19,0,0,0,0,-0.217
1619609601894,0.193,0,0,0,0,-0.222
1619609601914,0.204,0,0,0,0,-0.21
1619609601934,0.187,0,0,0,0,-0.206
1619609601954,0.187,0,0,0,0,-0.206
1619609601974,0.197,0,0,0,0,-0.191
1619609601994,0.204,0,0,0,0,-0.188
1619609602014,0.19,0,0,0,0,-0.208
1619609602034,0.193,0,0,0,0,-0.227
1619609602054,0.197,0,0,0,0,-0.228
1619609602074,0.19,0,0,0,0,-0.227
1619609602094,0.207,0,0,0,0,-0.203
1619609602114,0.187,0,0,0,0,-0.193
1619609602144,0.2,0,0,0,0,-0.201
1619609602154,0.197,0,0,0,0,-0.179
1619609602174,0.197,0,0,0,0,-0.178
1619609602194,0.19,0,0,0,0,-0.18
1619609602214,0.2,0,0,0,0,-0.187
1619609602234,0.2,0,0,0,0,-0.219
1619609602254,0.19,0,0,0,0,-0.236
1619609602274,0.204,0,0,0,0,-0.24
1619609602294,0.187,0,0,0,0,-0.257
1619609602315,0.187,0,0,0,0,-0.257
1619609602335,0.193,0,0,0,0,-0.24
1619609602354,0.2,0,0,0,0,-0.241
1619609602374,0.193,0,0,0,0,-0.245
1619609602394,0.193,0,0,0,0,-0.261
1619609602414,0.2,0,0,0,0,-0.258
1619609602436,0.2,0,0,0,0,-0.247
1619609602454,0.193,0,0,0,0,-0.249
1619609602474,0.207,0,0,0,0,-0.252
1619609602494,0.183,0,0,0,0,-0.253
1619609602514,0.2,0,0,0,0,-0.237
1619609602534,0.193,0,0,0,0,-0.251
1619609602554,0.2,0,0,0,0,-0.24
1619609602574,0.19,0,0,0,0,-0.212
1619609602594,0.2,0,0,0,0,-0.194
1619609602614,0.2,0,0,0,0,-0.218
1619609602635,0.2,0,0,0,0,-0.218
1619609602654,0.187,0,0,0,0,-0.224
1619609602674,0.197,0,0,0,0,-0.238
1619609602694,0.19,0,0,0,0,-0.212
1619609602714,0.2,0,0,0,0,-0.209
1619609602735,0.197,0,0,0,0,-0.203
1619609602754,0.187,0,0,0,0,-0.19
1619609602774,0.197,0,0,0,0,-0.195
1619609602794,0.2,0,0,0,0,-0.206
1619609602814,0.2,0,0,0,0,-0.221
1619609602837,0.19,0,0,0,0,-0.219
1619609602854,0.197,0,0,0,0,-0.212
1619609602874,0.2,0,0,0,0,-0.212
1619609602894,0.197,0,0,0,0,-0.204
1619609602914,0.193,0,0,0,0,-0.228
1619609602934,0.2,0,0,0,0,-0.216
1619609602954,0.197,0,0,0,0,-0.217
1619609602974,0.197,0,0,0,0,-0.217
1619609602994,0.193,0,0,0,0,-0.22
1619609603014,0.197,0,0,0,0,-0.245
1619609603034,0.204,0,0,0,0,-0.223
1619609603054,0.197,0,0,0,0,-0.225
1619609603074,0.197,0,0,0,0,-0.227
1619609603094,0.2,0,0,0,0,-0.203
1619609603114,0.204,0,0,0,0,-0.201
1619609603136,0.193,0,0,0,0,-0.217
1619609603154,0.193,0,0,0,0,-0.221
1619609603174,0.19,0,0,0,0,-0.232
1619609603194,0.19,0,0,0,0,-0.239
1619609603214,0.2,0,0,0,0,-0.228
1619609603234,0.19,0,0,0,0,-0.237
1619609603254,0.197,0,0,0,0,-0.235
1619609603274,0.193,0,0,0,0,-0.214
1619609603294,0.197,0,0,0,0,-0.229
1619609603314,0.207,0,0,0,0,-0.208
1619609603334,0.207,0,0,0,0,-0.208
1619609603354,0.193,0,0,0,0,-0.189
1619609603374,0.2,0,0,0,0,-0.207
1619609603394,0.197,0,0,0,0,-0.217
1619609603414,0.2,0,0,0,0,-0.221
1619609603434,0.19,0,0,0,0,-0.2
1619609603454,0.197,0,0,0,0,-0.202
1619609603474,0.2,0,0,0,0,-0.208
1619609603494,0.197,0,0,0,0,-0.2
1619609603514,0.2,0,0,0,0,-0.199
1619609603534,0.187,0,0,0,0,-0.211
1619609603554,0.2,0,0,0,0,-0.191
1619609603574,0.2,0,0,0,0,-0.186
1619609603594,0.187,0,0,0,0,-0.202
1619609603614,0.197,0,0,0,0,-0.192
1619609603634,0.197,0,0,0,0,-0.195
1619609603654,0.2,0,0,0,0,-0.166
1619609603674,0.197,0,0,0,0,-0.155
1619609603694,0.204,0,0,0,0,-0.158
1619609603714,0.204,0,0,0,0,-0.158
1619609603734,0.19,0,0,0,0,-0.17
1619609603754,0.197,0,0,0,0,-0.19
1619609603774,0.2,0,0,0,0,-0.179
1619609603794,0.197,0,0,0,0,-0.165
1619609603814,0.197,0,0,0,0,-0.139
1619609603834,0.197,0,0,0,0,-0.133
1619609603854,0.197,0,0,0,0,-0.127
1619609603874,0.197,0,0,0,0,-0.136
1619609603894,0.2,0,0,0,0,-0.155
1619609603914,0.2,0,0,0,0,-0.175
1619609603934,0.19,0,0,0,0,-0.176
1619609603954,0.2,0,0,0,0,-0.177
1619609603974,0.197,0,0,0,0,-0.169
1619609603994,0.204,0,0,0,0,-0.194
1619609604014,0.193,0,0,0,0,-0.245
1619609604034,0.2,0,0,0,0,-0.255
1619609604054,0.2,0,0,0,0,-0.255
1619609604074,0.19,0,0,0,0,-0.263
1619609604094,0.204,0,0,0,0,-0.256
1619609604114,0.19,0,0,0,0,-0.261
1619609604134,0.2,0,0,0,0,-0.235
1619609604154,0.197,0,0,0,0,-0.234
1619609604174,0.197,0,0,0,0,-0.232
1619609604194,0.193,0,0,0,0,-0.235
1619609604214,0.197,0,0,0,0,-0.254
1619609604234,0.19,0,0,0,0,-0.258
1619609604254,0.2,0,0,0,0,-0.258
1619609604274,0.19,0,0,0,0,-0.25
1619609604294,0.204,0,0,0,0,-0.242
1619609604314,0.19,0,0,0,0,-0.235
1619609604334,0.19,0,0,0,0,-0.216
1619609604354,0.2,0,0,0,0,-0.211
1619609604374,0.2,0,0,0,0,-0.214
1619609604394,0.2,0,0,0,0,-0.214
1619609604414,0.187,0,0,0,0,-0.24
1619609604434,0.2,0,0,0,0,-0.22
1619609604454,0.19,0,0,0,0,-0.229
1619609604474,0.187,0,0,0,0,-0.229
1619609604494,0.2,0,0,0,0,-0.235
1619609604514,0.197,0,0,0,0,-0.223
1619609604534,0.204,0,0,0,0,-0.198
1619609604564,0.2,0,0,0,0,-0.204
1619609604574,0.19,0,0,0,0,-0.226
1619609604594,0.197,0,0,0,0,-0.211
1619609604614,0.2,0,0,0,0,-0.211
1619609604634,0.197,0,0,0,0,-0.214
1619609604665,0.193,0,0,0,0,-0.216
1619609604674,0.2,0,0,0,0,-0.219
1619609604694,0.2,0,0,0,0,-0.22
1619609604714,0.193,0,0,0,0,-0.219
1619609604734,0.211,0,0,0,0,-0.22
1619609604756,0.211,0,0,0,0,-0.22
1619609604774,0.187,0,0,0,0,-0.215
1619609604794,0.193,0,0,0,0,-0.208
1619609604814,0.197,0,0,0,0,-0.208
1619609604834,0.19,0,0,0,0,-0.213
1619609604856,0.204,0,0,0,0,-0.213
1619609604874,0.193,0,0,0,0,-0.219
1619609604894,0.193,0,0,0,0,-0.226
1619609604914,0.204,0,0,0,0,-0.201
1619609604934,0.197,0,0,0,0,-0.212
1619609604954,0.187,0,0,0,0,-0.203
1619609604974,0.197,0,0,0,0,-0.22
1619609604994,0.193,0,0,0,0,-0.197
1619609605014,0.197,0,0,0,0,-0.205
1619609605034,0.197,0,0,0,0,-0.189
1619609605055,0.197,0,0,0,0,-0.199
1619609605074,0.2,0,0,0,0,-0.216
1619609605094,0.2,0,0,0,0,-0.216
1619609605114,0.19,0,0,0,0,-0.214
1619609605134,0.193,0,0,0,0,-0.211
1619609605155,0.197,0,0,0,0,-0.199
1619609605174,0.204,0,0,0,0,-0.198
1619609605194,0.19,0,0,0,0,-0.223
1619609605214,0.197,0,0,0,0,-0.221
1619609605234,0.2,0,0,0,0,-0.213
1619609605256,0.2,0,0,0,0,-0.207
1619609605274,0.19,0,0,0,0,-0.21
1619609605294,0.2,0,0,0,0,-0.214
1619609605314,0.197,0,0,0,0,-0.224
1619609605334,0.197,0,0,0,0,-0.221
1619609605354,0.193,0,0,0,0,-0.227
1619609605374,0.2,0,0,0,0,-0.202
1619609605394,0.2,0,0,0,0,-0.207
1619609605414,0.19,0,0,0,0,-0.228
1619609605434,0.204,0,0,0,0,-0.222
1619609605455,0.204,0,0,0,0,-0.222
1619609605474,0.187,0,0,0,0,-0.206
1619609605494,0.19,0,0,0,0,-0.215
1619609605514,0.2,0,0,0,0,-0.224
1619609605534,0.19,0,0,0,0,-0.218
1619609605554,0.197,0,0,0,0,-0.233
1619609605574,0.204,0,0,0,0,-0.223
1619609605594,0.197,0,0,0,0,-0.233
1619609605614,0.2,0,0,0,0,-0.225
1619609605634,0.204,0,0,0,0,-0.194
1619609605654,0.176,0,0,0,0,-0.188
1619609605674,0.193,0,0,0,0,-0.207
1619609605694,0.19,0,0,0,0,-0.205
1619609605714,0.197,0,0,0,0,-0.2
1619609605734,0.19,0,0,0,0,-0.209
1619609605754,0.2,0,0,0,0,-0.208
1619609605774,0.197,0,0,0,0,-0.202
1619609605794,0.2,0,0,0,0,-0.205
1619609605814,0.2,0,0,0,0,-0.205
1619609605834,0.2,0,0,0,0,-0.21
1619609605854,0.19,0,0,0,0,-0.2
1619609605874,0.197,0,0,0,0,-0.204
1619609605894,0.2,0,0,0,0,-0.203
1619609605914,0.197,0,0,0,0,-0.208
1619609605934,0.197,0,0,0,0,-0.213
1619609605954,0.2,0,0,0,0,-0.214
1619609605974,0.197,0,0,0,0,-0.212
1619609605994,0.197,0,0,0,0,-0.215
1619609606014,0.2,0,0,0,0,-0.21
1619609606034,0.197,0,0,0,0,-0.193
1619609606054,0.193,0,0,0,0,-0.193
1619609606074,0.204,0,0,0,0,-0.198
1619609606094,0.193,0,0,0,0,-0.193
1619609606114,0.193,0,0,0,0,-0.218
1619609606134,0.204,0,0,0,0,-0.211
1619609606154,0.204,0,0,0,0,-0.211
1619609606174,0.197,0,0,0,0,-0.208
1619609606194,0.197,0,0,0,0,-0.204
1619609606214,0.204,0,0,0,0,-0.207
1619609606234,0.197,0,0,0,0,-0.205
1619609606255,0.2,0,0,0,0,-0.201
1619609606274,0.193,0,0,0,0,-0.214
1619609606294,0.2,0,0,0,0,-0.224
1619609606314,0.197,0,0,0,0,-0.213
1619609606334,0.197,0,0,0,0,-0.176
1619609606354,0.19,0,0,0,0,-0.174
1619609606374,0.193,0,0,0,0,-0.196
1619609606394,0.19,0,0,0,0,-0.189
1619609606414,0.193,0,0,0,0,-0.181
1619609606434,0.193,0,0,0,0,-0.183
1619609606454,0.197,0,0,0,0,-0.188
1619609606474,0.2,0,0,0,0,-0.17
1619609606494,0.2,0,0,0,0,-0.17
1619609606514,0.193,0,0,0,0,-0.176
1619609606534,0.197,0,0,0,0,-0.186
1619609606554,0.197,0,0,0,0,-0.193
1619609606574,0.197,0,0,0,0,-0.195
1619609606594,0.197,0,0,0,0,-0.166
1619609606614,0.193,0,0,0,0,-0.153
1619609606634,0.2,0,0,0,0,-0.129
1619609606654,0.197,0,0,0,0,-0.128
1619609606674,0.197,0,0,0,0,-0.117
1619609606694,0.2,0,0,0,0,-0.128
1619609606714,0.204,0,0,0,0,-0.169
1619609606734,0.193,0,0,0,0,-0.21
1619609606754,0.197,0,0,0,0,-0.187
1619609606774,0.193,0,0,0,0,-0.153
1619609606794,0.19,0,0,0,0,-0.097
1619609606814,0.204,0,0,0,0,-0.107
1619609606834,0.197,0,0,0,0,-0.124
1619609606854,0.197,0,0,0,0,-0.123
1619609606874,0.197,0,0,0,0,-0.123
1619609606894,0.204,0,0,0,0,-0.147
1619609606914,0.2,0,0,0,0,-0.163
1619609606934,0.19,0,0,0,0,-0.139
1619609606954,0.197,0,0,0,0,-0.157
1619609606985,0.197,0,0,0,0,-0.167
1619609606994,0.197,0,0,0,0,-0.185
1619609607014,0.197,0,0,0,0,-0.185
1619609607034,0.197,0,0,0,0,-0.175
1619609607054,0.2,0,0,0,0,-0.178
1619609607086,0.197,0,0,0,0,-0.189
1619609607094,0.197,0,0,0,0,-0.182
1619609607114,0.2,0,0,0,0,-0.195
1619609607135,0.193,0,0,0,0,-0.21
1619609607154,0.19,0,0,0,0,-0.267
1619609607176,0.193,0,0,0,0,-0.336
1619609607194,0.204,0,0,0,0,-0.368
1619609607214,0.204,0,0,0,0,-0.368
1619609607235,0.2,0,0,0,0,-0.335
1619609607254,0.193,0,0,0,0,-0.329
1619609607275,0.187,0,0,0,0,-0.312
1619609607294,0.197,0,0,0,0,-0.304
1619609607314,0.187,0,0,0,0,-0.307
1619609607334,0.2,0,0,0,0,-0.3
1619609607354,0.19,0,0,0,0,-0.285
1619609607376,0.2,0,0,0,0,-0.272
1619609607394,0.19,0,0,0,0,-0.257
1619609607414,0.19,0,0,0,0,-0.226
1619609607434,0.2,0,0,0,0,-0.222
1619609607455,0.197,0,0,0,0,-0.207
1619609607476,0.197,0,0,0,0,-0.2
1619609607494,0.207,0,0,0,0,-0.199
1619609607514,0.207,0,0,0,0,-0.199
1619609607534,0.197,0,0,0,0,-0.182
1619609607554,0.2,0,0,0,0,-0.183
1619609607574,0.193,0,0,0,0,-0.187
1619609607594,0.2,0,0,0,0,-0.186
1619609607614,0.193,0,0,0,0,-0.18
1619609607635,0.193,0,0,0,0,-0.191
1619609607654,0.204,0,0,0,0,-0.21
1619609607675,0.197,0,0,0,0,-0.219
1619609607694,0.193,0,0,0,0,-0.201
1619609607714,0.2,0,0,0,0,-0.221
1619609607734,0.197,0,0,0,0,-0.219
1619609607754,0.187,0,0,0,0,-0.211
1619609607776,0.193,0,0,0,0,-0.223
1619609607794,0.197,0,0,0,0,-0.223
1619609607814,0.19,0,0,0,0,-0.197
1619609607834,0.204,0,0,0,0,-0.185
1619609607855,0.197,0,0,0,0,-0.209
1619609607879,0.197,0,0,0,0,-0.209
1619609607895,0.2,0,0,0,0,-0.202
1619609607914,0.2,0,0,0,0,-0.202
1619609607934,0.2,0,0,0,0,-0.202
1619609607954,0.193,0,0,0,0,-0.185
1619609607974,0.197,0,0,0,0,-0.166
1619609607994,0.204,0,0,0,0,-0.163
1619609608014,0.197,0,0,0,0,-0.175
1619609608034,0.2,0,0,0,0,-0.169
1619609608054,0.2,0,0,0,0,-0.15
1619609608074,0.197,0,0,0,0,-0.16
1619609608094,0.197,0,0,0,0,-0.176
1619609608114,0.193,0,0,0,0,-0.182
1619609608134,0.193,0,0,0,0,-0.187
1619609608154,0.19,0,0,0,0,-0.202
1619609608174,0.19,0,0,0,0,-0.213
1619609608194,0.197,0,0,0,0,-0.202
1619609608214,0.197,0,0,0,0,-0.202
1619609608234,0.193,0,0,0,0,-0.209
1619609608254,0.197,0,0,0,0,-0.212
1619609608274,0.197,0,0,0,0,-0.218
1619609608294,0.2,0,0,0,0,-0.197
1619609608314,0.197,0,0,0,0,-0.202
1619609608334,0.197,0,0,0,0,-0.195
1619609608354,0.193,0,0,0,0,-0.185
1619609608374,0.2,0,0,0,0,-0.181
1619609608394,0.197,0,0,0,0,-0.186
1619609608414,0.197,0,0,0,0,-0.183
1619609608434,0.204,0,0,0,0,-0.165
1619609608454,0.197,0,0,0,0,-0.163
1619609608474,0.19,0,0,0,0,-0.173
1619609608494,0.2,0,0,0,0,-0.206
1619609608514,0.197,0,0,0,0,-0.217
1619609608534,0.2,0,0,0,0,-0.231
1619609608554,0.2,0,0,0,0,-0.231
1619609608574,0.197,0,0,0,0,-0.228
1619609608594,0.2,0,0,0,0,-0.229
1619609608614,0.2,0,0,0,0,-0.227
1619609608634,0.19,0,0,0,0,-0.217
1619609608654,0.19,0,0,0,0,-0.216
1619609608674,0.2,0,0,0,0,-0.217
1619609608694,0.197,0,0,0,0,-0.216
1619609608714,0.19,0,0,0,0,-0.217
1619609608734,0.19,0,0,0,0,-0.211
1619609608754,0.2,0,0,0,0,-0.205
1619609608774,0.19,0,0,0,0,-0.189
1619609608794,0.2,0,0,0,0,-0.198
1619609608814,0.187,0,0,0,0,-0.206
1619609608834,0.2,0,0,0,0,-0.212
1619609608854,0.2,0,0,0,0,-0.204
1619609608874,0.197,0,0,0,0,-0.21
1619609608894,0.193,0,0,0,0,-0.213
1619609608914,0.193,0,0,0,0,-0.213
1619609608934,0.197,0,0,0,0,-0.217
1619609608954,0.193,0,0,0,0,-0.212
1619609608974,0.197,0,0,0,0,-0.215
1619609608994,0.2,0,0,0,0,-0.215
1619609609014,0.187,0,0,0,0,-0.218
1619609609034,0.193,0,0,0,0,-0.217
1619609609054,0.193,0,0,0,0,-0.224
1619609609075,0.2,0,0,0,0,-0.221
1619609609094,0.19,0,0,0,0,-0.236
1619609609114,0.19,0,0,0,0,-0.22
1619609609134,0.2,0,0,0,0,-0.232
1619609609154,0.204,0,0,0,0,-0.217
1619609609174,0.187,0,0,0,0,-0.211
1619609609194,0.19,0,0,0,0,-0.213
1619609609215,0.2,0,0,0,0,-0.207
1619609609234,0.197,0,0,0,0,-0.221
1619609609254,0.197,0,0,0,0,-0.221
1619609609274,0.2,0,0,0,0,-0.219
1619609609294,0.2,0,0,0,0,-0.22
1619609609314,0.19,0,0,0,0,-0.228
1619609609334,0.211,0,0,0,0,-0.234
1619609609354,0.197,0,0,0,0,-0.239
1619609609374,0.204,0,0,0,0,-0.22
1619609609395,0.197,0,0,0,0,-0.219
1619609609414,0.204,0,0,0,0,-0.218
1619609609434,0.19,0,0,0,0,-0.224
1619609609454,0.197,0,0,0,0,-0.227
1619609609474,0.193,0,0,0,0,-0.219
1619609609497,0.197,0,0,0,0,-0.217
1619609609514,0.187,0,0,0,0,-0.205
1619609609534,0.197,0,0,0,0,-0.214
1619609609554,0.19,0,0,0,0,-0.216
1619609609574,0.19,0,0,0,0,-0.215
1619609609595,0.19,0,0,0,0,-0.215
1619609609614,0.193,0,0,0,0,-0.237
1619609609634,0.197,0,0,0,0,-0.229
1619609609654,0.2,0,0,0,0,-0.205
1619609609674,0.2,0,0,0,0,-0.212
1619609609695,0.193,0,0,0,0,-0.214
1619609609714,0.204,0,0,0,0,-0.212
1619609609734,0.19,0,0,0,0,-0.227
1619609609754,0.197,0,0,0,0,-0.219
1619609609774,0.2,0,0,0,0,-0.211
1619609609795,0.197,0,0,0,0,-0.213
1619609609814,0.2,0,0,0,0,-0.199
1619609609834,0.197,0,0,0,0,-0.211
1619609609854,0.197,0,0,0,0,-0.202
1619609609874,0.187,0,0,0,0,-0.214
1619609609896,0.19,0,0,0,0,-0.226
1619609609914,0.187,0,0,0,0,-0.214
1619609609934,0.2,0,0,0,0,-0.208
1619609609954,0.2,0,0,0,0,-0.208
1619609609974,0.2,0,0,0,0,-0.211
1619609609994,0.193,0,0,0,0,-0.213
1619609610014,0.197,0,0,0,0,-0.213
1619609610034,0.19,0,0,0,0,-0.227
1619609610054,0.204,0,0,0,0,-0.24
1619609610074,0.19,0,0,0,0,-0.231
1619609610095,0.197,0,0,0,0,-0.218
1619609610114,0.2,0,0,0,0,-0.207
1619609610134,0.2,0,0,0,0,-0.209
1619609610154,0.19,0,0,0,0,-0.218
1619609610174,0.2,0,0,0,0,-0.214
1619609610196,0.193,0,0,0,0,-0.231
1619609610214,0.207,0,0,0,0,-0.227
1619609610235,0.193,0,0,0,0,-0.206
1619609610254,0.197,0,0,0,0,-0.213
1619609610274,0.2,0,0,0,0,-0.207
1619609610294,0.2,0,0,0,0,-0.207
1619609610314,0.197,0,0,0,0,-0.204
1619609610334,0.2,0,0,0,0,-0.209
1619609610354,0.204,0,0,0,0,-0.198
1619609610374,0.19,0,0,0,0,-0.205
1619609610394,0.2,0,0,0,0,-0.206
1619609610414,0.197,0,0,0,0,-0.193
1619609610434,0.193,0,0,0,0,-0.195
1619609610454,0.19,0,0,0,0,-0.2
1619609610474,0.197,0,0,0,0,-0.198
1619609610494,0.197,0,0,0,0,-0.175
1619609610514,0.197,0,0,0,0,-0.19
1619609610534,0.19,0,0,0,0,-0.204
1619609610554,0.197,0,0,0,0,-0.206
1619609610574,0.2,0,0,0,0,-0.208
1619609610594,0.19,0,0,0,0,-0.203
1619609610614,0.197,0,0,0,0,-0.19
1619609610634,0.197,0,0,0,0,-0.19
1619609610654,0.2,0,0,0,0,-0.192
1619609610674,0.2,0,0,0,0,-0.207
1619609610694,0.19,0,0,0,0,-0.214
1619609610714,0.2,0,0,0,0,-0.205
1619609610734,0.204,0,0,0,0,-0.206
1619609610754,0.193,0,0,0,0,-0.201
1619609610774,0.187,0,0,0,0,-0.189
1619609610794,0.204,0,0,0,0,-0.206
1619609610815,0.19,0,0,0,0,-0.202
1619609610834,0.2,0,0,0,0,-0.22
1619609610854,0.197,0,0,0,0,-0.205
1619609610874,0.197,0,0,0,0,-0.186
1619609610894,0.2,0,0,0,0,-0.186
1619609610914,0.2,0,0,0,0,-0.194
1619609610934,0.19,0,0,0,0,-0.192
1619609610954,0.197,0,0,0,0,-0.198
1619609610974,0.19,0,0,0,0,-0.195
1619609610994,0.19,0,0,0,0,-0.195
1619609611014,0.2,0,0,0,0,-0.21
1619609611034,0.197,0,0,0,0,-0.215
1619609611054,0.19,0,0,0,0,-0.212
1619609611074,0.193,0,0,0,0,-0.218
1619609611094,0.197,0,0,0,0,-0.231
1619609611114,0.2,0,0,0,0,-0.198
1619609611134,0.19,0,0,0,0,-0.198
1619609611154,0.187,0,0,0,0,-0.198
1619609611174,0.197,0,0,0,0,-0.191
1619609611194,0.187,0,0,0,0,-0.189
1619609611214,0.193,0,0,0,0,-0.208
1619609611234,0.193,0,0,0,0,-0.24
1619609611254,0.204,0,0,0,0,-0.23
1619609611274,0.197,0,0,0,0,-0.207
1619609611294,0.204,0,0,0,0,-0.221
1619609611314,0.19,0,0,0,0,-0.234
1619609611334,0.2,0,0,0,0,-0.223
1619609611354,0.2,0,0,0,0,-0.223
1619609611375,0.2,0,0,0,0,-0.217
1619609611394,0.197,0,0,0,0,-0.216
1619609611414,0.2,0,0,0,0,-0.203
1619609611434,0.2,0,0,0,0,-0.208
1619609611454,0.2,0,0,0,0,-0.219
1619609611474,0.2,0,0,0,0,-0.222
1619609611494,0.193,0,0,0,0,-0.196
1619609611515,0.197,0,0,0,0,-0.207
1619609611534,0.2,0,0,0,0,-0.211
1619609611554,0.197,0,0,0,0,-0.216
1619609611575,0.2,0,0,0,0,-0.203
1619609611594,0.2,0,0,0,0,-0.178
1619609611614,0.197,0,0,0,0,-0.193
1619609611634,0.2,0,0,0,0,-0.211
1619609611654,0.2,0,0,0,0,-0.191
1619609611674,0.197,0,0,0,0,-0.204
1619609611694,0.197,0,0,0,0,-0.204
1619609611716,0.2,0,0,0,0,-0.218
1619609611734,0.19,0,0,0,0,-0.221
1619609611754,0.19,0,0,0,0,-0.205
1619609611774,0.197,0,0,0,0,-0.222
1619609611794,0.2,0,0,0,0,-0.223
1619609611815,0.197,0,0,0,0,-0.192
1619609611834,0.19,0,0,0,0,-0.202
1619609611854,0.187,0,0,0,0,-0.201
1619609611874,0.204,0,0,0,0,-0.202
1619609611894,0.197,0,0,0,0,-0.203
1619609611915,0.197,0,0,0,0,-0.201
1619609611934,0.193,0,0,0,0,-0.205
1619609611954,0.197,0,0,0,0,-0.226
1619609611974,0.193,0,0,0,0,-0.214
1619609611994,0.197,0,0,0,0,-0.213
1619609612014,0.19,0,0,0,0,-0.205
1619609612034,0.2,0,0,0,0,-0.207
1619609612054,0.2,0,0,0,0,-0.207
1619609612074,0.193,0,0,0,0,-0.209
1619609612094,0.19,0,0,0,0,-0.208
1619609612115,0.204,0,0,0,0,-0.21
1619609612134,0.197,0,0,0,0,-0.201
1619609612154,0.187,0,0,0,0,-0.216
1619609612174,0.2,0,0,0,0,-0.195
1619609612194,0.2,0,0,0,0,-0.216
1619609612215,0.19,0,0,0,0,-0.222
1619609612234,0.19,0,0,0,0,-0.219
1619609612254,0.187,0,0,0,0,-0.205
1619609612274,0.2,0,0,0,0,-0.195
1619609612294,0.204,0,0,0,0,-0.191
1619609612315,0.197,0,0,0,0,-0.195
1619609612334,0.2,0,0,0,0,-0.189
1619609612354,0.197,0,0,0,0,-0.207
1619609612374,0.2,0,0,0,0,-0.225
1619609612394,0.2,0,0,0,0,-0.225
1619609612416,0.193,0,0,0,0,-0.233
1619609612434,0.193,0,0,0,0,-0.246
1619609612454,0.19,0,0,0,0,-0.231
1619609612474,0.197,0,0,0,0,-0.217
1619609612494,0.2,0,0,0,0,-0.221
1619609612514,0.193,0,0,0,0,-0.218
1619609612534,0.204,0,0,0,0,-0.228
1619609612554,0.2,0,0,0,0,-0.223
1619609612574,0.19,0,0,0,0,-0.221
1619609612594,0.2,0,0,0,0,-0.212
1619609612615,0.204,0,0,0,0,-0.209
1619609612634,0.197,0,0,0,0,-0.207
1619609612654,0.19,0,0,0,0,-0.218
1619609612674,0.193,0,0,0,0,-0.211
1619609612694,0.2,0,0,0,0,-0.199
1619609612714,0.2,0,0,0,0,-0.19
1619609612734,0.2,0,0,0,0,-0.19
1619609612754,0.197,0,0,0,0,-0.187
1619609612774,0.197,0,0,0,0,-0.177
1619609612794,0.193,0,0,0,0,-0.174
1619609612814,0.193,0,0,0,0,-0.198
1619609612834,0.197,0,0,0,0,-0.195
1619609612854,0.197,0,0,0,0,-0.193
1619609612874,0.204,0,0,0,0,-0.183
1619609612894,0.197,0,0,0,0,-0.193
1619609612914,0.19,0,0,0,0,-0.207
1619609612934,0.197,0,0,0,0,-0.205
1619609612954,0.193,0,0,0,0,-0.205
1619609612974,0.197,0,0,0,0,-0.185
1619609612995,0.19,0,0,0,0,-0.191
1619609613014,0.197,0,0,0,0,-0.188
1619609613034,0.2,0,0,0,0,-0.209
1619609613054,0.19,0,0,0,0,-0.204
1619609613074,0.19,0,0,0,0,-0.204
1619609613094,0.187,0,0,0,0,-0.195
1619609613114,0.193,0,0,0,0,-0.194
1619609613134,0.197,0,0,0,0,-0.19
1619609613154,0.2,0,0,0,0,-0.18
1619609613174,0.197,0,0,0,0,-0.188
1619609613194,0.19,0,0,0,0,-0.197
1619609613214,0.204,0,0,0,0,-0.186
1619609613234,0.2,0,0,0,0,-0.167
1619609613254,0.197,0,0,0,0,-0.161
1619609613274,0.19,0,0,0,0,-0.169
1619609613294,0.197,0,0,0,0,-0.164
1619609613314,0.2,0,0,0,0,-0.182
1619609613334,0.19,0,0,0,0,-0.204
1619609613354,0.204,0,0,0,0,-0.218
1619609613374,0.2,0,0,0,0,-0.212
1619609613394,0.19,0,0,0,0,-0.233
1619609613414,0.204,0,0,0,0,-0.217
1619609613434,0.204,0,0,0,0,-0.217
1619609613454,0.187,0,0,0,0,-0.212
1619609613474,0.197,0,0,0,0,-0.23
1619609613494,0.19,0,0,0,0,-0.22
1619609613514,0.2,0,0,0,0,-0.23
1619609613534,0.19,0,0,0,0,-0.225
1619609613554,0.2,0,0,0,0,-0.22
1619609613574,0.19,0,0,0,0,-0.215
1619609613594,0.2,0,0,0,0,-0.224
1619609613614,0.2,0,0,0,0,-0.226
1619609613634,0.19,0,0,0,0,-0.215
1619609613654,0.197,0,0,0,0,-0.218
1619609613674,0.2,0,0,0,0,-0.23
1619609613694,0.193,0,0,0,0,-0.228
1619609613714,0.2,0,0,0,0,-0.22
1619609613734,0.197,0,0,0,0,-0.22
1619609613754,0.2,0,0,0,0,-0.218
1619609613774,0.2,0,0,0,0,-0.218
1619609613794,0.187,0,0,0,0,-0.205
1619609613814,0.2,0,0,0,0,-0.221
1619609613834,0.193,0,0,0,0,-0.213
1619609613854,0.197,0,0,0,0,-0.2
1619609613874,0.204,0,0,0,0,-0.214
1619609613894,0.197,0,0,0,0,-0.207
1619609613914,0.187,0,0,0,0,-0.203
1619609613934,0.207,0,0,0,0,-0.193
1619609613954,0.193,0,0,0,0,-0.186
1619609613974,0.197,0,0,0,0,-0.173
1619609613994,0.197,0,0,0,0,-0.147
1619609614014,0.2,0,0,0,0,-0.107
1619609614034,0.197,0,0,0,0,-0.091
1619609614054,0.2,0,0,0,0,-0.111
1619609614074,0.193,0,0,0,0,-0.131
1619609614094,0.2,0,0,0,0,-0.145
1619609614114,0.2,0,0,0,0,-0.151
1619609614135,0.197,0,0,0,0,-0.156
1619609614154,0.197,0,0,0,0,-0.156
1619609614174,0.187,0,0,0,0,-0.147
1619609614194,0.193,0,0,0,0,-0.151
1619609614214,0.193,0,0,0,0,-0.182
1619609614236,0.19,0,0,0,0,-0.183
1619609614254,0.197,0,0,0,0,-0.183
1619609614274,0.204,0,0,0,0,-0.185
1619609614294,0.197,0,0,0,0,-0.226
1619609614314,0.2,0,0,0,0,-0.264
1619609614335,0.2,0,0,0,0,-0.281
1619609614354,0.187,0,0,0,0,-0.25
1619609614374,0.19,0,0,0,0,-0.204
1619609614394,0.193,0,0,0,0,-0.181
1619609614414,0.204,0,0,0,0,-0.209
1619609614435,0.2,0,0,0,0,-0.256
1619609614454,0.19,0,0,0,0,-0.289
1619609614474,0.197,0,0,0,0,-0.294
1619609614494,0.197,0,0,0,0,-0.289
1619609614514,0.197,0,0,0,0,-0.289
1619609614535,0.2,0,0,0,0,-0.273
1619609614554,0.187,0,0,0,0,-0.26
1619609614574,0.193,0,0,0,0,-0.288
1619609614594,0.193,0,0,0,0,-0.297
1619609614614,0.19,0,0,0,0,-0.285
1619609614638,0.193,0,0,0,0,-0.283
1619609614654,0.2,0,0,0,0,-0.27
1619609614674,0.2,0,0,0,0,-0.273
1619609614694,0.19,0,0,0,0,-0.267
1619609614714,0.2,0,0,0,0,-0.271
1619609614734,0.2,0,0,0,0,-0.238
1619609614754,0.2,0,0,0,0,-0.222
1619609614774,0.2,0,0,0,0,-0.23
1619609614794,0.2,0,0,0,0,-0.218
1619609614814,0.2,0,0,0,0,-0.218
1619609614835,0.204,0,0,0,0,-0.193
1619609614854,0.193,0,0,0,0,-0.204
1619609614874,0.197,0,0,0,0,-0.202
1619609614894,0.19,0,0,0,0,-0.203
1619609614914,0.2,0,0,0,0,-0.219
1619609614936,0.193,0,0,0,0,-0.214
1619609614954,0.19,0,0,0,0,-0.208
1619609614974,0.207,0,0,0,0,-0.221
1619609614994,0.204,0,0,0,0,-0.215
1619609615014,0.193,0,0,0,0,-0.192
1619609615034,0.2,0,0,0,0,-0.206
1619609615054,0.197,0,0,0,0,-0.197
1619609615074,0.197,0,0,0,0,-0.204
1619609615094,0.204,0,0,0,0,-0.205
1619609615114,0.2,0,0,0,0,-0.2
1619609615134,0.2,0,0,0,0,-0.195
1619609615154,0.2,0,0,0,0,-0.188
1619609615174,0.2,0,0,0,0,-0.188
1619609615194,0.183,0,0,0,0,-0.199
1619609615214,0.197,0,0,0,0,-0.203
1619609615234,0.187,0,0,0,0,-0.182
1619609615254,0.19,0,0,0,0,-0.196
1619609615274,0.193,0,0,0,0,-0.198
1619609615294,0.193,0,0,0,0,-0.192
1619609615314,0.197,0,0,0,0,-0.195
1619609615334,0.2,0,0,0,0,-0.194
1619609615354,0.19,0,0,0,0,-0.183
1619609615375,0.187,0,0,0,0,-0.194
1619609615394,0.2,0,0,0,0,-0.186
1619609615414,0.2,0,0,0,0,-0.188
1619609615434,0.197,0,0,0,0,-0.188
1619609615454,0.197,0,0,0,0,-0.182
1619609615474,0.2,0,0,0,0,-0.181
1619609615494,0.197,0,0,0,0,-0.173
1619609615514,0.207,0,0,0,0,-0.175
1619609615534,0.207,0,0,0,0,-0.175
1619609615554,0.19,0,0,0,0,-0.178
1619609615574,0.197,0,0,0,0,-0.198
1619609615594,0.204,0,0,0,0,-0.182
1619609615614,0.193,0,0,0,0,-0.188
1619609615634,0.197,0,0,0,0,-0.193
1619609615654,0.197,0,0,0,0,-0.186
1619609615675,0.204,0,0,0,0,-0.179
1619609615694,0.197,0,0,0,0,-0.178
1619609615714,0.197,0,0,0,0,-0.196
1619609615734,0.19,0,0,0,0,-0.203
1619609615754,0.204,0,0,0,0,-0.206
1619609615774,0.193,0,0,0,0,-0.206
1619609615794,0.19,0,0,0,0,-0.201
1619609615814,0.204,0,0,0,0,-0.212
1619609615834,0.193,0,0,0,0,-0.207
1619609615854,0.197,0,0,0,0,-0.192
1619609615874,0.197,0,0,0,0,-0.192
1619609615894,0.19,0,0,0,0,-0.193
1619609615914,0.2,0,0,0,0,-0.206
1619609615934,0.197,0,0,0,0,-0.209
1619609615954,0.19,0,0,0,0,-0.193
1619609615974,0.2,0,0,0,0,-0.194
1619609615994,0.197,0,0,0,0,-0.209
1619609616015,0.197,0,0,0,0,-0.206
1619609616034,0.197,0,0,0,0,-0.196
1619609616054,0.19,0,0,0,0,-0.188
1619609616074,0.197,0,0,0,0,-0.186
1619609616094,0.19,0,0,0,0,-0.204
1619609616114,0.2,0,0,0,0,-0.182
1619609616134,0.197,0,0,0,0,-0.191
1619609616154,0.197,0,0,0,0,-0.206
1619609616174,0.2,0,0,0,0,-0.202
1619609616194,0.193,0,0,0,0,-0.211
1619609616214,0.2,0,0,0,0,-0.192
1619609616234,0.2,0,0,0,0,-0.192
1619609616254,0.19,0,0,0,0,-0.19
1619609616274,0.2,0,0,0,0,-0.196
1619609616294,0.2,0,0,0,0,-0.182
1619609616314,0.193,0,0,0,0,-0.183
1619609616334,0.197,0,0,0,0,-0.198
1619609616354,0.204,0,0,0,0,-0.204
1619609616374,0.193,0,0,0,0,-0.197
1619609616394,0.197,0,0,0,0,-0.211
1619609616414,0.204,0,0,0,0,-0.222
1619609616434,0.187,0,0,0,0,-0.201
1619609616454,0.193,0,0,0,0,-0.193
1619609616474,0.197,0,0,0,0,-0.2
1619609616494,0.197,0,0,0,0,-0.209
1619609616514,0.2,0,0,0,0,-0.186
1619609616534,0.2,0,0,0,0,-0.189
1619609616564,0.193,0,0,0,0,-0.205
1619609616574,0.2,0,0,0,0,-0.192
1619609616594,0.204,0,0,0,0,-0.189
1619609616614,0.204,0,0,0,0,-0.189
1619609616635,0.183,0,0,0,0,-0.203
1619609616656,0.19,0,0,0,0,-0.194
1619609616674,0.19,0,0,0,0,-0.199
1619609616694,0.197,0,0,0,0,-0.219
1619609616714,0.187,0,0,0,0,-0.181
1619609616734,0.19,0,0,0,0,-0.196
1619609616757,0.193,0,0,0,0,-0.192
1619609616774,0.2,0,0,0,0,-0.192
1619609616794,0.187,0,0,0,0,-0.203
1619609616814,0.2,0,0,0,0,-0.209
1619609616834,0.19,0,0,0,0,-0.205
1619609616854,0.187,0,0,0,0,-0.212
1619609616876,0.2,0,0,0,0,-0.196
1619609616894,0.2,0,0,0,0,-0.188
1619609616914,0.2,0,0,0,0,-0.199
1619609616934,0.204,0,0,0,0,-0.208
1619609616955,0.204,0,0,0,0,-0.208
1619609616974,0.197,0,0,0,0,-0.211
1619609616994,0.2,0,0,0,0,-0.216
1619609617014,0.2,0,0,0,0,-0.212
1619609617034,0.204,0,0,0,0,-0.211
1619609617056,0.197,0,0,0,0,-0.213
1619609617075,0.204,0,0,0,0,-0.206
1619609617094,0.197,0,0,0,0,-0.207
1619609617114,0.207,0,0,0,0,-0.212
1619609617134,0.187,0,0,0,0,-0.198
1619609617154,0.19,0,0,0,0,-0.181
1619609617174,0.197,0,0,0,0,-0.183
1619609617194,0.2,0,0,0,0,-0.202
1619609617214,0.19,0,0,0,0,-0.199
1619609617234,0.204,0,0,0,0,-0.177
1619609617256,0.197,0,0,0,0,-0.21
1619609617274,0.197,0,0,0,0,-0.204
1619609617294,0.197,0,0,0,0,-0.204
1619609617314,0.2,0,0,0,0,-0.183
1619609617334,0.193,0,0,0,0,-0.198
1619609617355,0.2,0,0,0,0,-0.196
1619609617374,0.193,0,0,0,0,-0.185
1619609617394,0.197,0,0,0,0,-0.175
1619609617414,0.197,0,0,0,0,-0.155
1619609617434,0.19,0,0,0,0,-0.17
1619609617454,0.197,0,0,0,0,-0.188
1619609617474,0.19,0,0,0,0,-0.178
1619609617494,0.2,0,0,0,0,-0.173
1619609617514,0.187,0,0,0,0,-0.17
1619609617534,0.19,0,0,0,0,-0.17
1619609617554,0.2,0,0,0,0,-0.185
1619609617574,0.19,0,0,0,0,-0.19
1619609617594,0.197,0,0,0,0,-0.189
1619609617614,0.197,0,0,0,0,-0.176
1619609617634,0.2,0,0,0,0,-0.176
1619609617654,0.2,0,0,0,0,-0.176
1619609617674,0.19,0,0,0,0,-0.183
1619609617695,0.207,0,0,0,0,-0.184
1619609617714,0.183,0,0,0,0,-0.197
1619609617734,0.2,0,0,0,0,-0.191
1619609617754,0.19,0,0,0,0,-0.188
1619609617774,0.197,0,0,0,0,-0.2
1619609617794,0.2,0,0,0,0,-0.175
1619609617814,0.197,0,0,0,0,-0.191
1619609617834,0.19,0,0,0,0,-0.199
1619609617854,0.204,0,0,0,0,-0.235
1619609617874,0.197,0,0,0,0,-0.21
1619609617894,0.19,0,0,0,0,-0.224
1619609617914,0.204,0,0,0,0,-0.221
1619609617934,0.2,0,0,0,0,-0.209
1619609617954,0.193,0,0,0,0,-0.234
1619609617974,0.2,0,0,0,0,-0.219
1619609617994,0.2,0,0,0,0,-0.219
1619609618014,0.193,0,0,0,0,-0.219
1619609618034,0.2,0,0,0,0,-0.216
1619609618054,0.197,0,0,0,0,-0.235
1619609618074,0.2,0,0,0,0,-0.224
1619609618094,0.19,0,0,0,0,-0.221
1619609618114,0.2,0,0,0,0,-0.226
1619609618134,0.197,0,0,0,0,-0.225
1619609618154,0.2,0,0,0,0,-0.23
1619609618174,0.193,0,0,0,0,-0.227
1619609618194,0.204,0,0,0,0,-0.209
1619609618215,0.193,0,0,0,0,-0.191
1619609618234,0.204,0,0,0,0,-0.183
1619609618254,0.2,0,0,0,0,-0.19
1619609618274,0.193,0,0,0,0,-0.187
1619609618294,0.193,0,0,0,0,-0.157
1619609618314,0.19,0,0,0,0,-0.136
1619609618334,0.19,0,0,0,0,-0.136
1619609618354,0.197,0,0,0,0,-0.149
1619609618374,0.2,0,0,0,0,-0.171
1619609618394,0.197,0,0,0,0,-0.163
1619609618414,0.187,0,0,0,0,-0.166
1619609618434,0.2,0,0,0,0,-0.188
1619609618454,0.197,0,0,0,0,-0.195
1619609618474,0.197,0,0,0,0,-0.176
1619609618494,0.193,0,0,0,0,-0.18
1619609618514,0.19,0,0,0,0,-0.193
1619609618534,0.193,0,0,0,0,-0.19
1619609618554,0.193,0,0,0,0,-0.199
1619609618574,0.207,0,0,0,0,-0.235
1619609618594,0.187,0,0,0,0,-0.22
1619609618614,0.187,0,0,0,0,-0.193
1619609618634,0.19,0,0,0,0,-0.157
1619609618654,0.197,0,0,0,0,-0.162
1619609618674,0.2,0,0,0,0,-0.169
1619609618694,0.197,0,0,0,0,-0.183
1619609618714,0.197,0,0,0,0,-0.183
1619609618734,0.2,0,0,0,0,-0.206
1619609618754,0.2,0,0,0,0,-0.244
1619609618774,0.204,0,0,0,0,-0.208
1619609618794,0.187,0,0,0,0,-0.17
1619609618814,0.2,0,0,0,0,-0.165
1619609618834,0.2,0,0,0,0,-0.198
1619609618854,0.193,0,0,0,0,-0.209
1619609618874,0.2,0,0,0,0,-0.218
1619609618894,0.193,0,0,0,0,-0.221
1619609618914,0.193,0,0,0,0,-0.257
1619609618934,0.204,0,0,0,0,-0.303
1619609618954,0.193,0,0,0,0,-0.275
1619609618974,0.2,0,0,0,0,-0.278
1619609618994,0.197,0,0,0,0,-0.255
1619609619014,0.197,0,0,0,0,-0.255
1619609619034,0.204,0,0,0,0,-0.273
1619609619054,0.187,0,0,0,0,-0.275
1619609619076,0.197,0,0,0,0,-0.262
1619609619094,0.193,0,0,0,0,-0.256
1619609619114,0.19,0,0,0,0,-0.255
1619609619134,0.19,0,0,0,0,-0.243
1619609619154,0.2,0,0,0,0,-0.232
1619609619174,0.19,0,0,0,0,-0.234
1619609619194,0.2,0,0,0,0,-0.217
1619609619214,0.19,0,0,0,0,-0.214
1619609619234,0.197,0,0,0,0,-0.222
1619609619254,0.197,0,0,0,0,-0.218
1619609619274,0.2,0,0,0,0,-0.226
1619609619294,0.193,0,0,0,0,-0.21
1619609619314,0.197,0,0,0,0,-0.214
1619609619334,0.2,0,0,0,0,-0.213
1619609619354,0.2,0,0,0,0,-0.213
1619609619375,0.197,0,0,0,0,-0.229
1619609619395,0.2,0,0,0,0,-0.217
1619609619414,0.197,0,0,0,0,-0.217
1619609619434,0.2,0,0,0,0,-0.214
1619609619454,0.19,0,0,0,0,-0.219
1619609619476,0.2,0,0,0,0,-0.221
1619609619494,0.197,0,0,0,0,-0.218
1619609619514,0.19,0,0,0,0,-0.208
1619609619534,0.2,0,0,0,0,-0.214
1619609619554,0.19,0,0,0,0,-0.209
1619609619574,0.193,0,0,0,0,-0.219
1619609619594,0.2,0,0,0,0,-0.214
1619609619614,0.204,0,0,0,0,-0.2
1619609619634,0.19,0,0,0,0,-0.193
1619609619654,0.197,0,0,0,0,-0.2
1619609619674,0.193,0,0,0,0,-0.214
1619609619694,0.2,0,0,0,0,-0.198
1619609619714,0.197,0,0,0,0,-0.223
1619609619734,0.197,0,0,0,0,-0.223
1619609619754,0.193,0,0,0,0,-0.224
1619609619775,0.197,0,0,0,0,-0.215
1619609619794,0.193,0,0,0,0,-0.186
1619609619814,0.2,0,0,0,0,-0.186
1619609619834,0.187,0,0,0,0,-0.213
1619609619854,0.187,0,0,0,0,-0.211
1619609619874,0.193,0,0,0,0,-0.197
1619609619894,0.197,0,0,0,0,-0.223
1619609619914,0.197,0,0,0,0,-0.215
1619609619934,0.193,0,0,0,0,-0.204
1619609619954,0.197,0,0,0,0,-0.22
1619609619974,0.197,0,0,0,0,-0.217
1619609619994,0.197,0,0,0,0,-0.199
1619609620014,0.2,0,0,0,0,-0.218
1619609620034,0.197,0,0,0,0,-0.219
1619609620054,0.193,0,0,0,0,-0.208
1619609620074,0.197,0,0,0,0,-0.216
1619609620094,0.197,0,0,0,0,-0.216
1619609620114,0.197,0,0,0,0,-0.208
1619609620134,0.2,0,0,0,0,-0.218
1619609620154,0.2,0,0,0,0,-0.199
1619609620174,0.197,0,0,0,0,-0.204
1619609620194,0.2,0,0,0,0,-0.205
1619609620214,0.197,0,0,0,0,-0.203
1619609620234,0.197,0,0,0,0,-0.189
1619609620254,0.193,0,0,0,0,-0.201
1619609620274,0.2,0,0,0,0,-0.212
1619609620294,0.2,0,0,0,0,-0.222
1619609620314,0.2,0,0,0,0,-0.226
1619609620334,0.197,0,0,0,0,-0.218
1619609620354,0.2,0,0,0,0,-0.213
1619609620374,0.2,0,0,0,0,-0.199
1619609620394,0.2,0,0,0,0,-0.217
1619609620414,0.19,0,0,0,0,-0.225
1619609620434,0.19,0,0,0,0,-0.225
1619609620454,0.197,0,0,0,0,-0.185
1619609620474,0.204,0,0,0,0,-0.116
1619609620494,0.197,0,0,0,0,-0.131
1619609620514,0.2,0,0,0,0,-0.207
1619609620534,0.183,0,0,0,0,-0.201
1619609620554,0.19,0,0,0,0,-0.191
1619609620574,0.187,0,0,0,0,-0.194
1619609620594,0.197,0,0,0,0,-0.182
1619609620614,0.197,0,0,0,0,-0.167
1619609620634,0.187,0,0,0,0,-0.162
1619609620654,0.2,0,0,0,0,-0.155
1619609620674,0.197,0,0,0,0,-0.16
1619609620694,0.207,0,0,0,0,-0.196
1619609620714,0.19,0,0,0,0,-0.196
1619609620734,0.193,0,0,0,0,-0.195
1619609620754,0.2,0,0,0,0,-0.185
1619609620774,0.197,0,0,0,0,-0.211
1619609620794,0.197,0,0,0,0,-0.195
1619609620814,0.197,0,0,0,0,-0.195
1619609620834,0.193,0,0,0,0,-0.171
1619609620854,0.197,0,0,0,0,-0.172
1619609620874,0.19,0,0,0,0,-0.207
1619609620894,0.204,0,0,0,0,-0.227
1619609620914,0.183,0,0,0,0,-0.194
1619609620934,0.2,0,0,0,0,-0.189
1619609620954,0.197,0,0,0,0,-0.19
1619609620974,0.193,0,0,0,0,-0.21
1619609620994,0.2,0,0,0,0,-0.203
1619609621014,0.197,0,0,0,0,-0.202
1619609621034,0.193,0,0,0,0,-0.226
1619609621054,0.204,0,0,0,0,-0.216
1619609621074,0.2,0,0,0,0,-0.214
1619609621094,0.2,0,0,0,0,-0.238
1619609621114,0.204,0,0,0,0,-0.221
1619609621134,0.19,0,0,0,0,-0.245
1619609621154,0.19,0,0,0,0,-0.245
1619609621174,0.204,0,0,0,0,-0.205
1619609621194,0.19,0,0,0,0,-0.224
1619609621214,0.19,0,0,0,0,-0.217
1619609621234,0.197,0,0,0,0,-0.209
1619609621254,0.187,0,0,0,0,-0.218
1619609621274,0.187,0,0,0,0,-0.242
1619609621294,0.2,0,0,0,0,-0.242
1619609621314,0.197,0,0,0,0,-0.238
1619609621334,0.2,0,0,0,0,-0.23
1619609621354,0.2,0,0,0,0,-0.213
1619609621374,0.183,0,0,0,0,-0.23
1619609621396,0.2,0,0,0,0,-0.222
1619609621414,0.2,0,0,0,0,-0.228
1619609621434,0.19,0,0,0,0,-0.22
1619609621454,0.19,0,0,0,0,-0.22
1619609621474,0.2,0,0,0,0,-0.23
1619609621496,0.197,0,0,0,0,-0.222
1619609621514,0.193,0,0,0,0,-0.213
1619609621534,0.204,0,0,0,0,-0.213
1619609621555,0.2,0,0,0,0,-0.2
1619609621574,0.187,0,0,0,0,-0.201
1619609621597,0.2,0,0,0,0,-0.198
1619609621614,0.187,0,0,0,0,-0.214
1619609621634,0.204,0,0,0,0,-0.199
1619609621654,0.19,0,0,0,0,-0.211
1619609621674,0.2,0,0,0,0,-0.204
1619609621695,0.197,0,0,0,0,-0.208
1619609621714,0.197,0,0,0,0,-0.201
1619609621734,0.2,0,0,0,0,-0.225
1619609621754,0.193,0,0,0,0,-0.231
1619609621774,0.19,0,0,0,0,-0.228
1619609621796,0.2,0,0,0,0,-0.232
1619609621814,0.193,0,0,0,0,-0.217
1619609621834,0.193,0,0,0,0,-0.217
1619609621854,0.197,0,0,0,0,-0.216
1619609621874,0.193,0,0,0,0,-0.226
1619609621897,0.2,0,0,0,0,-0.222
1619609621914,0.193,0,0,0,0,-0.214
1619609621934,0.204,0,0,0,0,-0.209
1619609621954,0.187,0,0,0,0,-0.195
1619609621974,0.193,0,0,0,0,-0.203
1619609621994,0.19,0,0,0,0,-0.224
1619609622014,0.204,0,0,0,0,-0.212
1619609622034,0.2,0,0,0,0,-0.217
1619609622054,0.19,0,0,0,0,-0.206
1619609622074,0.197,0,0,0,0,-0.205
1619609622094,0.2,0,0,0,0,-0.179
1619609622114,0.197,0,0,0,0,-0.197
1619609622134,0.197,0,0,0,0,-0.217
1619609622154,0.2,0,0,0,0,-0.223
1619609622174,0.2,0,0,0,0,-0.223
1619609622196,0.197,0,0,0,0,-0.208
1619609622214,0.197,0,0,0,0,-0.207
1619609622234,0.193,0,0,0,0,-0.202
1619609622254,0.197,0,0,0,0,-0.202
1619609622274,0.193,0,0,0,0,-0.214
1619609622294,0.2,0,0,0,0,-0.204
1619609622314,0.19,0,0,0,0,-0.236
1619609622334,0.19,0,0,0,0,-0.219
1619609622354,0.2,0,0,0,0,-0.217
1619609622374,0.197,0,0,0,0,-0.222
1619609622394,0.19,0,0,0,0,-0.228
1619609622415,0.197,0,0,0,0,-0.221
1619609622435,0.2,0,0,0,0,-0.222
1619609622454,0.19,0,0,0,0,-0.222
1619609622474,0.19,0,0,0,0,-0.218
1619609622494,0.197,0,0,0,0,-0.219
1619609622514,0.197,0,0,0,0,-0.219
1619609622534,0.193,0,0,0,0,-0.222
1619609622554,0.19,0,0,0,0,-0.232
1619609622574,0.193,0,0,0,0,-0.226
1619609622594,0.204,0,0,0,0,-0.217
1619609622614,0.204,0,0,0,0,-0.184
1619609622634,0.207,0,0,0,0,-0.195
1619609622654,0.19,0,0,0,0,-0.216
1619609622674,0.204,0,0,0,0,-0.227
1619609622694,0.2,0,0,0,0,-0.217
1619609622714,0.2,0,0,0,0,-0.211
1619609622734,0.193,0,0,0,0,-0.228
1619609622754,0.193,0,0,0,0,-0.252
1619609622774,0.197,0,0,0,0,-0.235
1619609622794,0.19,0,0,0,0,-0.22
1619609622814,0.204,0,0,0,0,-0.205
1619609622834,0.187,0,0,0,0,-0.2
1619609622854,0.187,0,0,0,0,-0.2
1619609622874,0.204,0,0,0,0,-0.184
1619609622894,0.204,0,0,0,0,-0.184
1619609622914,0.193,0,0,0,0,-0.203
1619609622934,0.19,0,0,0,0,-0.201
1619609622954,0.2,0,0,0,0,-0.213
1619609622974,0.197,0,0,0,0,-0.197
1619609622994,0.197,0,0,0,0,-0.196
1619609623014,0.204,0,0,0,0,-0.209
1619609623034,0.19,0,0,0,0,-0.209
1619609623054,0.19,0,0,0,0,-0.189
1619609623074,0.193,0,0,0,0,-0.176
1619609623094,0.197,0,0,0,0,-0.2
1619609623114,0.204,0,0,0,0,-0.205
1619609623134,0.19,0,0,0,0,-0.193
1619609623154,0.197,0,0,0,0,-0.213
1619609623174,0.197,0,0,0,0,-0.197
1619609623194,0.2,0,0,0,0,-0.187
1619609623214,0.197,0,0,0,0,-0.195
1619609623235,0.197,0,0,0,0,-0.195
1619609623254,0.187,0,0,0,0,-0.192
1619609623274,0.207,0,0,0,0,-0.195
1619609623294,0.193,0,0,0,0,-0.188
1619609623314,0.197,0,0,0,0,-0.165
1619609623334,0.193,0,0,0,0,-0.162
1619609623354,0.207,0,0,0,0,-0.157
1619609623374,0.193,0,0,0,0,-0.161
1619609623394,0.197,0,0,0,0,-0.178
1619609623414,0.19,0,0,0,0,-0.181
1619609623434,0.2,0,0,0,0,-0.184
1619609623454,0.197,0,0,0,0,-0.21
1619609623474,0.197,0,0,0,0,-0.206
1619609623494,0.2,0,0,0,0,-0.207
1619609623514,0.2,0,0,0,0,-0.2
1619609623534,0.19,0,0,0,0,-0.215
1619609623554,0.197,0,0,0,0,-0.222
1619609623574,0.197,0,0,0,0,-0.222
1619609623594,0.19,0,0,0,0,-0.227
1619609623614,0.193,0,0,0,0,-0.205
1619609623634,0.193,0,0,0,0,-0.204
1619609623654,0.204,0,0,0,0,-0.182
1619609623674,0.197,0,0,0,0,-0.193
1619609623694,0.197,0,0,0,0,-0.184
1619609623725,0.2,0,0,0,0,-0.186
1619609623734,0.193,0,0,0,0,-0.188
1619609623754,0.193,0,0,0,0,-0.188
1619609623774,0.197,0,0,0,0,-0.189
1619609623794,0.197,0,0,0,0,-0.196
1619609623816,0.204,0,0,0,0,-0.193
1619609623834,0.19,0,0,0,0,-0.185
1619609623854,0.197,0,0,0,0,-0.19
1619609623874,0.2,0,0,0,0,-0.188
1619609623894,0.204,0,0,0,0,-0.208
1619609623916,0.187,0,0,0,0,-0.227
1619609623934,0.19,0,0,0,0,-0.215
1619609623954,0.19,0,0,0,0,-0.215
1619609623974,0.19,0,0,0,0,-0.219
1619609623994,0.2,0,0,0,0,-0.21
1619609624015,0.197,0,0,0,0,-0.204
1619609624034,0.2,0,0,0,0,-0.212
1619609624054,0.2,0,0,0,0,-0.223
1619609624074,0.2,0,0,0,0,-0.211
1619609624094,0.197,0,0,0,0,-0.211
1619609624115,0.19,0,0,0,0,-0.208
1619609624134,0.197,0,0,0,0,-0.219
1619609624154,0.193,0,0,0,0,-0.209
1619609624174,0.19,0,0,0,0,-0.208
1619609624194,0.197,0,0,0,0,-0.209
1619609624216,0.2,0,0,0,0,-0.216
1619609624234,0.2,0,0,0,0,-0.216
1619609624254,0.197,0,0,0,0,-0.219
1619609624274,0.193,0,0,0,0,-0.22
1619609624294,0.193,0,0,0,0,-0.22
1619609624317,0.197,0,0,0,0,-0.209
1619609624334,0.2,0,0,0,0,-0.222
1619609624354,0.2,0,0,0,0,-0.22
1619609624374,0.19,0,0,0,0,-0.219
1619609624394,0.2,0,0,0,0,-0.23
1619609624414,0.197,0,0,0,0,-0.22
1619609624434,0.197,0,0,0,0,-0.212
1619609624454,0.197,0,0,0,0,-0.21
1619609624474,0.2,0,0,0,0,-0.207
1619609624494,0.19,0,0,0,0,-0.217
1619609624515,0.187,0,0,0,0,-0.214
1619609624534,0.193,0,0,0,0,-0.203
1619609624554,0.197,0,0,0,0,-0.207
1619609624574,0.19,0,0,0,0,-0.214
1619609624594,0.204,0,0,0,0,-0.209
1619609624616,0.19,0,0,0,0,-0.195
1619609624634,0.19,0,0,0,0,-0.195
1619609624654,0.197,0,0,0,0,-0.198
1619609624674,0.197,0,0,0,0,-0.211
1619609624694,0.2,0,0,0,0,-0.208
1619609624715,0.2,0,0,0,0,-0.192
1619609624734,0.187,0,0,0,0,-0.199
1619609624754,0.2,0,0,0,0,-0.19
1619609624774,0.2,0,0,0,0,-0.182
1619609624794,0.2,0,0,0,0,-0.179
1619609624814,0.187,0,0,0,0,-0.151
1619609624834,0.2,0,0,0,0,-0.155
1619609624854,0.204,0,0,0,0,-0.162
1619609624874,0.193,0,0,0,0,-0.193
1619609624894,0.197,0,0,0,0,-0.193
1619609624914,0.2,0,0,0,0,-0.192
1619609624934,0.2,0,0,0,0,-0.187
1619609624954,0.193,0,0,0,0,-0.205
1619609624974,0.2,0,0,0,0,-0.194
1619609624994,0.19,0,0,0,0,-0.177
1619609625014,0.19,0,0,0,0,-0.177
1619609625034,0.2,0,0,0,0,-0.193
1619609625054,0.2,0,0,0,0,-0.213
1619609625074,0.197,0,0,0,0,-0.215
1619609625094,0.204,0,0,0,0,-0.216
1619609625114,0.19,0,0,0,0,-0.219
1619609625134,0.19,0,0,0,0,-0.212
1619609625154,0.2,0,0,0,0,-0.225
1619609625174,0.207,0,0,0,0,-0.215
1619609625194,0.183,0,0,0,0,-0.205
1619609625214,0.19,0,0,0,0,-0.205
1619609625234,0.2,0,0,0,0,-0.209
1619609625254,0.197,0,0,0,0,-0.208
1619609625274,0.197,0,0,0,0,-0.208
1619609625294,0.193,0,0,0,0,-0.204
1619609625314,0.197,0,0,0,0,-0.19
1619609625334,0.193,0,0,0,0,-0.188
1619609625354,0.193,0,0,0,0,-0.188
1619609625374,0.193,0,0,0,0,-0.205
1619609625394,0.193,0,0,0,0,-0.192
1619609625414,0.197,0,0,0,0,-0.201
1619609625434,0.19,0,0,0,0,-0.195
1619609625454,0.197,0,0,0,0,-0.213
1619609625474,0.193,0,0,0,0,-0.205
1619609625494,0.197,0,0,0,0,-0.201
1619609625514,0.197,0,0,0,0,-0.208
1619609625534,0.19,0,0,0,0,-0.21
1619609625554,0.2,0,0,0,0,-0.2
1619609625574,0.197,0,0,0,0,-0.187
1619609625594,0.197,0,0,0,0,-0.177
1619609625614,0.19,0,0,0,0,-0.214
1619609625634,0.193,0,0,0,0,-0.222
1619609625654,0.197,0,0,0,0,-0.217
1619609625675,0.204,0,0,0,0,-0.215
1619609625694,0.204,0,0,0,0,-0.215
1619609625714,0.19,0,0,0,0,-0.228
1619609625734,0.204,0,0,0,0,-0.23
1619609625754,0.197,0,0,0,0,-0.228
1619609625774,0.2,0,0,0,0,-0.211
1619609625794,0.2,0,0,0,0,-0.214
1619609625814,0.2,0,0,0,0,-0.218
1619609625834,0.197,0,0,0,0,-0.22
1619609625854,0.197,0,0,0,0,-0.222
1619609625874,0.204,0,0,0,0,-0.191
1619609625894,0.187,0,0,0,0,-0.205
1619609625914,0.2,0,0,0,0,-0.181
1619609625934,0.193,0,0,0,0,-0.148
1619609625954,0.197,0,0,0,0,-0.103
1619609625974,0.197,0,0,0,0,-0.156
1619609625994,0.197,0,0,0,0,-0.185
1619609626014,0.2,0,0,0,0,-0.232
1619609626034,0.187,0,0,0,0,-0.205
1619609626054,0.197,0,0,0,0,-0.209
1619609626074,0.197,0,0,0,0,-0.209
1619609626094,0.187,0,0,0,0,-0.219
1619609626114,0.19,0,0,0,0,-0.185
1619609626134,0.187,0,0,0,0,-0.18
1619609626154,0.2,0,0,0,0,-0.201
1619609626174,0.19,0,0,0,0,-0.202
1619609626194,0.197,0,0,0,0,-0.207
1619609626214,0.193,0,0,0,0,-0.205
1619609626236,0.197,0,0,0,0,-0.191
1619609626254,0.204,0,0,0,0,-0.197
1619609626274,0.187,0,0,0,0,-0.212
1619609626294,0.2,0,0,0,0,-0.195
1619609626314,0.197,0,0,0,0,-0.202
1619609626334,0.2,0,0,0,0,-0.21
1619609626354,0.2,0,0,0,0,-0.213
1619609626374,0.193,0,0,0,0,-0.24
1619609626394,0.2,0,0,0,0,-0.239
1619609626414,0.2,0,0,0,0,-0.188
1619609626435,0.2,0,0,0,0,-0.188
1619609626454,0.193,0,0,0,0,-0.17
1619609626474,0.207,0,0,0,0,-0.178
1619609626494,0.197,0,0,0,0,-0.191
1619609626514,0.2,0,0,0,0,-0.186
1619609626535,0.197,0,0,0,0,-0.168
1619609626554,0.197,0,0,0,0,-0.134
1619609626574,0.2,0,0,0,0,-0.131
1619609626594,0.204,0,0,0,0,-0.223
1619609626614,0.197,0,0,0,0,-0.286
1619609626636,0.2,0,0,0,0,-0.286
1619609626654,0.19,0,0,0,0,-0.231
1619609626674,0.187,0,0,0,0,-0.234
1619609626694,0.187,0,0,0,0,-0.239
1619609626714,0.2,0,0,0,0,-0.233
1619609626736,0.2,0,0,0,0,-0.233
1619609626754,0.19,0,0,0,0,-0.24
1619609626774,0.19,0,0,0,0,-0.248
1619609626794,0.193,0,0,0,0,-0.255
1619609626814,0.193,0,0,0,0,-0.228
1619609626834,0.19,0,0,0,0,-0.23
1619609626854,0.2,0,0,0,0,-0.219
1619609626874,0.19,0,0,0,0,-0.216
1619609626894,0.2,0,0,0,0,-0.222
1619609626914,0.19,0,0,0,0,-0.229
1619609626936,0.2,0,0,0,0,-0.246
1619609626954,0.19,0,0,0,0,-0.227
1619609626974,0.193,0,0,0,0,-0.225
1619609626994,0.197,0,0,0,0,-0.222
1619609627014,0.2,0,0,0,0,-0.21
1619609627034,0.19,0,0,0,0,-0.219
1619609627054,0.2,0,0,0,0,-0.221
1619609627074,0.2,0,0,0,0,-0.22
1619609627094,0.2,0,0,0,0,-0.22
1619609627114,0.19,0,0,0,0,-0.22
1619609627134,0.193,0,0,0,0,-0.202
1619609627154,0.197,0,0,0,0,-0.204
1619609627174,0.193,0,0,0,0,-0.214
1619609627194,0.2,0,0,0,0,-0.216
1619609627214,0.204,0,0,0,0,-0.216
1619609627234,0.193,0,0,0,0,-0.214
1619609627254,0.197,0,0,0,0,-0.208
1619609627274,0.211,0,0,0,0,-0.201
1619609627294,0.19,0,0,0,0,-0.197
1619609627314,0.19,0,0,0,0,-0.215
1619609627334,0.204,0,0,0,0,-0.228
1619609627354,0.19,0,0,0,0,-0.227
1619609627374,0.19,0,0,0,0,-0.237
