1619611617385,-5.15232,-7.35977,16.02678,-0.03345,0.00129,-1.45714
1619611617405,-6.2728,5.34385,7.27358,-0.04091,0.02366,-1.44969
1619611617425,15.25106,-11.44907,14.89672,-0.06008,-0.49617,-1.38257
1619611617445,1.58017,-3.40934,7.14429,-0.2529,0.36455,-1.47419
1619611617465,-6.21055,10.02691,18.85673,0.18811,-0.24584,-1.29948
1619611617485,5.45878,-5.74129,18.54548,-0.18791,0.23032,-1.54876
1619611617505,-1.6089,-6.34463,14.89672,0.14657,0.24843,-1.35594
1619611617525,0.89064,-2.74854,19.6127,-0.11228,-0.51535,-1.23024
1619611617545,-1.7717,-9.71567,7.27837,0.13698,0.47747,-1.57752
1619611617565,-4.18027,2.17872,6.82347,0.02619,0.11634,-1.28457
1619611617585,4.15633,-5.44441,5.27682,0.01448,-0.23305,-1.3389
1619611617605,-4.4149,1.58975,9.165,0.15509,0.27294,-1.46034
1619611617625,4.33829,-9.97903,2.40856,-0.08565,-0.2256,-1.27711
1619611617645,-11.31978,-2.05422,7.95353,0.18172,0.12699,-1.5136
1619611617665,8.33661,3.55778,2.25533,0.03791,0.08332,-1.5136
1619611617685,9.88805,8.39885,5.67904,-0.06647,-0.11161,-1.35062
1619611617705,3.65834,-7.40766,11.08036,0.02087,0.17174,-1.51041
1619611617725,-15.38992,4.89853,5.28639,0.08052,-0.01574,-1.37512
1619611617745,-0.5363,5.62158,19.6127,-0.11122,-0.2469,-1.33144
1619611617765,-10.01255,17.5064,-4.43885,0.19024,0.28252,-1.51467
1619611617785,-6.09084,4.86501,15.06431,-0.00682,0.00342,-1.36553
1619611617805,-6.09084,4.86501,15.06431,-0.00682,0.00342,-1.36553
1619611617825,-4.86022,-12.51688,7.5561,-0.08245,0.21328,-1.52532
1619611617845,-2.67671,12.7994,11.18571,0.06561,-0.00402,-1.31759
1619611617865,7.54652,-10.12747,2.61446,0.0443,0.03325,-1.50828
1619611617885,-2.4325,4.60165,14.73391,0.14124,0.16641,-1.47419
1619611617905,8.56645,-7.35498,18.89982,-0.11654,-0.32999,-1.32185
1619611617925,-7.52737,3.98395,-7.69496,0.07626,0.30596,-1.60095
1619611617945,2.8491,-0.61291,7.78115,-0.00575,-0.25329,-1.47206
1619611617965,0.52193,5.88015,3.3423,0.06028,0.0961,-1.38257
1619611617985,3.19386,-3.75889,18.44971,-0.08352,0.12912,-1.4859
1619611618005,-8.37491,16.18959,3.47638,-0.01108,-0.2746,-1.36446
1619611618025,1.2785,5.07091,1.69988,0.05602,0.10995,-1.44223
1619611618045,-5.86579,3.97437,7.91523,0.00169,0.00342,-1.43477
1619611618065,8.67658,0.65601,5.43004,0.01341,-0.21814,-1.40494
1619611618065,8.09719,-12.19606,12.61265,0.11248,0.31874,-1.48484
1619611618105,15.98369,-8.02536,8.03015,-0.12932,-0.39284,-1.35488
1619611618125,-5.77481,4.55377,-0.48841,0.05069,0.11528,-1.4646
1619611618145,-2.40856,-5.60243,11.36288,0.11674,0.12912,-1.5168
1619611618165,10.1131,5.2816,2.85388,-0.01108,-0.31508,-1.42412
1619611618187,-14.48492,9.37569,7.83861,-0.00575,0.39011,-1.5136
1619611618205,4.18985,-0.70389,9.20809,-0.15276,-0.21814,-1.44436
1619611618225,-1.21146,5.62158,5.25766,0.11781,0.08012,-1.54236
1619611618245,-14.52322,16.55351,8.34618,0.01021,0.01088,-1.41453
1619611618265,4.3335,-1.08696,15.25585,-0.17833,-0.11481,-1.3847
1619611618287,-14.91587,4.69742,2.21703,0.15616,0.12912,-1.4646
1619611618305,8.28872,-2.86825,12.95742,0.0475,-0.22773,-1.36233
1619611618325,1.60411,-3.30399,12.84728,0.11461,-0.08285,-1.44329
1619611618345,7.16345,1.34075,3.18428,0.01767,0.00875,-1.40814
1619611618365,1.70946,7.36935,3.24174,0.05922,-0.12653,-1.46673
1619611618386,5.55933,-3.54341,14.35563,-0.03665,-0.07859,-1.45714
1619611618405,-12.39717,10.03649,1.79565,-0.0441,-0.05622,-1.49123
1619611618425,-2.23618,-1.10612,17.93257,0.03152,0.01834,-1.44223
1619611618445,-6.98149,1.81001,3.76847,0.14124,0.00023,-1.50828
1619611618465,11.09473,3.64876,6.8522,0.05922,0.01727,-1.50934
1619611618486,2.10689,-5.18105,15.9358,0.03045,-0.07113,-1.44862
1619611618505,14.13536,-1.94888,17.65005,0.04537,-0.01255,-1.41986
1619611618526,-7.60398,5.08049,13.51287,0.01448,-0.03172,-1.41453
1619611618545,6.32069,-1.75255,7.89607,-0.00575,-0.00615,-1.4614
1619611618565,-0.905,-3.48116,13.34528,-0.01108,-0.03065,-1.46566
1619611618587,6.45476,14.81053,11.32936,-0.07074,0.16641,-1.4891
1619611618605,13.18726,-11.20007,19.6127,-0.0473,-0.07859,-1.43477
1619611618625,7.93438,7.35498,1.28808,0.03365,0.06627,-1.45288
1619611618645,-10.54406,1.79565,-4.11323,0.00276,0.06095,-1.43584
1619611618665,1.83874,5.31512,9.58638,-0.00469,-0.21495,-1.38364
1619611618685,-4.06535,-0.81402,14.65251,0.08478,0.19198,-1.56367
1619611618705,-9.21288,-0.78529,13.76187,-0.02706,-0.08285,-1.35168
1619611618725,-11.91354,-2.85867,12.90474,-0.06008,-0.03918,-1.40494
1619611618745,-7.35019,8.49462,9.81143,-0.11015,-0.06581,-1.3847
1619611618765,-1.74776,2.07816,2.79163,-0.00149,-0.03918,-1.39003
1619611618785,-0.51714,-11.57357,-7.90565,0.05602,0.06414,-1.49336
1619611618806,-4.56334,-3.1364,7.43639,0.05709,0.0684,-1.43797
1619611618825,5.54975,-0.72783,14.55195,0.07626,-0.10203,-1.38684
1619611618845,-7.31189,-8.63828,11.19049,0.04643,-0.08605,-1.43903
1619611618865,8.90164,-1.39342,19.6127,0.01021,-0.06261,-1.42838
1619611618887,5.71256,-8.70052,8.23605,-0.19644,-0.24371,-1.37512
1619611618905,7.48906,-6.51701,19.34993,-0.08671,-0.23838,-1.44116
1619611618925,-7.27358,-0.67995,15.27979,-0.12826,0.08758,-1.50188
1619611618945,-6.72291,-0.17717,19.6127,-0.14424,-0.14783,-1.30694
1619611618965,5.49708,0.48362,6.10042,-0.01108,0.16002,-1.46673
1619611618985,3.68707,-0.36391,14.94939,-0.0718,-0.16168,-1.29203
1619611619005,13.08191,-9.68215,11.28147,0.09863,0.3262,-1.41879
1619611619025,7.10599,2.7246,14.34126,0.20729,-0.0722,-1.38044
1619611619045,16.927,-19.6133,10.10831,-0.18898,-0.03811,-1.51573
1619611619065,12.48815,-1.91536,13.40274,0.15935,0.11634,-1.51467
1619611619085,12.42111,-8.08761,13.34528,-0.11867,-0.21708,-1.40708
1619611619105,-3.73974,-9.09317,7.49863,-0.02386,0.31768,-1.52958
1619611619125,-2.94965,5.74608,-2.36068,0.08478,-0.23412,-1.3602
1619611619145,7.07726,3.2992,3.48116,-0.00682,0.13552,-1.56367
1619611619165,5.58806,-14.38436,5.43962,-0.02493,0.10036,-1.42838
1619611619185,-2.14041,8.36534,6.92403,0.17746,-0.33958,-1.39323
1619611619205,-19.6127,-0.26336,9.23204,-0.00469,0.31981,-1.51147
1619611619225,8.24084,-2.22181,8.55208,-0.01534,-0.11907,-1.35275
1619611619245,-0.40222,-2.01591,8.21211,0.11674,0.03538,-1.46353
1619611619265,-10.29506,2.806,11.01811,0.04217,0.06095,-1.4891
1619611619285,-4.1276,-1.08217,-0.6991,0.0198,-0.3268,-1.37192
1619611619305,5.04697,-5.68383,4.3766,-0.02386,0.31874,-1.6638
1619611619325,3.05978,1.60411,11.066,0.06667,-0.09351,-1.5136
1619611619345,18.38746,-11.94227,17.84159,-0.00043,0.11315,-1.43477
1619611619365,6.45955,-5.23851,5.10922,-0.1517,-0.05409,-1.48164
1619611619385,4.93205,0.7805,14.48013,0.23818,0.08545,-1.36873
1619611619405,3.4237,5.92804,4.71657,-0.07074,-0.28632,-1.38577
1619611619425,-8.40843,7.21612,2.99754,-0.10056,0.05136,-1.44862
1619611619445,0.98641,1.25935,13.18247,0.24564,-0.12866,-1.31866
1619611619465,-3.73495,3.27047,10.74038,-0.18578,-0.01255,-1.42199
1619611619485,-3.10767,2.64319,12.22958,-0.15383,0.03538,-1.40068
1619611619505,-4.93684,11.30063,6.91445,0.08798,-0.16275,-1.29203
1619611619525,-6.06211,-1.99197,8.30787,-0.00895,0.06947,-1.44969
1619611619545,-8.65264,0.73741,16.88869,0.25842,0.02899,-1.44969
1619611619565,2.82515,-3.57214,5.46356,0.04537,-0.17233,-1.40601
1619611619585,-2.20745,-1.80522,17.65963,0.10928,0.00768,-1.50188
1619611619605,11.17134,-5.66468,11.50653,-0.08245,-0.23305,-1.41773
1619611619625,5.60722,11.26232,12.87601,0.25203,0.3997,-1.53384
1619611619645,6.20098,-4.38138,19.6127,0.00063,-0.31721,-1.34636
1619611619665,-3.71101,19.6127,9.29907,-0.05902,0.09291,-1.48484
1619611619685,-0.18674,5.29118,4.71657,0.20835,0.21541,-1.47845
1619611619705,-17.31965,15.04516,6.11479,-0.07606,-0.27673,-1.42945
1619611619725,-14.2024,-1.50355,7.33104,0.072,0.33366,-1.55515
1619611619745,0.09097,5.4061,-2.34152,-0.1453,-0.17979,-1.34529
1619611619765,-4.44842,-1.70467,4.71178,0.02513,-0.10735,-1.39003
1619611619785,-12.34929,13.19205,5.10922,0.00808,0.23352,-1.49549
1619611619805,5.10443,1.35511,12.84249,-0.02919,-0.32573,-1.29735
1619611619825,-19.6127,15.89749,10.85531,0.03472,0.32087,-1.51147
1619611619845,-4.02225,-7.01501,14.51843,0.10715,0.00129,-1.31866
1619611619865,13.27345,1.30244,19.6127,-0.12719,-0.03598,-1.39536
1619611619885,-2.26491,-3.06936,7.1826,0.19664,0.26441,-1.54662
1619611619905,-4.3335,5.65989,8.23605,0.11887,-0.2501,-1.33251
1619611619925,-7.36935,4.13239,12.52167,-0.20389,-0.28099,-1.33996
1619611619945,-4.05577,-2.06859,8.24084,0.06241,0.15043,-1.54876
1619611619965,8.52335,-4.32392,6.55532,0.05389,-0.05409,-1.49336
1619611619985,-2.07816,3.06936,9.58159,-0.23159,-0.18831,-1.45501
1619611620005,11.73158,-0.58897,12.86165,0.07307,0.07267,-1.44116
1619611620025,1.60411,-2.08774,6.59841,-0.13465,-0.19471,-1.37405
1619611620045,19.35951,-7.52258,19.6127,0.11568,0.26335,-1.53278
1619611620065,-10.30943,3.89297,8.73404,0.13379,0.14936,-1.50082
1619611620085,2.71981,1.12527,12.25831,0.00063,-0.0232,-1.48271
1619611620105,6.24407,6.34942,-4.06535,0.12207,0.12699,-1.43371
1619611620125,0.09097,1.82917,14.25507,-0.15596,-0.06261,-1.38684
1619611620145,-3.66312,-6.34942,15.3995,0.06348,0.1238,-1.41453
1619611620165,8.99741,-0.96246,19.6127,0.05602,0.10569,-1.49762
1619611620185,-5.26724,-4.7453,19.6127,0.11248,-0.32893,-1.34316
1619611620205,6.48349,-4.66869,3.82114,-0.13252,-0.03279,-1.4923
1619611620225,-5.01345,0.23463,2.50912,0.12526,0.23672,-1.62972
1619611620245,-4.43406,1.72861,8.50899,-0.11654,-0.18725,-1.3357
1619611620265,-1.14921,-0.65601,8.48026,0.02513,0.02047,-1.48271
1619611620285,6.76601,8.33182,12.72278,0.0752,-0.08924,-1.45501
1619611620306,15.10741,-10.51533,15.8544,-0.08991,0.01621,-1.42732
1619611620325,1.45088,2.79642,10.85052,0.04004,-0.00615,-1.44223
1619611620345,8.15465,-9.75397,7.28316,0.19877,0.10995,-1.46886
1619611620365,-0.40701,-6.96233,18.60773,-0.21028,-0.34384,-1.27605
1619611620385,6.67024,-9.60553,5.5306,-0.00788,0.11315,-1.44116
1619611620385,-5.12837,3.8786,19.6127,0.34577,0.11102,-1.40494
1619611620425,10.36689,-9.18894,8.46589,-0.21348,-0.02426,-1.3357
1619611620445,-12.85686,19.6127,13.17289,0.04963,0.30383,-1.51041
1619611620465,3.98395,-1.92493,19.21107,0.12207,-0.14996,-1.37405
1619611620485,-6.38294,7.65186,3.2178,0.05389,0.03751,-1.43797
1619611620506,-5.25287,-3.04542,16.72589,-0.08778,0.00875,-1.52212
1619611620525,-3.09809,10.81221,2.37025,0.14657,0.02579,-1.44223
1619611620545,3.62003,-3.50989,10.50096,-0.11228,-0.03492,-1.36979
1619611620565,-7.40766,13.02924,-4.707,-0.03239,-0.16807,-1.39323
1619611620585,-5.01345,-4.43406,4.5394,0.00063,-0.06474,-1.40921
1619611620607,-12.89995,19.12488,4.76446,-0.14104,-0.05409,-1.45501
1619611620625,5.41089,-0.18195,19.12488,0.06667,0.09184,-1.46673
1619611620645,-13.1298,3.33272,4.33829,0.16468,-0.16168,-1.41666
1619611620665,8.79629,-0.11492,12.88559,-0.16341,0.11315,-1.49017
1619611620685,-6.13873,8.64306,14.14015,0.11568,-0.00828,-1.45075
1619611620705,12.19606,-8.70052,11.20007,0.04217,-0.05089,-1.45821
1619611620725,-0.09576,5.17147,15.75384,0.05496,0.10143,-1.47312
1619611620745,13.61343,-1.98239,13.32133,-0.09737,-0.14251,-1.37299
1619611620765,1.5658,1.99676,11.48259,0.03685,0.27294,-1.37831
1619611620785,-7.93438,-4.67827,19.6127,0.01235,-0.12866,-1.4923
1619611620806,-2.19308,1.0726,10.30943,-0.00682,0.12806,-1.48058
1619611620825,7.03895,-5.5737,19.6127,0.07093,0.07373,-1.35275
1619611620845,4.60165,-3.0933,9.09796,-0.0441,-0.26608,-1.3144
1619611620865,12.28225,-8.08282,18.52154,0.0752,0.19411,-1.45927
1619611620885,-2.72939,-3.81635,11.61187,-0.124,-0.21281,-1.29842
1619611620906,10.13704,-6.66066,19.34515,-0.06967,-0.21175,-1.31227
1619611620925,-5.19062,9.36611,10.68771,0.18385,0.30383,-1.55834
1619611620945,-9.77792,-12.49773,19.6127,-0.22733,-0.41095,-1.25261
1619611620965,5.92804,0.98641,8.7915,0.03045,0.12167,-1.52212
1619611620985,1.59932,4.15633,14.58068,0.21901,0.04284,-1.46353
1619611621006,5.19062,2.99754,0.18195,-0.22307,-0.24158,-1.41773
1619611621025,19.6133,-10.63983,14.38436,0.1455,0.08651,-1.52852
1619611621045,-5.75566,-1.34554,-0.04309,-0.01321,0.03219,-1.42305
1619611621065,0,0.43095,15.88792,-0.20389,-0.01468,-1.44862
1619611621085,-12.49773,11.67412,7.91523,0.10076,-0.08285,-1.41666
1619611621105,3.97916,-14.23113,17.61174,-0.09737,-0.21281,-1.41347
1619611621125,13.63258,5.01345,15.20318,-0.13465,0.03006,-1.44223
1619611621145,19.6133,-9.99818,11.71722,0.2467,-0.02213,-1.44116
1619611621165,-18.98601,6.40209,14.00608,-0.18046,0.15576,-1.51254
1619611621186,12.15775,-5.66468,9.00219,0.15189,-0.07646,-1.3911
1619611621206,-2.07816,11.05163,-3.34709,0.08159,0.07373,-1.5136
1619611621225,4.73573,-8.40364,9.13148,-0.12826,-0.01894,-1.39323
1619611621245,-3.75889,8.37491,0.26336,-0.01747,0.16215,-1.50614
1619611621265,0.7422,-2.13083,9.27034,0.13059,-0.06368,-1.40708
1619611621285,-11.64539,4.39096,1.29765,-0.0228,0.01514,-1.43584
1619611621305,9.01177,-2.68629,17.82722,0.06561,-0.04663,-1.47632
1619611621326,-3.0119,3.21301,8.67658,-0.00895,-0.10948,-1.46247
1619611621345,7.97748,-3.83072,19.6127,0.21475,0.21222,-1.41134
1619611621365,-2.87304,-1.10612,15.02122,-0.16341,-0.09457,-1.45821
1619611621385,13.85285,-4.67348,3.78762,0.06561,0.09078,-1.50188
1619611621405,-6.57447,19.6127,9.5768,0.07307,-0.06368,-1.42732
1619611621425,1.08696,-8.7532,16.96531,-0.10056,0.07906,-1.57113
1619611621445,10.35252,9.43794,6.37815,0.06348,-0.08072,-1.38364
1619611621465,5.45878,0.27293,15.62456,-0.01108,0.01088,-1.4859
1619611621485,-5.34864,4.43406,1.58017,0.02726,0.02473,-1.49123
1619611621505,0.0383,0.21547,8.69574,-0.1453,-0.10842,-1.43797
1619611621525,-0.29209,2.39899,-2.20266,0.04324,0.06095,-1.50828
1619611621545,3.25611,-1.32159,10.4435,0.06135,-0.08072,-1.4614
1619611621565,-2.87304,7.44596,4.19942,0.04856,0.05243,-1.50401
1619611621585,11.5592,-0.45968,12.97657,-0.08139,-0.12227,-1.42092
1619611621605,6.65109,-1.77649,16.15128,0.00169,-0.21495,-1.45288
1619611621625,-6.45955,0.81402,13.37879,-0.02812,0.13019,-1.48804
1619611621645,-7.73327,1.62805,11.3102,0.02513,-0.29058,-1.40388
1619611621665,2.48518,6.42124,18.74181,0.03365,0.05136,-1.50295
1619611621685,-7.762,-5.43962,19.6127,-0.16767,0.16321,-1.45821
1619611621705,16.84081,-2.58573,17.24783,0.1732,-0.13931,-1.43371
1619611621725,0.04788,8.47068,3.28005,0.21155,0.09078,-1.53917
1619611621745,-9.07881,-0.40222,19.6127,-0.11761,0.04177,-1.53278
1619611621765,-3.6727,9.36132,3.32794,0.05496,-0.18405,-1.48697
1619611621785,-5.5737,-2.2266,7.15866,-0.15915,-0.00402,-1.45714
1619611621805,-13.60385,4.91769,-0.3687,-0.00895,-0.19684,-1.46247
1619611621825,-0.66079,-4.81234,-0.11013,-0.27527,0.00662,-1.44329
1619611621845,1.73819,0.51235,3.30878,0.15829,-0.02959,-1.43477
1619611621865,-2.83473,2.58573,8.81066,0.00063,0.05456,-1.41666
1619611621885,-7.76679,-2.65277,14.01565,0.04004,0.12912,-1.45182
1619611621905,7.56567,11.84172,13.96777,0.00276,-0.03598,-1.36553
1619611621925,-0.63685,-9.14585,18.89025,0.02619,0.18239,-1.52319
1619611621945,-1.20667,-2.34631,19.6127,0.12207,-0.00935,-1.38257
1619611621965,-12.78982,3.00232,11.54484,-0.03452,0.10036,-1.4401
1619611621985,-1.23061,2.13083,8.34618,0.10502,-0.01574,-1.43797
1619611622005,0.2873,-6.29196,8.93037,-0.02067,-0.01041,-1.44649
1619611622025,-17.75061,7.51779,11.29105,0.08372,-0.18086,-1.37512
1619611622045,7.24006,-1.24977,7.92959,0.02513,0.10462,-1.52638
1619611622065,5.85621,-2.29843,14.16409,-0.17194,-0.05622,-1.3879
1619611622085,1.80043,-5.60722,5.30555,-0.03771,-0.01361,-1.40814
1619611622105,-7.15866,-1.22104,2.40856,0.18598,-0.01468,-1.49549
1619611622125,-3.14119,-2.9305,10.62546,-0.0473,-0.0754,-1.4646
1619611622145,-2.86346,0.48362,7.2257,-0.02386,0.03006,-1.41986
1619611622165,8.27436,-4.87938,0.99119,0.05389,0.24524,-1.47845
1619611622185,12.93826,-3.07894,11.60709,-0.04197,-0.18725,-1.34316
1619611622205,1.19231,-13.55118,19.6127,-0.06221,0.08651,-1.44756
1619611622225,4.28083,2.63841,19.6127,0.17959,-0.07646,-1.45288
1619611622245,-3.73016,5.06613,1.78128,-0.01854,-0.15742,-1.43371
1619611622265,1.58017,10.06522,-0.04309,0.11674,-0.06048,-1.35914
1619611622285,-14.2024,-7.03416,9.62947,-0.06647,0.08012,-1.44649
1619611622306,-14.19761,8.48983,-4.47236,0.07307,0.03645,-1.47312
1619611622325,-2.7629,1.08217,16.01242,-0.04517,-0.33319,-1.37512
1619611622345,10.08916,-19.6133,19.6127,-0.11441,0.23032,-1.48484
1619611622365,6.80432,-16.98925,16.1417,0.00595,-0.09457,-1.32398
1619611622385,-3.36145,9.3709,3.48116,-0.12293,-0.2256,-1.41453
1619611622405,-0.18195,-13.23993,13.55118,0.03472,0.00023,-1.46993
1619611622425,-0.62249,9.18415,10.35252,-0.0995,-0.13399,-1.41027
1619611622445,2.46602,-8.42758,13.18247,-0.11335,-0.14357,-1.42092
1619611622465,-0.40701,4.52504,-0.01915,0.16042,0.06308,-1.43158
1619611622485,18.04749,-11.16176,6.10521,-0.14317,-0.25223,-1.34209
1619611622505,-6.55532,7.11077,7.96311,0.00702,-0.06155,-1.47525
1619611622525,-5.3247,-4.89374,4.15633,-0.00362,0.22074,-1.5658
1619611622545,-0.89543,10.62067,6.90008,0.02087,0.0684,-1.43371
1619611622565,1.16358,4.2904,5.84185,0.14657,0.07799,-1.42625
1619611622585,-4.79798,11.5592,10.82658,-0.11441,-0.01255,-1.45288
1619611622605,-2.69587,-0.05267,-1.01514,0.09863,-0.16062,-1.3389
1619611622605,-15.19839,17.83201,7.82425,-0.05795,0.07799,-1.51467
1619611622645,-7.80509,-1.12527,9.58159,-0.04623,-0.01041,-1.39323
1619611622665,-11.51611,13.76666,-2.74375,0.09863,0.06947,-1.39855
1619611622685,-1.70467,6.84741,1.92014,0.0688,-0.05303,-1.39536
1619611622705,4.38617,1.55144,12.68448,0.12313,-0.23199,-1.43371
1619611622705,-9.88326,-0.14365,10.76433,0.08372,0.22819,-1.38364
1619611622745,-10.77869,8.66222,0.30645,-0.10589,-0.10309,-1.37086
1619611622765,-1.2354,-1.79086,7.19697,0.10822,-0.1244,-1.44756
1619611622785,-1.19231,4.56334,12.86644,-0.0473,-0.03598,-1.42625
1619611622805,-1.1971,-0.13886,7.85298,-0.11441,-0.15742,-1.42732
1619611622826,1.83395,0.76614,13.01488,0.24244,0.16321,-1.42625
1619611622845,1.99197,1.46046,5.89931,0.01021,-0.13505,-1.42305
1619611622865,-0.48362,1.73819,18.17677,0.07093,0.15789,-1.55941
1619611622885,5.44441,1.03908,18.52154,0.06561,0.01088,-1.39962
1619611622905,-13.97256,4.88417,11.93749,-0.0473,-0.02,-1.42412
1619611622925,-4.80276,3.91691,4.64953,0.00276,0.04177,-1.46993
1619611622945,-10.96544,11.26711,2.85388,0.12846,-0.06581,-1.39536
1619611622965,-10.96544,11.26711,2.85388,0.12846,-0.06581,-1.39536
1619611622985,4.33829,8.6287,7.47469,-0.05369,-0.05835,-1.41773
1619611623005,2.87304,-1.36469,9.11233,0.00382,0.25376,-1.43158
1619611623025,14.68124,3.60566,7.9248,-0.0441,-0.13185,-1.40814
1619611623045,9.83059,-10.15141,12.70363,0.09757,0.11847,-1.50934
1619611623065,-0.48841,5.44441,16.36676,0.06028,0.01408,-1.41986
1619611623085,-0.34476,0.78529,15.84961,-0.05263,0.02686,-1.43264
1619611623105,-1.03908,11.37724,6.07169,0.14124,0.12699,-1.48697
1619611623126,1.34075,-6.86178,6.01902,-0.13678,-0.26395,-1.26966
1619611623145,2.65277,-0.11492,3.70622,-0.12613,-0.00935,-1.44649
1619611623165,19.6133,-7.85298,7.87692,0.22007,0.02153,-1.48271
1619611623185,-1.76213,-4.70221,13.63258,-0.1485,-0.04876,-1.44862
1619611623206,5.45878,-3.65355,16.51041,-0.06008,0.02792,-1.48058
1619611623227,-3.77326,5.03261,6.36857,0.2254,-0.00828,-1.44649
1619611623245,-2.21224,2.95444,7.45554,-0.05795,-0.21601,-1.34529
1619611623265,-4.5825,7.11556,9.46667,0.00915,0.0194,-1.40921
1619611623285,15.66765,1.06781,19.6127,0.01128,-0.03385,-1.41134
1619611623305,-0.52193,6.39251,2.74375,-0.3019,-0.18938,-1.33357
1619611623327,-0.25378,1.66636,13.9965,0.14124,0.10675,-1.42945
1619611623345,0.10534,-8.33661,6.84262,0.02832,-0.14996,-1.24622
1619611623365,-0.15322,-9.29429,8.81545,-0.06541,0.21328,-1.40281
1619611623385,1.26892,-1.84353,15.12656,0.08159,0.06947,-1.37618
1619611623405,-2.41814,-0.8667,11.63582,0.06561,-0.0232,-1.36553
1619611623425,4.01268,2.01112,4.81713,0.08265,0.11847,-1.52745
1619611623445,1.99197,10.30943,8.69574,-0.26674,-0.1244,-1.40921
1619611623465,-3.36624,6.27759,3.88339,-0.11441,0.35496,-1.47206
1619611623485,6.03338,-7.33583,15.09304,0.14763,-0.08711,-1.40175
1619611623505,2.38941,1.11569,3.66791,-0.07393,-0.06048,-1.36553
1619611623526,1.8962,-2.49954,5.25766,0.06028,0.22926,-1.47632
1619611623545,-13.56554,3.28963,5.81312,-0.00469,-0.30443,-1.31972
1619611623565,8.70531,-13.60385,5.79875,-0.12826,0.25802,-1.52212
1619611623585,-10.34295,15.29894,4.85065,0.06774,-0.03918,-1.36979
1619611623605,3.99831,-6.40688,12.50731,-0.04197,-0.08711,-1.46673
1619611623626,-6.11,10.41477,-3.0119,0.08904,0.1451,-1.50721
1619611623646,1.09175,3.07894,10.17535,0.03791,-0.19577,-1.37512
1619611623665,-0.84275,3.94085,6.16746,-0.01747,0.06201,-1.50934
1619611623685,3.73974,-1.96803,3.44765,0.1487,-0.09244,-1.45821
1619611623705,8.2552,6.70855,16.81687,-0.19857,0.0961,-1.55195
1619611623725,7.07247,-15.96932,18.0427,0.04537,-0.05409,-1.3911
1619611623745,-2.97838,-0.10534,16.19438,-0.16661,-0.11161,-1.43477
1619611623765,-4.71657,0.69431,19.39303,0.23392,0.13978,-1.46034
1619611623785,-8.37491,3.25611,18.31085,-0.09311,-0.3481,-1.43051
1619611623805,-13.35006,-1.33596,11.42513,0.16148,0.36881,-1.49123
1619611623825,2.53785,1.46046,11.97579,0.36601,-0.28951,-1.2835
1619611623845,4.03183,4.87938,2.58094,-0.14424,0.2218,-1.40175
1619611623865,-18.55506,10.59194,9.82101,0.22114,-0.02959,-1.26859
1619611623885,4.83628,5.95677,2.23139,-0.16767,-0.43972,-1.30055
1619611623905,-0.52672,4.95599,6.24886,0.02832,0.29211,-1.45182
1619611623925,2.2266,1.47482,1.07739,0.24777,-0.01574,-1.32931
1619611623945,-3.60087,5.15711,5.11401,0.02939,-0.23945,-1.42945
1619611623965,11.15698,0.45489,6.21534,0.09437,0.25589,-1.5136
1619611623985,-9.9886,11.75553,2.89698,0.05815,-0.42267,-1.30694
1619611624005,1.57538,0.15322,4.81713,-0.03132,0.31128,-1.48271
1619611624025,-19.6127,11.76031,5.31991,0.2712,0.0748,-1.57113
1619611624045,-5.25287,-2.86346,9.63426,-0.20709,-0.3023,-1.31866
1619611624065,-10.63983,6.95276,-9.2464,-0.01854,0.28359,-1.50508
1619611624085,7.73806,-5.88494,3.18907,0.21794,-0.00722,-1.41879
1619611624105,3.04063,5.55454,3.80199,-0.12932,-0.16701,-1.42945
1619611624125,4.19942,-2.39899,19.6127,0.0443,0.25909,-1.48697
1619611624145,5.55454,0.48362,8.80587,-0.08139,-0.477,-1.30481
1619611624165,9.67736,-12.17212,19.6127,-0.0995,0.44018,-1.49336
1619611624185,-7.91044,13.57512,18.04749,0.07733,-0.04983,-1.39216
1619611624205,19.077,-15.83525,15.36119,-0.0228,-0.09244,-1.29416
1619611624225,-6.03338,-2.89698,5.85621,0.15722,0.3507,-1.50401
1619611624245,14.75307,-15.84482,15.28937,-0.03558,-0.39817,-1.3112
1619611624265,-1.93451,-5.70298,12.95742,0.06135,0.29211,-1.44329
1619611624285,5.71256,-3.32794,19.6127,0.24883,0.08758,-1.46993
1619611624305,-10.78827,13.06276,11.38682,-0.15596,-0.62507,-1.27072
1619611624325,6.45955,8.4228,2.25533,0.05283,0.12699,-1.55302
1619611624345,-4.92247,4.06056,14.75307,-0.08991,-0.07966,-1.45927
1619611624365,7.73327,1.50355,10.87446,-0.08565,-0.14038,-1.43158
1619611624385,-2.18351,7.32146,-3.85466,-0.01641,0.17174,-1.44329
1619611624405,-8.62391,2.74854,9.44751,-0.07287,-0.34171,-1.33251
1619611624425,-9.55286,1.20188,1.05344,-0.08245,0.28146,-1.50188
1619611624445,2.25533,2.19787,19.6127,0.20409,-0.00935,-1.33783
1619611624465,3.58172,2.00634,8.2169,0.18918,0.03112,-1.44862
1619611624485,-0.46926,-6.22971,8.19774,-0.11548,0.18452,-1.41879
1619611624505,0.07182,0.00957,5.75566,0.05602,-0.37367,-1.20894
1619611624525,13.42189,-12.25831,19.11051,0.00808,0.49025,-1.56686
1619611624545,-10.30464,-9.0836,14.79137,0.13592,0.02047,-1.4401
1619611624565,8.06367,-0.9481,13.43625,-0.04517,-0.34491,-1.2899
1619611624585,-5.19062,-5.12837,12.09071,0.15083,0.36455,-1.47206
1619611624605,16.70195,4.58729,13.1681,-0.06328,-0.19364,-1.36233
1619611624625,-1.06302,-5.13316,9.61511,0.06774,0.11102,-1.37192
1619611624645,-2.37983,-5.59764,13.51766,0.16255,-0.07433,-1.45714
1619611624665,3.94085,2.83952,4.76446,-0.25503,-0.16381,-1.34636
1619611624685,1.86747,3.82114,16.97489,0.24351,0.15363,-1.4156
1619611624705,-6.11479,-0.63206,5.5737,-0.124,-0.09031,-1.4401
1619611624725,-2.73417,3.04542,7.37892,0.01767,0.08225,-1.40175
1619611624745,-11.20007,4.41011,-2.30801,0.023,0.03538,-1.46566
1619611624765,0.98162,2.64798,-0.30645,0.03472,-0.20962,-1.35594
1619611624785,2.7246,-7.71411,5.36301,0.06774,0.18345,-1.47632
1619611624805,8.38928,3.00232,14.51843,0.02193,-0.13185,-1.34742
1619611624825,14.14494,-12.02846,10.56321,0.04963,0.05882,-1.44329
1619611624845,-12.00931,10.16099,18.30127,-0.0473,0.19837,-1.44862
1619611624865,7.8003,1.1971,5.70777,0.1487,-0.23732,-1.34529
1619611624885,-6.73249,-6.63193,19.6127,-0.08139,0.35283,-1.46886
1619611624905,13.1298,-13.12022,13.30697,-0.02812,-0.08392,-1.31866
1619611624925,6.89051,6.98628,19.35472,0.10396,-0.08072,-1.32825
1619611624946,12.15775,-6.90487,5.48272,-0.06754,0.11528,-1.51573
1619611624966,2.97359,16.2279,0.79966,0.0475,-0.2778,-1.28457
1619611624985,0.75656,-9.20331,4.9129,-0.06647,0.09717,-1.43797
1619611625005,-11.07078,11.46343,-1.12048,0.06987,-0.15955,-1.46566
1619611625025,14.43703,-5.48751,13.07234,0.05709,0.11421,-1.42305
1619611625025,-4.98951,7.25443,-1.32638,0.04324,-0.00402,-1.38684
1619611625065,1.43173,-2.31279,9.70609,-0.12293,-0.12653,-1.39642
1619611625085,1.49398,7.1826,4.5394,0.16894,0.19943,-1.55728
1619611625105,4.59207,-5.54018,19.2398,-0.05263,-0.2501,-1.41134
1619611625125,-4.44842,7.87213,4.17548,-0.12826,0.3017,-1.42518
1619611625146,2.94486,-7.20654,19.6127,-0.0228,0.20902,-1.41134
1619611625165,3.48595,4.03662,13.04839,-0.11335,-0.2501,-1.35701
1619611625185,9.75397,-5.0757,17.32444,0.1732,0.2708,-1.53704
1619611625205,1.9393,4.62559,7.31668,0.02513,-0.22347,-1.37831
1619611625225,1.92493,15.95496,4.96078,-0.08778,-0.00722,-1.50295
1619611625246,-14.44182,14.87756,-2.67671,0.20409,0.06414,-1.45182
1619611625265,-8.31745,3.18907,7.46033,-0.10376,-0.27353,-1.35488
1619611625285,-9.92636,11.78904,4.48194,-0.00895,0.11102,-1.44223
1619611625305,-0.67995,7.20654,7.19697,0.05176,-0.20216,-1.3357
1619611625325,-11.12824,5.68383,2.53785,-0.11228,0.06521,-1.46566
1619611625346,-3.77805,-6.67024,8.916,0.01448,0.01408,-1.38044
1619611625365,-0.83318,12.24873,6.04296,-0.03345,-0.3513,-1.25261
1619611625385,2.29843,1.73819,4.02704,0.12207,0.27826,-1.48271
1619611625405,-10.61589,11.79383,11.10909,0.2776,-0.18192,-1.35168
1619611625425,5.50187,-3.23696,9.28471,-0.22307,-0.2011,-1.35168
1619611625447,-19.6127,19.6127,0.67995,0.06241,0.23139,-1.58071
1619611625465,-0.02873,0.905,8.45153,-0.14211,-0.22666,-1.36659
1619611625485,-11.96622,6.99585,1.75255,-0.1453,0.07054,-1.41453
1619611625505,-10.10353,5.76523,5.24809,0.05069,0.01727,-1.52745
1619611625525,0.905,0.0814,14.54717,-0.0963,-0.00509,-1.38257
1619611625548,-2.52827,-1.25935,9.97903,0.02832,-0.10629,-1.42305
1619611625565,-6.49307,3.83072,16.22311,0.14018,-0.03065,-1.47632
1619611625585,6.21534,-15.03079,10.63983,-0.17407,0.05456,-1.35275
1619611625605,-2.37983,0.85712,7.60398,0.16787,-0.03385,-1.39642
1619611625625,12.2631,-8.2169,19.6127,-0.13572,0.19304,-1.46993
1619611625645,-12.14339,-1.90578,10.568,0.06348,-0.08924,-1.36553
1619611625665,12.41154,-5.92804,19.6127,0.00169,0.00342,-1.48484
1619611625685,-9.07402,3.01669,16.41464,0.06667,0.18771,-1.51893
1619611625705,5.59764,-0.0814,17.03714,-0.16448,-0.07433,-1.38151
1619611625725,-3.84987,6.67503,2.05901,0.23285,0.21328,-1.49869
1619611625746,1.13006,1.87705,7.86255,-0.08991,-0.22453,-1.40601
1619611625766,-10.65419,7.46033,4.26167,0.17,0.08119,-1.45927
1619611625785,-0.905,-5.29597,11.82735,-0.0196,0.03858,-1.46247
1619611625805,-12.97178,12.0955,-3.48116,-0.09311,-0.08711,-1.44223
1619611625825,-2.06859,0.40701,6.38294,0.13911,0.25802,-1.47419
1619611625845,-3.4668,1.17315,-4.84586,-0.03132,-0.19897,-1.40494
1619611625865,15.69638,-2.34152,19.6127,0.023,0.11954,-1.42092
1619611625885,-3.04542,-1.11569,2.32716,0.01767,0.05775,-1.43158
1619611625905,11.71243,-2.39899,19.6127,-0.05156,0.03219,-1.45714
1619611625925,-0.67995,1.53228,8.20732,0.01021,0.03858,-1.43797
1619611625945,-4.2521,7.12514,8.03015,0.03045,-0.20855,-1.39003
1619611625965,-3.39976,0.27772,12.20564,0.01661,-0.03811,-1.52852
1619611625985,0.11971,1.56101,-0.77093,-0.00149,-0.0999,-1.42518
1619611626005,-13.45062,-6.51222,12.27746,-0.02599,0.00875,-1.48804
1619611626025,5.46356,-4.81234,8.25041,-0.03452,-0.10309,-1.45714
1619611626045,-2.71981,-5.49708,8.12592,-0.04304,-0.22027,-1.43051
1619611626065,8.60476,-5.74608,5.91846,-0.01215,0.02047,-1.45821
1619611626085,-3.16992,3.83551,6.70376,-0.0686,0.11421,-1.44116
1619611626105,-1.20188,-1.6089,-1.90578,-0.00256,-0.05729,-1.36446
1619611626125,-3.26569,-5.89452,15.36119,0.02193,0.03219,-1.50934
1619611626145,-0.33039,-7.8434,14.34605,0.12846,-0.06687,-1.46886
1619611626165,-4.61123,-7.82425,10.86488,0.14018,-0.10629,-1.4678
1619611626185,0.19153,-5.41089,19.09136,-0.07393,-0.00509,-1.49869
1619611626205,10.4866,-2.66714,16.77856,-0.00682,-0.00296,-1.52319
1619611626225,13.14895,-10.80742,18.82321,-0.02599,-0.24584,-1.37192
1619611626245,11.52089,-4.65432,5.9041,-0.11015,0.05243,-1.55941
1619611626265,8.65264,-2.26012,4.52504,-0.08991,0.10249,-1.38257
1619611626285,3.19386,-2.34631,19.6127,-0.05156,-0.13399,-1.32931
1619611626305,5.85142,-4.86022,19.6127,0.10609,0.15363,-1.45608
1619611626325,-5.08528,-12.08114,19.48401,0.04537,0.10143,-1.34422
1619611626345,-5.65031,2.0207,4.76446,-0.03558,-0.11055,-1.40175
1619611626365,-2.81558,-2.04943,12.16733,-0.02173,0.18665,-1.62013
1619611626385,-11.77468,-0.88585,15.36598,0.21048,0.14404,-1.37938
1619611626405,7.11077,4.5394,4.7453,-0.13146,-0.2501,-1.43264
1619611626425,7.79073,-7.25443,11.62624,0.15403,0.17174,-1.53065
1619611626445,0.65601,-4.98951,19.6127,-0.03984,-0.19364,-1.36127
1619611626465,5.08528,-1.05344,19.6127,-0.10163,0.12167,-1.52638
1619611626485,2.16435,-8.49462,11.45864,0.19237,0.16108,-1.51041
1619611626505,7.69017,-3.70143,18.99559,-0.14637,-0.43119,-1.20787
1619611626525,-5.74608,-19.6133,13.83848,-0.11974,0.15576,-1.59456
1619611626545,-0.11971,3.32794,11.81778,0.17427,-0.25329,-1.40175
1619611626565,3.90733,-1.14442,13.14416,-0.03878,0.15682,-1.49656
1619611626585,-12.72757,14.69082,14.42267,0.07093,0.03645,-1.52638
1619611626605,-1.62805,9.43794,13.05797,-0.07606,-0.13931,-1.33144
1619611626625,-2.97838,5.9855,3.7158,-0.07819,0.11421,-1.47632
1619611626645,17.28613,-15.79694,14.60463,0.09011,0.02153,-1.39642
1619611626665,8.52814,9.30865,4.69263,-0.07713,0.02047,-1.42518
1619611626685,5.85142,-5.20978,8.90164,0.13911,0.04284,-1.42625
1619611626705,-3.86424,1.45567,17.06108,-0.06967,-0.0477,-1.40068
1619611626725,11.54005,-14.51843,19.58935,-0.10269,0.02899,-1.42838
1619611626745,10.31422,7.93438,8.50899,0.17533,-0.08179,-1.37512
1619611626765,-4.07971,-2.29843,19.42176,0.03045,0.07586,-1.50508
1619611626785,0.80924,1.98239,7.63271,-0.21774,0.03858,-1.4401
1619611626805,1.64242,-2.98317,9.35654,0.22433,-0.16062,-1.33996
1619611626825,-4.03183,10.80263,2.0207,-0.04304,0.04284,-1.42305
1619611626845,-13.92946,2.33195,5.43004,-0.0686,-0.09031,-1.36979
1619611626865,-0.92416,5.69341,4.23773,0.05602,0.05456,-1.42518
1619611626885,1.96324,1.89141,1.99197,0.16894,0.12806,-1.42838
1619611626905,-5.88494,11.59751,9.03571,-0.22307,-0.52494,-1.33677
1619611626925,-11.38203,6.01902,6.89051,0.02939,0.37201,-1.63078
1619611626945,0.67516,7.11556,7.6375,-0.03026,-0.09777,-1.45821
1619611626965,2.32237,5.9424,-0.44532,0.15403,-0.10096,-1.45714
1619611626985,-17.39148,0.34955,5.57849,0.00808,0.18239,-1.4859
1619611627005,-0.2873,2.09253,8.66222,-0.10163,-0.11907,-1.4369
1619611627025,-8.63828,6.16746,-2.45166,0.11355,0.10462,-1.38151
1619611627045,9.70609,-3.055,19.6127,-0.02919,-0.00722,-1.47312
1619611627065,0.32561,-5.46835,6.45476,-0.06221,-0.08818,-1.32398
1619611627085,2.70544,-9.40921,9.92157,-0.09524,-0.06155,-1.4124
1619611627105,-2.96881,-2.1021,1.30244,0.06241,-0.04024,-1.44542
1619611627125,-6.24407,0.38307,12.89038,0.02087,0.05349,-1.35488
1619611627145,-10.52012,-4.25689,1.0295,0.04111,-0.07646,-1.3847
1619611627165,5.31991,-3.86424,4.59207,0.00702,-0.13825,-1.44436
1619611627185,-12.66532,5.2816,5.16189,-0.05156,0.0439,-1.3879
1619611627205,1.63284,5.60722,3.73974,0.10822,-0.01787,-1.40708
1619611627225,-8.14986,11.69807,6.00465,-0.02812,-0.14464,-1.3602
1619611627245,-13.44104,0.71347,12.10987,0.08904,0.13232,-1.3879
1619611627266,-2.77248,8.09719,-0.84754,-0.01215,-0.22347,-1.40281
1619611627285,4.34308,2.16435,-2.6001,0.10502,0.27826,-1.5413
1619611627305,-14.87756,15.78736,1.79565,0.12846,0.01301,-1.38897
1619611627325,5.86579,-0.86191,13.76666,0.02619,-0.23732,-1.33783
1619611627345,1.05823,-1.14442,2.57616,0.072,0.06095,-1.51786
1619611627365,-4.35744,0.01436,10.04607,0.02832,0.04071,-1.44542
1619611627385,2.97359,-0.52193,6.3159,-0.20176,-0.14144,-1.43477
1619611627405,1.25935,-4.95599,16.47689,0.12952,0.23565,-1.45714
1619611627425,-5.7365,-1.04387,-1.36948,-0.0963,-0.14996,-1.33677
1619611627445,-1.24019,1.2354,19.6127,-0.03345,0.14084,-1.47845
1619611627467,-0.98641,0.33997,1.61369,0.13592,0.01088,-1.36446
1619611627485,2.98317,5.6551,7.09641,-0.06008,-0.02533,-1.42625
1619611627505,-7.89128,-3.20344,8.80108,0.00063,0.02047,-1.42518
1619611627525,1.54186,11.24795,19.6127,0.15829,0.13978,-1.48484
1619611627545,-4.9129,-2.33674,8.06367,-0.21242,-0.05622,-1.36659
1619611627567,-2.25533,3.80678,19.6127,0.02726,0.01621,-1.37725
1619611627585,-1.25456,-0.93373,3.44765,-0.08991,-0.0477,-1.46886
1619611627605,-3.03105,4.66869,4.84107,0.05922,-0.09137,-1.4923
1619611627625,3.30878,-4.49631,13.15853,-0.13998,-0.13505,-1.54343
1619611627645,-9.8258,9.57201,9.84974,-0.10163,-0.16594,-1.35168
1619611627666,-2.14999,-0.29688,1.87226,-0.02173,0.01088,-1.51147
1619611627685,-3.77805,14.90151,1.88663,-0.08139,-0.07859,-1.41027
1619611627705,-0.32082,-4.11323,11.34372,-0.19111,-0.05942,-1.36446
1619611627725,-1.01514,4.88417,9.33259,0.07307,0.11847,-1.4124
1619611627745,-8.02536,-7.33104,3.95043,-0.03239,-0.07113,-1.31333
1619611627766,-7.64229,-3.10288,19.6127,-0.01108,0.24843,-1.45501
1619611627785,5.59764,2.39899,1.23061,0.07307,0.00555,-1.40281
1619611627806,-0.62249,7.1395,8.40364,0.09331,-0.04557,-1.28777
1619611627825,-0.35434,5.7365,6.77559,-0.10589,-0.00722,-1.42305
1619611627845,-4.72136,2.70544,12.54561,0.06348,0.09823,-1.4401
1619611627867,-6.79474,4.11323,8.24563,-0.222,0.09397,-1.45608
1619611627885,1.403,2.71023,11.6406,0.07946,-0.0999,-1.48271
1619611627905,-12.19606,4.39096,7.88171,-0.17513,-0.03918,-1.51573
1619611627925,-7.83382,2.23139,11.65497,0.0752,0.12167,-1.42305
1619611627945,-1.02471,-2.71981,7.53215,-0.02919,-0.25756,-1.3847
1619611627967,3.48595,3.61524,17.82243,-0.0718,0.17067,-1.49869
1619611627985,1.00077,-3.33751,6.50744,0.1242,-0.01787,-1.43584
1619611628005,7.64708,6.38294,14.46097,-0.04517,-0.16914,-1.40601
1619611628025,-7.31668,-5.38216,13.77144,0.03898,0.17067,-1.53597
1619611628045,-3.80199,-0.38786,19.6127,-0.07287,-0.19257,-1.33996
1619611628065,-1.4413,4.49152,4.83149,0.10183,0.05562,-1.5168
1619611628085,0.29209,15.26543,7.00543,0.03685,0.11741,-1.5658
1619611628105,2.13083,1.51792,19.6127,-0.21987,0.06414,-1.35275
1619611628125,-8.68137,12.25831,0.29209,0.00489,-0.15316,-1.40708
1619611628145,-12.31577,4.20421,6.3973,0.24883,0.176,-1.4614
1619611628166,-3.64876,3.46201,1.46525,-0.19218,-0.46422,-1.40068
1619611628185,11.69807,0.88106,4.52982,0.04537,0.18665,-1.53065
1619611628205,-5.43962,2.72939,12.3014,0.0443,-0.22986,-1.29629
1619611628225,10.26154,-5.59764,13.30697,0.08372,0.21541,-1.3911
1619611628245,0.4118,3.99352,18.7849,-0.124,0.00129,-1.3602
1619611628266,14.85362,-6.68939,11.77468,0.16042,-0.48872,-1.21213
1619611628285,11.67891,-4.01747,6.71812,-0.21881,0.47534,-1.50401
1619611628305,-12.68926,-4.29998,8.12113,0.38838,-0.11801,-1.31227
1619611628325,3.47638,19.09615,17.93257,-0.14317,-0.18299,-1.42625
1619611628345,-11.7651,3.1795,-2.78685,0.21794,0.12273,-1.43797
1619611628365,-3.10288,12.06198,0.71826,-0.00469,-0.43545,-1.34103
1619611628385,-5.1188,14.29338,13.10107,-0.03558,0.4487,-1.52212
1619611628405,-7.90565,9.22725,3.65355,0.2499,-0.0754,-1.45501
1619611628425,4.06056,-3.51468,12.30619,-0.29124,-0.04983,-1.45821
1619611628445,-5.7796,9.95509,8.93516,0.09437,0.11208,-1.36979
1619611628465,-6.85699,3.52426,6.35421,0.07839,-0.03492,-1.4369
1619611628485,-1.88184,3.94085,10.24239,-0.11867,0.14084,-1.54876
1619611628505,-5.86579,0.85712,9.10754,0.14657,0.04603,-1.38257
1619611628525,-5.86579,0.85712,9.10754,0.14657,0.04603,-1.38257
1619611628545,-7.01979,1.77649,2.73417,0.01021,0.09823,-1.47845
1619611628565,0.59376,12.09071,17.54949,0.11568,0.05562,-1.36659
1619611628585,6.51701,2.32237,0.5363,-0.04091,-0.16275,-1.42199
1619611628605,-3.45243,8.51378,9.1219,0.03152,0.38798,-1.49869
1619611628625,-6.45476,-0.62249,19.6127,0.12739,-0.2778,-1.28031
1619611628645,-6.45476,-0.62249,19.6127,0.12739,-0.2778,-1.28031
1619611628665,5.53539,6.07169,2.27449,0.34151,0.27507,-1.51573
1619611628685,-0.83797,-1.5658,19.6127,-0.11654,-0.40137,-1.28457
1619611628705,-0.83797,-1.5658,19.6127,-0.11654,-0.40137,-1.28457
1619611628725,-0.83797,-1.5658,19.6127,-0.11654,-0.40137,-1.28457
1619611628745,-6.14831,-4.84107,13.14416,-0.25183,-0.15529,-1.4401
1619611628765,-6.14831,-4.84107,13.14416,-0.25183,-0.15529,-1.4401
1619611628785,3.55299,-2.97838,8.90643,-0.20815,0.07693,-1.36873
1619611628805,-8.01099,8.15465,3.73974,0.01767,-0.09564,-1.35701
1619611628825,1.01514,-17.29092,14.04917,0.11568,0.01301,-1.48271
1619611628845,0.45489,10.26633,3.64397,0.00063,0.14297,-1.45714
1619611628865,9.24161,-2.73417,7.65665,0.25736,0.15043,-1.43264
1619611628885,-4.26646,6.47871,3.88339,-0.17194,-0.10203,-1.35275
1619611628905,11.25753,-7.06768,8.24563,-0.02493,0.08651,-1.37725
1619611628925,-3.06457,6.67024,9.77313,0.11461,0.04177,-1.40494
1619611628945,5.58327,-0.88106,18.28212,-0.11867,-0.09564,-1.42199
1619611628965,0.62728,-3.99352,9.95509,-0.00895,-0.05303,-1.39536
1619611628985,4.52504,0.41659,19.6127,0.17213,-0.24797,-1.36873
1619611629005,9.36611,0.4932,16.8025,-0.12613,0.27826,-1.53491
1619611629025,-1.61369,1.47961,14.78659,0.24351,0.10782,-1.37299
1619611629045,-0.91937,11.33415,12.9622,-0.01534,-0.35769,-1.29416
1619611629065,7.08683,-2.62883,16.24705,0.04963,0.22819,-1.42732
1619611629085,-17.11854,10.70208,14.38436,-0.05263,-0.18725,-1.37618
1619611629105,-1.43173,5.39174,12.39238,-0.08778,-0.18938,-1.41027
1619611629125,-12.7994,17.59259,-2.97359,0.23925,0.29531,-1.50082
1619611629145,-3.52426,-2.86825,14.21198,-0.32746,-0.20323,-1.32718
1619611629165,-1.45567,5.87058,1.46525,0.1732,0.02047,-1.39003
1619611629185,1.89141,-0.35434,1.403,0.11781,0.11102,-1.40921
1619611629205,-10.9798,5.46835,14.52801,-0.17833,-0.00828,-1.44116
1619611629225,-1.17794,5.13795,-1.79565,0.16468,0.19624,-1.47738
1619611629245,-11.60709,14.56632,-0.53151,-0.06328,-0.03279,-1.40708
1619611629265,4.23294,1.86747,13.94383,-0.05263,-0.03385,-1.43584
1619611629285,-7.44596,9.8258,3.50511,0.15403,0.05775,-1.44756
1619611629305,8.18338,3.00232,11.89439,-0.0995,0.01195,-1.35275
1619611629325,-1.53707,-5.6982,7.47948,0.05496,-0.02,-1.48484
1619611629345,19.6133,3.92649,16.52956,0.00169,-0.19044,-1.44116
1619611629365,-10.52012,10.34773,13.88637,-0.05689,-0.02,-1.33464
1619611629385,0.58418,7.88171,-2.66714,0.01554,-0.0999,-1.47206
1619611629405,0.20111,-5.22414,9.78749,0.07946,0.11847,-1.47525
1619611629425,7.23527,-0.26815,14.64293,0.04963,-0.04024,-1.35488
1619611629445,-10.51533,6.01423,7.90086,-0.07074,-0.03065,-1.45182
1619611629465,0.77572,3.59609,0.30645,0.03259,-0.1702,-1.45075
1619611629485,-9.92636,-2.4325,2.22181,0.11248,0.16108,-1.46673
1619611629505,-5.02782,3.50032,0.02394,-0.16022,-0.02213,-1.40708
1619611629525,0,-8.25041,17.31965,-0.03132,0.18345,-1.43584
1619611629545,1.39342,3.33751,9.99339,-0.06328,-0.00083,-1.33038
1619611629565,-6.83305,-1.92493,6.55053,0.06561,0.06201,-1.5381
1619611629585,7.95353,3.0119,5.08528,0.09544,0.01514,-1.42625
1619611629605,3.32794,-8.08761,19.6127,-0.06541,0.15043,-1.39962
1619611629625,2.66235,6.67503,13.74271,0.10502,-0.10416,-1.39962
1619611629645,-1.82917,-0.15322,13.86242,0.03045,-0.03811,-1.33677
1619611629665,-5.01345,2.95923,4.65911,-0.03132,-0.01361,-1.49975
1619611629686,-0.79487,-3.42849,12.66532,-0.07819,-0.33958,-1.40708
1619611629706,-11.99016,3.60566,8.66222,-0.04304,0.33046,-1.51786
1619611629725,-8.7101,1.60411,0.60812,0.03578,-0.15636,-1.32292
1619611629745,-2.89698,9.91678,7.3885,-0.04091,-0.15316,-1.40814
1619611629765,-6.44997,-9.46188,10.7739,0.19024,0.18345,-1.39962
1619611629785,-4.93684,0.06224,12.72278,-0.13785,-0.13185,-1.44756
1619611629805,-1.0295,-0.69431,2.557,0.17,0.03645,-1.38364
1619611629825,-10.12268,-8.29351,8.76277,0.31595,0.06734,-1.43797
1619611629845,5.89931,-8.73404,13.38837,-0.24437,-0.34065,-1.39962
1619611629865,7.97269,1.51313,16.12734,-0.05689,-0.00083,-1.44223
1619611629886,10.81221,-3.81156,1.9393,-0.01321,-0.24264,-1.36233
1619611629905,1.33117,-4.09408,6.84262,-0.21455,0.11102,-1.56793
1619611629925,4.39096,1.96803,-0.71826,0.05283,-0.04557,-1.39536
1619611629945,5.39653,5.23372,10.88882,-0.08991,-0.04024,-1.41879
1619611629965,10.98938,-10.568,19.6127,-0.04623,0.05988,-1.44436
1619611629986,0.71826,10.87925,3.81635,0.04963,-0.03918,-1.32931
1619611630005,0.02873,-0.91458,11.42991,-0.15809,-0.03598,-1.40814
1619611630025,0.09097,-0.99119,9.29429,0.17533,0.05775,-1.44223
1619611630045,2.29843,-7.83382,2.83473,-0.07606,-0.08818,-1.37299
1619611630065,-3.00232,4.19464,-3.18428,-0.05156,-0.05942,-1.43903
1619611630088,10.17535,-8.45632,0.57939,0.06135,0.09397,-1.45501
1619611630105,-0.21547,4.31914,11.20007,0.00702,-0.12653,-1.41773
1619611630125,-12.78982,3.86424,-0.99598,0.08159,-0.02213,-1.44862
1619611630145,5.00388,-3.90254,6.52659,-0.05369,0.20369,-1.55728
1619611630165,1.91536,-5.56891,13.47456,0.00915,-0.10203,-1.3911
1619611630186,13.82412,-6.36857,14.92066,0.07413,-0.00083,-1.47525
1619611630205,10.48181,-15.46175,16.54872,0.02513,0.05988,-1.45075
1619611630225,-0.87148,2.59052,10.2376,-0.0473,-0.05516,-1.39216
1619611630245,-1.67115,-2.32237,8.94473,-0.00256,-0.17127,-1.42838
1619611630265,-7.48427,10.22802,18.79927,0.07093,0.39118,-1.5413
1619611630287,-10.88882,1.20667,12.33492,-0.11654,-0.31188,-1.25368
1619611630305,-16.63491,11.15698,10.11789,0.0752,0.57121,-1.61161
1619611630325,-1.85311,7.23527,3.7972,0.15935,0.24843,-1.48377
1619611630345,-0.72304,8.8346,-2.62404,-0.16128,-0.30017,-1.30907
1619611630365,6.89051,-10.79785,12.5935,0.17213,0.16747,-1.49123
1619611630386,-12.32056,8.07324,-5.83227,0.03898,-0.20003,-1.35701
1619611630405,7.73327,-12.02368,10.48181,-0.15383,-0.03598,-1.52532
1619611630425,-12.22958,4.06056,-0.0814,0.09544,-0.02,-1.4646
1619611630445,7.4699,-9.95987,8.93994,-0.15383,-0.3513,-1.35168
1619611630465,-0.40701,8.14986,1.82917,-0.11654,0.13126,-1.53491
1619611630485,0.54587,-1.56101,1.59932,0.19664,-0.21814,-1.38684
1619611630505,2.43729,8.25999,0.33518,-0.1485,0.15043,-1.53278
1619611630525,-4.92726,-2.68629,5.02303,0.00169,0.00555,-1.37618
1619611630545,-7.45554,13.30697,-2.27449,0.01341,-0.15529,-1.36766
1619611630565,0.50278,-4.76446,11.55441,0.09757,0.17067,-1.49017
1619611630585,-9.29907,15.21754,-0.67516,0.28612,-0.16594,-1.49656
1619611630605,-2.48996,1.26413,16.48168,-0.22626,-0.15209,-1.40281
1619611630625,-11.2719,12.67969,0.31124,-0.05689,0.0716,-1.50721
1619611630645,-9.72045,-2.88261,6.21534,-0.07074,-0.17873,-1.39536
1619611630665,-12.72757,-5.25766,14.03002,-0.0473,0.09397,-1.49975
1619611630685,-5.612,-0.18195,0.24899,-0.1208,-0.03492,-1.32611
1619611630705,-19.6127,10.63504,2.8491,-0.02386,-0.04024,-1.41453
1619611630725,-2.19787,1.95845,7.11077,0.1732,0.274,-1.42092
1619611630745,-6.08127,4.707,4.54898,0.03685,-0.0445,-1.2899
1619611630765,-4.92247,-0.62728,18.04749,-0.05369,-0.02213,-1.39536
1619611630785,-0.7422,13.34528,-1.80522,0.21155,0.19091,-1.45608
1619611630805,-0.20111,-0.11013,17.32923,-0.10163,-0.01574,-1.3602
1619611630825,-3.6296,10.97502,13.96298,-0.00256,0.08225,-1.46247
1619611630845,6.35421,-13.52724,7.68538,0.16681,0.08864,-1.43051
1619611630865,0.83318,12.44984,9.9503,-0.09524,-0.41841,-1.34742
1619611630885,-1.78128,-9.24161,17.76018,0.06028,0.46042,-1.55302
1619611630905,-3.5482,6.83784,-0.67037,0.06774,0.0684,-1.36233
1619611630925,14.52801,-10.06043,16.63012,-0.16022,-0.38006,-1.21746
1619611630945,-12.03325,11.32457,-2.77248,0.06348,0.17387,-1.53384
1619611630965,-3.43807,1.03908,16.99883,-0.12293,-0.27034,-1.37938
1619611630985,-14.31253,7.90565,15.62934,-0.17087,0.14191,-1.44436
1619611631005,-4.15633,-0.67995,12.98136,0.25203,0.18239,-1.47951
1619611631025,-2.38941,-0.29688,18.31085,-0.32214,-0.23412,-1.29203
1619611631045,2.00634,2.70065,1.85311,-0.11654,0.11421,-1.47099
1619611631065,-9.43794,6.62715,10.96544,0.26162,0.01727,-1.42092
1619611631085,5.69341,0.60333,10.95107,-0.22839,0.03538,-1.44436
1619611631105,-9.165,8.54251,-3.65355,0.08159,0.10569,-1.46034
1619611631125,5.2433,3.51468,8.7532,0.09224,-0.22666,-1.37618
1619611631145,-4.92247,-1.50355,14.50886,-0.05689,0.03432,-1.44223
1619611631165,4.11802,1.37427,19.6127,0.05389,-0.00615,-1.47206
1619611631185,-1.26892,0.15801,19.6127,0.07946,0.00982,-1.43584
1619611631205,3.76847,-11.74595,3.33272,-0.12719,0.09504,-1.41773
1619611631225,-4.80276,5.42047,3.49074,0.072,-0.24903,-1.33677
1619611631245,2.43729,0.4932,16.86475,-0.075,0.12167,-1.49336
1619611631265,3.5482,0.7422,13.04361,-0.02386,0.01727,-1.39962
1619611631285,6.71812,3.01669,19.6127,0.05283,0.07693,-1.39216
1619611631305,4.72615,-15.91186,17.51598,0.05176,0.10036,-1.35701
1619611631326,2.9305,6.22492,8.59518,-0.09417,-0.41735,-1.31759
1619611631345,3.10767,-7.97269,7.98226,0.17,0.3507,-1.57113
1619611631365,-3.84508,-3.89776,11.66455,-0.16235,-0.15316,-1.36979
1619611631385,2.0207,-1.39342,12.82813,0.09757,0.03645,-1.46566
1619611631405,9.48103,5.1188,9.15063,0.15189,0.09717,-1.4369
1619611631425,10.4052,-9.76834,13.40274,-0.07926,-0.07327,-1.44756
1619611631445,-4.49631,18.36831,-0.14365,0.12952,0.21222,-1.43264
1619611631465,1.23061,-1.91536,5.08528,-0.01215,0.00023,-1.37831
1619611631485,-4.2521,6.58405,2.6001,-0.06967,-0.05942,-1.34955
1619611631505,-3.4237,2.19787,5.71256,0.072,-0.03172,-1.46353
1619611631525,-3.51468,6.97191,6.90487,0.16574,-0.02746,-1.42945
1619611631545,-4.7453,5.46835,10.67335,-0.21774,-0.06261,-1.37086
1619611631565,-1.78128,14.24071,7.11556,0.09011,0.0194,-1.43584
1619611631585,7.69017,6.08606,17.05629,0.03365,-0.10948,-1.36446
1619611631605,-5.65031,14.64293,6.08606,0.06667,0.02047,-1.42732
1619611631625,-3.82593,-5.6982,-0.27772,-0.08352,-0.09137,-1.40388
1619611631645,4.46279,14.93503,-3.45722,0.05496,0.12593,-1.38684
1619611631665,-0.29688,-4.75488,10.33337,0.08265,-0.03918,-1.33783
1619611631685,-5.53539,6.67024,8.02057,-0.00256,0.08651,-1.49017
1619611631685,-4.21379,-0.51235,16.18001,0.13379,0.07054,-1.42199
1619611631725,-5.73171,2.35589,7.14429,-0.05902,-0.13399,-1.3879
1619611631745,6.22971,-2.42772,8.23605,-0.07074,0.05243,-1.4646
1619611631765,-2.02549,3.35188,6.29196,0.07307,0.12806,-1.46034
1619611631785,6.17704,-4.09887,13.89594,0.10715,-0.37154,-1.38577
1619611631805,8.24563,2.9305,12.64617,-0.25396,0.26441,-1.54556
1619611631825,6.10042,-7.56088,9.64384,0.14231,0.06627,-1.3389
1619611631845,2.08295,-1.79086,14.18325,-0.09204,-0.16381,-1.27285
1619611631865,-2.33674,6.49307,14.51843,0.00702,0.21222,-1.47419
1619611631885,-16.2279,15.4426,13.31176,0.12739,-0.09031,-1.3634
1619611631885,0.00957,9.37569,12.77546,-0.03558,-0.26395,-1.39749
1619611631925,-5.19062,9.07402,3.16513,-0.02812,0.13126,-1.53278
1619611631945,4.50109,-9.95509,19.6127,0.10076,0.14404,-1.49549
1619611631965,11.77947,-9.31344,0.45968,0.04963,-0.15849,-1.35594
1619611631985,1.16837,-3.68707,9.58159,-0.10269,0.00662,-1.43584
1619611632007,-1.61848,8.88727,3.3423,0.16255,0.0961,-1.50828
1619611632025,4.82671,1.20188,15.4426,-0.10908,-0.27673,-1.36873
1619611632045,-6.16746,-2.14999,6.55053,-0.09524,-0.24158,-1.33996
1619611632065,0.3687,3.11725,11.54005,-0.06008,-0.10203,-1.4401
1619611632085,-4.03662,-2.31758,16.58224,-0.05369,0.01195,-1.46034
1619611632107,11.38203,6.73249,19.6127,-0.26461,-0.14144,-1.34849
1619611632125,7.60877,2.78206,-5.06134,0.01767,0.11421,-1.48804
1619611632145,10.53448,-8.66222,18.73223,-0.11015,-0.12546,-1.33251
1619611632165,-8.90164,6.81389,-4.0462,0.06774,0.14617,-1.45927
1619611632185,3.41892,-1.16358,6.65588,0.04537,0.08225,-1.39855
1619611632206,-2.50912,5.83706,-2.20745,-0.08991,0.04603,-1.3602
1619611632225,2.95923,13.78102,0.05267,0.06348,-0.09883,-1.35807
1619611632245,2.31279,-0.56503,-2.4325,-0.04091,-0.01787,-1.43264
1619611632265,4.93205,-0.30645,19.24938,-0.03345,0.16108,-1.4646
1619611632285,4.92726,9.05487,-6.89051,-0.02173,-0.20536,-1.37192
1619611632306,9.5385,-1.68551,15.94538,0.15189,0.31448,-1.54662
1619611632325,-6.59363,3.98874,4.6208,-0.17087,-0.13931,-1.37512
1619611632345,8.47068,-3.32315,14.93024,0.09544,-0.0445,-1.43158
1619611632365,-4.05098,6.2728,12.55998,0.05815,-0.00509,-1.45821
1619611632385,-4.68784,-5.80354,10.38125,-0.0473,0.19517,-1.49656
1619611632407,-13.97734,5.87058,-1.1971,0.04324,-0.07113,-1.37725
1619611632425,-1.61369,-0.03351,14.50886,0.15083,-0.01255,-1.42412
1619611632445,-11.20486,7.78594,1.19231,0.04856,0.09397,-1.48271
1619611632465,1.30244,2.03985,6.24886,0.08372,-0.15529,-1.33357
1619611632485,-11.91833,6.67982,-6.21055,-0.06115,0.18345,-1.59456
1619611632507,-6.59841,-1.50355,14.9446,-0.06647,0.08545,-1.40814
1619611632525,-5.09007,3.06457,1.58975,0.04537,-0.34597,-1.30055
1619611632545,11.23838,-2.65277,19.30684,0.01235,0.39118,-1.57645
1619611632565,6.93839,19.35472,8.99262,0.0965,-0.25649,-1.39323
1619611632585,-4.26167,10.82658,2.33674,-0.19004,-0.15955,-1.35488
1619611632606,-11.40597,13.23993,9.92157,0.15509,0.18239,-1.47951
1619611632626,1.46046,13.93904,-3.055,0.06135,-0.31615,-1.36553
1619611632645,-9.81143,-0.79487,1.75255,-0.19218,0.24843,-1.45501
1619611632665,-4.89853,15.12177,-9.38048,0.15083,-0.30549,-1.23876
1619611632685,-0.94331,-6.7277,10.99417,-0.33812,0.14936,-1.39749
1619611632707,7.36935,-8.64785,19.6127,0.32553,-0.09777,-1.39642
1619611632725,-2.46123,-10.10353,16.19438,-0.01534,-0.06261,-1.46886
1619611632745,10.32858,-5.33428,9.19373,0.15935,0.11102,-1.41986
1619611632765,2.8874,-6.45476,5.88973,0.07093,-0.17766,-1.34955
1619611632785,14.14973,-0.06224,15.24148,0.04537,-0.13079,-1.43371
1619611632805,5.52581,-4.70221,16.20395,0.10715,0.04497,-1.49123
1619611632825,-3.64397,12.29183,11.76989,0.03578,-0.06368,-1.39536
1619611632845,-1.08696,-17.52555,19.5271,-0.1762,0.1483,-1.45714
1619611632865,11.9327,-5.96635,14.15452,0.06667,-0.05089,-1.39855
1619611632885,7.67581,-1.79086,17.15206,-0.00682,-0.11375,-1.47738
1619611632905,9.3709,-15.05952,17.48724,-0.00788,0.25376,-1.42838
1619611632925,7.62313,-5.19541,14.31253,0.06774,0.00982,-1.3847
1619611632945,14.93981,-9.16021,19.6127,-0.07926,-0.07327,-1.39216
1619611632965,4.18027,-7.24006,6.89051,0.15189,0.1451,-1.47632
1619611632985,12.03325,-4.4149,16.19438,-0.12932,-0.25862,-1.37192
1619611633005,0.55545,1.35511,1.09175,0.072,0.20902,-1.48804
1619611633025,10.47702,2.94007,19.6127,0.0752,0.05669,-1.3357
1619611633045,4.40054,0.74699,17.76018,-0.10908,-0.02533,-1.43051
1619611633065,-6.04775,1.45567,12.50252,0.08798,0.26335,-1.5136
1619611633085,-2.69108,7.46033,17.11854,-0.00256,-0.24903,-1.3389
1619611633105,4.15633,17.68836,-4.9512,0.07413,0.00982,-1.54343
1619611633125,-13.90552,14.2455,-6.52659,0.19344,0.06734,-1.55728
1619611633145,6.86178,3.97916,11.19528,-0.15596,-0.41735,-1.30801
1619611633165,-5.78439,6.44997,17.25261,-0.24544,-0.07007,-1.33038
1619611633185,4.70221,1.82438,11.61187,-0.09098,-0.01894,-1.44223
1619611633205,5.14753,-10.50096,12.72278,-0.075,-0.10203,-1.3144
1619611633225,-0.81402,3.18428,4.83149,-0.09098,0.10782,-1.4859
1619611633245,6.39251,-3.94085,10.6925,0.22327,-0.06261,-1.45075
1619611633265,5.85621,-7.99663,19.6127,-0.00788,0.14617,-1.39855
1619611633285,10.17535,-5.08049,10.14183,0.15083,0.15576,-1.46993
1619611633305,9.34696,1.51313,14.83926,-0.0228,-0.07007,-1.33996
1619611633325,-0.09097,-7.02458,14.29338,0.04324,0.17813,-1.48377
1619611633345,11.06121,4.22337,13.99171,0.02832,-0.16594,-1.34209
1619611633365,6.70855,-9.62469,13.0867,-0.075,0.1696,-1.41027
1619611633385,3.50989,4.35744,13.79539,0.25842,-0.04131,-1.35807
1619611633405,16.54393,-6.9767,3.35667,-0.3232,-0.14783,-1.44223
1619611633425,-4.18027,-2.49954,9.39005,0.12526,0.4519,-1.50188
1619611633445,-4.81713,-3.95522,12.78503,0.14337,-0.2501,-1.27179
1619611633465,7.64229,0.3687,15.524,0.03472,-0.68686,-1.21533
1619611633485,-3.16513,-4.17069,7.3885,0.08904,0.32939,-1.57752
1619611633505,-8.25999,12.5935,-3.89297,-0.08671,-0.46422,-1.23024
1619611633525,-3.82114,-3.25611,-1.154,-0.03452,0.10569,-1.42732
1619611633545,-10.20408,10.13704,2.70065,0.28505,0.27294,-1.47419
1619611633565,-11.83693,2.27928,13.14416,-0.38925,-0.70816,-1.29416
1619611633585,-3.85466,10.62067,-6.61278,0.12207,0.38479,-1.57006
1619611633605,-3.80678,6.359,9.19373,0.06135,0.02153,-1.38257
1619611633625,-11.63103,13.34049,-1.36948,-0.27846,-0.16488,-1.3911
1619611633645,-3.73016,-4.24731,6.58405,0.14763,0.32726,-1.49656
1619611633665,-5.68862,16.07945,1.3599,-0.00043,-0.31082,-1.33783
1619611633685,3.11725,-9.85932,9.65821,0.04111,0.24737,-1.47099
1619611633705,-15.41865,-2.54743,12.90474,0.01874,0.0471,-1.47206
1619611633725,6.49307,-0.6991,6.55053,0.03791,-0.1244,-1.29096
1619611633745,-12.0572,6.74207,5.52102,-0.075,0.17174,-1.43477
1619611633765,11.08036,-9.94072,19.6127,-0.23266,-0.29697,-1.3357
1619611633785,2.7246,0.31124,15.24627,0.05389,0.06201,-1.45927
1619611633805,6.90487,1.16358,13.44104,0.04856,0.15682,-1.58178
1619611633825,-12.06198,15.6054,7.15866,0.03898,-0.48659,-1.31546
1619611633845,8.7915,-4.62559,10.51533,0.03152,0.38266,-1.54449
1619611633865,-19.6127,9.99339,12.50731,-0.00575,-0.15423,-1.44649
1619611633885,-6.20098,-1.0726,12.68926,0.04217,-0.02533,-1.32825
1619611633905,-9.03092,5.0757,-3.46201,0.05069,0.15895,-1.54769
1619611633925,5.0374,6.8953,3.40455,-0.06967,-0.16168,-1.38151
1619611633945,-6.2345,-1.79565,4.73573,-0.10589,0.2708,-1.4401
1619611633965,-6.2345,-1.79565,4.73573,-0.10589,0.2708,-1.4401
1619611633985,-0.76135,2.07337,4.96557,0.16148,0.04284,-1.49443
1619611634005,-5.87058,2.30322,15.00685,-0.02599,0.22074,-1.48271
1619611634025,1.51313,-7.81467,10.01734,0.03472,-0.07646,-1.43797
1619611634045,0.87627,-1.47003,11.41555,0.11674,0.19304,-1.55408
1619611634065,-3.07894,5.01824,5.20978,-0.0686,-0.08818,-1.36553
1619611634085,4.76446,-12.19127,19.6127,-0.06115,-0.05409,-1.35381
1619611634105,-4.49631,12.52646,4.69263,0.01128,-0.21388,-1.42625
1619611634105,9.14106,-8.08282,16.83602,0.05496,0.07693,-1.38151
1619611634145,1.54665,-9.03092,16.00763,-0.27633,-0.28951,-1.35488
1619611634165,4.9129,3.03105,19.08178,-0.13252,0.2463,-1.47419
1619611634185,5.51145,-2.75812,6.57447,0.0475,0.12167,-1.41666
1619611634205,10.45787,-6.80432,17.07544,0.0475,-0.41735,-1.35275
1619611634226,-5.59764,9.64863,-4.85544,0.20835,0.2985,-1.50828
1619611634245,-7.4699,12.83771,13.85285,0.08691,-0.27247,-1.31866
1619611634265,8.56645,0.23463,11.74116,-0.04623,-0.35982,-1.31972
1619611634285,-1.63763,-6.1914,13.49851,-0.01108,0.08012,-1.46673
1619611634305,-2.81079,11.65018,5.72214,-0.06221,-0.20536,-1.39429
1619611634327,16.54872,-8.48026,10.76911,-0.16554,-0.13505,-1.37725
1619611634345,16.54872,-8.48026,10.76911,-0.16554,-0.13505,-1.37725
1619611634365,4.49631,-0.45968,9.97424,-0.06221,-0.21281,-1.35381
1619611634385,-14.32211,7.99184,1.8148,0.08052,0.15682,-1.42199
1619611634405,0.73262,-7.30231,9.63426,-0.02386,-0.10842,-1.47525
1619611634425,-4.72136,13.96777,1.49398,0.01874,0.10888,-1.35914
1619611634445,6.05254,-0.30166,10.03649,0.10076,-0.10416,-1.39323
1619611634465,-3.90733,11.52089,11.35809,-0.00895,-0.29058,-1.32825
1619611634485,-11.21922,-1.58496,11.17613,-0.06328,0.19624,-1.5136
1619611634505,-7.80988,10.37168,7.9248,0.15403,-0.14038,-1.44969
1619611634526,3.37103,-3.22738,2.05901,-0.20602,0.26548,-1.48804
1619611634545,-17.2574,11.65497,11.28626,0.17213,0.05562,-1.47206
1619611634565,2.17872,-2.96881,13.14416,-0.10163,-0.18405,-1.49123
1619611634585,-16.89348,12.73236,5.17147,0.0752,0.21861,-1.50508
1619611634605,1.49398,-8.88727,13.03882,0.1242,-0.2224,-1.39216
1619611634626,-4.54419,10.9798,8.22647,-0.10482,0.20689,-1.49762
1619611634645,9.6199,-11.88481,11.38682,0.17107,0.03645,-1.42518
1619611634665,2.08295,-1.62805,12.73236,-0.15276,-0.3268,-1.33038
1619611634685,11.49216,-5.00867,7.16823,0.05602,0.28785,-1.54236
1619611634705,-11.59751,10.12747,14.59026,0.03898,-0.12333,-1.34636
1619611634727,9.02135,-9.87847,15.91665,-0.15809,-0.15955,-1.4614
1619611634745,2.31279,-11.42034,19.6127,0.07093,0.05456,-1.39855
1619611634765,8.24563,-9.13627,15.91665,0.00276,-0.30123,-1.34636
1619611634785,-2.51391,0.72304,9.82101,-0.08352,0.2005,-1.53597
1619611634805,-7.40766,-0.1628,7.76679,0.07733,0.03432,-1.48804
1619611634825,-8.89685,14.99727,-5.7796,0.05069,-0.4738,-1.25048
1619611634845,-1.21625,5.00867,4.58729,-0.04836,0.37094,-1.56154
1619611634865,-15.36119,19.6127,-5.04697,0.04856,-0.3236,-1.34742
1619611634885,4.92726,-1.72382,13.70441,-0.03132,-0.16168,-1.41666
1619611634905,-19.6127,11.52568,7.81946,-0.14956,0.09397,-1.48697
1619611634926,5.63116,-0.99598,15.98847,0.10183,-0.39178,-1.31546
1619611634945,13.872,-8.15943,6.54574,0.12633,0.05882,-1.50721
1619611634965,0.31603,15.01643,6.37815,0.03365,-0.11588,-1.3847
1619611634985,-8.08761,-0.71347,19.6127,-0.00575,0.06734,-1.37405
1619611635005,9.25598,-4.41969,7.3071,0.04643,0.0993,-1.59456
1619611635030,-14.44661,9.61511,11.51132,0.24777,-0.17873,-1.43797
1619611635045,-14.44661,9.61511,11.51132,0.24777,-0.17873,-1.43797
1619611635065,-0.92895,-5.37258,-3.22259,-0.11654,-0.08285,-1.55515
1619611635085,9.95987,-5.9855,17.30529,-0.07287,-0.08605,-1.46886
1619611635105,3.79241,-3.7972,14.31253,-0.16448,0.08332,-1.49017
1619611635125,0.56503,-2.89219,15.4426,0.17107,-0.02426,-1.36766
1619611635145,0.73741,-5.92804,19.6127,-0.18898,0.11421,-1.54236
1619611635165,9.35175,-5.95677,9.19852,0.08798,0.08119,-1.3847
1619611635185,-1.01514,-3.36145,19.6127,0.03898,0.03858,-1.35807
1619611635205,5.59764,1.33596,19.6127,-0.0441,0.03964,-1.45182
1619611635225,-10.54885,-3.54341,12.66532,0.18811,0.08864,-1.45821
1619611635245,2.54264,-8.00142,19.6127,-0.0505,-0.05729,-1.4156
1619611635265,1.85311,-10.07001,15.16487,-0.10056,0.06414,-1.41986
1619611635285,-1.93451,7.65665,9.48582,0.17533,-0.11801,-1.39429
1619611635305,11.53526,1.53228,15.52879,-0.18578,-0.09564,-1.43264
1619611635325,-16.57266,4.03662,8.82502,0.07946,0.17919,-1.45288
1619611635345,-5.62637,0.58418,6.51701,-0.06754,-0.16275,-1.30268
1619611635365,4.47236,-0.21068,12.469,-0.11974,0.00236,-1.38684
1619611635385,-4.23773,-2.01591,15.38992,0.08265,0.00023,-1.4369
1619611635405,3.09809,-1.74776,19.2829,0.03045,-0.20962,-1.42838
1619611635425,-0.00478,-8.72925,12.17212,0.07839,0.21222,-1.52425
1619611635445,-1.39821,4.7453,16.96052,-0.08565,-0.01574,-1.35914
1619611635465,9.73482,-4.27604,5.7796,0.10183,-0.01148,-1.40494
1619611635485,7.70454,-3.14119,17.72666,-0.09843,0.03538,-1.46673
1619611635505,2.57616,6.54095,12.38281,0.05709,-0.04344,-1.44756
1619611635525,-5.47314,19.6127,-1.15879,0.03365,0.16108,-1.47419
1619611635545,-7.68538,7.06768,8.36055,-0.00149,0.05562,-1.42838
1619611635565,-5.33428,6.96712,6.95276,0.10076,-0.11801,-1.40494
1619611635585,1.1971,2.05901,7.98705,0.03045,-0.13292,-1.42412
1619611635605,3.5913,6.35421,-5.23372,-0.08778,0.18026,-1.49336
1619611635625,-0.79487,-4.22816,1.89141,0.16361,-0.10416,-1.40175
1619611635645,-9.33738,0.2873,11.23359,-0.19963,0.0503,-1.45714
1619611635665,6.2345,-10.32858,19.6127,0.121,0.01621,-1.42092
1619611635685,3.7158,2.43729,7.82903,-0.00895,-0.35769,-1.36553
1619611635705,5.99508,-0.38307,7.94396,-0.04623,0.36774,-1.5903
1619611635725,-3.39018,7.80988,18.71786,0.03365,-0.05729,-1.38044
1619611635745,8.60954,-4.07014,14.54238,-0.15383,-0.38219,-1.27818
1619611635765,-11.80341,9.01656,-7.44596,0.05602,0.23352,-1.55408
1619611635785,-6.59841,7.94874,5.2433,0.06667,-0.08498,-1.40068
1619611635805,-9.44751,9.11233,6.10042,-0.00469,0.01408,-1.40601
1619611635825,-1.62805,7.35977,10.85531,-0.0196,0.20476,-1.51254
1619611635845,-0.80924,-0.2442,11.88002,0.04324,-0.18405,-1.3602
1619611635865,0.05267,-2.07816,11.11867,0.023,0.10143,-1.47099
1619611635885,-4.34308,2.25533,11.6023,0.01448,0.0716,-1.50188
1619611635905,3.58172,-5.97113,15.31331,-0.0228,-0.1489,-1.29948
1619611635925,-4.30956,7.69017,5.31512,0.02087,0.01301,-1.45182
1619611635945,3.12682,-0.48841,19.6127,-0.02386,-0.08711,-1.44969
1619611635965,-15.74905,11.92312,8.30309,0.17107,-0.02107,-1.37618
1619611635985,0.48841,4.16591,6.00465,-0.04091,-0.00935,-1.44223
1619611636005,-13.47935,3.6727,6.76122,0.04963,-0.10416,-1.36446
1619611636025,1.18752,-4.72136,8.14028,-0.10589,0.07267,-1.46673
1619611636045,-2.1883,13.55597,1.30244,0.07733,-0.31401,-1.29948
1619611636065,3.53384,-1.11569,-1.54665,0.03472,0.20156,-1.4156
1619611636085,-19.6127,12.44027,-3.82114,-0.1208,0.10995,-1.40601
1619611636105,0.54108,2.15957,1.34075,0.15509,-0.21068,-1.34422
1619611636125,-12.65575,11.50653,10.31422,0.13379,0.2708,-1.45075
1619611636145,-1.33117,-6.67024,17.52076,0.02939,-0.16488,-1.38257
1619611636165,-5.54975,11.5592,5.21457,-0.03878,-0.12759,-1.42518
1619611636185,-4.10845,14.72912,11.32457,-0.04197,0.30063,-1.51893
1619611636205,2.71981,5.83227,4.96078,-0.00149,-0.45037,-1.3357
1619611636225,5.23851,0.96246,11.19528,-0.07393,0.23459,-1.45821
1619611636245,-1.91057,7.16823,13.31176,0.04217,0.04816,-1.42518
1619611636265,4.98951,-1.44609,10.9798,-0.01534,-0.04344,-1.37618
1619611636285,-4.04141,-5.29597,3.62482,0.0198,0.21328,-1.40708
1619611636305,-1.13006,-5.14274,16.65406,-0.08778,-0.12759,-1.31972
1619611636325,0.02394,3.63439,-6.83305,0.02193,0.05136,-1.49123
1619611636345,4.76925,-3.73016,9.1219,0.2222,0.08225,-1.44862
1619611636365,-7.36456,10.79306,6.55053,-0.21455,-0.13079,-1.41773
1619611636385,9.44273,-6.5218,19.6127,0.04643,0.14936,-1.4891
1619611636405,-2.79163,4.56813,4.96078,0.09011,-0.16168,-1.38897
1619611636425,-3.84508,1.7717,8.87291,-0.06754,-0.13612,-1.41027
1619611636445,-2.28406,-2.1021,19.6127,-0.0718,0.01195,-1.5168
1619611636465,-1.83395,2.33195,15.65329,-0.06008,-0.3023,-1.3389
1619611636485,-2.70544,4.34308,8.16422,-0.04943,0.09184,-1.42732
1619611636505,0.28251,-4.79798,19.6127,-0.05156,-0.06474,-1.46353
1619611636525,-4.00789,0.43095,5.92804,-0.20815,-0.14996,-1.27498
1619611636525,3.30878,-0.73741,19.6127,0.03685,0.1515,-1.48484
1619611636565,-14.6573,-0.95768,10.43393,-0.10482,-0.09777,-1.40601
1619611636585,0.22505,6.98628,5.6982,0.14976,0.19943,-1.45182
1619611636605,-10.76911,6.10521,5.19062,0.023,-0.08072,-1.3357
1619611636625,1.75734,6.14352,3.86424,-0.06541,0.05456,-1.43264
1619611636646,-8.03494,8.59518,3.58651,0.12952,0.13232,-1.41773
1619611636665,8.37012,0.54108,12.81376,-0.20283,-0.1457,-1.34103
1619611636685,-11.46343,8.96389,-2.32237,0.08265,0.16108,-1.45714
1619611636705,4.81713,-4.7884,19.14882,-0.03878,-0.13505,-1.2835
1619611636725,-8.67658,0.75656,8.35576,-0.04943,0.00982,-1.48697
1619611636747,-3.57214,3.24653,0.65122,0.0965,0.18771,-1.44223
1619611636766,-16.17522,9.76834,1.62805,-0.09524,-0.33639,-1.37512
1619611636785,9.47146,-7.4699,18.76575,0.06667,0.27507,-1.54662
1619611636805,-18.45929,13.49851,-2.87783,0.0443,-0.14357,-1.3879
1619611636825,4.05577,1.25935,5.06134,-0.10589,0.0684,-1.47206
1619611636845,-8.48983,13.01488,-8.7915,0.11674,0.01301,-1.4401
1619611636865,1.86268,-1.06781,9.36132,0.00595,-0.13292,-1.38684
1619611636885,-11.24795,17.47767,-3.73016,-0.09417,0.02792,-1.50508
1619611636905,11.1043,-1.32638,10.1562,0.14444,-0.08498,-1.49443
1619611636925,-4.33829,3.83551,8.03015,-0.15276,0.17387,-1.39323
1619611636946,15.15529,-5.03261,10.23281,-0.00043,-0.05089,-1.35381
1619611636965,2.08774,-1.70467,19.6127,0.16148,0.10249,-1.46673
1619611636985,3.07415,0.38786,16.48168,-0.00575,-0.30336,-1.35381
1619611637005,4.11323,2.77727,13.18247,0.01021,0.15256,-1.45395
1619611637025,7.93917,12.20564,-4.85065,-0.05902,-0.20003,-1.41347
1619611637046,0.63685,-5.16668,8.74362,0.19983,0.01727,-1.3634
1619611637065,-4.64953,0.14365,14.38436,-0.14637,-0.14677,-1.31227
1619611637085,2.85388,-0.40701,5.63116,-0.01641,-0.09564,-1.36659
1619611637105,19.6133,-6.32069,9.85453,0.04537,0.04284,-1.39642
1619611637125,-3.25611,2.34152,-2.59052,0.19131,-0.00296,-1.42305
1619611637147,3.86903,-0.27772,14.54717,0.03472,0.01514,-1.47845
1619611637165,-6.69418,-6.96233,2.75333,0.08904,-0.07753,-1.39003
1619611637185,11.74116,2.40856,16.29014,0.17107,-0.17233,-1.43264
1619611637205,3.01669,2.50912,17.29571,0.15083,-0.03385,-1.49975
1619611637225,-11.81778,2.26012,8.85854,-0.10802,0.18132,-1.40814
1619611637245,-12.9622,3.62003,10.3621,0.11355,-0.0445,-1.43051
1619611637267,-2.75333,2.99275,7.26879,-0.05263,-0.00296,-1.38364
1619611637285,10.51533,-4.54898,17.52555,0.11674,-0.13292,-1.46673
1619611637305,4.97036,-0.00957,2.56658,-0.25822,-0.03385,-1.45927
1619611637325,-6.95276,3.8786,-1.90099,0.2776,0.24098,-1.46247
1619611637345,-10.29985,4.92247,11.25753,-0.12187,-0.14677,-1.3847
1619611637365,-4.03183,-2.65277,11.80341,-0.06754,-0.02533,-1.45501
1619611637385,-3.65355,-3.28963,11.88481,0.08691,0.14297,-1.46993
1619611637405,-8.67179,1.00077,5.54497,0.00702,-0.25969,-1.34849
1619611637425,14.66209,4.31914,-3.3854,0.13165,0.38905,-1.47738
1619611637447,-0.58897,-9.42357,14.21676,0.03152,-0.27886,-1.22918
1619611637465,2.59052,-2.71023,7.21612,0.01661,0.36242,-1.51467
1619611637485,-6.70855,12.10508,1.38384,0.15403,0.10888,-1.41134
1619611637505,-0.03351,-1.88663,10.57279,-0.173,-0.22773,-1.31546
1619611637525,1.58017,-0.92416,1.39821,0.17746,0.17813,-1.61906
1619611637545,8.56166,3.9217,16.88869,0.03259,-0.19151,-1.44329
1619611637565,5.42047,-2.21703,16.73547,-0.07926,-0.38219,-1.2867
1619611637585,-13.67568,13.5416,2.85388,0.13379,0.48812,-1.57645
1619611637605,-9.51455,-4.209,19.6127,-0.28805,-0.20216,-1.34209
1619611637625,5.12837,10.568,3.51468,0.04217,-0.1734,-1.24196
1619611637645,-10.73081,-2.90656,15.09783,-0.11867,0.21861,-1.54343
1619611637665,4.51067,1.08217,19.6127,0.1977,-0.31508,-1.33144
1619611637685,13.90552,-1.62326,16.30451,-0.03558,0.36135,-1.44969
1619611637705,0.59376,10.43393,12.29662,0.16042,0.08438,-1.41666
1619611637725,10.43871,-8.2983,13.24472,0.02832,-0.14996,-1.33464
1619611637745,2.11168,1.61848,10.29985,-0.03345,0.225,-1.50614
1619611637765,-1.10612,-6.59841,7.72369,0.14124,-0.11161,-1.42092
1619611637785,-9.50019,-2.25533,11.4778,-0.03239,0.34537,-1.34849
1619611637805,-7.15387,-0.14844,9.5768,0.072,-0.1979,-1.34209
1619611637825,2.71502,11.6406,2.99275,-0.0963,-0.28099,-1.38577
1619611637845,-7.5561,0.07182,9.82101,0.03791,0.47427,-1.50082
1619611637865,-8.99741,10.07001,6.48828,-0.00362,-0.18831,-1.25687
1619611637885,0.8667,0.19153,3.55778,-0.0473,-0.19577,-1.31546
1619611637905,-17.8368,16.04594,1.59932,0.08691,0.24204,-1.52958
1619611637925,4.68305,-4.0462,12.69884,-0.05689,-0.53026,-1.34422
1619611637945,-2.41814,0.63206,2.14999,-0.00043,0.27294,-1.49336
1619611637965,10.8984,-14.0779,19.6127,0.13592,0.12912,-1.41879
1619611637985,1.96324,3.73974,6.48349,-0.30722,-0.46422,-1.27392
1619611638005,13.77144,-9.33259,10.53448,0.04537,0.01408,-1.43264
1619611638025,-11.85129,10.29985,18.73223,0.17427,0.12806,-1.46034
1619611638045,9.00698,-5.14753,17.82722,-0.16767,0.00982,-1.4614
1619611638065,-6.2728,7.25443,0.34955,0.09011,0.17919,-1.44649
1619611638085,1.63763,3.27526,9.4954,-0.09098,-0.09351,-1.35488
1619611638105,0.46447,1.8962,7.11556,0.05069,0.06095,-1.45395
1619611638125,-6.33026,18.27733,7.46033,0.07413,0.03219,-1.45821
1619611638145,-15.68681,11.94227,-2.6815,0.01554,0.18345,-1.40921
1619611638165,-7.35977,6.32069,2.25054,-0.01747,-0.08498,-1.4369
1619611638185,-10.77869,7.73327,3.50511,-0.12826,-0.18405,-1.28031
1619611638205,-0.74699,2.94965,18.37789,0.0997,-0.02107,-1.49123
1619611638225,-11.37245,13.01966,1.62805,0.06028,-0.069,-1.45821
1619611638245,15.78736,-6.24407,9.69651,0.08585,0.11528,-1.45182
1619611638265,-4.29519,6.38773,7.62792,0.06561,-0.06261,-1.43797
1619611638285,2.34631,-2.03507,16.63012,0.03472,-0.2746,-1.39536
1619611638305,-8.15943,0.59855,9.79228,-0.03558,0.23246,-1.53491
1619611638325,6.4404,5.29118,17.92299,0.15403,-0.1702,-1.37405
1619611638345,5.4061,-5.39174,7.71411,0.04324,0.14723,-1.4156
1619611638365,3.58172,6.95276,18.67477,-0.14424,0.20263,-1.42625
1619611638385,2.92092,-1.27371,10.50096,0.12313,-0.32041,-1.2867
1619611638405,2.67192,-6.9767,11.18571,0.01554,0.43059,-1.53917
1619611638425,8.21211,-7.66623,17.99003,-0.0441,-0.11268,-1.36979
1619611638445,3.80678,0.32561,14.75307,0.03472,-0.01787,-1.3911
1619611638465,-0.99119,-4.49152,11.37724,0.11568,0.10356,-1.48697
1619611638485,-7.85777,1.99197,19.6127,-0.1453,-0.1734,-1.43477
1619611638505,-9.48582,-8.38449,5.16189,0.17107,0.00449,-1.34636
1619611638525,14.29338,3.8786,11.83214,-0.09417,0.03538,-1.40814
1619611638545,2.7246,-16.17522,17.39148,-0.02812,-0.06794,-1.32825
1619611638565,1.85311,3.11246,17.80807,-0.03345,-0.069,-1.34636
1619611638585,-3.50032,-5.28639,12.03325,-0.11228,0.05456,-1.33251
1619611638605,2.64798,1.5275,3.54341,0.07307,-0.08498,-1.3357
1619611638625,-0.40701,-8.10676,18.40183,0.1242,0.05562,-1.50721
1619611638645,-14.55674,13.13459,5.95677,-0.00575,0.06201,-1.3357
1619611638665,-2.23139,7.19218,2.05422,0.12313,-0.18618,-1.38364
1619611638685,-6.63193,10.31422,-0.29688,0.06561,0.04923,-1.51147
1619611638705,-0.88585,-8.73404,19.6127,-0.01108,-0.26714,-1.38577
1619611638725,6.09084,4.09408,14.35084,0.06348,-0.02639,-1.49656
1619611638745,6.8953,-6.06211,18.34437,-0.04943,-0.07007,-1.47312
1619611638745,4.41969,3.95522,5.97592,-0.173,-0.21388,-1.34209
1619611638785,6.29675,-2.03507,11.92791,-0.02812,0.16108,-1.53491
1619611638805,-1.77649,1.52271,16.95573,-0.00895,-0.10948,-1.42305
1619611638825,7.264,-12.67969,8.19295,0.01874,-0.08711,-1.35275
1619611638845,-15.68681,-1.0726,9.21767,0.07093,0.1515,-1.51573
1619611638866,1.87226,-8.14028,6.41167,0.06561,-0.05516,-1.41666
1619611638886,-0.53151,0.35434,13.27345,-0.00469,0.03858,-1.46566
1619611638905,-4.99909,-7.29752,8.45632,-0.02386,0.02366,-1.49869
1619611638925,1.81001,1.04387,8.49941,0.00489,-0.06687,-1.40921
1619611638945,6.33984,-3.57214,9.51934,-0.02599,-0.04131,-1.41027
1619611638945,-1.41257,6.45476,7.09641,0.15083,0.10569,-1.49762
1619611638985,-3.10288,-11.9327,19.6127,0.01767,0.04603,-1.44649
1619611639005,2.83952,7.73806,3.2178,-0.15702,0.15895,-1.52532
1619611639025,-11.14261,-1.65199,9.83059,0.14444,-0.14464,-1.3879
1619611639045,-9.16021,13.4602,3.04542,-0.03878,-0.03918,-1.50934
1619611639065,10.12747,-8.79629,11.40597,0.06667,0.11315,-1.43371
1619611639085,0.98641,5.70298,6.34942,-0.00788,0.03645,-1.45821
1619611639105,3.69664,-7.65665,6.99585,0.06135,0.02686,-1.32079
1619611639126,0.56503,6.50265,10.10831,-0.01428,-0.13718,-1.3634
1619611639145,10.18014,-9.19373,19.6127,0.11674,0.17706,-1.48164
1619611639166,-4.31435,5.22414,9.06444,-0.075,-0.1489,-1.3144
1619611639186,17.67399,-15.63413,15.26064,0.02406,0.30276,-1.53917
1619611639206,0.3687,5.91846,5.55933,0.11461,0.00129,-1.41027
1619611639226,8.81545,-4.98951,16.48168,-0.10802,-0.30017,-1.38577
1619611639245,-1.69988,-1.62805,19.6127,0.06987,0.18665,-1.57752
1619611639266,11.72201,-1.74776,10.92234,0.03472,-0.27034,-1.36979
1619611639266,1.29765,4.43885,11.05163,-0.21028,0.02579,-1.44223
1619611639305,-0.33039,-8.04451,19.6127,0.19024,-0.05089,-1.42518
1619611639325,-2.92092,0.65601,18.44014,-0.09311,-0.34491,-1.32185
1619611639345,1.08217,-3.58651,9.88326,-0.08139,0.17919,-1.49869
1619611639367,-3.58651,11.44907,-9.48103,-0.06008,-0.12333,-1.39216
1619611639385,14.4083,3.57214,11.31499,-0.04197,0.0439,-1.45288
1619611639405,-3.24653,5.62158,7.13472,0.02726,-0.01787,-1.50401
1619611639425,4.7884,1.21146,12.15775,0.02619,-0.01255,-1.51147
1619611639446,-8.4611,8.0493,7.86255,0.11035,0.08012,-1.47419
1619611639467,10.30943,-1.21625,19.6127,0.09757,-0.12333,-1.50082
1619611639486,0.22026,-2.99275,14.21198,-0.12719,-0.21814,-1.43264
1619611639505,14.10663,-3.80199,9.65821,-0.1208,-0.11055,-1.45075
1619611639526,-3.38061,2.6001,9.52892,0.03045,0.12167,-1.46886
1619611639545,0.11492,-3.18907,18.75138,-0.26781,-0.02746,-1.46034
1619611639566,-12.31577,1.403,17.47767,0.17,0.1206,-1.32079
1619611639585,6.78995,-12.73236,19.6127,-0.02919,-0.16914,-1.41666
1619611639606,0.71826,9.6199,-5.88015,0.04643,0.32407,-1.4646
1619611639625,8.69574,-9.02614,18.74181,0.07307,-0.02107,-1.30161
1619611639645,1.43173,2.05901,12.4259,-0.13039,0.08012,-1.4369
1619611639667,10.34773,-1.18273,7.68538,0.2467,0.15895,-1.49656
1619611639685,7.93438,2.25054,12.81376,-0.13465,-0.31828,-1.27924
1619611639705,15.04516,-9.5768,8.47068,0.05922,0.23459,-1.51254
1619611639725,-6.01902,0.11492,19.6127,0.14444,0.01514,-1.41027
1619611639745,9.24161,-6.69418,19.1584,-0.11122,-0.25436,-1.41134
1619611639765,-13.29739,12.22479,2.40856,0.03578,0.28998,-1.54769
1619611639785,3.83072,1.47003,10.00776,-0.03239,-0.27353,-1.29735
1619611639805,-18.50239,11.73637,3.2178,-0.11974,0.02473,-1.40175
1619611639825,-0.59376,-8.9591,17.52076,0.23605,0.11421,-1.4891
1619611639845,-6.55053,14.8632,8.00142,-0.04943,-0.23412,-1.40814
1619611639865,3.55299,-4.44363,15.18402,0.1455,0.20156,-1.49017
1619611639886,-14.11621,4.89374,8.28393,-0.15489,-0.09244,-1.40175
1619611639905,9.3709,4.55377,19.2398,0.01874,0.15043,-1.42518
1619611639925,-3.94085,-1.65199,8.73404,-0.07287,0.04603,-1.44116
1619611639945,-4.707,6.61278,15.27021,0.14657,-0.04663,-1.45501
1619611639965,-6.81389,-10.30943,10.92713,-0.03239,0.07586,-1.43584
1619611639985,-6.81389,-10.30943,10.92713,-0.03239,0.07586,-1.43584
1619611640005,-1.62326,1.27371,14.15452,0.01341,-0.19897,-1.41986
1619611640025,-4.85544,13.62779,7.44117,-0.03558,0.28572,-1.43371
1619611640045,-12.66532,-3.07894,19.45049,0.1764,0.09078,-1.40921
1619611640065,-1.53228,6.74686,9.40442,-0.1975,-0.35663,-1.37299
1619611640085,8.18338,-6.57926,0.54587,0.30316,0.32726,-1.49762
1619611640105,3.89776,4.97515,8.47068,-0.30509,-0.12759,-1.3911
1619611640125,0.36391,4.61123,11.88002,0.03045,-0.04237,-1.44329
1619611640145,12.43548,-2.02549,6.54574,0.16468,0.29531,-1.47951
1619611640165,5.94719,-2.8874,12.03325,-0.17194,-0.43545,-1.32931
1619611640185,1.57538,0.79966,13.23993,-0.10269,0.25163,-1.4614
1619611640205,6.78995,-6.86657,13.49372,0.35962,0.10782,-1.43264
1619611640225,12.3445,-0.09097,14.76743,-0.30616,-0.27993,-1.31866
1619611640245,7.92959,-12.24873,11.07078,0.06667,0.35816,-1.46673
1619611640265,-6.74207,7.31668,4.04141,0.13698,-0.29484,-1.24622
1619611640285,-6.74207,7.31668,4.04141,0.13698,-0.29484,-1.24622
1619611640305,2.90656,1.58975,-4.71657,0.16681,0.13978,-1.40494
1619611640325,0.38307,2.59052,10.51054,-0.1208,-0.50044,-1.34316
1619611640345,-8.07324,4.34308,9.80665,0.04217,0.39438,-1.49762
1619611640365,-6.24407,-4.38138,13.89115,0.21581,-0.0999,-1.38151
1619611640385,-5.97113,8.83939,6.09084,-0.10482,-0.14038,-1.38364
1619611640405,-9.0836,-3.81156,-2.26012,0.07307,0.18026,-1.46247
1619611640425,-2.46123,9.75876,14.09705,0.11674,-0.40882,-1.26859
1619611640445,-1.9393,-7.26879,4.34308,-0.14317,0.16108,-1.58817
1619611640465,-0.06224,5.76523,-3.73974,0.11461,-0.08924,-1.42092
1619611640485,0.11492,-1.15879,11.86566,-0.16448,-0.26501,-1.34316
1619611640505,5.40131,-0.98641,4.31914,0.11781,0.26015,-1.52852
1619611640525,-12.9622,-3.20823,19.6127,0.072,0.01834,-1.41453
1619611640545,9.05008,6.98149,9.7827,-0.08565,-0.14251,-1.42305
1619611640565,2.70065,-14.61899,16.24705,0.38306,0.26548,-1.54449
1619611640585,-9.48103,4.77882,9.22246,-0.26035,-0.25969,-1.38151
1619611640606,0.37349,5.71256,12.20564,0.16787,0.03219,-1.43903
1619611640625,-7.50342,3.50032,0.63206,0.03472,0.03006,-1.45075
1619611640645,-5.17147,-3.93606,11.69807,-0.18898,-0.06474,-1.3911
1619611640665,-7.91044,6.91445,-4.7884,0.08585,0.26228,-1.50721
1619611640685,-0.25857,-6.26323,0.67516,-0.00682,-0.16914,-1.40494
1619611640705,4.29998,2.59052,10.50096,-0.01641,0.03219,-1.37938
1619611640725,-4.77403,-5.26724,19.6127,0.08052,0.19624,-1.43371
1619611640745,1.4413,4.96557,8.55687,-0.10589,-0.20003,-1.32931
1619611640765,11.6406,-5.91846,14.29338,0.19983,0.24737,-1.37512
1619611640785,-1.55623,8.81066,19.29247,-0.03239,-0.11588,-1.4646
1619611640805,-0.51235,4.51067,10.96065,0.0475,-0.06155,-1.44542
1619611640825,-10.38125,11.31978,1.31681,-0.01747,0.03325,-1.48697
1619611640845,2.08295,5.15711,7.00543,-0.20602,-0.08498,-1.42838
1619611640865,-7.14908,6.37815,8.90164,-0.08671,-0.43652,-1.35275
1619611640885,4.64475,-1.403,8.18816,-0.05263,0.10782,-1.51999
1619611640905,-19.6127,1.38384,1.74297,-0.00149,-0.11481,-1.49869
1619611640925,9.51455,-0.80924,4.24731,-0.11974,-0.18405,-1.40494
1619611640945,-11.51132,11.68849,-0.63685,-0.02706,0.20582,-1.44542
1619611640965,11.79383,-2.7629,11.24317,-0.12826,-0.10735,-1.35914
1619611640985,-14.26465,5.11401,3.19386,0.04537,0.40396,-1.47845
1619611641005,-2.6815,-2.83473,4.85544,0.01554,0.02579,-1.38151
1619611641025,-10.10831,9.93114,10.09874,-0.02919,-0.03172,-1.40814
1619611641045,-2.40856,3.82114,6.47392,0.13698,0.24737,-1.47525
1619611641065,-7.36456,18.48802,-5.2433,-0.05582,-0.30336,-1.33251
1619611641065,8.07324,-0.02394,7.9679,-0.0473,0.32407,-1.47206
1619611641105,-13.52724,6.24886,-2.99275,0.03259,-0.10096,-1.35381
1619611641125,7.73806,-8.5473,15.28937,0.02832,-0.02,-1.38151
1619611641145,-5.48751,-0.78529,5.07091,0.03365,0.23459,-1.40494
1619611641165,-2.0638,6.97191,9.01177,-0.08565,-0.43652,-1.18124
1619611641186,1.58017,-5.0757,4.34308,-0.07713,0.46042,-1.43477
1619611641205,5.05655,3.60566,15.45217,-0.12293,-0.5292,-1.2835
1619611641225,-10.73081,12.37802,3.32315,-0.19324,-0.20536,-1.39216
1619611641245,-5.84664,-1.58496,18.2486,0.17959,0.31661,-1.5935
1619611641265,-6.36378,7.20654,7.86255,-0.11228,-0.4525,-1.40388
1619611641287,-1.51313,4.09408,19.6127,0.02087,0.30383,-1.47206
1619611641305,-2.2697,1.45567,12.67969,-0.11548,-0.23092,-1.35914
1619611641325,7.08204,2.8491,17.93257,-0.25609,0.02047,-1.43264
1619611641345,4.29519,-1.54665,14.48013,0.15189,0.14723,-1.31014
1619611641365,11.37724,3.32315,19.6127,-0.15702,-0.23092,-1.38257
1619611641388,-0.86191,-15.96453,16.77377,0.28612,0.2218,-1.49869
1619611641405,-7.94874,3.31357,2.19787,0.02193,-0.35769,-1.35062
1619611641425,2.05901,1.68551,19.6127,0.11568,-0.05622,-1.44969
1619611641445,11.70285,8.81545,10.7739,0.04537,0.21861,-1.36873
1619611641465,-5.19541,-4.69742,15.17923,-0.14956,-0.43439,-1.22918
1619611641487,3.50032,2.23139,18.64125,0.07307,0.30383,-1.45927
1619611641505,0.65601,-4.05098,19.14403,0.16255,-0.51215,-1.15141
1619611641525,8.00142,4.36702,8.53293,0.33938,-0.46741,-1.30587
1619611641545,-19.6127,5.02782,11.08036,-0.0505,0.47214,-1.59243
1619611641565,-1.68072,-6.41167,9.69651,0.0965,-0.45889,-1.30055
1619611641587,-19.6127,-8.65743,14.17846,0.02726,0.225,-1.49762
1619611641606,4.96078,0.96725,16.63491,0.07413,-0.38326,-1.47738
1619611641625,-1.28808,4.10366,7.28316,-0.17194,0.04603,-1.44329
1619611641645,1.72861,-0.39264,19.6127,0.23392,0.1728,-1.48377
1619611641665,-5.20978,1.98718,8.3797,-0.1698,-0.17873,-1.3634
1619611641687,3.05978,-1.70467,11.22401,0.05176,0.18452,-1.4646
1619611641705,-5.79875,-9.91199,3.7158,-0.18365,-0.2469,-1.40814
1619611641725,2.20745,-9.44273,16.97489,0.07307,0.22606,-1.44542
1619611641745,-3.41413,2.11168,19.6127,0.07626,0.0961,-1.47845
1619611641765,5.09486,7.82903,3.51947,-0.15596,-0.28419,-1.3634
1619611641786,3.45722,1.18273,4.98951,0.0965,0.33792,-1.52745
1619611641805,6.16267,-1.59453,1.33596,0.01128,-0.32573,-1.28883
1619611641825,-5.85142,0.98641,12.45942,-0.0505,0.30702,-1.48164
1619611641845,-7.2257,1.97282,13.39795,0.13485,0.00555,-1.35062
1619611641865,-7.69017,10.0748,10.60152,0.01021,-0.14251,-1.34849
1619611641886,-9.21767,8.65264,-1.45567,0.11248,0.20476,-1.51999
1619611641905,-10.59194,7.08204,-1.31681,-0.07393,-0.28951,-1.31759
1619611641925,1.09175,1.06781,4.30956,-0.0473,0.21115,-1.5413
1619611641945,5.84185,-11.86087,-2.00634,0.31275,0.06627,-1.49549
1619611641965,-10.51054,14.4897,-0.96725,0.06561,-0.57713,-1.22598
1619611641987,2.38462,-1.6089,7.3071,-0.19004,-0.0754,-1.40175
1619611642005,-8.46589,0.68474,15.23669,0.17959,0.26548,-1.58391
1619611642025,8.2983,-8.96389,5.87058,-0.38712,-0.33212,-1.29522
1619611642045,0.66558,0.9481,16.93179,0.06241,0.24098,-1.43051
1619611642065,8.79629,-4.72136,10.18972,0.02193,-0.17553,-1.33251
1619611642085,4.40533,5.51145,11.06121,-0.06647,-0.04131,-1.37405
1619611642105,10.71644,-8.24563,12.35408,0.32873,0.25802,-1.44223
1619611642125,-3.39497,11.46822,6.16746,-0.10163,0.07373,-1.39429
1619611642145,-7.49863,-6.94318,11.34851,-0.06754,0.09504,-1.30801
1619611642166,2.14999,4.42927,14.6573,0.18066,-0.05516,-1.45821
1619611642185,10.86009,4.52025,10.37168,-0.27846,0.20369,-1.47845
1619611642205,2.28885,0.02394,1.35032,0.11461,-0.0967,-1.33783
1619611642225,-9.96466,0.36391,11.54962,-0.00043,-0.1212,-1.40708
1619611642245,-6.75643,11.48738,-1.63763,0.07093,0.05775,-1.41453
1619611642265,-2.42293,0.4118,18.50717,0.0443,0.08012,-1.39642
1619611642285,-16.93179,14.91587,2.05901,-0.18791,-0.07007,-1.40175
1619611642305,-6.41167,-5.39653,6.49786,0.18172,0.08651,-1.44649
1619611642325,-10.55364,3.9217,6.15788,-0.2007,-0.069,-1.36766
1619611642345,8.77235,-10.29985,4.80276,0.12952,-0.02852,-1.45821
1619611642365,1.90099,10.86967,7.44596,0.07626,0.21008,-1.42518
1619611642385,8.64785,-10.18972,19.6127,-0.17726,-0.16488,-1.39429
1619611642405,-8.00142,2.56179,7.84819,0.25416,0.07373,-1.48058
1619611642425,12.22958,-2.4325,9.83059,-0.0718,-0.16488,-1.41453
1619611642445,3.5913,4.0462,15.04995,0.01448,0.0471,-1.40494
1619611642465,8.28872,-10.09874,19.6127,-0.02706,0.16002,-1.49443
1619611642485,2.6001,1.8962,12.53125,0.05176,-0.09137,-1.29522
1619611642505,7.35977,-3.17471,19.6127,-0.06647,0.21967,-1.48164
1619611642525,1.39342,8.0493,3.40455,0.05815,-0.10735,-1.3847
1619611642545,16.8025,-4.39096,19.6127,-0.06328,0.02899,-1.37086
1619611642565,-8.82502,8.35097,15.82567,0.06241,0.28146,-1.46566
1619611642585,11.73158,-1.80522,19.6127,0.09863,-0.29271,-1.34849
1619611642605,-9.9886,11.16176,4.26646,-0.17194,-0.03492,-1.35914
1619611642625,4.18506,-1.13485,17.16163,0.24564,0.10995,-1.46993
1619611642645,-4.41011,1.69509,4.27604,-0.13465,-0.35449,-1.38151
1619611642665,8.93037,-1.23061,6.14831,0.11035,0.19411,-1.51786
1619611642685,-1.73819,7.8865,12.43069,0.10289,-0.1979,-1.3847
1619611642705,6.09563,-6.53138,19.6127,-0.21455,-0.00402,-1.40814
1619611642725,-5.88973,-4.77403,11.0229,0.25309,0.1238,-1.43797
1619611642745,16.74025,-9.79707,19.6127,-0.14104,-0.12227,-1.43903
1619611642765,-8.33661,-1.63284,9.07402,0.03045,0.23672,-1.41879
1619611642785,1.29765,2.07816,15.04037,-0.01854,0.03964,-1.35807
1619611642805,1.07739,-1.3599,14.22155,0.10183,-0.11588,-1.38684
1619611642825,-12.21521,8.68137,8.34618,0.11994,0.23565,-1.46993
1619611642845,-3.2609,3.80199,10.06522,-0.10482,-0.26075,-1.36766
1619611642865,2.8491,-0.22026,8.93994,0.10076,0.10036,-1.41879
1619611642885,0.56503,0.0383,11.91833,-0.01215,0.13445,-1.51147
1619611642905,1.30723,2.05901,4.01747,0.03578,-0.35663,-1.38044
1619611642925,0.15322,-7.61834,5.9041,-0.08991,0.12593,-1.47206
1619611642945,-3.81635,3.2609,16.00763,0.04004,-0.0445,-1.37512
1619611642965,9.31823,-2.94486,0.19632,0.06454,0.05669,-1.3879
1619611642985,4.57771,6.08127,16.61097,-0.04304,-0.10522,-1.33357
1619611643005,-2.90656,1.12048,18.00918,0.09011,-0.00615,-1.27072
1619611643025,9.60553,3.55299,9.85453,-0.03558,0.05988,-1.4646
1619611643045,-0.79487,-3.06457,8.0924,0.10822,-0.07753,-1.3357
1619611643065,-8.89685,4.03183,11.08036,0.11035,0.23352,-1.48484
1619611643085,-6.65588,0.7422,9.55765,-0.0473,-0.15955,-1.40601
1619611643105,4.17548,7.46512,7.1395,-0.04836,-0.13931,-1.33996
1619611643125,-11.49216,-2.1883,12.39238,0.30423,0.18665,-1.54769
1619611643145,-9.52892,14.62857,8.28393,-0.09311,-0.28206,-1.43158
1619611643165,-10.99896,0.60333,2.15478,-0.06008,0.02153,-1.44649
1619611643186,-6.9336,-0.85233,4.64953,-0.00469,-0.06794,-1.46673
1619611643205,3.35667,-5.97592,8.68137,-0.18259,-0.34597,-1.34849
1619611643225,-1.33117,2.09732,10.7356,-0.02386,0.23991,-1.50828
1619611643245,8.86333,-0.99119,3.58172,0.09863,-0.11694,-1.36766
1619611643265,-6.78037,7.14908,17.67399,-0.09737,-0.00935,-1.47738
1619611643285,1.27371,-6.57926,7.95832,0.05709,0.08651,-1.4646
1619611643305,-1.54665,2.37504,16.48168,-0.03558,-0.15316,-1.39749
1619611643325,-1.83395,-6.60799,1.82917,0.12313,0.15043,-1.55302
1619611643345,-2.17872,7.74763,13.6661,0.01341,-0.03918,-1.40281
1619611643365,-2.27928,-4.63038,11.91354,-0.02493,0.01408,-1.41347
1619611643385,6.93839,-0.71347,12.75151,-0.0473,-0.11588,-1.43371
1619611643406,8.81066,-11.83693,19.6127,0.02832,0.14084,-1.46993
1619611643425,-5.88494,0.59855,17.84159,0.03259,-0.08392,-1.5136
1619611643445,-9.28471,9.39963,9.70609,-0.17833,0.17919,-1.50082
1619611643465,-7.27358,4.19942,8.54251,0.16148,-0.04344,-1.37192
1619611643485,-6.45476,-2.27449,4.57292,-0.10482,-0.13079,-1.48058
1619611643507,3.33751,1.06781,11.65497,0.01661,0.22074,-1.44223
1619611643525,1.99197,1.36948,7.07726,0.08798,-0.21495,-1.42305
1619611643545,-3.85945,14.89672,4.88896,-0.09417,0.07693,-1.42199
1619611643565,3.39018,-3.7541,19.6127,0.17533,-0.09883,-1.37299
1619611643585,3.055,-3.98874,17.8751,-0.10269,0.01301,-1.43903
1619611643607,6.79474,0.33518,10.67335,0.04537,-0.06368,-1.44116
1619611643625,-3.36145,11.39161,14.56153,-0.03771,0.31022,-1.5168
1619611643645,-5.1188,2.6001,4.49631,0.08691,-0.09564,-1.4156
1619611643665,-9.93114,10.97023,4.09887,-0.0995,-0.14464,-1.41879
1619611643685,-10.94629,-4.49152,13.40274,0.06774,0.12593,-1.57113
1619611643707,-2.51391,2.77248,3.7972,-0.03452,-0.24371,-1.32931
1619611643725,-4.34308,9.69172,11.19528,0.11568,0.15469,-1.44649
1619611643745,-12.3014,10.44829,0.45968,0.14337,-0.1457,-1.3602
1619611643765,6.75164,0.23463,17.44894,-0.12826,-0.39497,-1.37512
1619611643785,-9.99339,4.22816,4.87938,-0.04623,0.25483,-1.54343
1619611643805,9.34696,5.23851,7.97748,0.03578,-0.14464,-1.29096
1619611643825,-4.4149,14.91108,-6.8953,0.0475,-0.11907,-1.4678
1619611643845,-7.09162,2.80121,11.77468,-0.06541,0.16002,-1.5168
1619611643865,-13.59906,14.9446,14.11621,0.14231,-0.12333,-1.40068
1619611643885,1.31202,-11.28147,4.36702,0.16148,0.05669,-1.55195
1619611643906,-19.6127,4.77403,9.49061,0.12739,0.05669,-1.5168
1619611643926,-0.15322,3.59609,5.73171,-0.27633,-0.38113,-1.33677
1619611643945,-0.26336,-6.86178,0.73741,-0.01747,-0.06261,-1.42732
1619611643965,-5.25287,9.36132,8.24563,-0.04304,-0.24158,-1.39003
1619611643986,-7.58961,4.46758,-0.33039,-0.10695,-0.24371,-1.37938
1619611644006,13.78102,-11.33893,19.6127,0.01021,0.32194,-1.50828
1619611644025,-2.35589,10.18972,-1.8962,0.0688,-0.23838,-1.30161
1619611644045,1.92493,-3.29442,13.12022,0.04537,0.25589,-1.41773
1619611644065,1.22104,0.97683,12.469,0.0965,0.19943,-1.51254
1619611644085,-1.34554,5.64073,10.57279,-0.20496,-0.11907,-1.31759
1619611644105,-0.35434,-2.56658,1.65678,0.21901,0.31235,-1.55302
1619611644126,4.58729,-0.83797,19.6127,-0.01321,-0.40776,-1.32292
1619611644145,-1.99676,3.6296,8.30309,-0.10482,0.14297,-1.44329
1619611644165,4.209,-1.66636,18.49281,0.21155,0.13019,-1.52532
1619611644185,0.28251,8.70052,-0.60812,-0.18152,-0.21921,-1.4124
1619611644205,-4.81234,1.0295,6.31111,0.07946,0.26228,-1.50614
1619611644225,2.85867,-2.65756,-0.76614,0.05602,-0.5047,-1.31866
1619611644245,1.19231,1.10133,17.42978,0.03365,0.22819,-1.50188
1619611644265,-0.2873,2.01112,7.49863,0.21475,0.13339,-1.41134
1619611644285,-5.33907,9.99818,8.8346,-0.06967,-0.12546,-1.32398
1619611644306,-12.45463,8.14028,13.32133,0.02619,0.225,-1.49336
1619611644325,7.15387,0.71826,8.18338,-0.13359,-0.30549,-1.28563
1619611644345,3.84029,-0.79966,14.95418,0.04004,0.28252,-1.56367
1619611644365,3.73016,-0.74699,11.56878,-0.08991,-0.069,-1.34209
1619611644385,-11.54484,7.06768,13.56554,0.12952,-0.19151,-1.31653
1619611644405,-9.5768,9.67736,12.91432,-0.03026,0.13871,-1.5136
1619611644426,-9.88326,7.70454,5.54975,0.01235,-0.08285,-1.38044
1619611644445,0.53151,15.81609,16.44337,0.03045,0.04497,-1.50082
1619611644465,-13.35485,-13.31176,12.86644,0.13592,0.22926,-1.48164
1619611644485,-0.43095,6.69897,10.63983,-0.07606,-0.34704,-1.28244
1619611644505,5.91367,-5.08049,6.07169,-0.04623,0.08971,-1.48697
1619611644525,-4.90332,4.11802,17.23346,0.15722,0.00875,-1.50614
1619611644545,9.4954,-6.37815,3.04542,-0.17087,-0.00509,-1.47419
1619611644565,-11.2288,14.4514,2.63841,0.13059,0.1238,-1.4891
1619611644585,-16.95573,3.45243,15.86398,-0.14956,-0.14251,-1.40814
1619611644605,-16.3093,4.88417,7.53694,-0.00575,-0.01361,-1.35488
1619611644625,-0.60812,-10.26154,7.86734,0.05602,0.13765,-1.49549
1619611644645,-8.95431,15.81609,19.6127,-0.02812,-0.10735,-1.41986
1619611644665,-5.86579,2.7629,2.11168,-0.1762,-0.14677,-1.37938
1619611644685,-5.82748,6.8522,6.13873,-0.01002,0.06095,-1.3879
1619611644705,9.50498,-1.93451,9.68694,-0.14104,-0.16594,-1.36873
1619611644725,13.63737,-4.73573,6.87614,0.23392,0.23246,-1.47951
1619611644745,18.06664,-13.51766,19.6127,-0.18365,-0.22134,-1.37831
1619611644765,-5.61679,8.92558,14.02044,-0.00256,0.10143,-1.44223
1619611644785,7.29273,-4.44842,12.53604,0.17533,0.10675,-1.40708
1619611644805,5.2433,3.39976,14.93503,-0.075,-0.29164,-1.40601
1619611644825,-6.24407,-8.14986,17.12333,0.15935,0.20582,-1.43903
1619611644845,2.89219,10.46266,7.03895,0.06028,-0.27993,-1.27179
1619611644865,12.64138,1.50834,10.65898,-0.11122,0.08332,-1.4401
1619611644885,-4.9943,8.11634,15.3564,0.0443,-0.03811,-1.37618
1619611644906,10.40041,-1.80043,18.17677,0.00169,-0.27673,-1.38897
1619611644925,-19.6127,5.25766,17.0515,0.00063,0.33366,-1.52319
1619611644945,10.54406,-4.64475,16.21353,0.08478,-0.15423,-1.36979
1619611644965,-2.96402,-5.72214,5.02303,0.15616,0.25696,-1.60628
1619611644985,-12.85207,1.79086,6.45476,0.17213,0.24737,-1.57006
1619611645005,-12.91911,11.55441,7.71411,0.04111,-0.23092,-1.34422
1619611645025,-1.59453,7.4699,4.71178,0.07413,0.13019,-1.49336
1619611645045,-8.45153,0.92416,-0.23942,0.12739,0.08332,-1.50188
1619611645065,11.11388,0.34476,13.69962,-0.18152,-0.38113,-1.26007
1619611645085,-15.68681,1.47003,-3.23217,0.05709,0.31661,-1.50721
1619611645105,-1.16358,7.52737,7.93438,-0.10163,-0.08818,-1.32825
1619611645125,-7.88171,8.59518,1.98239,0.01554,-0.06581,-1.39216
1619611645145,8.24084,-7.85298,13.84327,0.10822,0.14191,-1.58817
1619611645165,5.26724,3.73495,8.97346,0.0965,0.03538,-1.51573
1619611645185,10.44829,1.24019,5.09007,0.18492,0.20582,-1.44649
1619611645205,12.5504,-1.68551,19.6127,0.09544,0.00662,-1.51893
1619611645225,8.24563,-5.78439,3.04542,0.19664,-0.21814,-1.38684
1619611645245,-4.81713,2.42293,2.05901,0.05815,-0.05516,-1.43797
1619611645265,11.89918,-11.55441,18.40662,-0.1485,-0.02107,-1.5381
1619611645285,0.11971,-7.1395,0.40222,-0.1698,-0.01681,-1.4891
1619611645305,-5.98071,17.97087,3.53863,-0.10589,-0.14251,-1.41879
1619611645325,-2.1883,2.8874,8.72925,-0.05476,-0.26927,-1.41773
1619611645345,-14.42745,-0.60333,0.62249,-0.12719,0.33898,-1.53065
1619611645365,-5.50666,13.86721,5.08528,0.16787,0.08651,-1.37192
1619611645385,0.72783,3.64876,8.96389,0.01874,0.15043,-1.4923
1619611645405,-4.88896,-6.21055,7.60398,0.07307,0.1238,-1.45821
1619611645425,-1.80522,12.57434,5.29118,-0.03452,-0.18725,-1.37405
1619611645445,-2.27928,-1.97761,-4.09408,0.0965,0.25483,-1.48484
1619611645465,8.36534,-6.9767,16.26141,0.18385,0.11315,-1.4923
1619611645485,9.1219,-3.76847,4.86022,-0.07606,0.04284,-1.50188
1619611645505,7.87692,-7.32146,5.26724,0.05922,0.16534,-1.47312
1619611645525,6.90487,19.6127,6.75164,0.00489,-0.03598,-1.43264
1619611645545,-2.71981,0.07661,-1.43652,-0.00788,0.13126,-1.51041
1619611645565,-5.49229,9.80186,9.29907,-0.01428,-0.01148,-1.46353
1619611645585,6.42603,-8.49462,15.66286,0.01021,0.03751,-1.41879
1619611645605,-6.64151,4.27604,8.81545,0.00169,0.13765,-1.42305
1619611645625,14.7818,3.29442,3.81635,0.03365,-0.08498,-1.38044
1619611645645,-15.90707,5.01824,-1.7717,0.01448,0.02047,-1.37512
1619611645665,7.4316,-10.50575,19.6127,0.02619,0.10675,-1.47206
1619611645685,-6.30153,-2.75333,-0.3687,-0.14211,-0.12866,-1.38044
1619611645705,9.66778,-4.94642,11.32936,0.2009,-0.00189,-1.38577
1619611645725,6.3973,0.18674,15.16008,-0.12613,0.14936,-1.4923
1619611645745,10.53927,-1.65678,14.19761,0.04856,0.07054,-1.39642
1619611645765,4.0462,-3.39497,13.61343,0.00489,-0.16381,-1.35381
1619611645785,11.16655,1.03429,9.27034,0.04963,0.09504,-1.47525
1619611645805,-2.11647,-6.20577,13.97256,0.09544,-0.23305,-1.29203
1619611645825,13.78102,-4.8698,18.38268,-0.0196,0.00129,-1.38684
1619611645845,9.0405,-11.16176,2.86825,0.15935,0.04497,-1.41986
1619611645865,5.39653,4.75488,19.6127,-0.30083,-0.24264,-1.3357
1619611645885,2.98796,-2.0638,11.81778,0.29251,0.03219,-1.41453
1619611645905,14.27901,-10.76911,19.6127,-0.36688,-0.05196,-1.38257
1619611645925,1.55144,2.46602,2.23618,0.0752,-0.1766,-1.28777
1619611645945,0.85712,-4.25689,18.97165,0.38519,0.23672,-1.43264
1619611645965,-10.06522,8.41322,4.52504,-0.16235,-0.2469,-1.39962
1619611645985,2.09253,-0.2059,6.27759,0.18066,0.14617,-1.45288
1619611646005,6.02381,-4.59207,5.76044,0.01448,-0.20962,-1.38577
1619611646026,7.83861,-1.24019,13.79539,-0.03452,0.16641,-1.53491
1619611646045,-3.51468,4.54419,0.08619,0.15829,0.39225,-1.41347
1619611646065,-0.04788,2.31758,12.43548,-0.09204,-0.45889,-1.26753
1619611646085,-9.85453,2.94007,11.14261,-0.01641,0.22926,-1.45714
1619611646105,-2.6815,-5.17147,12.53604,0.21688,0.3017,-1.55728
1619611646125,-5.64073,13.6661,-5.09486,-0.17726,-0.60483,-1.25474
1619611646145,-6.00944,-16.76898,18.35873,0.0443,0.24737,-1.42838
1619611646165,-11.63582,12.69405,9.56723,-0.05476,-0.27673,-1.23131
1619611646185,1.71424,3.05021,14.05396,-0.04623,-0.13079,-1.35062
1619611646205,-8.74362,6.75164,12.72278,0.1487,0.34537,-1.52319
1619611646225,6.66545,-3.15555,15.01643,-0.0718,-0.41735,-1.24835
1619611646245,-11.09951,5.67904,4.64953,0.05815,0.22606,-1.47738
1619611646265,-3.08373,-2.07337,15.70117,0.12952,-0.15423,-1.36766
1619611646285,-8.29351,6.59841,18.92855,-0.17407,0.0503,-1.44329
1619611646305,-3.01669,5.67425,-5.49229,0.03578,0.07267,-1.55728
1619611646326,-8.5856,8.91121,-4.47715,-0.01854,-0.04663,-1.40601
1619611646345,-3.55299,19.6127,-5.84185,-0.03239,-0.07966,-1.49336
1619611646365,-0.04309,-2.08774,11.54484,-0.06647,-0.04557,-1.47312
1619611646385,-2.52348,19.6127,9.81143,0.02726,-0.44398,-1.28457
