1619611617385,0.949,0,0,0,0,-1.452
1619611617405,0.976,0,0,0,0,-1.448
1619611617425,0.993,0,0,0,0,-1.433
1619611617445,0.98,0,0,0,0,-1.441
1619611617465,0.993,0,0,0,0,-1.409
1619611617485,0.997,0,0,0,0,-1.413
1619611617505,0.997,0,0,0,0,-1.413
1619611617525,0.983,0,0,0,0,-1.406
1619611617545,0.993,0,0,0,0,-1.361
1619611617565,0.986,0,0,0,0,-1.366
1619611617585,0.986,0,0,0,0,-1.404
1619611617605,0.986,0,0,0,0,-1.391
1619611617625,1,0,0,0,0,-1.392
1619611617645,0.976,0,0,0,0,-1.395
1619611617665,0.986,0,0,0,0,-1.425
1619611617685,0.986,0,0,0,0,-1.47
1619611617705,0.99,0,0,0,0,-1.453
1619611617725,0.983,0,0,0,0,-1.429
1619611617745,0.99,0,0,0,0,-1.42
1619611617765,1.007,0,0,0,0,-1.428
1619611617785,1.007,0,0,0,0,-1.428
1619611617805,0.973,0,0,0,0,-1.45
1619611617825,0.99,0,0,0,0,-1.396
1619611617845,0.986,0,0,0,0,-1.402
1619611617865,0.997,0,0,0,0,-1.42
1619611617885,0.986,0,0,0,0,-1.438
1619611617905,1.01,0,0,0,0,-1.467
1619611617925,0.969,0,0,0,0,-1.442
1619611617945,0.983,0,0,0,0,-1.463
1619611617965,0.993,0,0,0,0,-1.489
1619611617985,0.99,0,0,0,0,-1.461
1619611618005,1,0,0,0,0,-1.426
1619611618025,0.986,0,0,0,0,-1.435
1619611618045,1.027,0,0,0,0,-1.43
1619611618065,1.027,0,0,0,0,-1.43
1619611618096,0.946,0,0,0,0,-1.433
1619611618105,0.986,0,0,0,0,-1.428
1619611618125,0.986,0,0,0,0,-1.428
1619611618145,0.99,0,0,0,0,-1.408
1619611618165,0.986,0,0,0,0,-1.448
1619611618187,1.021,0,0,0,0,-1.49
1619611618205,0.959,0,0,0,0,-1.443
1619611618225,1,0,0,0,0,-1.436
1619611618245,0.99,0,0,0,0,-1.441
1619611618265,0.986,0,0,0,0,-1.451
1619611618287,1,0,0,0,0,-1.419
1619611618305,0.99,0,0,0,0,-1.416
1619611618325,1.021,0,0,0,0,-1.426
1619611618345,1.021,0,0,0,0,-1.426
1619611618365,0.952,0,0,0,0,-1.415
1619611618386,0.986,0,0,0,0,-1.443
1619611618405,1,0,0,0,0,-1.442
1619611618425,0.99,0,0,0,0,-1.459
1619611618445,0.986,0,0,0,0,-1.451
1619611618465,1.034,0,0,0,0,-1.483
1619611618486,0.942,0,0,0,0,-1.49
1619611618505,0.986,0,0,0,0,-1.472
1619611618526,0.993,0,0,0,0,-1.429
1619611618545,0.986,0,0,0,0,-1.417
1619611618565,0.986,0,0,0,0,-1.427
1619611618587,0.997,0,0,0,0,-1.468
1619611618605,0.997,0,0,0,0,-1.468
1619611618625,0.986,0,0,0,0,-1.45
1619611618645,0.99,0,0,0,0,-1.44
1619611618665,0.986,0,0,0,0,-1.449
1619611618685,1,0,0,0,0,-1.425
1619611618705,0.986,0,0,0,0,-1.446
1619611618725,1.007,0,0,0,0,-1.447
1619611618745,0.976,0,0,0,0,-1.397
1619611618765,0.983,0,0,0,0,-1.374
1619611618785,0.997,0,0,0,0,-1.397
1619611618806,0.993,0,0,0,0,-1.423
1619611618825,0.983,0,0,0,0,-1.444
1619611618845,0.986,0,0,0,0,-1.425
1619611618865,1.01,0,0,0,0,-1.439
1619611618887,1.01,0,0,0,0,-1.439
1619611618905,0.973,0,0,0,0,-1.422
1619611618925,0.986,0,0,0,0,-1.393
1619611618945,0.99,0,0,0,0,-1.433
1619611618965,1,0,0,0,0,-1.414
1619611618985,0.986,0,0,0,0,-1.397
1619611619005,1.017,0,0,0,0,-1.373
1619611619025,0.973,0,0,0,0,-1.377
1619611619045,0.99,0,0,0,0,-1.41
1619611619065,0.993,0,0,0,0,-1.461
1619611619085,0.997,0,0,0,0,-1.483
1619611619105,0.997,0,0,0,0,-1.476
1619611619125,0.997,0,0,0,0,-1.461
1619611619145,1.003,0,0,0,0,-1.464
1619611619165,1.003,0,0,0,0,-1.464
1619611619185,0.983,0,0,0,0,-1.475
1619611619205,0.99,0,0,0,0,-1.459
1619611619225,0.99,0,0,0,0,-1.444
1619611619245,0.99,0,0,0,0,-1.443
1619611619265,0.99,0,0,0,0,-1.428
1619611619285,1.014,0,0,0,0,-1.46
1619611619305,0.959,0,0,0,0,-1.469
1619611619325,0.99,0,0,0,0,-1.5
1619611619345,0.993,0,0,0,0,-1.554
1619611619365,0.986,0,0,0,0,-1.474
1619611619385,0.986,0,0,0,0,-1.447
1619611619405,0.99,0,0,0,0,-1.423
1619611619425,1.024,0,0,0,0,-1.404
1619611619445,1.024,0,0,0,0,-1.404
1619611619465,0.956,0,0,0,0,-1.397
1619611619485,0.986,0,0,0,0,-1.398
1619611619505,0.997,0,0,0,0,-1.386
1619611619525,0.99,0,0,0,0,-1.359
1619611619545,1.017,0,0,0,0,-1.384
1619611619565,0.969,0,0,0,0,-1.445
1619611619585,0.986,0,0,0,0,-1.446
1619611619605,0.993,0,0,0,0,-1.443
1619611619625,0.99,0,0,0,0,-1.466
1619611619645,0.997,0,0,0,0,-1.465
1619611619665,1.01,0,0,0,0,-1.437
1619611619685,1.01,0,0,0,0,-1.437
1619611619705,0.983,0,0,0,0,-1.448
1619611619725,0.973,0,0,0,0,-1.47
1619611619745,0.993,0,0,0,0,-1.471
1619611619765,0.99,0,0,0,0,-1.449
1619611619785,0.997,0,0,0,0,-1.402
1619611619805,1.014,0,0,0,0,-1.405
1619611619825,0.976,0,0,0,0,-1.406
1619611619845,0.983,0,0,0,0,-1.407
1619611619865,1,0,0,0,0,-1.4
1619611619885,0.986,0,0,0,0,-1.416
1619611619905,0.99,0,0,0,0,-1.448
1619611619925,1.01,0,0,0,0,-1.377
1619611619945,1.01,0,0,0,0,-1.377
1619611619965,1,0,0,0,0,-1.387
1619611619985,0.946,0,0,0,0,-1.489
1619611620005,0.99,0,0,0,0,-1.493
1619611620025,0.993,0,0,0,0,-1.453
1619611620045,1.01,0,0,0,0,-1.425
1619611620065,0.966,0,0,0,0,-1.451
1619611620085,0.993,0,0,0,0,-1.482
1619611620105,0.983,0,0,0,0,-1.476
1619611620125,0.99,0,0,0,0,-1.446
1619611620145,0.986,0,0,0,0,-1.412
1619611620165,0.986,0,0,0,0,-1.425
1619611620185,1.017,0,0,0,0,-1.432
1619611620205,1.017,0,0,0,0,-1.432
1619611620225,0.956,0,0,0,0,-1.421
1619611620245,0.997,0,0,0,0,-1.482
1619611620265,0.99,0,0,0,0,-1.496
1619611620285,0.983,0,0,0,0,-1.46
1619611620306,0.986,0,0,0,0,-1.433
1619611620325,0.99,0,0,0,0,-1.46
1619611620345,1.021,0,0,0,0,-1.433
1619611620365,0.983,0,0,0,0,-1.437
1619611620385,0.956,0,0,0,0,-1.38
1619611620416,0.993,0,0,0,0,-1.403
1619611620425,0.993,0,0,0,0,-1.416
1619611620445,0.99,0,0,0,0,-1.41
1619611620465,0.997,0,0,0,0,-1.407
1619611620485,1.021,0,0,0,0,-1.446
1619611620506,1.021,0,0,0,0,-1.446
1619611620525,0.952,0,0,0,0,-1.441
1619611620545,0.983,0,0,0,0,-1.455
1619611620565,0.99,0,0,0,0,-1.44
1619611620585,0.993,0,0,0,0,-1.392
1619611620607,0.986,0,0,0,0,-1.397
1619611620625,1.031,0,0,0,0,-1.437
1619611620645,0.952,0,0,0,0,-1.433
1619611620665,0.986,0,0,0,0,-1.418
1619611620685,0.99,0,0,0,0,-1.436
1619611620705,0.99,0,0,0,0,-1.442
1619611620725,0.993,0,0,0,0,-1.455
1619611620745,0.993,0,0,0,0,-1.455
1619611620765,1.014,0,0,0,0,-1.436
1619611620785,0.969,0,0,0,0,-1.405
1619611620806,0.993,0,0,0,0,-1.426
1619611620825,0.99,0,0,0,0,-1.445
1619611620845,0.99,0,0,0,0,-1.44
1619611620865,0.993,0,0,0,0,-1.395
1619611620885,1.007,0,0,0,0,-1.376
1619611620906,0.976,0,0,0,0,-1.358
1619611620925,0.993,0,0,0,0,-1.363
1619611620945,0.99,0,0,0,0,-1.413
1619611620965,0.986,0,0,0,0,-1.417
1619611620985,0.997,0,0,0,0,-1.426
1619611621006,0.997,0,0,0,0,-1.426
1619611621025,1.007,0,0,0,0,-1.479
1619611621045,0.976,0,0,0,0,-1.447
1619611621065,0.997,0,0,0,0,-1.482
1619611621085,0.986,0,0,0,0,-1.48
1619611621105,1,0,0,0,0,-1.429
1619611621125,0.986,0,0,0,0,-1.43
1619611621145,1.017,0,0,0,0,-1.426
1619611621165,0.976,0,0,0,0,-1.447
1619611621186,0.993,0,0,0,0,-1.462
1619611621206,0.997,0,0,0,0,-1.462
1619611621225,0.993,0,0,0,0,-1.445
1619611621245,0.986,0,0,0,0,-1.457
1619611621265,0.986,0,0,0,0,-1.457
1619611621285,0.997,0,0,0,0,-1.451
1619611621305,1.014,0,0,0,0,-1.448
1619611621326,0.963,0,0,0,0,-1.443
1619611621345,0.99,0,0,0,0,-1.463
1619611621365,0.99,0,0,0,0,-1.452
1619611621385,0.993,0,0,0,0,-1.449
1619611621405,0.99,0,0,0,0,-1.463
1619611621425,0.99,0,0,0,0,-1.465
1619611621445,0.997,0,0,0,0,-1.479
1619611621465,0.983,0,0,0,0,-1.46
1619611621485,0.99,0,0,0,0,-1.449
1619611621505,0.99,0,0,0,0,-1.46
1619611621525,0.986,0,0,0,0,-1.455
1619611621545,0.986,0,0,0,0,-1.455
1619611621565,0.986,0,0,0,0,-1.47
1619611621585,1.024,0,0,0,0,-1.499
1619611621605,0.956,0,0,0,0,-1.46
1619611621625,0.986,0,0,0,0,-1.44
1619611621645,0.993,0,0,0,0,-1.454
1619611621665,0.993,0,0,0,0,-1.458
1619611621685,0.99,0,0,0,0,-1.46
1619611621705,1.027,0,0,0,0,-1.467
1619611621725,0.949,0,0,0,0,-1.473
1619611621745,0.986,0,0,0,0,-1.501
1619611621765,0.993,0,0,0,0,-1.513
1619611621785,0.993,0,0,0,0,-1.492
1619611621805,0.993,0,0,0,0,-1.492
1619611621825,0.99,0,0,0,0,-1.452
1619611621845,0.997,0,0,0,0,-1.44
1619611621865,0.993,0,0,0,0,-1.44
1619611621885,0.997,0,0,0,0,-1.426
1619611621905,0.993,0,0,0,0,-1.43
1619611621925,1.003,0,0,0,0,-1.42
1619611621945,0.993,0,0,0,0,-1.442
1619611621965,1.003,0,0,0,0,-1.442
1619611621985,0.98,0,0,0,0,-1.42
1619611622005,0.986,0,0,0,0,-1.434
1619611622025,0.986,0,0,0,0,-1.434
1619611622045,0.986,0,0,0,0,-1.429
1619611622065,0.986,0,0,0,0,-1.429
1619611622085,0.993,0,0,0,0,-1.447
1619611622105,1.003,0,0,0,0,-1.431
1619611622125,0.976,0,0,0,0,-1.423
1619611622145,0.986,0,0,0,0,-1.465
1619611622165,0.986,0,0,0,0,-1.45
1619611622185,1,0,0,0,0,-1.443
1619611622205,0.986,0,0,0,0,-1.426
1619611622225,1.007,0,0,0,0,-1.415
1619611622245,0.969,0,0,0,0,-1.433
1619611622265,0.986,0,0,0,0,-1.45
1619611622285,0.99,0,0,0,0,-1.411
1619611622306,0.99,0,0,0,0,-1.42
1619611622325,0.99,0,0,0,0,-1.42
1619611622345,0.997,0,0,0,0,-1.427
1619611622365,0.983,0,0,0,0,-1.436
1619611622385,1.014,0,0,0,0,-1.446
1619611622405,0.959,0,0,0,0,-1.409
1619611622425,0.986,0,0,0,0,-1.388
1619611622445,0.99,0,0,0,0,-1.435
1619611622465,0.99,0,0,0,0,-1.434
1619611622485,0.993,0,0,0,0,-1.448
1619611622505,0.986,0,0,0,0,-1.42
1619611622525,1.021,0,0,0,0,-1.41
1619611622545,0.959,0,0,0,0,-1.462
1619611622565,0.997,0,0,0,0,-1.474
1619611622585,0.993,0,0,0,0,-1.439
1619611622605,0.99,0,0,0,0,-1.41
1619611622636,0.99,0,0,0,0,-1.41
1619611622645,0.993,0,0,0,0,-1.426
1619611622665,0.993,0,0,0,0,-1.426
1619611622685,1.031,0,0,0,0,-1.415
1619611622705,0.952,0,0,0,0,-1.405
1619611622736,0.986,0,0,0,0,-1.427
1619611622745,0.997,0,0,0,0,-1.405
1619611622765,0.997,0,0,0,0,-1.405
1619611622785,0.99,0,0,0,0,-1.414
1619611622805,0.997,0,0,0,0,-1.426
1619611622826,0.99,0,0,0,0,-1.421
1619611622845,0.99,0,0,0,0,-1.438
1619611622865,0.986,0,0,0,0,-1.466
1619611622885,0.986,0,0,0,0,-1.466
1619611622905,0.993,0,0,0,0,-1.477
1619611622925,0.986,0,0,0,0,-1.451
1619611622945,0.993,0,0,0,0,-1.429
1619611622965,0.99,0,0,0,0,-1.44
1619611622985,0.983,0,0,0,0,-1.439
1619611623005,0.99,0,0,0,0,-1.446
1619611623025,0.993,0,0,0,0,-1.441
1619611623045,0.986,0,0,0,0,-1.433
1619611623065,1,0,0,0,0,-1.463
1619611623085,0.976,0,0,0,0,-1.452
1619611623105,0.993,0,0,0,0,-1.445
1619611623126,0.986,0,0,0,0,-1.423
1619611623145,0.983,0,0,0,0,-1.376
1619611623165,0.983,0,0,0,0,-1.376
1619611623185,0.986,0,0,0,0,-1.395
1619611623206,1.003,0,0,0,0,-1.449
1619611623227,0.973,0,0,0,0,-1.461
1619611623245,0.986,0,0,0,0,-1.448
1619611623265,0.997,0,0,0,0,-1.423
1619611623285,0.993,0,0,0,0,-1.405
1619611623305,0.986,0,0,0,0,-1.4
1619611623327,1.014,0,0,0,0,-1.376
1619611623345,0.973,0,0,0,0,-1.38
1619611623365,0.986,0,0,0,0,-1.369
1619611623385,0.997,0,0,0,0,-1.355
1619611623405,0.997,0,0,0,0,-1.355
1619611623425,0.997,0,0,0,0,-1.381
1619611623445,0.99,0,0,0,0,-1.412
1619611623465,1.003,0,0,0,0,-1.454
1619611623485,1.014,0,0,0,0,-1.449
1619611623505,0.969,0,0,0,0,-1.421
1619611623526,0.993,0,0,0,0,-1.417
1619611623545,0.99,0,0,0,0,-1.426
1619611623565,0.993,0,0,0,0,-1.422
1619611623585,0.99,0,0,0,0,-1.426
1619611623605,0.997,0,0,0,0,-1.422
1619611623626,1.017,0,0,0,0,-1.443
1619611623646,0.959,0,0,0,0,-1.445
1619611623665,0.986,0,0,0,0,-1.436
1619611623685,0.99,0,0,0,0,-1.459
1619611623705,0.99,0,0,0,0,-1.459
1619611623725,0.99,0,0,0,0,-1.498
1619611623745,0.997,0,0,0,0,-1.462
1619611623765,0.986,0,0,0,0,-1.439
1619611623785,1.024,0,0,0,0,-1.438
1619611623805,0.952,0,0,0,0,-1.462
1619611623825,0.986,0,0,0,0,-1.445
1619611623845,0.99,0,0,0,0,-1.385
1619611623865,1,0,0,0,0,-1.352
1619611623885,0.986,0,0,0,0,-1.33
1619611623905,1.034,0,0,0,0,-1.323
1619611623925,0.949,0,0,0,0,-1.372
1619611623945,0.99,0,0,0,0,-1.39
1619611623965,0.99,0,0,0,0,-1.39
1619611623985,0.99,0,0,0,0,-1.424
1619611624005,0.99,0,0,0,0,-1.44
1619611624025,0.99,0,0,0,0,-1.406
1619611624045,0.997,0,0,0,0,-1.497
1619611624065,0.99,0,0,0,0,-1.465
1619611624085,0.99,0,0,0,0,-1.433
1619611624105,0.99,0,0,0,0,-1.431
1619611624125,0.99,0,0,0,0,-1.439
1619611624145,1,0,0,0,0,-1.415
1619611624165,1,0,0,0,0,-1.405
1619611624185,0.983,0,0,0,0,-1.409
1619611624205,0.99,0,0,0,0,-1.391
1619611624225,0.99,0,0,0,0,-1.391
1619611624245,1,0,0,0,0,-1.385
1619611624265,0.99,0,0,0,0,-1.396
1619611624285,0.98,0,0,0,0,-1.408
1619611624305,1.007,0,0,0,0,-1.432
1619611624325,0.966,0,0,0,0,-1.394
1619611624345,0.99,0,0,0,0,-1.404
1619611624365,0.986,0,0,0,0,-1.453
1619611624385,0.99,0,0,0,0,-1.464
1619611624405,0.99,0,0,0,0,-1.437
1619611624425,1.01,0,0,0,0,-1.406
1619611624445,0.973,0,0,0,0,-1.393
1619611624465,0.986,0,0,0,0,-1.408
1619611624485,0.986,0,0,0,0,-1.408
1619611624505,0.99,0,0,0,0,-1.413
1619611624525,0.993,0,0,0,0,-1.363
1619611624545,0.99,0,0,0,0,-1.361
1619611624565,0.99,0,0,0,0,-1.436
1619611624585,1.014,0,0,0,0,-1.416
1619611624605,0.959,0,0,0,0,-1.406
1619611624625,0.99,0,0,0,0,-1.409
1619611624645,0.986,0,0,0,0,-1.407
1619611624665,0.986,0,0,0,0,-1.411
1619611624685,0.99,0,0,0,0,-1.43
1619611624705,0.99,0,0,0,0,-1.42
1619611624725,1.021,0,0,0,0,-1.428
1619611624745,0.956,0,0,0,0,-1.429
1619611624765,0.986,0,0,0,0,-1.419
1619611624785,0.986,0,0,0,0,-1.419
1619611624805,0.986,0,0,0,0,-1.42
1619611624825,0.997,0,0,0,0,-1.402
1619611624845,0.99,0,0,0,0,-1.419
1619611624865,0.986,0,0,0,0,-1.433
1619611624885,1.031,0,0,0,0,-1.433
1619611624905,0.952,0,0,0,0,-1.408
1619611624925,0.99,0,0,0,0,-1.393
1619611624946,0.983,0,0,0,0,-1.373
1619611624966,0.99,0,0,0,0,-1.405
1619611624985,0.99,0,0,0,0,-1.399
1619611625005,0.99,0,0,0,0,-1.402
1619611625025,0.986,0,0,0,0,-1.444
1619611625056,0.986,0,0,0,0,-1.444
1619611625065,0.99,0,0,0,0,-1.411
1619611625085,0.99,0,0,0,0,-1.411
1619611625105,0.99,0,0,0,0,-1.436
1619611625125,0.986,0,0,0,0,-1.475
1619611625146,0.997,0,0,0,0,-1.44
1619611625165,0.986,0,0,0,0,-1.396
1619611625185,0.986,0,0,0,0,-1.398
1619611625205,0.99,0,0,0,0,-1.433
1619611625225,0.99,0,0,0,0,-1.452
1619611625246,0.99,0,0,0,0,-1.45
1619611625265,1,0,0,0,0,-1.438
1619611625285,0.983,0,0,0,0,-1.417
1619611625305,0.983,0,0,0,0,-1.417
1619611625325,0.997,0,0,0,0,-1.399
1619611625346,0.99,0,0,0,0,-1.415
1619611625365,0.99,0,0,0,0,-1.412
1619611625385,0.99,0,0,0,0,-1.369
1619611625405,1.007,0,0,0,0,-1.39
1619611625425,0.969,0,0,0,0,-1.417
1619611625447,0.997,0,0,0,0,-1.398
1619611625465,1,0,0,0,0,-1.439
1619611625485,0.99,0,0,0,0,-1.45
1619611625505,0.993,0,0,0,0,-1.413
1619611625525,1.014,0,0,0,0,-1.445
1619611625548,0.976,0,0,0,0,-1.44
1619611625565,0.997,0,0,0,0,-1.429
1619611625585,0.997,0,0,0,0,-1.429
1619611625605,0.99,0,0,0,0,-1.431
1619611625625,1,0,0,0,0,-1.406
1619611625645,0.99,0,0,0,0,-1.411
1619611625665,0.99,0,0,0,0,-1.403
1619611625685,1.017,0,0,0,0,-1.434
1619611625705,0.963,0,0,0,0,-1.479
1619611625725,0.986,0,0,0,0,-1.469
1619611625746,0.993,0,0,0,0,-1.444
1619611625766,0.986,0,0,0,0,-1.459
1619611625785,0.99,0,0,0,0,-1.457
1619611625805,0.993,0,0,0,0,-1.453
1619611625825,1.014,0,0,0,0,-1.456
1619611625845,0.959,0,0,0,0,-1.454
1619611625865,0.959,0,0,0,0,-1.454
1619611625885,0.99,0,0,0,0,-1.436
1619611625905,0.99,0,0,0,0,-1.433
1619611625925,0.983,0,0,0,0,-1.444
1619611625945,0.986,0,0,0,0,-1.443
1619611625965,0.986,0,0,0,0,-1.435
1619611625985,1.031,0,0,0,0,-1.449
1619611626005,0.946,0,0,0,0,-1.453
1619611626025,0.99,0,0,0,0,-1.468
1619611626045,0.993,0,0,0,0,-1.459
1619611626065,0.99,0,0,0,0,-1.449
1619611626085,0.986,0,0,0,0,-1.444
1619611626105,1.031,0,0,0,0,-1.422
1619611626125,1.031,0,0,0,0,-1.422
1619611626145,0.956,0,0,0,0,-1.415
1619611626165,0.983,0,0,0,0,-1.449
1619611626185,0.99,0,0,0,0,-1.485
1619611626205,0.993,0,0,0,0,-1.474
1619611626225,0.993,0,0,0,0,-1.493
1619611626245,1,0,0,0,0,-1.461
1619611626265,0.986,0,0,0,0,-1.459
1619611626285,0.993,0,0,0,0,-1.447
1619611626305,1,0,0,0,0,-1.39
1619611626325,0.997,0,0,0,0,-1.393
1619611626345,0.993,0,0,0,0,-1.397
1619611626365,1.003,0,0,0,0,-1.448
1619611626385,1.003,0,0,0,0,-1.448
1619611626405,0.983,0,0,0,0,-1.482
1619611626425,0.986,0,0,0,0,-1.467
1619611626445,0.986,0,0,0,0,-1.445
1619611626465,0.99,0,0,0,0,-1.45
1619611626485,0.993,0,0,0,0,-1.445
1619611626505,1.01,0,0,0,0,-1.462
1619611626525,0.969,0,0,0,0,-1.391
1619611626545,0.986,0,0,0,0,-1.382
1619611626565,0.986,0,0,0,0,-1.434
1619611626585,0.99,0,0,0,0,-1.453
1619611626605,0.99,0,0,0,0,-1.468
1619611626625,1.01,0,0,0,0,-1.429
1619611626645,1.01,0,0,0,0,-1.429
1619611626665,0.969,0,0,0,0,-1.412
1619611626685,0.983,0,0,0,0,-1.431
1619611626705,0.986,0,0,0,0,-1.421
1619611626725,0.997,0,0,0,0,-1.423
1619611626745,0.986,0,0,0,0,-1.418
1619611626765,0.986,0,0,0,0,-1.407
1619611626785,1.021,0,0,0,0,-1.435
1619611626805,0.956,0,0,0,0,-1.433
1619611626825,0.983,0,0,0,0,-1.392
1619611626845,0.993,0,0,0,0,-1.391
1619611626865,0.986,0,0,0,0,-1.398
1619611626885,0.997,0,0,0,0,-1.419
1619611626905,0.99,0,0,0,0,-1.411
1619611626925,1.024,0,0,0,0,-1.434
1619611626945,1.024,0,0,0,0,-1.434
1619611626965,0.956,0,0,0,0,-1.492
1619611626985,0.993,0,0,0,0,-1.504
1619611627005,0.983,0,0,0,0,-1.467
1619611627025,0.993,0,0,0,0,-1.466
1619611627045,0.983,0,0,0,0,-1.421
1619611627065,1,0,0,0,0,-1.416
1619611627085,0.986,0,0,0,0,-1.393
1619611627105,0.993,0,0,0,0,-1.374
1619611627125,0.997,0,0,0,0,-1.407
1619611627145,0.986,0,0,0,0,-1.397
1619611627165,1.017,0,0,0,0,-1.394
1619611627185,1.017,0,0,0,0,-1.394
1619611627205,0.986,0,0,0,0,-1.411
1619611627225,0.966,0,0,0,0,-1.411
1619611627245,0.99,0,0,0,0,-1.384
1619611627266,0.986,0,0,0,0,-1.382
1619611627285,0.99,0,0,0,0,-1.383
1619611627305,0.997,0,0,0,0,-1.456
1619611627325,0.99,0,0,0,0,-1.453
1619611627345,0.986,0,0,0,0,-1.387
1619611627365,0.993,0,0,0,0,-1.427
1619611627385,0.99,0,0,0,0,-1.444
1619611627405,0.997,0,0,0,0,-1.452
1619611627425,1.003,0,0,0,0,-1.42
1619611627445,1.003,0,0,0,0,-1.42
1619611627467,0.976,0,0,0,0,-1.405
1619611627485,0.99,0,0,0,0,-1.407
1619611627505,1,0,0,0,0,-1.422
1619611627525,0.986,0,0,0,0,-1.399
1619611627545,0.986,0,0,0,0,-1.447
1619611627567,0.99,0,0,0,0,-1.444
1619611627585,1.014,0,0,0,0,-1.394
1619611627605,0.98,0,0,0,0,-1.4
1619611627625,0.969,0,0,0,0,-1.456
1619611627645,0.986,0,0,0,0,-1.484
1619611627666,0.99,0,0,0,0,-1.451
1619611627685,0.99,0,0,0,0,-1.438
1619611627705,1.014,0,0,0,0,-1.424
1619611627725,0.993,0,0,0,0,-1.397
1619611627745,0.993,0,0,0,0,-1.397
1619611627766,0.963,0,0,0,0,-1.383
1619611627785,0.99,0,0,0,0,-1.375
1619611627806,1,0,0,0,0,-1.379
1619611627825,0.993,0,0,0,0,-1.385
1619611627845,0.99,0,0,0,0,-1.37
1619611627867,1,0,0,0,0,-1.418
1619611627885,0.99,0,0,0,0,-1.433
1619611627905,0.997,0,0,0,0,-1.431
1619611627925,0.997,0,0,0,0,-1.453
1619611627945,1,0,0,0,0,-1.457
1619611627967,0.99,0,0,0,0,-1.413
1619611627985,1.021,0,0,0,0,-1.454
1619611628005,1.021,0,0,0,0,-1.454
1619611628025,0.959,0,0,0,0,-1.45
1619611628045,0.997,0,0,0,0,-1.45
1619611628065,0.99,0,0,0,0,-1.444
1619611628085,0.983,0,0,0,0,-1.455
1619611628105,0.99,0,0,0,0,-1.493
1619611628125,0.99,0,0,0,0,-1.491
1619611628145,1.024,0,0,0,0,-1.399
1619611628166,0.939,0,0,0,0,-1.418
1619611628185,0.983,0,0,0,0,-1.425
1619611628205,0.997,0,0,0,0,-1.434
1619611628225,0.99,0,0,0,0,-1.379
1619611628245,0.99,0,0,0,0,-1.381
1619611628266,1.034,0,0,0,0,-1.34
1619611628285,1.034,0,0,0,0,-1.34
1619611628305,0.946,0,0,0,0,-1.341
1619611628325,0.997,0,0,0,0,-1.368
1619611628345,0.99,0,0,0,0,-1.388
1619611628365,0.99,0,0,0,0,-1.383
1619611628385,1,0,0,0,0,-1.407
1619611628405,1,0,0,0,0,-1.438
1619611628425,0.99,0,0,0,0,-1.468
1619611628445,0.99,0,0,0,0,-1.453
1619611628465,0.99,0,0,0,0,-1.426
1619611628485,1,0,0,0,0,-1.43
1619611628505,0.993,0,0,0,0,-1.464
1619611628525,1.007,0,0,0,0,-1.418
1619611628545,1.007,0,0,0,0,-1.418
1619611628565,0.973,0,0,0,0,-1.406
1619611628585,1,0,0,0,0,-1.433
1619611628605,0.99,0,0,0,0,-1.411
1619611628625,0.99,0,0,0,0,-1.421
1619611628645,0.993,0,0,0,0,-1.421
1619611628665,0.986,0,0,0,0,-1.406
1619611628685,1.003,0,0,0,0,-1.463
1619611628705,0.969,0,0,0,0,-1.402
1619611628725,0.986,0,0,0,0,-1.387
1619611628745,0.983,0,0,0,0,-1.449
1619611628765,0.986,0,0,0,0,-1.481
1619611628785,0.997,0,0,0,0,-1.472
1619611628805,1.007,0,0,0,0,-1.405
1619611628825,1.007,0,0,0,0,-1.405
1619611628845,0.969,0,0,0,0,-1.389
1619611628865,0.99,0,0,0,0,-1.447
1619611628885,0.986,0,0,0,0,-1.452
1619611628905,0.993,0,0,0,0,-1.413
1619611628925,0.986,0,0,0,0,-1.377
1619611628945,0.986,0,0,0,0,-1.368
1619611628965,0.986,0,0,0,0,-1.419
1619611628985,1,0,0,0,0,-1.432
1619611629005,0.99,0,0,0,0,-1.422
1619611629025,0.986,0,0,0,0,-1.447
1619611629045,0.993,0,0,0,0,-1.448
1619611629065,0.986,0,0,0,0,-1.384
1619611629085,1.017,0,0,0,0,-1.373
1619611629105,1.017,0,0,0,0,-1.373
1619611629125,0.956,0,0,0,0,-1.392
1619611629145,0.986,0,0,0,0,-1.434
1619611629165,1,0,0,0,0,-1.428
1619611629185,0.986,0,0,0,0,-1.379
1619611629205,0.99,0,0,0,0,-1.395
1619611629225,0.99,0,0,0,0,-1.429
1619611629245,1.021,0,0,0,0,-1.448
1619611629265,0.966,0,0,0,0,-1.427
1619611629285,0.986,0,0,0,0,-1.424
1619611629305,0.986,0,0,0,0,-1.423
1619611629325,0.986,0,0,0,0,-1.424
1619611629345,0.99,0,0,0,0,-1.418
1619611629365,0.99,0,0,0,0,-1.442
1619611629385,0.986,0,0,0,0,-1.406
1619611629405,1.014,0,0,0,0,-1.428
1619611629425,1.014,0,0,0,0,-1.428
1619611629445,0.959,0,0,0,0,-1.426
1619611629465,0.99,0,0,0,0,-1.407
1619611629485,0.993,0,0,0,0,-1.426
1619611629505,0.986,0,0,0,0,-1.452
1619611629525,0.99,0,0,0,0,-1.441
1619611629545,0.993,0,0,0,0,-1.443
1619611629565,0.997,0,0,0,0,-1.388
1619611629585,1,0,0,0,0,-1.438
1619611629605,0.986,0,0,0,0,-1.467
1619611629625,0.986,0,0,0,0,-1.427
1619611629645,0.993,0,0,0,0,-1.397
1619611629665,0.997,0,0,0,0,-1.392
1619611629686,0.99,0,0,0,0,-1.406
1619611629706,1.003,0,0,0,0,-1.452
1619611629725,1.003,0,0,0,0,-1.452
1619611629745,0.983,0,0,0,0,-1.428
1619611629765,0.99,0,0,0,0,-1.403
1619611629785,0.986,0,0,0,0,-1.385
1619611629805,0.99,0,0,0,0,-1.426
1619611629825,0.99,0,0,0,0,-1.409
1619611629845,1.007,0,0,0,0,-1.419
1619611629865,0.973,0,0,0,0,-1.413
1619611629886,0.997,0,0,0,0,-1.409
1619611629905,0.99,0,0,0,0,-1.407
1619611629925,0.997,0,0,0,0,-1.457
1619611629945,0.993,0,0,0,0,-1.457
1619611629965,0.993,0,0,0,0,-1.425
1619611629986,1.021,0,0,0,0,-1.42
1619611630005,1.021,0,0,0,0,-1.42
1619611630025,0.963,0,0,0,0,-1.397
1619611630045,0.993,0,0,0,0,-1.391
1619611630065,0.997,0,0,0,0,-1.419
1619611630088,0.99,0,0,0,0,-1.412
1619611630105,0.993,0,0,0,0,-1.417
1619611630125,0.99,0,0,0,0,-1.449
1619611630145,1.021,0,0,0,0,-1.473
1619611630165,0.963,0,0,0,0,-1.477
1619611630186,0.986,0,0,0,0,-1.473
1619611630205,0.99,0,0,0,0,-1.438
1619611630225,0.986,0,0,0,0,-1.467
1619611630245,0.986,0,0,0,0,-1.424
1619611630265,0.99,0,0,0,0,-1.435
1619611630287,1.027,0,0,0,0,-1.424
1619611630305,1.027,0,0,0,0,-1.424
1619611630325,0.946,0,0,0,0,-1.383
1619611630345,0.99,0,0,0,0,-1.427
1619611630365,0.99,0,0,0,0,-1.446
1619611630386,0.99,0,0,0,0,-1.397
1619611630405,0.99,0,0,0,0,-1.408
1619611630425,1.027,0,0,0,0,-1.459
1619611630445,0.949,0,0,0,0,-1.443
1619611630465,0.993,0,0,0,0,-1.424
1619611630485,0.99,0,0,0,0,-1.42
1619611630505,0.993,0,0,0,0,-1.44
1619611630525,0.99,0,0,0,0,-1.445
1619611630545,1.003,0,0,0,0,-1.421
1619611630565,1.003,0,0,0,0,-1.421
1619611630585,0.986,0,0,0,0,-1.411
1619611630605,0.99,0,0,0,0,-1.459
1619611630625,0.993,0,0,0,0,-1.474
1619611630645,0.99,0,0,0,0,-1.469
1619611630665,0.986,0,0,0,0,-1.442
1619611630685,1.003,0,0,0,0,-1.44
1619611630705,0.983,0,0,0,0,-1.406
1619611630725,1,0,0,0,0,-1.397
1619611630745,0.99,0,0,0,0,-1.4
1619611630765,0.997,0,0,0,0,-1.372
1619611630785,1,0,0,0,0,-1.37
1619611630805,1.01,0,0,0,0,-1.426
1619611630825,1.01,0,0,0,0,-1.426
1619611630845,0.973,0,0,0,0,-1.416
1619611630865,0.983,0,0,0,0,-1.427
1619611630885,0.993,0,0,0,0,-1.42
1619611630905,0.983,0,0,0,0,-1.443
1619611630925,0.986,0,0,0,0,-1.454
1619611630945,1.007,0,0,0,0,-1.357
1619611630965,0.966,0,0,0,0,-1.383
1619611630985,0.983,0,0,0,0,-1.448
1619611631005,0.993,0,0,0,0,-1.436
1619611631025,0.99,0,0,0,0,-1.438
1619611631045,0.99,0,0,0,0,-1.39
1619611631065,0.986,0,0,0,0,-1.385
1619611631085,1.017,0,0,0,0,-1.447
1619611631105,1.017,0,0,0,0,-1.447
1619611631125,0.959,0,0,0,0,-1.435
1619611631145,0.986,0,0,0,0,-1.421
1619611631165,0.983,0,0,0,0,-1.411
1619611631185,0.993,0,0,0,0,-1.429
1619611631205,0.986,0,0,0,0,-1.455
1619611631225,0.986,0,0,0,0,-1.446
1619611631245,1.017,0,0,0,0,-1.404
1619611631265,0.963,0,0,0,0,-1.415
1619611631285,0.983,0,0,0,0,-1.442
1619611631305,1,0,0,0,0,-1.432
1619611631326,0.986,0,0,0,0,-1.398
1619611631345,0.986,0,0,0,0,-1.395
1619611631365,0.99,0,0,0,0,-1.442
1619611631385,1.024,0,0,0,0,-1.452
1619611631405,1.024,0,0,0,0,-1.452
1619611631425,0.956,0,0,0,0,-1.442
1619611631445,0.99,0,0,0,0,-1.476
1619611631465,0.99,0,0,0,0,-1.437
1619611631485,0.993,0,0,0,0,-1.432
1619611631505,0.986,0,0,0,0,-1.387
1619611631525,1.031,0,0,0,0,-1.401
1619611631545,0.946,0,0,0,0,-1.413
1619611631565,0.993,0,0,0,0,-1.4
1619611631585,0.99,0,0,0,0,-1.391
1619611631605,0.986,0,0,0,0,-1.402
1619611631625,1.01,0,0,0,0,-1.405
1619611631645,0.986,0,0,0,0,-1.408
1619611631665,0.986,0,0,0,0,-1.408
1619611631685,0.98,0,0,0,0,-1.378
1619611631716,0.997,0,0,0,0,-1.395
1619611631725,0.99,0,0,0,0,-1.436
1619611631745,0.99,0,0,0,0,-1.436
1619611631765,0.983,0,0,0,0,-1.418
1619611631785,1.003,0,0,0,0,-1.451
1619611631805,0.976,0,0,0,0,-1.416
1619611631825,0.99,0,0,0,0,-1.434
1619611631845,0.99,0,0,0,0,-1.411
1619611631865,0.993,0,0,0,0,-1.352
1619611631885,0.997,0,0,0,0,-1.373
1619611631916,1.003,0,0,0,0,-1.418
1619611631925,0.973,0,0,0,0,-1.423
1619611631945,0.973,0,0,0,0,-1.423
1619611631965,0.986,0,0,0,0,-1.48
1619611631985,0.993,0,0,0,0,-1.457
1619611632007,0.99,0,0,0,0,-1.398
1619611632025,0.983,0,0,0,0,-1.417
1619611632045,1.007,0,0,0,0,-1.459
1619611632065,0.973,0,0,0,0,-1.404
1619611632085,0.99,0,0,0,0,-1.399
1619611632107,0.997,0,0,0,0,-1.425
1619611632125,0.986,0,0,0,0,-1.408
1619611632145,0.997,0,0,0,0,-1.403
1619611632165,0.997,0,0,0,0,-1.398
1619611632185,1.017,0,0,0,0,-1.411
1619611632206,1.017,0,0,0,0,-1.411
1619611632225,0.963,0,0,0,0,-1.41
1619611632245,0.993,0,0,0,0,-1.362
1619611632265,0.99,0,0,0,0,-1.374
1619611632285,0.99,0,0,0,0,-1.419
1619611632306,0.993,0,0,0,0,-1.411
1619611632325,0.99,0,0,0,0,-1.445
1619611632345,1.027,0,0,0,0,-1.466
1619611632365,0.963,0,0,0,0,-1.438
1619611632385,0.983,0,0,0,0,-1.443
1619611632407,0.986,0,0,0,0,-1.465
1619611632425,1,0,0,0,0,-1.425
1619611632445,0.99,0,0,0,0,-1.403
1619611632465,0.986,0,0,0,0,-1.435
1619611632485,0.986,0,0,0,0,-1.435
1619611632507,0.99,0,0,0,0,-1.468
1619611632525,1,0,0,0,0,-1.472
1619611632545,0.983,0,0,0,0,-1.44
1619611632565,0.983,0,0,0,0,-1.407
1619611632585,0.99,0,0,0,0,-1.45
1619611632606,0.983,0,0,0,0,-1.445
1619611632626,1.034,0,0,0,0,-1.396
1619611632645,0.946,0,0,0,0,-1.427
1619611632665,0.997,0,0,0,0,-1.385
1619611632685,0.993,0,0,0,0,-1.366
1619611632707,1,0,0,0,0,-1.335
1619611632725,0.997,0,0,0,0,-1.388
1619611632745,0.997,0,0,0,0,-1.388
1619611632765,0.993,0,0,0,0,-1.438
1619611632785,0.983,0,0,0,0,-1.433
1619611632805,0.993,0,0,0,0,-1.403
1619611632825,0.99,0,0,0,0,-1.432
1619611632845,0.99,0,0,0,0,-1.446
1619611632865,0.993,0,0,0,0,-1.436
1619611632885,1.007,0,0,0,0,-1.415
1619611632905,0.983,0,0,0,0,-1.428
1619611632925,0.99,0,0,0,0,-1.444
1619611632945,0.997,0,0,0,0,-1.421
1619611632965,0.99,0,0,0,0,-1.407
1619611632985,0.99,0,0,0,0,-1.421
1619611633005,0.99,0,0,0,0,-1.421
1619611633025,1.007,0,0,0,0,-1.427
1619611633045,0.973,0,0,0,0,-1.416
1619611633065,0.99,0,0,0,0,-1.4
1619611633085,0.99,0,0,0,0,-1.418
1619611633105,0.99,0,0,0,0,-1.45
1619611633125,0.983,0,0,0,0,-1.44
1619611633145,1.014,0,0,0,0,-1.501
1619611633165,0.959,0,0,0,0,-1.444
1619611633185,0.986,0,0,0,0,-1.406
1619611633205,0.993,0,0,0,0,-1.417
1619611633225,0.99,0,0,0,0,-1.411
1619611633245,0.997,0,0,0,0,-1.407
1619611633265,0.997,0,0,0,0,-1.407
1619611633285,0.99,0,0,0,0,-1.451
1619611633305,1.024,0,0,0,0,-1.436
1619611633325,0.963,0,0,0,0,-1.404
1619611633345,0.986,0,0,0,0,-1.409
1619611633365,0.997,0,0,0,0,-1.399
1619611633385,0.993,0,0,0,0,-1.418
1619611633405,0.99,0,0,0,0,-1.393
1619611633425,0.983,0,0,0,0,-1.405
1619611633445,1.024,0,0,0,0,-1.433
1619611633465,0.956,0,0,0,0,-1.37
1619611633485,0.983,0,0,0,0,-1.341
1619611633505,0.99,0,0,0,0,-1.405
1619611633525,0.986,0,0,0,0,-1.402
1619611633545,0.986,0,0,0,0,-1.402
1619611633565,0.997,0,0,0,0,-1.365
1619611633585,1.031,0,0,0,0,-1.41
1619611633605,0.942,0,0,0,0,-1.406
1619611633625,0.993,0,0,0,0,-1.43
1619611633645,0.993,0,0,0,0,-1.441
1619611633665,0.983,0,0,0,0,-1.399
1619611633685,0.997,0,0,0,0,-1.423
1619611633705,0.99,0,0,0,0,-1.424
1619611633725,0.993,0,0,0,0,-1.424
1619611633745,0.99,0,0,0,0,-1.409
1619611633765,0.986,0,0,0,0,-1.402
1619611633785,0.99,0,0,0,0,-1.41
1619611633805,0.99,0,0,0,0,-1.41
1619611633825,0.993,0,0,0,0,-1.436
1619611633845,0.997,0,0,0,0,-1.469
1619611633865,0.98,0,0,0,0,-1.437
1619611633885,0.993,0,0,0,0,-1.455
1619611633905,0.986,0,0,0,0,-1.442
1619611633925,0.986,0,0,0,0,-1.423
1619611633945,0.993,0,0,0,0,-1.433
1619611633965,0.986,0,0,0,0,-1.447
1619611633985,1.003,0,0,0,0,-1.434
1619611634005,0.98,0,0,0,0,-1.454
1619611634025,0.986,0,0,0,0,-1.45
1619611634045,0.986,0,0,0,0,-1.458
1619611634065,0.993,0,0,0,0,-1.452
1619611634085,0.993,0,0,0,0,-1.452
1619611634105,0.99,0,0,0,0,-1.415
1619611634137,1.007,0,0,0,0,-1.373
1619611634145,1.007,0,0,0,0,-1.373
1619611634165,0.99,0,0,0,0,-1.383
1619611634185,0.99,0,0,0,0,-1.39
1619611634205,0.99,0,0,0,0,-1.379
1619611634226,0.986,0,0,0,0,-1.399
1619611634245,1.017,0,0,0,0,-1.44
1619611634265,0.983,0,0,0,0,-1.408
1619611634285,0.973,0,0,0,0,-1.39
1619611634305,0.997,0,0,0,0,-1.412
1619611634327,0.986,0,0,0,0,-1.412
1619611634345,1.003,0,0,0,0,-1.418
1619611634365,1.003,0,0,0,0,-1.418
1619611634385,0.99,0,0,0,0,-1.41
1619611634405,1.027,0,0,0,0,-1.397
1619611634425,0.959,0,0,0,0,-1.426
1619611634445,1,0,0,0,0,-1.44
1619611634465,0.993,0,0,0,0,-1.42
1619611634485,0.99,0,0,0,0,-1.405
1619611634505,1,0,0,0,0,-1.429
1619611634526,0.99,0,0,0,0,-1.453
1619611634545,1.027,0,0,0,0,-1.458
1619611634565,0.966,0,0,0,0,-1.474
1619611634585,0.98,0,0,0,0,-1.472
1619611634605,0.986,0,0,0,0,-1.459
1619611634626,0.99,0,0,0,0,-1.45
1619611634645,0.99,0,0,0,0,-1.434
1619611634665,0.99,0,0,0,0,-1.434
1619611634685,0.99,0,0,0,0,-1.413
1619611634705,1.024,0,0,0,0,-1.426
1619611634727,0.949,0,0,0,0,-1.426
1619611634745,0.99,0,0,0,0,-1.437
1619611634765,0.993,0,0,0,0,-1.45
1619611634785,0.983,0,0,0,0,-1.429
1619611634805,0.99,0,0,0,0,-1.438
1619611634825,0.99,0,0,0,0,-1.429
1619611634845,0.993,0,0,0,0,-1.403
1619611634865,0.99,0,0,0,0,-1.411
1619611634885,0.986,0,0,0,0,-1.427
1619611634905,0.986,0,0,0,0,-1.427
1619611634926,1,0,0,0,0,-1.426
1619611634945,0.993,0,0,0,0,-1.426
1619611634965,1,0,0,0,0,-1.411
1619611634985,0.983,0,0,0,0,-1.455
1619611635005,0.986,0,0,0,0,-1.452
1619611635030,0.993,0,0,0,0,-1.475
1619611635045,0.986,0,0,0,0,-1.488
1619611635065,0.986,0,0,0,0,-1.419
1619611635085,1,0,0,0,0,-1.459
1619611635105,0.976,0,0,0,0,-1.499
1619611635125,0.99,0,0,0,0,-1.443
1619611635145,0.993,0,0,0,0,-1.449
1619611635165,0.993,0,0,0,0,-1.449
1619611635185,0.993,0,0,0,0,-1.424
1619611635205,1,0,0,0,0,-1.417
1619611635225,1.007,0,0,0,0,-1.409
1619611635245,0.973,0,0,0,0,-1.446
1619611635265,0.99,0,0,0,0,-1.439
1619611635285,0.99,0,0,0,0,-1.419
1619611635305,0.986,0,0,0,0,-1.399
1619611635325,0.99,0,0,0,0,-1.407
1619611635345,1.014,0,0,0,0,-1.413
1619611635365,0.963,0,0,0,0,-1.379
1619611635385,0.983,0,0,0,0,-1.367
1619611635405,0.99,0,0,0,0,-1.413
1619611635425,0.99,0,0,0,0,-1.413
1619611635445,0.986,0,0,0,0,-1.456
1619611635465,0.997,0,0,0,0,-1.447
1619611635485,0.983,0,0,0,0,-1.421
1619611635505,1.021,0,0,0,0,-1.421
1619611635525,0.956,0,0,0,0,-1.452
1619611635545,0.99,0,0,0,0,-1.438
1619611635565,0.986,0,0,0,0,-1.439
1619611635585,0.99,0,0,0,0,-1.412
1619611635605,0.99,0,0,0,0,-1.422
1619611635625,0.986,0,0,0,0,-1.45
1619611635645,1.024,0,0,0,0,-1.448
1619611635665,0.949,0,0,0,0,-1.435
1619611635685,0.986,0,0,0,0,-1.416
1619611635705,0.986,0,0,0,0,-1.416
1619611635725,0.997,0,0,0,0,-1.456
1619611635745,0.997,0,0,0,0,-1.46
1619611635765,0.986,0,0,0,0,-1.401
1619611635785,1.024,0,0,0,0,-1.412
1619611635805,0.952,0,0,0,0,-1.447
1619611635825,0.997,0,0,0,0,-1.451
1619611635845,1,0,0,0,0,-1.428
1619611635865,0.986,0,0,0,0,-1.444
1619611635885,1.014,0,0,0,0,-1.451
1619611635905,0.973,0,0,0,0,-1.417
1619611635925,0.986,0,0,0,0,-1.401
1619611635945,0.986,0,0,0,0,-1.401
1619611635965,1,0,0,0,0,-1.403
1619611635985,0.98,0,0,0,0,-1.41
1619611636005,0.997,0,0,0,0,-1.42
1619611636025,1.007,0,0,0,0,-1.404
1619611636045,0.98,0,0,0,0,-1.389
1619611636065,0.973,0,0,0,0,-1.388
1619611636085,0.993,0,0,0,0,-1.394
1619611636105,0.99,0,0,0,0,-1.401
1619611636125,0.99,0,0,0,0,-1.396
1619611636145,1.01,0,0,0,0,-1.407
1619611636165,0.99,0,0,0,0,-1.406
1619611636185,0.963,0,0,0,0,-1.443
1619611636205,0.963,0,0,0,0,-1.443
1619611636225,0.99,0,0,0,0,-1.44
1619611636245,0.993,0,0,0,0,-1.426
1619611636265,0.99,0,0,0,0,-1.423
1619611636285,1.01,0,0,0,0,-1.42
1619611636305,0.973,0,0,0,0,-1.394
1619611636325,0.993,0,0,0,0,-1.378
1619611636345,0.997,0,0,0,0,-1.422
1619611636365,0.99,0,0,0,0,-1.453
1619611636385,0.99,0,0,0,0,-1.438
1619611636405,1.014,0,0,0,0,-1.443
1619611636425,0.963,0,0,0,0,-1.426
1619611636445,0.983,0,0,0,0,-1.426
1619611636465,0.983,0,0,0,0,-1.426
1619611636485,1.007,0,0,0,0,-1.443
1619611636505,0.98,0,0,0,0,-1.429
1619611636525,0.99,0,0,0,0,-1.425
1619611636556,1,0,0,0,0,-1.392
1619611636565,0.966,0,0,0,0,-1.434
1619611636585,0.966,0,0,0,0,-1.434
1619611636605,0.993,0,0,0,0,-1.432
1619611636625,0.99,0,0,0,0,-1.398
1619611636646,0.997,0,0,0,0,-1.404
1619611636665,0.99,0,0,0,0,-1.408
1619611636685,0.997,0,0,0,0,-1.401
1619611636705,1.024,0,0,0,0,-1.368
1619611636725,0.959,0,0,0,0,-1.375
1619611636747,0.959,0,0,0,0,-1.375
1619611636766,0.99,0,0,0,0,-1.409
1619611636785,0.986,0,0,0,0,-1.437
1619611636805,0.997,0,0,0,0,-1.433
1619611636825,0.993,0,0,0,0,-1.453
1619611636845,1.031,0,0,0,0,-1.442
1619611636865,0.946,0,0,0,0,-1.437
1619611636885,0.993,0,0,0,0,-1.427
1619611636905,0.99,0,0,0,0,-1.439
1619611636925,0.983,0,0,0,0,-1.473
1619611636946,0.99,0,0,0,0,-1.435
1619611636965,1.007,0,0,0,0,-1.393
1619611636985,0.973,0,0,0,0,-1.416
1619611637005,0.973,0,0,0,0,-1.416
1619611637025,0.986,0,0,0,0,-1.431
1619611637046,0.997,0,0,0,0,-1.413
1619611637065,0.99,0,0,0,0,-1.41
1619611637085,0.986,0,0,0,0,-1.362
1619611637105,1,0,0,0,0,-1.356
1619611637125,0.986,0,0,0,0,-1.375
1619611637147,0.993,0,0,0,0,-1.419
1619611637165,0.986,0,0,0,0,-1.423
1619611637185,0.993,0,0,0,0,-1.419
1619611637205,0.986,0,0,0,0,-1.413
1619611637225,1.003,0,0,0,0,-1.461
1619611637245,0.976,0,0,0,0,-1.443
1619611637267,0.976,0,0,0,0,-1.443
1619611637285,0.99,0,0,0,0,-1.412
1619611637305,0.99,0,0,0,0,-1.415
1619611637325,0.993,0,0,0,0,-1.429
1619611637345,0.99,0,0,0,0,-1.451
1619611637365,1.01,0,0,0,0,-1.43
1619611637385,0.973,0,0,0,0,-1.44
1619611637405,0.986,0,0,0,0,-1.421
1619611637425,0.99,0,0,0,0,-1.423
1619611637447,1,0,0,0,0,-1.403
1619611637465,0.986,0,0,0,0,-1.376
1619611637485,1.017,0,0,0,0,-1.41
1619611637505,0.963,0,0,0,0,-1.418
1619611637525,0.963,0,0,0,0,-1.418
1619611637545,0.983,0,0,0,0,-1.414
1619611637565,0.99,0,0,0,0,-1.484
1619611637585,0.986,0,0,0,0,-1.444
1619611637605,0.99,0,0,0,0,-1.436
1619611637625,0.99,0,0,0,0,-1.455
1619611637645,1.017,0,0,0,0,-1.339
1619611637665,0.959,0,0,0,0,-1.356
1619611637685,0.99,0,0,0,0,-1.427
1619611637705,1,0,0,0,0,-1.404
1619611637725,0.997,0,0,0,0,-1.423
1619611637745,0.986,0,0,0,0,-1.404
1619611637765,0.986,0,0,0,0,-1.423
1619611637785,1.024,0,0,0,0,-1.436
1619611637805,1.024,0,0,0,0,-1.436
1619611637825,0.949,0,0,0,0,-1.384
1619611637845,0.986,0,0,0,0,-1.339
1619611637865,0.986,0,0,0,0,-1.408
1619611637885,0.997,0,0,0,0,-1.403
1619611637905,0.99,0,0,0,0,-1.339
1619611637925,1.024,0,0,0,0,-1.397
1619611637945,0.946,0,0,0,0,-1.423
1619611637965,0.986,0,0,0,0,-1.421
1619611637985,0.99,0,0,0,0,-1.414
1619611638005,0.98,0,0,0,0,-1.35
1619611638025,0.99,0,0,0,0,-1.356
1619611638045,0.997,0,0,0,0,-1.465
1619611638065,0.997,0,0,0,0,-1.465
1619611638085,0.983,0,0,0,0,-1.467
1619611638105,0.997,0,0,0,0,-1.426
1619611638125,0.993,0,0,0,0,-1.399
1619611638145,0.99,0,0,0,0,-1.42
1619611638165,0.99,0,0,0,0,-1.436
1619611638185,0.997,0,0,0,0,-1.397
1619611638205,0.98,0,0,0,0,-1.368
1619611638225,0.986,0,0,0,0,-1.403
1619611638245,0.99,0,0,0,0,-1.464
1619611638265,0.99,0,0,0,0,-1.476
1619611638285,0.99,0,0,0,0,-1.454
1619611638305,1.007,0,0,0,0,-1.447
1619611638325,1.007,0,0,0,0,-1.447
1619611638345,0.976,0,0,0,0,-1.439
1619611638365,0.986,0,0,0,0,-1.444
1619611638385,0.997,0,0,0,0,-1.416
1619611638405,0.986,0,0,0,0,-1.359
1619611638425,0.993,0,0,0,0,-1.398
1619611638445,1.007,0,0,0,0,-1.456
1619611638465,0.969,0,0,0,0,-1.416
1619611638485,1,0,0,0,0,-1.421
1619611638505,0.986,0,0,0,0,-1.449
1619611638525,0.99,0,0,0,0,-1.418
1619611638545,0.983,0,0,0,0,-1.405
1619611638565,0.993,0,0,0,0,-1.379
1619611638585,1.01,0,0,0,0,-1.338
1619611638605,1.01,0,0,0,0,-1.338
1619611638625,0.969,0,0,0,0,-1.336
1619611638645,0.993,0,0,0,0,-1.383
1619611638665,0.99,0,0,0,0,-1.41
1619611638685,0.99,0,0,0,0,-1.403
1619611638705,0.986,0,0,0,0,-1.416
1619611638725,0.99,0,0,0,0,-1.436
1619611638745,1.017,0,0,0,0,-1.444
1619611638776,0.963,0,0,0,0,-1.456
1619611638785,0.99,0,0,0,0,-1.424
1619611638805,0.997,0,0,0,0,-1.441
1619611638825,0.99,0,0,0,0,-1.459
1619611638845,1,0,0,0,0,-1.427
1619611638866,1,0,0,0,0,-1.425
1619611638886,1.024,0,0,0,0,-1.455
1619611638905,0.956,0,0,0,0,-1.451
1619611638925,0.956,0,0,0,0,-1.451
1619611638945,0.99,0,0,0,0,-1.46
1619611638977,0.99,0,0,0,0,-1.436
1619611638985,0.99,0,0,0,0,-1.466
1619611639005,0.99,0,0,0,0,-1.466
1619611639025,0.99,0,0,0,0,-1.477
1619611639045,1.024,0,0,0,0,-1.442
1619611639065,0.949,0,0,0,0,-1.455
1619611639085,0.99,0,0,0,0,-1.46
1619611639105,0.99,0,0,0,0,-1.464
1619611639126,0.986,0,0,0,0,-1.397
1619611639145,0.99,0,0,0,0,-1.389
1619611639166,1.01,0,0,0,0,-1.406
1619611639186,1.01,0,0,0,0,-1.406
1619611639206,0.973,0,0,0,0,-1.419
1619611639226,0.99,0,0,0,0,-1.443
1619611639245,0.99,0,0,0,0,-1.446
1619611639266,0.986,0,0,0,0,-1.431
1619611639288,0.997,0,0,0,0,-1.453
1619611639305,1,0,0,0,0,-1.403
1619611639325,0.986,0,0,0,0,-1.404
1619611639345,0.993,0,0,0,0,-1.385
1619611639367,0.997,0,0,0,0,-1.404
1619611639385,0.997,0,0,0,0,-1.413
1619611639405,0.99,0,0,0,0,-1.417
1619611639425,1.003,0,0,0,0,-1.469
1619611639446,1.003,0,0,0,0,-1.469
1619611639467,0.98,0,0,0,0,-1.483
1619611639486,0.99,0,0,0,0,-1.484
1619611639505,0.986,0,0,0,0,-1.473
1619611639526,0.99,0,0,0,0,-1.46
1619611639545,0.99,0,0,0,0,-1.455
1619611639566,1.014,0,0,0,0,-1.452
1619611639585,0.969,0,0,0,0,-1.395
1619611639606,0.99,0,0,0,0,-1.379
1619611639625,0.997,0,0,0,0,-1.414
1619611639645,0.993,0,0,0,0,-1.381
1619611639667,0.99,0,0,0,0,-1.396
1619611639685,1.017,0,0,0,0,-1.419
1619611639705,1.017,0,0,0,0,-1.419
1619611639725,0.963,0,0,0,0,-1.4
1619611639745,0.993,0,0,0,0,-1.424
1619611639765,0.986,0,0,0,0,-1.434
1619611639785,0.99,0,0,0,0,-1.443
1619611639805,0.99,0,0,0,0,-1.452
1619611639825,0.986,0,0,0,0,-1.393
1619611639845,1.021,0,0,0,0,-1.421
1619611639865,0.956,0,0,0,0,-1.453
1619611639886,0.986,0,0,0,0,-1.451
1619611639905,0.99,0,0,0,0,-1.44
1619611639925,0.993,0,0,0,0,-1.438
1619611639945,0.99,0,0,0,0,-1.433
1619611639965,0.99,0,0,0,0,-1.45
1619611639985,1.024,0,0,0,0,-1.46
1619611640005,1.024,0,0,0,0,-1.46
1619611640025,0.952,0,0,0,0,-1.442
1619611640045,0.986,0,0,0,0,-1.43
1619611640065,0.986,0,0,0,0,-1.441
1619611640085,0.99,0,0,0,0,-1.421
1619611640105,0.99,0,0,0,0,-1.425
1619611640125,1.024,0,0,0,0,-1.438
1619611640145,0.946,0,0,0,0,-1.437
1619611640165,0.993,0,0,0,0,-1.43
1619611640185,0.993,0,0,0,0,-1.423
1619611640205,0.986,0,0,0,0,-1.406
1619611640225,1.003,0,0,0,0,-1.424
1619611640245,0.993,0,0,0,0,-1.397
1619611640265,0.993,0,0,0,0,-1.397
1619611640285,0.997,0,0,0,0,-1.351
1619611640305,0.986,0,0,0,0,-1.398
1619611640325,0.993,0,0,0,0,-1.413
1619611640345,0.993,0,0,0,0,-1.421
1619611640365,0.99,0,0,0,0,-1.398
1619611640385,0.997,0,0,0,0,-1.432
1619611640405,0.983,0,0,0,0,-1.417
1619611640425,1,0,0,0,0,-1.399
1619611640445,0.986,0,0,0,0,-1.391
1619611640465,0.983,0,0,0,0,-1.433
1619611640485,0.99,0,0,0,0,-1.458
1619611640505,1.003,0,0,0,0,-1.404
1619611640525,1.003,0,0,0,0,-1.404
1619611640545,0.976,0,0,0,0,-1.446
1619611640565,0.986,0,0,0,0,-1.439
1619611640585,0.99,0,0,0,0,-1.451
1619611640606,0.99,0,0,0,0,-1.481
1619611640625,0.986,0,0,0,0,-1.436
1619611640645,1.01,0,0,0,0,-1.423
1619611640665,0.969,0,0,0,0,-1.449
1619611640685,0.993,0,0,0,0,-1.446
1619611640705,0.993,0,0,0,0,-1.443
1619611640725,0.986,0,0,0,0,-1.408
1619611640745,0.986,0,0,0,0,-1.383
1619611640765,0.99,0,0,0,0,-1.375
1619611640785,1.014,0,0,0,0,-1.402
1619611640805,1.014,0,0,0,0,-1.402
1619611640825,0.976,0,0,0,0,-1.438
1619611640845,0.973,0,0,0,0,-1.462
1619611640865,0.99,0,0,0,0,-1.45
1619611640885,0.997,0,0,0,0,-1.406
1619611640905,0.986,0,0,0,0,-1.422
1619611640925,1,0,0,0,0,-1.469
1619611640945,1.021,0,0,0,0,-1.462
1619611640965,0.959,0,0,0,0,-1.417
1619611640985,0.997,0,0,0,0,-1.374
1619611641005,0.99,0,0,0,0,-1.388
1619611641025,1.003,0,0,0,0,-1.399
1619611641045,0.99,0,0,0,0,-1.427
1619611641065,0.99,0,0,0,0,-1.429
1619611641095,1.027,0,0,0,0,-1.414
1619611641105,0.956,0,0,0,0,-1.404
1619611641125,0.956,0,0,0,0,-1.404
1619611641145,0.986,0,0,0,0,-1.402
1619611641165,0.997,0,0,0,0,-1.394
1619611641186,0.993,0,0,0,0,-1.337
1619611641205,0.99,0,0,0,0,-1.307
1619611641225,0.993,0,0,0,0,-1.364
1619611641245,0.983,0,0,0,0,-1.404
1619611641265,0.997,0,0,0,0,-1.439
1619611641287,0.99,0,0,0,0,-1.461
1619611641305,0.99,0,0,0,0,-1.433
1619611641325,0.99,0,0,0,0,-1.426
1619611641345,0.993,0,0,0,0,-1.387
1619611641365,0.993,0,0,0,0,-1.387
1619611641388,0.983,0,0,0,0,-1.366
1619611641405,0.99,0,0,0,0,-1.407
1619611641425,0.99,0,0,0,0,-1.43
1619611641445,0.997,0,0,0,0,-1.403
1619611641465,0.997,0,0,0,0,-1.386
1619611641487,1,0,0,0,0,-1.326
1619611641505,0.98,0,0,0,0,-1.351
1619611641525,0.997,0,0,0,0,-1.344
1619611641545,0.997,0,0,0,0,-1.361
1619611641565,0.997,0,0,0,0,-1.39
1619611641587,0.986,0,0,0,0,-1.45
1619611641606,1.007,0,0,0,0,-1.451
1619611641625,1.007,0,0,0,0,-1.451
1619611641645,0.976,0,0,0,0,-1.484
1619611641665,0.986,0,0,0,0,-1.483
1619611641687,0.997,0,0,0,0,-1.449
1619611641705,0.986,0,0,0,0,-1.419
1619611641725,0.99,0,0,0,0,-1.41
1619611641745,1.014,0,0,0,0,-1.441
1619611641765,0.969,0,0,0,0,-1.426
1619611641786,0.986,0,0,0,0,-1.423
1619611641805,0.99,0,0,0,0,-1.427
1619611641825,0.99,0,0,0,0,-1.422
1619611641845,0.997,0,0,0,0,-1.417
1619611641865,0.993,0,0,0,0,-1.389
1619611641886,1.01,0,0,0,0,-1.39
1619611641905,1.01,0,0,0,0,-1.39
1619611641925,0.963,0,0,0,0,-1.413
1619611641945,0.983,0,0,0,0,-1.427
1619611641965,0.99,0,0,0,0,-1.46
1619611641987,0.99,0,0,0,0,-1.468
1619611642005,0.986,0,0,0,0,-1.369
1619611642025,0.986,0,0,0,0,-1.426
1619611642045,1.024,0,0,0,0,-1.44
1619611642065,0.959,0,0,0,0,-1.372
1619611642085,0.986,0,0,0,0,-1.342
1619611642105,0.997,0,0,0,0,-1.389
1619611642125,0.99,0,0,0,0,-1.407
1619611642145,0.993,0,0,0,0,-1.43
1619611642166,0.99,0,0,0,0,-1.377
1619611642185,1.024,0,0,0,0,-1.418
1619611642205,1.024,0,0,0,0,-1.418
1619611642225,0.949,0,0,0,0,-1.417
1619611642245,0.986,0,0,0,0,-1.393
1619611642265,0.986,0,0,0,0,-1.393
1619611642285,0.997,0,0,0,0,-1.411
1619611642305,0.986,0,0,0,0,-1.391
1619611642325,0.993,0,0,0,0,-1.42
1619611642345,0.986,0,0,0,0,-1.415
1619611642365,0.986,0,0,0,0,-1.441
1619611642385,0.993,0,0,0,0,-1.43
1619611642405,0.99,0,0,0,0,-1.443
1619611642425,0.986,0,0,0,0,-1.43
1619611642445,0.997,0,0,0,0,-1.42
1619611642465,0.997,0,0,0,0,-1.42
1619611642485,0.986,0,0,0,0,-1.438
1619611642505,0.99,0,0,0,0,-1.42
1619611642525,0.99,0,0,0,0,-1.416
1619611642545,0.997,0,0,0,0,-1.404
1619611642565,0.986,0,0,0,0,-1.403
1619611642585,0.997,0,0,0,0,-1.426
1619611642605,0.98,0,0,0,0,-1.413
1619611642625,0.983,0,0,0,0,-1.379
1619611642645,0.99,0,0,0,0,-1.406
1619611642665,0.986,0,0,0,0,-1.416
1619611642685,0.99,0,0,0,0,-1.44
1619611642705,1.007,0,0,0,0,-1.437
1619611642725,1.007,0,0,0,0,-1.437
1619611642745,0.966,0,0,0,0,-1.41
1619611642765,1,0,0,0,0,-1.441
1619611642785,0.986,0,0,0,0,-1.437
1619611642805,0.99,0,0,0,0,-1.413
1619611642825,0.993,0,0,0,0,-1.383
1619611642845,1.01,0,0,0,0,-1.418
1619611642865,0.969,0,0,0,0,-1.427
1619611642885,0.993,0,0,0,0,-1.42
1619611642905,0.99,0,0,0,0,-1.441
1619611642925,0.99,0,0,0,0,-1.438
1619611642945,0.997,0,0,0,0,-1.413
1619611642965,0.993,0,0,0,0,-1.417
1619611642985,1.021,0,0,0,0,-1.377
1619611643005,1.021,0,0,0,0,-1.377
1619611643025,0.966,0,0,0,0,-1.331
1619611643045,0.993,0,0,0,0,-1.338
1619611643065,0.993,0,0,0,0,-1.361
1619611643085,0.983,0,0,0,0,-1.411
1619611643105,1,0,0,0,0,-1.419
1619611643125,0.983,0,0,0,0,-1.41
1619611643145,1.021,0,0,0,0,-1.457
1619611643165,0.956,0,0,0,0,-1.47
1619611643186,0.986,0,0,0,0,-1.461
1619611643205,0.993,0,0,0,0,-1.425
1619611643225,0.997,0,0,0,0,-1.44
1619611643245,0.99,0,0,0,0,-1.429
1619611643265,0.993,0,0,0,0,-1.457
1619611643285,1.027,0,0,0,0,-1.439
1619611643305,1.027,0,0,0,0,-1.439
1619611643325,0.952,0,0,0,0,-1.425
1619611643345,0.997,0,0,0,0,-1.45
1619611643365,0.986,0,0,0,0,-1.463
1619611643385,0.997,0,0,0,0,-1.453
1619611643406,0.99,0,0,0,0,-1.411
1619611643425,1.031,0,0,0,0,-1.442
1619611643445,0.956,0,0,0,0,-1.462
1619611643465,0.986,0,0,0,0,-1.468
1619611643485,0.99,0,0,0,0,-1.42
1619611643507,0.99,0,0,0,0,-1.441
1619611643525,0.99,0,0,0,0,-1.441
1619611643545,1.01,0,0,0,0,-1.444
1619611643565,0.98,0,0,0,0,-1.414
1619611643585,0.969,0,0,0,0,-1.405
1619611643607,0.986,0,0,0,0,-1.401
1619611643625,0.99,0,0,0,0,-1.42
1619611643645,0.986,0,0,0,0,-1.453
1619611643665,1.01,0,0,0,0,-1.45
1619611643685,0.98,0,0,0,0,-1.44
1619611643707,0.976,0,0,0,0,-1.459
1619611643725,0.986,0,0,0,0,-1.432
1619611643745,0.99,0,0,0,0,-1.416
1619611643765,0.997,0,0,0,0,-1.406
1619611643785,0.997,0,0,0,0,-1.406
1619611643805,1.017,0,0,0,0,-1.405
1619611643825,0.993,0,0,0,0,-1.415
1619611643845,0.98,0,0,0,0,-1.427
1619611643865,0.973,0,0,0,0,-1.436
1619611643885,0.99,0,0,0,0,-1.458
1619611643906,0.99,0,0,0,0,-1.479
1619611643926,1.014,0,0,0,0,-1.516
1619611643945,0.986,0,0,0,0,-1.415
1619611643965,0.966,0,0,0,0,-1.41
1619611643986,0.99,0,0,0,0,-1.446
1619611644006,0.993,0,0,0,0,-1.482
1619611644025,1,0,0,0,0,-1.439
1619611644045,1,0,0,0,0,-1.439
1619611644065,1.017,0,0,0,0,-1.404
1619611644085,0.959,0,0,0,0,-1.425
1619611644105,0.993,0,0,0,0,-1.443
1619611644126,0.99,0,0,0,0,-1.444
1619611644145,0.997,0,0,0,0,-1.42
1619611644165,0.983,0,0,0,0,-1.416
1619611644185,1.027,0,0,0,0,-1.429
1619611644205,0.956,0,0,0,0,-1.465
1619611644225,0.99,0,0,0,0,-1.427
1619611644245,0.99,0,0,0,0,-1.422
1619611644265,0.99,0,0,0,0,-1.423
1619611644285,0.99,0,0,0,0,-1.432
1619611644306,0.99,0,0,0,0,-1.432
1619611644325,1.024,0,0,0,0,-1.379
1619611644345,1.024,0,0,0,0,-1.379
1619611644365,0.956,0,0,0,0,-1.406
1619611644385,0.986,0,0,0,0,-1.416
1619611644405,0.993,0,0,0,0,-1.404
1619611644426,0.99,0,0,0,0,-1.379
1619611644445,0.986,0,0,0,0,-1.419
1619611644465,1.027,0,0,0,0,-1.447
1619611644485,0.966,0,0,0,0,-1.46
1619611644505,0.983,0,0,0,0,-1.4
1619611644525,0.986,0,0,0,0,-1.405
1619611644545,0.986,0,0,0,0,-1.457
1619611644565,0.986,0,0,0,0,-1.457
1619611644585,0.993,0,0,0,0,-1.501
1619611644605,0.99,0,0,0,0,-1.465
1619611644625,0.986,0,0,0,0,-1.418
1619611644645,0.986,0,0,0,0,-1.429
1619611644665,0.99,0,0,0,0,-1.438
1619611644685,0.986,0,0,0,0,-1.421
1619611644705,0.997,0,0,0,0,-1.402
1619611644725,1,0,0,0,0,-1.398
1619611644745,0.983,0,0,0,0,-1.411
1619611644765,0.986,0,0,0,0,-1.423
1619611644785,0.99,0,0,0,0,-1.431
1619611644805,0.997,0,0,0,0,-1.425
1619611644825,0.997,0,0,0,0,-1.425
1619611644845,0.99,0,0,0,0,-1.436
1619611644865,1.003,0,0,0,0,-1.395
1619611644885,0.973,0,0,0,0,-1.367
1619611644906,0.99,0,0,0,0,-1.378
1619611644925,0.997,0,0,0,0,-1.401
1619611644945,0.99,0,0,0,0,-1.429
1619611644965,0.983,0,0,0,0,-1.454
1619611644985,1.007,0,0,0,0,-1.442
1619611645005,0.973,0,0,0,0,-1.482
1619611645025,0.99,0,0,0,0,-1.455
1619611645045,0.99,0,0,0,0,-1.438
1619611645065,0.986,0,0,0,0,-1.446
1619611645085,0.986,0,0,0,0,-1.446
1619611645105,1,0,0,0,0,-1.419
1619611645125,0.986,0,0,0,0,-1.394
1619611645145,1.014,0,0,0,0,-1.393
1619611645165,0.959,0,0,0,0,-1.424
1619611645185,0.993,0,0,0,0,-1.493
1619611645205,0.986,0,0,0,0,-1.481
1619611645225,0.986,0,0,0,0,-1.479
1619611645245,0.99,0,0,0,0,-1.46
1619611645265,0.997,0,0,0,0,-1.423
1619611645285,1.017,0,0,0,0,-1.469
1619611645305,0.963,0,0,0,0,-1.488
1619611645325,0.99,0,0,0,0,-1.447
1619611645345,0.986,0,0,0,0,-1.446
1619611645365,0.997,0,0,0,0,-1.455
1619611645385,0.997,0,0,0,0,-1.455
1619611645405,0.997,0,0,0,0,-1.437
1619611645425,0.99,0,0,0,0,-1.427
1619611645445,1.031,0,0,0,0,-1.441
1619611645465,0.952,0,0,0,0,-1.433
1619611645485,0.993,0,0,0,0,-1.459
1619611645505,0.99,0,0,0,0,-1.47
1619611645525,0.993,0,0,0,0,-1.465
1619611645545,0.986,0,0,0,0,-1.456
1619611645565,0.997,0,0,0,0,-1.453
1619611645585,0.986,0,0,0,0,-1.433
1619611645605,0.99,0,0,0,0,-1.406
1619611645625,0.99,0,0,0,0,-1.402
1619611645645,0.99,0,0,0,0,-1.402
1619611645665,0.993,0,0,0,0,-1.4
1619611645685,0.986,0,0,0,0,-1.416
1619611645705,0.993,0,0,0,0,-1.42
1619611645725,0.983,0,0,0,0,-1.404
1619611645745,0.99,0,0,0,0,-1.436
1619611645765,0.986,0,0,0,0,-1.428
1619611645785,0.986,0,0,0,0,-1.399
1619611645805,0.997,0,0,0,0,-1.406
1619611645825,0.993,0,0,0,0,-1.374
1619611645845,0.983,0,0,0,0,-1.372
1619611645865,0.997,0,0,0,0,-1.387
1619611645885,0.99,0,0,0,0,-1.359
1619611645905,0.99,0,0,0,0,-1.359
1619611645925,1,0,0,0,0,-1.385
1619611645945,0.98,0,0,0,0,-1.365
1619611645965,1.014,0,0,0,0,-1.361
1619611645985,0.969,0,0,0,0,-1.416
1619611646005,0.99,0,0,0,0,-1.431
1619611646026,0.99,0,0,0,0,-1.414
1619611646045,0.99,0,0,0,0,-1.466
1619611646065,1.003,0,0,0,0,-1.445
1619611646085,1.014,0,0,0,0,-1.342
1619611646105,0.969,0,0,0,0,-1.417
1619611646125,0.993,0,0,0,0,-1.441
1619611646145,0.997,0,0,0,0,-1.419
1619611646165,0.993,0,0,0,0,-1.366
1619611646185,0.993,0,0,0,0,-1.366
1619611646205,0.997,0,0,0,0,-1.362
1619611646225,0.997,0,0,0,0,-1.366
1619611646245,1.017,0,0,0,0,-1.397
1619611646265,0.969,0,0,0,0,-1.399
1619611646285,0.98,0,0,0,0,-1.423
1619611646305,0.983,0,0,0,0,-1.418
1619611646326,0.986,0,0,0,0,-1.451
1619611646345,0.986,0,0,0,0,-1.454
1619611646365,0.986,0,0,0,0,-1.432
1619611646385,1.017,0,0,0,0,-1.412
