1619609523764,0.602,0,0,0,0,0.708
1619609523784,0.602,0,0,0,0,0.708
1619609523803,0.622,0,0,0,0,0.708
1619609523823,0.578,0,0,0,0,0.708
1619609523844,0.598,0,0,0,0,0.708
1619609523864,0.598,0,0,0,0,0.708
1619609523884,0.602,0,0,0,0,0.708
1619609523903,0.598,0,0,0,0,0.708
1619609523924,0.598,0,0,0,0,0.708
1619609523944,0.602,0,0,0,0,0.708
1619609523963,0.602,0,0,0,0,0.708
1619609523984,0.602,0,0,0,0,0.708
1619609524004,0.592,0,0,0,0,0.708
1619609524023,0.598,0,0,0,0,0.708
1619609524045,0.598,0,0,0,0,0.708
1619609524064,0.602,0,0,0,0,0.708
1619609524084,0.598,0,0,0,0,0.708
1619609524104,0.592,0,0,0,0,0.708
1619609524123,0.602,0,0,0,0,0.708
1619609524144,0.602,0,0,0,0,0.708
1619609524164,0.581,0,0,0,0,0.708
1619609524184,0.598,0,0,0,0,0.708
1619609524203,0.595,0,0,0,0,0.708
1619609524223,0.595,0,0,0,0,0.708
1619609524244,0.602,0,0,0,0,0.708
1619609524264,0.605,0,0,0,0,0.708
1619609524284,0.598,0,0,0,0,0.708
1619609524304,0.609,0,0,0,0,0.708
1619609524323,0.609,0,0,0,0,0.708
1619609524343,0.619,0,0,0,0,0.708
1619609524364,0.568,0,0,0,0,0.708
1619609524384,0.598,0,0,0,0,0.708
1619609524403,0.605,0,0,0,0,0.708
1619609524423,0.595,0,0,0,0,0.708
1619609524444,0.598,0,0,0,0,0.708
1619609524464,0.605,0,0,0,0,0.708
1619609524484,0.598,0,0,0,0,0.708
1619609524504,0.585,0,0,0,0,0.708
1619609524524,0.622,0,0,0,0,0.708
1619609524544,0.575,0,0,0,0,0.708
1619609524564,0.585,0,0,0,0,0.708
1619609524584,0.602,0,0,0,0,0.708
1619609524604,0.605,0,0,0,0,0.708
1619609524623,0.588,0,0,0,0,0.708
1619609524643,0.598,0,0,0,0,0.708
1619609524664,0.605,0,0,0,0,0.708
1619609524683,0.598,0,0,0,0,0.708
1619609524703,0.598,0,0,0,0,0.708
1619609524723,0.619,0,0,0,0,0.708
1619609524744,0.581,0,0,0,0,0.708
1619609524763,0.592,0,0,0,0,0.708
1619609524784,0.592,0,0,0,0,0.708
1619609524804,0.605,0,0,0,0,0.708
1619609524823,0.605,0,0,0,0,0.708
1619609524843,0.588,0,0,0,0,0.708
1619609524864,0.605,0,0,0,0,0.708
1619609524884,0.605,0,0,0,0,0.708
1619609524903,0.616,0,0,0,0,0.708
1619609524924,0.575,0,0,0,0,0.708
1619609524944,0.602,0,0,0,0,0.708
1619609524964,0.592,0,0,0,0,0.708
1619609524984,0.595,0,0,0,0,0.708
1619609525004,0.605,0,0,0,0,0.708
1619609525023,0.592,0,0,0,0,0.708
1619609525044,0.595,0,0,0,0,0.708
1619609525063,0.595,0,0,0,0,0.708
1619609525084,0.605,0,0,0,0,0.708
1619609525103,0.592,0,0,0,0,0.708
1619609525124,0.602,0,0,0,0,0.708
1619609525143,0.612,0,0,0,0,0.708
1619609525163,0.592,0,0,0,0,0.708
1619609525184,0.592,0,0,0,0,0.708
1619609525203,0.605,0,0,0,0,0.708
1619609525223,0.602,0,0,0,0,0.708
1619609525244,0.595,0,0,0,0,0.708
1619609525263,0.595,0,0,0,0,0.708
1619609525284,0.598,0,0,0,0,0.708
1619609525303,0.588,0,0,0,0,0.708
1619609525323,0.602,0,0,0,0,0.708
1619609525343,0.598,0,0,0,0,0.708
1619609525363,0.585,0,0,0,0,0.708
1619609525384,0.605,0,0,0,0,0.708
1619609525404,0.605,0,0,0,0,0.708
1619609525424,0.609,0,0,0,0,0.708
1619609525443,0.602,0,0,0,0,0.708
1619609525464,0.581,0,0,0,0,0.708
1619609525484,0.609,0,0,0,0,0.708
1619609525504,0.595,0,0,0,0,0.708
1619609525524,0.595,0,0,0,0,0.708
1619609525543,0.605,0,0,0,0,0.708
1619609525564,0.602,0,0,0,0,0.708
1619609525584,0.588,0,0,0,0,0.708
1619609525603,0.605,0,0,0,0,0.708
1619609525623,0.619,0,0,0,0,0.708
1619609525643,0.568,0,0,0,0,0.708
1619609525664,0.602,0,0,0,0,0.708
1619609525684,0.605,0,0,0,0,0.708
1619609525703,0.588,0,0,0,0,0.708
1619609525723,0.602,0,0,0,0,0.708
1619609525743,0.609,0,0,0,0,0.708
1619609525776,0.592,0,0,0,0,0.708
1619609525785,0.592,0,0,0,0,0.708
1619609525804,0.588,0,0,0,0,0.708
1619609525823,0.629,0,0,0,0,0.708
1619609525843,0.575,0,0,0,0,0.708
1619609525864,0.588,0,0,0,0,0.708
1619609525884,0.605,0,0,0,0,0.708
1619609525904,0.605,0,0,0,0,0.708
1619609525924,0.592,0,0,0,0,0.708
1619609525944,0.602,0,0,0,0,0.708
1619609525965,0.605,0,0,0,0,0.708
1619609525984,0.616,0,0,0,0,0.708
1619609526003,0.575,0,0,0,0,0.708
1619609526023,0.605,0,0,0,0,0.708
1619609526043,0.585,0,0,0,0,0.708
1619609526064,0.598,0,0,0,0,0.708
1619609526084,0.605,0,0,0,0,0.708
1619609526103,0.595,0,0,0,0,0.708
1619609526123,0.595,0,0,0,0,0.708
1619609526143,0.598,0,0,0,0,0.708
1619609526164,0.609,0,0,0,0,0.708
1619609526183,0.595,0,0,0,0,0.708
1619609526203,0.585,0,0,0,0,0.708
1619609526223,0.609,0,0,0,0,0.708
1619609526243,0.602,0,0,0,0,0.708
1619609526264,0.595,0,0,0,0,0.708
1619609526284,0.598,0,0,0,0,0.708
1619609526304,0.602,0,0,0,0,0.708
1619609526323,0.598,0,0,0,0,0.708
1619609526343,0.595,0,0,0,0,0.708
1619609526365,0.605,0,0,0,0,0.708
1619609526384,0.588,0,0,0,0,0.708
1619609526404,0.595,0,0,0,0,0.708
1619609526423,0.609,0,0,0,0,0.708
1619609526444,0.592,0,0,0,0,0.708
1619609526464,0.592,0,0,0,0,0.708
1619609526484,0.595,0,0,0,0,0.708
1619609526503,0.605,0,0,0,0,0.708
1619609526523,0.605,0,0,0,0,0.708
1619609526543,0.585,0,0,0,0,0.708
1619609526563,0.609,0,0,0,0,0.708
1619609526584,0.592,0,0,0,0,0.708
1619609526604,0.588,0,0,0,0,0.708
1619609526624,0.602,0,0,0,0,0.708
1619609526643,0.609,0,0,0,0,0.708
1619609526663,0.592,0,0,0,0,0.708
1619609526684,0.602,0,0,0,0,0.708
1619609526704,0.626,0,0,0,0,0.708
1619609526723,0.571,0,0,0,0,0.708
1619609526743,0.595,0,0,0,0,0.708
1619609526764,0.609,0,0,0,0,0.708
1619609526783,0.595,0,0,0,0,0.708
1619609526803,0.598,0,0,0,0,0.708
1619609526823,0.609,0,0,0,0,0.708
1619609526843,0.609,0,0,0,0,0.708
1619609526863,0.598,0,0,0,0,0.708
1619609526884,0.592,0,0,0,0,0.708
1619609526904,0.629,0,0,0,0,0.708
1619609526924,0.575,0,0,0,0,0.708
1619609526944,0.592,0,0,0,0,0.708
1619609526964,0.605,0,0,0,0,0.708
1619609526984,0.592,0,0,0,0,0.708
1619609527004,0.598,0,0,0,0,0.708
1619609527023,0.598,0,0,0,0,0.708
1619609527044,0.602,0,0,0,0,0.708
1619609527063,0.588,0,0,0,0,0.708
1619609527083,0.605,0,0,0,0,0.708
1619609527104,0.602,0,0,0,0,0.708
1619609527124,0.598,0,0,0,0,0.708
1619609527143,0.595,0,0,0,0,0.708
1619609527164,0.609,0,0,0,0,0.708
1619609527183,0.609,0,0,0,0,0.708
1619609527204,0.598,0,0,0,0,0.708
1619609527224,0.595,0,0,0,0,0.708
1619609527243,0.609,0,0,0,0,0.708
1619609527263,0.595,0,0,0,0,0.708
1619609527284,0.592,0,0,0,0,0.708
1619609527303,0.605,0,0,0,0,0.708
1619609527324,0.598,0,0,0,0,0.708
1619609527343,0.588,0,0,0,0,0.708
1619609527364,0.602,0,0,0,0,0.708
1619609527384,0.602,0,0,0,0,0.708
1619609527404,0.595,0,0,0,0,0.708
1619609527423,0.592,0,0,0,0,0.708
1619609527443,0.602,0,0,0,0,0.708
1619609527463,0.595,0,0,0,0,0.708
1619609527483,0.595,0,0,0,0,0.708
1619609527504,0.612,0,0,0,0,0.708
1619609527523,0.612,0,0,0,0,0.708
1619609527543,0.595,0,0,0,0,0.708
1619609527563,0.592,0,0,0,0,0.708
1619609527583,0.605,0,0,0,0,0.708
1619609527603,0.609,0,0,0,0,0.708
1619609527623,0.571,0,0,0,0,0.708
1619609527643,0.602,0,0,0,0,0.708
1619609527664,0.605,0,0,0,0,0.708
1619609527683,0.588,0,0,0,0,0.708
1619609527703,0.602,0,0,0,0,0.708
1619609527723,0.612,0,0,0,0,0.708
1619609527743,0.588,0,0,0,0,0.708
1619609527764,0.602,0,0,0,0,0.708
1619609527784,0.626,0,0,0,0,0.708
1619609527804,0.568,0,0,0,0,0.708
1619609527824,0.592,0,0,0,0,0.708
1619609527844,0.602,0,0,0,0,0.708
1619609527864,0.598,0,0,0,0,0.708
1619609527884,0.595,0,0,0,0,0.708
1619609527904,0.595,0,0,0,0,0.708
1619609527924,0.605,0,0,0,0,0.708
1619609527943,0.598,0,0,0,0,0.708
1619609527964,0.595,0,0,0,0,0.708
1619609527997,0.633,0,0,0,0,0.708
1619609528003,0.633,0,0,0,0,0.708
1619609528024,0.588,0,0,0,0,0.708
1619609528043,0.602,0,0,0,0,0.708
1619609528063,0.612,0,0,0,0,0.708
1619609528085,0.592,0,0,0,0,0.708
1619609528103,0.598,0,0,0,0,0.708
1619609528123,0.605,0,0,0,0,0.708
1619609528144,0.595,0,0,0,0,0.708
1619609528163,0.592,0,0,0,0,0.708
1619609528184,0.605,0,0,0,0,0.708
1619609528204,0.595,0,0,0,0,0.708
1619609528224,0.592,0,0,0,0,0.708
1619609528243,0.592,0,0,0,0,0.708
1619609528263,0.605,0,0,0,0,0.708
1619609528284,0.598,0,0,0,0,0.708
1619609528304,0.595,0,0,0,0,0.708
1619609528323,0.602,0,0,0,0,0.708
1619609528343,0.592,0,0,0,0,0.708
1619609528364,0.592,0,0,0,0,0.708
1619609528384,0.602,0,0,0,0,0.708
1619609528404,0.602,0,0,0,0,0.708
1619609528423,0.588,0,0,0,0,0.708
1619609528443,0.595,0,0,0,0,0.708
1619609528464,0.612,0,0,0,0,0.708
1619609528485,0.592,0,0,0,0,0.708
1619609528504,0.602,0,0,0,0,0.708
1619609528524,0.588,0,0,0,0,0.708
1619609528543,0.592,0,0,0,0,0.708
1619609528564,0.598,0,0,0,0,0.708
1619609528584,0.605,0,0,0,0,0.708
1619609528604,0.605,0,0,0,0,0.708
1619609528624,0.602,0,0,0,0,0.708
1619609528644,0.585,0,0,0,0,0.708
1619609528664,0.595,0,0,0,0,0.708
1619609528684,0.609,0,0,0,0,0.708
1619609528703,0.605,0,0,0,0,0.708
1619609528723,0.575,0,0,0,0,0.708
1619609528743,0.609,0,0,0,0,0.708
1619609528764,0.602,0,0,0,0,0.708
1619609528783,0.598,0,0,0,0,0.708
1619609528804,0.609,0,0,0,0,0.708
1619609528824,0.595,0,0,0,0,0.708
1619609528843,0.588,0,0,0,0,0.708
1619609528863,0.605,0,0,0,0,0.708
1619609528883,0.619,0,0,0,0,0.708
1619609528904,0.564,0,0,0,0,0.708
1619609528924,0.595,0,0,0,0,0.708
1619609528944,0.602,0,0,0,0,0.708
1619609528964,0.592,0,0,0,0,0.708
1619609528984,0.592,0,0,0,0,0.708
1619609529004,0.598,0,0,0,0,0.708
1619609529024,0.605,0,0,0,0,0.708
1619609529043,0.595,0,0,0,0,0.708
1619609529063,0.598,0,0,0,0,0.708
1619609529083,0.633,0,0,0,0,0.708
1619609529103,0.571,0,0,0,0,0.708
1619609529123,0.585,0,0,0,0,0.708
1619609529144,0.605,0,0,0,0,0.708
1619609529164,0.602,0,0,0,0,0.708
1619609529183,0.588,0,0,0,0,0.708
1619609529203,0.605,0,0,0,0,0.708
1619609529223,0.616,0,0,0,0,0.708
1619609529243,0.571,0,0,0,0,0.708
1619609529263,0.598,0,0,0,0,0.708
1619609529283,0.605,0,0,0,0,0.708
1619609529303,0.595,0,0,0,0,0.708
1619609529323,0.595,0,0,0,0,0.708
1619609529343,0.598,0,0,0,0,0.708
1619609529364,0.609,0,0,0,0,0.708
1619609529383,0.592,0,0,0,0,0.708
1619609529403,0.598,0,0,0,0,0.708
1619609529423,0.616,0,0,0,0,0.708
1619609529443,0.585,0,0,0,0,0.708
1619609529464,0.588,0,0,0,0,0.708
1619609529484,0.602,0,0,0,0,0.708
1619609529504,0.605,0,0,0,0,0.708
1619609529523,0.588,0,0,0,0,0.708
1619609529543,0.605,0,0,0,0,0.708
1619609529563,0.602,0,0,0,0,0.708
1619609529584,0.592,0,0,0,0,0.708
1619609529603,0.605,0,0,0,0,0.708
1619609529624,0.595,0,0,0,0,0.708
1619609529643,0.588,0,0,0,0,0.708
1619609529663,0.598,0,0,0,0,0.708
1619609529683,0.598,0,0,0,0,0.708
1619609529704,0.605,0,0,0,0,0.708
1619609529723,0.595,0,0,0,0,0.708
1619609529743,0.588,0,0,0,0,0.708
1619609529763,0.602,0,0,0,0,0.708
1619609529783,0.602,0,0,0,0,0.708
1619609529803,0.605,0,0,0,0,0.708
1619609529824,0.595,0,0,0,0,0.708
1619609529843,0.588,0,0,0,0,0.708
1619609529864,0.588,0,0,0,0,0.708
1619609529884,0.602,0,0,0,0,0.708
1619609529903,0.609,0,0,0,0,0.708
1619609529924,0.592,0,0,0,0,0.708
1619609529944,0.592,0,0,0,0,0.708
1619609529964,0.609,0,0,0,0,0.708
1619609529983,0.619,0,0,0,0,0.708
1619609530004,0.575,0,0,0,0,0.708
1619609530024,0.575,0,0,0,0,0.708
1619609530044,0.605,0,0,0,0,0.708
1619609530064,0.598,0,0,0,0,0.708
1619609530083,0.588,0,0,0,0,0.708
1619609530114,0.609,0,0,0,0,0.708
1619609530123,0.598,0,0,0,0,0.708
1619609530143,0.598,0,0,0,0,0.708
1619609530164,0.592,0,0,0,0,0.708
1619609530183,0.602,0,0,0,0,0.708
1619609530204,0.592,0,0,0,0,0.708
1619609530224,0.602,0,0,0,0,0.708
1619609530243,0.605,0,0,0,0,0.708
1619609530263,0.595,0,0,0,0,0.708
1619609530284,0.598,0,0,0,0,0.708
1619609530304,0.612,0,0,0,0,0.708
1619609530324,0.585,0,0,0,0,0.708
1619609530343,0.595,0,0,0,0,0.708
1619609530363,0.595,0,0,0,0,0.708
1619609530384,0.612,0,0,0,0,0.708
1619609530405,0.595,0,0,0,0,0.708
1619609530424,0.588,0,0,0,0,0.708
1619609530444,0.605,0,0,0,0,0.708
1619609530463,0.598,0,0,0,0,0.708
1619609530483,0.588,0,0,0,0,0.708
1619609530505,0.602,0,0,0,0,0.708
1619609530523,0.588,0,0,0,0,0.708
1619609530543,0.581,0,0,0,0,0.708
1619609530563,0.598,0,0,0,0,0.708
1619609530583,0.602,0,0,0,0,0.708
1619609530605,0.588,0,0,0,0,0.708
1619609530624,0.609,0,0,0,0,0.708
1619609530643,0.612,0,0,0,0,0.708
1619609530663,0.585,0,0,0,0,0.708
1619609530684,0.595,0,0,0,0,0.708
1619609530706,0.595,0,0,0,0,0.708
1619609530724,0.609,0,0,0,0,0.708
1619609530743,0.592,0,0,0,0,0.708
1619609530763,0.598,0,0,0,0,0.708
1619609530784,0.609,0,0,0,0,0.708
1619609530804,0.598,0,0,0,0,0.708
1619609530824,0.595,0,0,0,0,0.708
1619609530844,0.629,0,0,0,0,0.708
1619609530864,0.585,0,0,0,0,0.708
1619609530883,0.575,0,0,0,0,0.708
1619609530904,0.612,0,0,0,0,0.708
1619609530923,0.598,0,0,0,0,0.708
1619609530944,0.592,0,0,0,0,0.708
1619609530964,0.602,0,0,0,0,0.708
1619609530984,0.602,0,0,0,0,0.708
1619609531004,0.588,0,0,0,0,0.708
1619609531024,0.626,0,0,0,0,0.708
1619609531044,0.595,0,0,0,0,0.708
1619609531064,0.571,0,0,0,0,0.708
1619609531084,0.571,0,0,0,0,0.708
1619609531103,0.595,0,0,0,0,0.708
1619609531124,0.605,0,0,0,0,0.708
1619609531143,0.598,0,0,0,0,0.708
1619609531163,0.605,0,0,0,0,0.708
1619609531183,0.609,0,0,0,0,0.708
1619609531203,0.592,0,0,0,0,0.708
1619609531223,0.622,0,0,0,0,0.708
1619609531244,0.578,0,0,0,0,0.708
1619609531264,0.595,0,0,0,0,0.708
1619609531284,0.598,0,0,0,0,0.708
1619609531303,0.605,0,0,0,0,0.708
1619609531324,0.588,0,0,0,0,0.708
1619609531343,0.602,0,0,0,0,0.708
1619609531363,0.605,0,0,0,0,0.708
1619609531383,0.592,0,0,0,0,0.708
1619609531404,0.595,0,0,0,0,0.708
1619609531423,0.595,0,0,0,0,0.708
1619609531443,0.609,0,0,0,0,0.708
1619609531464,0.592,0,0,0,0,0.708
1619609531483,0.595,0,0,0,0,0.708
1619609531504,0.602,0,0,0,0,0.708
1619609531524,0.602,0,0,0,0,0.708
1619609531543,0.588,0,0,0,0,0.708
1619609531563,0.609,0,0,0,0,0.708
1619609531584,0.598,0,0,0,0,0.708
1619609531603,0.592,0,0,0,0,0.708
1619609531624,0.605,0,0,0,0,0.708
1619609531643,0.609,0,0,0,0,0.708
1619609531664,0.592,0,0,0,0,0.708
1619609531684,0.595,0,0,0,0,0.708
1619609531703,0.612,0,0,0,0,0.708
1619609531723,0.595,0,0,0,0,0.708
1619609531744,0.602,0,0,0,0,0.708
1619609531764,0.595,0,0,0,0,0.708
1619609531783,0.595,0,0,0,0,0.708
1619609531803,0.595,0,0,0,0,0.708
1619609531823,0.585,0,0,0,0,0.708
1619609531843,0.602,0,0,0,0,0.708
1619609531863,0.602,0,0,0,0,0.708
1619609531884,0.588,0,0,0,0,0.708
1619609531904,0.602,0,0,0,0,0.708
1619609531923,0.602,0,0,0,0,0.708
1619609531944,0.609,0,0,0,0,0.708
1619609531964,0.585,0,0,0,0,0.708
1619609531983,0.605,0,0,0,0,0.708
1619609532004,0.592,0,0,0,0,0.708
1619609532024,0.605,0,0,0,0,0.708
1619609532043,0.602,0,0,0,0,0.708
1619609532064,0.595,0,0,0,0,0.708
1619609532084,0.588,0,0,0,0,0.708
1619609532103,0.598,0,0,0,0,0.708
1619609532124,0.619,0,0,0,0,0.708
1619609532144,0.619,0,0,0,0,0.708
1619609532163,0.575,0,0,0,0,0.708
1619609532184,0.588,0,0,0,0,0.708
1619609532204,0.598,0,0,0,0,0.708
1619609532224,0.592,0,0,0,0,0.708
1619609532244,0.598,0,0,0,0,0.708
1619609532263,0.602,0,0,0,0,0.708
1619609532283,0.598,0,0,0,0,0.708
1619609532303,0.619,0,0,0,0,0.708
1619609532324,0.575,0,0,0,0,0.708
1619609532344,0.595,0,0,0,0,0.708
1619609532364,0.602,0,0,0,0,0.708
1619609532383,0.602,0,0,0,0,0.708
1619609532403,0.595,0,0,0,0,0.708
1619609532434,0.605,0,0,0,0,0.708
1619609532443,0.595,0,0,0,0,0.708
1619609532463,0.605,0,0,0,0,0.708
1619609532483,0.605,0,0,0,0,0.708
1619609532503,0.602,0,0,0,0,0.708
1619609532535,0.598,0,0,0,0,0.708
1619609532543,0.602,0,0,0,0,0.708
1619609532564,0.602,0,0,0,0,0.708
1619609532583,0.595,0,0,0,0,0.708
1619609532603,0.605,0,0,0,0,0.708
1619609532624,0.598,0,0,0,0,0.708
1619609532643,0.602,0,0,0,0,0.708
1619609532663,0.595,0,0,0,0,0.708
1619609532684,0.595,0,0,0,0,0.708
1619609532704,0.595,0,0,0,0,0.708
1619609532724,0.602,0,0,0,0,0.708
1619609532743,0.598,0,0,0,0,0.708
1619609532764,0.595,0,0,0,0,0.708
1619609532783,0.595,0,0,0,0,0.708
1619609532803,0.598,0,0,0,0,0.708
1619609532824,0.612,0,0,0,0,0.708
1619609532843,0.612,0,0,0,0,0.708
1619609532863,0.588,0,0,0,0,0.708
1619609532883,0.588,0,0,0,0,0.708
1619609532904,0.609,0,0,0,0,0.708
1619609532924,0.598,0,0,0,0,0.708
1619609532944,0.592,0,0,0,0,0.708
1619609532964,0.595,0,0,0,0,0.708
1619609532984,0.602,0,0,0,0,0.708
1619609533004,0.592,0,0,0,0,0.708
1619609533025,0.616,0,0,0,0,0.708
1619609533044,0.575,0,0,0,0,0.708
1619609533064,0.602,0,0,0,0,0.708
1619609533083,0.598,0,0,0,0,0.708
1619609533103,0.592,0,0,0,0,0.708
1619609533124,0.598,0,0,0,0,0.708
1619609533144,0.602,0,0,0,0,0.708
1619609533163,0.598,0,0,0,0,0.708
1619609533183,0.602,0,0,0,0,0.708
1619609533204,0.619,0,0,0,0,0.708
1619609533224,0.619,0,0,0,0,0.708
1619609533244,0.575,0,0,0,0,0.708
1619609533264,0.602,0,0,0,0,0.708
1619609533284,0.598,0,0,0,0,0.708
1619609533303,0.592,0,0,0,0,0.708
1619609533325,0.605,0,0,0,0,0.708
1619609533344,0.598,0,0,0,0,0.708
1619609533364,0.598,0,0,0,0,0.708
1619609533384,0.602,0,0,0,0,0.708
1619609533404,0.595,0,0,0,0,0.708
1619609533423,0.598,0,0,0,0,0.708
1619609533444,0.605,0,0,0,0,0.708
1619609533464,0.592,0,0,0,0,0.708
1619609533483,0.598,0,0,0,0,0.708
1619609533503,0.605,0,0,0,0,0.708
1619609533523,0.592,0,0,0,0,0.708
1619609533544,0.598,0,0,0,0,0.708
1619609533564,0.598,0,0,0,0,0.708
1619609533584,0.602,0,0,0,0,0.708
1619609533603,0.592,0,0,0,0,0.708
1619609533624,0.598,0,0,0,0,0.708
1619609533644,0.605,0,0,0,0,0.708
1619609533664,0.595,0,0,0,0,0.708
1619609533684,0.602,0,0,0,0,0.708
1619609533704,0.609,0,0,0,0,0.708
1619609533724,0.588,0,0,0,0,0.708
1619609533743,0.605,0,0,0,0,0.708
1619609533764,0.602,0,0,0,0,0.708
1619609533783,0.592,0,0,0,0,0.708
1619609533803,0.588,0,0,0,0,0.708
1619609533824,0.609,0,0,0,0,0.708
1619609533843,0.598,0,0,0,0,0.708
1619609533863,0.595,0,0,0,0,0.708
1619609533884,0.605,0,0,0,0,0.708
1619609533903,0.609,0,0,0,0,0.708
1619609533924,0.598,0,0,0,0,0.708
1619609533943,0.598,0,0,0,0,0.708
1619609533964,0.588,0,0,0,0,0.708
1619609533984,0.605,0,0,0,0,0.708
1619609534004,0.595,0,0,0,0,0.708
1619609534023,0.595,0,0,0,0,0.708
1619609534044,0.605,0,0,0,0,0.708
1619609534064,0.592,0,0,0,0,0.708
1619609534084,0.595,0,0,0,0,0.708
1619609534103,0.605,0,0,0,0,0.708
1619609534123,0.609,0,0,0,0,0.708
1619609534143,0.571,0,0,0,0,0.708
1619609534163,0.609,0,0,0,0,0.708
1619609534183,0.598,0,0,0,0,0.708
1619609534203,0.595,0,0,0,0,0.708
1619609534224,0.605,0,0,0,0,0.708
1619609534243,0.598,0,0,0,0,0.708
1619609534264,0.588,0,0,0,0,0.708
1619609534283,0.598,0,0,0,0,0.708
1619609534304,0.626,0,0,0,0,0.708
1619609534324,0.626,0,0,0,0,0.708
1619609534343,0.558,0,0,0,0,0.708
1619609534363,0.602,0,0,0,0,0.708
1619609534384,0.602,0,0,0,0,0.708
1619609534404,0.588,0,0,0,0,0.708
1619609534424,0.602,0,0,0,0,0.708
1619609534443,0.609,0,0,0,0,0.708
1619609534463,0.598,0,0,0,0,0.708
1619609534483,0.592,0,0,0,0,0.708
1619609534504,0.609,0,0,0,0,0.708
1619609534524,0.598,0,0,0,0,0.708
1619609534543,0.592,0,0,0,0,0.708
1619609534564,0.602,0,0,0,0,0.708
1619609534583,0.602,0,0,0,0,0.708
1619609534604,0.588,0,0,0,0,0.708
1619609534623,0.602,0,0,0,0,0.708
1619609534643,0.605,0,0,0,0,0.708
1619609534663,0.605,0,0,0,0,0.708
1619609534684,0.588,0,0,0,0,0.708
1619609534703,0.598,0,0,0,0,0.708
1619609534724,0.609,0,0,0,0,0.708
1619609534743,0.588,0,0,0,0,0.708
1619609534764,0.598,0,0,0,0,0.708
1619609534783,0.609,0,0,0,0,0.708
1619609534803,0.595,0,0,0,0,0.708
1619609534823,0.595,0,0,0,0,0.708
1619609534844,0.619,0,0,0,0,0.708
1619609534863,0.575,0,0,0,0,0.708
1619609534884,0.598,0,0,0,0,0.708
1619609534903,0.605,0,0,0,0,0.708
1619609534923,0.598,0,0,0,0,0.708
1619609534944,0.592,0,0,0,0,0.708
1619609534964,0.602,0,0,0,0,0.708
1619609534984,0.598,0,0,0,0,0.708
1619609535004,0.595,0,0,0,0,0.708
1619609535024,0.612,0,0,0,0,0.708
1619609535045,0.612,0,0,0,0,0.708
1619609535064,0.575,0,0,0,0,0.708
1619609535084,0.598,0,0,0,0,0.708
1619609535104,0.602,0,0,0,0,0.708
1619609535123,0.588,0,0,0,0,0.708
1619609535144,0.598,0,0,0,0,0.708
1619609535164,0.598,0,0,0,0,0.708
1619609535184,0.595,0,0,0,0,0.708
1619609535203,0.598,0,0,0,0,0.708
1619609535223,0.629,0,0,0,0,0.708
1619609535245,0.568,0,0,0,0,0.708
1619609535263,0.592,0,0,0,0,0.708
1619609535284,0.612,0,0,0,0,0.708
1619609535303,0.598,0,0,0,0,0.708
1619609535323,0.592,0,0,0,0,0.708
1619609535344,0.612,0,0,0,0,0.708
1619609535364,0.602,0,0,0,0,0.708
1619609535383,0.592,0,0,0,0,0.708
1619609535404,0.626,0,0,0,0,0.708
1619609535424,0.626,0,0,0,0,0.708
1619609535444,0.575,0,0,0,0,0.708
1619609535464,0.595,0,0,0,0,0.708
1619609535483,0.609,0,0,0,0,0.708
1619609535503,0.598,0,0,0,0,0.708
1619609535524,0.592,0,0,0,0,0.708
1619609535544,0.602,0,0,0,0,0.708
1619609535564,0.598,0,0,0,0,0.708
1619609535583,0.595,0,0,0,0,0.708
1619609535603,0.598,0,0,0,0,0.708
1619609535624,0.609,0,0,0,0,0.708
1619609535645,0.588,0,0,0,0,0.708
1619609535663,0.595,0,0,0,0,0.708
1619609535683,0.602,0,0,0,0,0.708
1619609535703,0.595,0,0,0,0,0.708
1619609535724,0.598,0,0,0,0,0.708
1619609535744,0.598,0,0,0,0,0.708
1619609535764,0.612,0,0,0,0,0.708
1619609535783,0.585,0,0,0,0,0.708
1619609535803,0.598,0,0,0,0,0.708
1619609535824,0.609,0,0,0,0,0.708
1619609535843,0.595,0,0,0,0,0.708
1619609535864,0.592,0,0,0,0,0.708
1619609535884,0.612,0,0,0,0,0.708
1619609535904,0.592,0,0,0,0,0.708
1619609535924,0.598,0,0,0,0,0.708
1619609535943,0.616,0,0,0,0,0.708
1619609535964,0.581,0,0,0,0,0.708
1619609535984,0.595,0,0,0,0,0.708
1619609536004,0.605,0,0,0,0,0.708
1619609536024,0.598,0,0,0,0,0.708
1619609536044,0.595,0,0,0,0,0.708
1619609536063,0.605,0,0,0,0,0.708
1619609536084,0.602,0,0,0,0,0.708
1619609536104,0.602,0,0,0,0,0.708
1619609536123,0.595,0,0,0,0,0.708
1619609536143,0.616,0,0,0,0,0.708
1619609536163,0.588,0,0,0,0,0.708
1619609536183,0.585,0,0,0,0,0.708
1619609536203,0.605,0,0,0,0,0.708
1619609536224,0.609,0,0,0,0,0.708
1619609536243,0.595,0,0,0,0,0.708
1619609536264,0.595,0,0,0,0,0.708
1619609536283,0.605,0,0,0,0,0.708
1619609536303,0.602,0,0,0,0,0.708
1619609536323,0.616,0,0,0,0,0.708
1619609536343,0.588,0,0,0,0,0.708
1619609536363,0.592,0,0,0,0,0.708
1619609536384,0.592,0,0,0,0,0.708
1619609536403,0.609,0,0,0,0,0.708
1619609536424,0.598,0,0,0,0,0.708
1619609536444,0.588,0,0,0,0,0.708
1619609536464,0.595,0,0,0,0,0.708
1619609536483,0.595,0,0,0,0,0.708
1619609536504,0.633,0,0,0,0,0.708
1619609536524,0.561,0,0,0,0,0.708
1619609536543,0.605,0,0,0,0,0.708
1619609536564,0.605,0,0,0,0,0.708
1619609536584,0.592,0,0,0,0,0.708
1619609536603,0.592,0,0,0,0,0.708
1619609536623,0.609,0,0,0,0,0.708
1619609536643,0.588,0,0,0,0,0.708
1619609536663,0.598,0,0,0,0,0.708
1619609536683,0.602,0,0,0,0,0.708
1619609536703,0.595,0,0,0,0,0.708
1619609536724,0.595,0,0,0,0,0.708
1619609536743,0.605,0,0,0,0,0.708
1619609536764,0.592,0,0,0,0,0.708
1619609536784,0.592,0,0,0,0,0.708
1619609536803,0.592,0,0,0,0,0.708
1619609536823,0.612,0,0,0,0,0.708
1619609536843,0.602,0,0,0,0,0.708
1619609536863,0.588,0,0,0,0,0.708
1619609536883,0.605,0,0,0,0,0.708
1619609536903,0.602,0,0,0,0,0.708
1619609536924,0.595,0,0,0,0,0.708
1619609536944,0.605,0,0,0,0,0.708
1619609536964,0.595,0,0,0,0,0.708
1619609536984,0.592,0,0,0,0,0.708
1619609537003,0.598,0,0,0,0,0.708
1619609537024,0.609,0,0,0,0,0.708
1619609537044,0.575,0,0,0,0,0.708
1619609537064,0.605,0,0,0,0,0.708
1619609537084,0.602,0,0,0,0,0.708
1619609537104,0.598,0,0,0,0,0.708
1619609537124,0.609,0,0,0,0,0.708
1619609537143,0.602,0,0,0,0,0.708
1619609537163,0.602,0,0,0,0,0.708
1619609537184,0.588,0,0,0,0,0.708
1619609537204,0.602,0,0,0,0,0.708
1619609537223,0.622,0,0,0,0,0.708
1619609537244,0.578,0,0,0,0,0.708
1619609537274,0.592,0,0,0,0,0.708
1619609537284,0.592,0,0,0,0,0.708
1619609537303,0.592,0,0,0,0,0.708
1619609537323,0.595,0,0,0,0,0.708
1619609537344,0.602,0,0,0,0,0.708
1619609537366,0.595,0,0,0,0,0.708
1619609537383,0.602,0,0,0,0,0.708
1619609537404,0.629,0,0,0,0,0.708
1619609537424,0.575,0,0,0,0,0.708
1619609537443,0.598,0,0,0,0,0.708
1619609537464,0.602,0,0,0,0,0.708
1619609537484,0.595,0,0,0,0,0.708
1619609537504,0.592,0,0,0,0,0.708
1619609537524,0.592,0,0,0,0,0.708
1619609537543,0.605,0,0,0,0,0.708
1619609537564,0.595,0,0,0,0,0.708
1619609537584,0.592,0,0,0,0,0.708
1619609537604,0.602,0,0,0,0,0.708
1619609537623,0.595,0,0,0,0,0.708
1619609537644,0.602,0,0,0,0,0.708
1619609537665,0.602,0,0,0,0,0.708
1619609537684,0.595,0,0,0,0,0.708
1619609537703,0.598,0,0,0,0,0.708
1619609537724,0.605,0,0,0,0,0.708
1619609537743,0.595,0,0,0,0,0.708
1619609537766,0.588,0,0,0,0,0.708
1619609537784,0.602,0,0,0,0,0.708
1619609537803,0.598,0,0,0,0,0.708
1619609537824,0.581,0,0,0,0,0.708
1619609537843,0.602,0,0,0,0,0.708
1619609537864,0.602,0,0,0,0,0.708
1619609537884,0.605,0,0,0,0,0.708
1619609537903,0.578,0,0,0,0,0.708
1619609537923,0.602,0,0,0,0,0.708
1619609537944,0.616,0,0,0,0,0.708
1619609537964,0.588,0,0,0,0,0.708
1619609537984,0.588,0,0,0,0,0.708
1619609538004,0.612,0,0,0,0,0.708
1619609538024,0.592,0,0,0,0,0.708
1619609538043,0.592,0,0,0,0,0.708
1619609538064,0.605,0,0,0,0,0.708
1619609538083,0.602,0,0,0,0,0.708
1619609538103,0.588,0,0,0,0,0.708
1619609538123,0.616,0,0,0,0,0.708
1619609538143,0.592,0,0,0,0,0.708
1619609538164,0.592,0,0,0,0,0.708
1619609538184,0.595,0,0,0,0,0.708
1619609538203,0.609,0,0,0,0,0.708
1619609538223,0.588,0,0,0,0,0.708
1619609538243,0.588,0,0,0,0,0.708
1619609538263,0.602,0,0,0,0,0.708
1619609538284,0.609,0,0,0,0,0.708
1619609538304,0.598,0,0,0,0,0.708
1619609538323,0.602,0,0,0,0,0.708
1619609538343,0.585,0,0,0,0,0.708
1619609538363,0.592,0,0,0,0,0.708
1619609538383,0.595,0,0,0,0,0.708
1619609538404,0.616,0,0,0,0,0.708
1619609538424,0.595,0,0,0,0,0.708
1619609538444,0.595,0,0,0,0,0.708
1619609538463,0.602,0,0,0,0,0.708
1619609538484,0.598,0,0,0,0,0.708
1619609538504,0.616,0,0,0,0,0.708
1619609538523,0.575,0,0,0,0,0.708
1619609538544,0.595,0,0,0,0,0.708
1619609538563,0.581,0,0,0,0,0.708
1619609538584,0.598,0,0,0,0,0.708
1619609538604,0.598,0,0,0,0,0.708
1619609538624,0.605,0,0,0,0,0.708
1619609538643,0.585,0,0,0,0,0.708
1619609538663,0.598,0,0,0,0,0.708
1619609538683,0.605,0,0,0,0,0.708
1619609538703,0.588,0,0,0,0,0.708
1619609538724,0.598,0,0,0,0,0.708
1619609538744,0.612,0,0,0,0,0.708
1619609538763,0.595,0,0,0,0,0.708
1619609538783,0.598,0,0,0,0,0.708
1619609538803,0.605,0,0,0,0,0.708
1619609538823,0.595,0,0,0,0,0.708
1619609538843,0.595,0,0,0,0,0.708
1619609538864,0.602,0,0,0,0,0.708
1619609538883,0.598,0,0,0,0,0.708
1619609538903,0.592,0,0,0,0,0.708
1619609538923,0.609,0,0,0,0,0.708
1619609538943,0.609,0,0,0,0,0.708
1619609538964,0.602,0,0,0,0,0.708
1619609538983,0.598,0,0,0,0,0.708
1619609539003,0.605,0,0,0,0,0.708
1619609539024,0.598,0,0,0,0,0.708
1619609539043,0.602,0,0,0,0,0.708
1619609539064,0.592,0,0,0,0,0.708
1619609539084,0.609,0,0,0,0,0.708
1619609539104,0.585,0,0,0,0,0.708
1619609539124,0.592,0,0,0,0,0.708
1619609539144,0.602,0,0,0,0,0.708
1619609539164,0.595,0,0,0,0,0.708
1619609539183,0.592,0,0,0,0,0.708
1619609539204,0.602,0,0,0,0,0.708
1619609539224,0.612,0,0,0,0,0.708
1619609539243,0.575,0,0,0,0,0.708
1619609539264,0.609,0,0,0,0,0.708
1619609539284,0.605,0,0,0,0,0.708
1619609539304,0.592,0,0,0,0,0.708
1619609539323,0.592,0,0,0,0,0.708
1619609539343,0.598,0,0,0,0,0.708
1619609539363,0.609,0,0,0,0,0.708
1619609539384,0.595,0,0,0,0,0.708
1619609539404,0.602,0,0,0,0,0.708
1619609539424,0.626,0,0,0,0,0.708
1619609539443,0.571,0,0,0,0,0.708
1619609539463,0.595,0,0,0,0,0.708
1619609539484,0.609,0,0,0,0,0.708
1619609539503,0.592,0,0,0,0,0.708
1619609539524,0.588,0,0,0,0,0.708
1619609539544,0.602,0,0,0,0,0.708
1619609539563,0.598,0,0,0,0,0.708
1619609539584,0.588,0,0,0,0,0.708
1619609539603,0.622,0,0,0,0,0.708
1619609539623,0.571,0,0,0,0,0.708
1619609539643,0.595,0,0,0,0,0.708
1619609539663,0.602,0,0,0,0,0.708
1619609539685,0.602,0,0,0,0,0.708
1619609539704,0.592,0,0,0,0,0.708
1619609539723,0.595,0,0,0,0,0.708
1619609539744,0.612,0,0,0,0,0.708
1619609539763,0.602,0,0,0,0,0.708
1619609539784,0.592,0,0,0,0,0.708
1619609539804,0.595,0,0,0,0,0.708
1619609539823,0.605,0,0,0,0,0.708
1619609539843,0.595,0,0,0,0,0.708
1619609539864,0.602,0,0,0,0,0.708
1619609539885,0.605,0,0,0,0,0.708
1619609539904,0.588,0,0,0,0,0.708
1619609539923,0.598,0,0,0,0,0.708
1619609539943,0.612,0,0,0,0,0.708
1619609539963,0.578,0,0,0,0,0.708
1619609539985,0.598,0,0,0,0,0.708
1619609540004,0.609,0,0,0,0,0.708
1619609540024,0.609,0,0,0,0,0.708
1619609540043,0.598,0,0,0,0,0.708
1619609540064,0.588,0,0,0,0,0.708
1619609540086,0.609,0,0,0,0,0.708
1619609540103,0.605,0,0,0,0,0.708
1619609540123,0.595,0,0,0,0,0.708
1619609540143,0.619,0,0,0,0,0.708
1619609540164,0.588,0,0,0,0,0.708
1619609540184,0.588,0,0,0,0,0.708
1619609540204,0.602,0,0,0,0,0.708
1619609540224,0.595,0,0,0,0,0.708
1619609540244,0.595,0,0,0,0,0.708
1619609540263,0.605,0,0,0,0,0.708
1619609540284,0.605,0,0,0,0,0.708
1619609540304,0.588,0,0,0,0,0.708
1619609540324,0.616,0,0,0,0,0.708
1619609540344,0.592,0,0,0,0,0.708
1619609540363,0.588,0,0,0,0,0.708
1619609540384,0.602,0,0,0,0,0.708
1619609540404,0.602,0,0,0,0,0.708
1619609540423,0.609,0,0,0,0,0.708
1619609540443,0.588,0,0,0,0,0.708
1619609540463,0.598,0,0,0,0,0.708
1619609540483,0.602,0,0,0,0,0.708
1619609540504,0.595,0,0,0,0,0.708
1619609540524,0.622,0,0,0,0,0.708
1619609540543,0.578,0,0,0,0,0.708
1619609540564,0.595,0,0,0,0,0.708
1619609540583,0.609,0,0,0,0,0.708
1619609540604,0.602,0,0,0,0,0.708
1619609540624,0.592,0,0,0,0,0.708
1619609540644,0.602,0,0,0,0,0.708
1619609540664,0.605,0,0,0,0,0.708
1619609540684,0.598,0,0,0,0,0.708
1619609540704,0.616,0,0,0,0,0.708
1619609540724,0.578,0,0,0,0,0.708
1619609540743,0.592,0,0,0,0,0.708
1619609540763,0.592,0,0,0,0,0.708
1619609540783,0.588,0,0,0,0,0.708
1619609540803,0.605,0,0,0,0,0.708
1619609540823,0.605,0,0,0,0,0.708
1619609540843,0.585,0,0,0,0,0.708
1619609540863,0.605,0,0,0,0,0.708
1619609540883,0.605,0,0,0,0,0.708
1619609540904,0.592,0,0,0,0,0.708
1619609540924,0.602,0,0,0,0,0.708
1619609540944,0.605,0,0,0,0,0.708
1619609540964,0.592,0,0,0,0,0.708
1619609540983,0.602,0,0,0,0,0.708
1619609541004,0.605,0,0,0,0,0.708
1619609541024,0.605,0,0,0,0,0.708
1619609541044,0.592,0,0,0,0,0.708
1619609541064,0.592,0,0,0,0,0.708
1619609541084,0.595,0,0,0,0,0.708
1619609541104,0.595,0,0,0,0,0.708
1619609541124,0.595,0,0,0,0,0.708
1619609541144,0.609,0,0,0,0,0.708
1619609541163,0.595,0,0,0,0,0.708
1619609541184,0.598,0,0,0,0,0.708
1619609541204,0.602,0,0,0,0,0.708
1619609541224,0.598,0,0,0,0,0.708
1619609541243,0.605,0,0,0,0,0.708
1619609541263,0.581,0,0,0,0,0.708
1619609541283,0.588,0,0,0,0,0.708
1619609541303,0.595,0,0,0,0,0.708
1619609541323,0.588,0,0,0,0,0.708
1619609541344,0.598,0,0,0,0,0.708
1619609541364,0.602,0,0,0,0,0.708
1619609541384,0.592,0,0,0,0,0.708
1619609541403,0.605,0,0,0,0,0.708
1619609541423,0.626,0,0,0,0,0.708
1619609541444,0.568,0,0,0,0,0.708
1619609541463,0.602,0,0,0,0,0.708
1619609541484,0.602,0,0,0,0,0.708
1619609541503,0.612,0,0,0,0,0.708
1619609541523,0.595,0,0,0,0,0.708
1619609541544,0.595,0,0,0,0,0.708
1619609541563,0.602,0,0,0,0,0.708
1619609541583,0.602,0,0,0,0,0.708
1619609541603,0.598,0,0,0,0,0.708
1619609541623,0.633,0,0,0,0,0.708
1619609541643,0.578,0,0,0,0,0.708
1619609541664,0.578,0,0,0,0,0.708
1619609541684,0.605,0,0,0,0,0.708
1619609541703,0.609,0,0,0,0,0.708
1619609541724,0.592,0,0,0,0,0.708
1619609541743,0.598,0,0,0,0,0.708
1619609541764,0.605,0,0,0,0,0.708
1619609541783,0.595,0,0,0,0,0.708
1619609541804,0.602,0,0,0,0,0.708
1619609541823,0.602,0,0,0,0,0.708
1619609541843,0.602,0,0,0,0,0.708
1619609541864,0.595,0,0,0,0,0.708
1619609541883,0.598,0,0,0,0,0.708
1619609541904,0.609,0,0,0,0,0.708
1619609541924,0.598,0,0,0,0,0.708
1619609541943,0.592,0,0,0,0,0.708
1619609541964,0.612,0,0,0,0,0.708
1619609541984,0.588,0,0,0,0,0.708
1619609542004,0.592,0,0,0,0,0.708
1619609542024,0.609,0,0,0,0,0.708
1619609542044,0.595,0,0,0,0,0.708
1619609542063,0.588,0,0,0,0,0.708
1619609542083,0.598,0,0,0,0,0.708
1619609542105,0.598,0,0,0,0,0.708
1619609542124,0.581,0,0,0,0,0.708
1619609542143,0.612,0,0,0,0,0.708
1619609542163,0.581,0,0,0,0,0.708
1619609542184,0.581,0,0,0,0,0.708
1619609542205,0.595,0,0,0,0,0.708
1619609542224,0.598,0,0,0,0,0.708
1619609542243,0.605,0,0,0,0,0.708
1619609542264,0.595,0,0,0,0,0.708
1619609542283,0.605,0,0,0,0,0.708
1619609542304,0.602,0,0,0,0,0.708
1619609542324,0.592,0,0,0,0,0.708
1619609542343,0.609,0,0,0,0,0.708
1619609542364,0.595,0,0,0,0,0.708
1619609542384,0.585,0,0,0,0,0.708
1619609542405,0.598,0,0,0,0,0.708
1619609542424,0.609,0,0,0,0,0.708
1619609542444,0.595,0,0,0,0,0.708
1619609542463,0.588,0,0,0,0,0.708
1619609542484,0.609,0,0,0,0,0.708
1619609542504,0.602,0,0,0,0,0.708
1619609542524,0.609,0,0,0,0,0.708
1619609542544,0.585,0,0,0,0,0.708
1619609542563,0.598,0,0,0,0,0.708
1619609542583,0.598,0,0,0,0,0.708
1619609542604,0.588,0,0,0,0,0.708
1619609542624,0.598,0,0,0,0,0.708
1619609542643,0.602,0,0,0,0,0.708
1619609542663,0.595,0,0,0,0,0.708
1619609542683,0.598,0,0,0,0,0.708
1619609542705,0.602,0,0,0,0,0.708
1619609542724,0.619,0,0,0,0,0.708
1619609542743,0.575,0,0,0,0,0.708
1619609542764,0.605,0,0,0,0,0.708
1619609542783,0.588,0,0,0,0,0.708
1619609542804,0.598,0,0,0,0,0.708
1619609542823,0.609,0,0,0,0,0.708
1619609542844,0.592,0,0,0,0,0.708
1619609542863,0.588,0,0,0,0,0.708
1619609542883,0.602,0,0,0,0,0.708
1619609542903,0.595,0,0,0,0,0.708
1619609542924,0.595,0,0,0,0,0.708
1619609542944,0.598,0,0,0,0,0.708
1619609542963,0.609,0,0,0,0,0.708
1619609542983,0.592,0,0,0,0,0.708
1619609543003,0.595,0,0,0,0,0.708
1619609543023,0.609,0,0,0,0,0.708
1619609543044,0.598,0,0,0,0,0.708
1619609543063,0.595,0,0,0,0,0.708
1619609543083,0.598,0,0,0,0,0.708
1619609543104,0.592,0,0,0,0,0.708
1619609543124,0.595,0,0,0,0,0.708
1619609543144,0.605,0,0,0,0,0.708
1619609543164,0.595,0,0,0,0,0.708
1619609543184,0.595,0,0,0,0,0.708
1619609543204,0.609,0,0,0,0,0.708
1619609543223,0.592,0,0,0,0,0.708
1619609543244,0.602,0,0,0,0,0.708
1619609543263,0.602,0,0,0,0,0.708
1619609543283,0.602,0,0,0,0,0.708
1619609543304,0.592,0,0,0,0,0.708
1619609543323,0.588,0,0,0,0,0.708
1619609543343,0.605,0,0,0,0,0.708
1619609543363,0.595,0,0,0,0,0.708
1619609543384,0.592,0,0,0,0,0.708
1619609543403,0.595,0,0,0,0,0.708
1619609543424,0.605,0,0,0,0,0.708
1619609543443,0.609,0,0,0,0,0.708
1619609543464,0.592,0,0,0,0,0.708
1619609543483,0.598,0,0,0,0,0.708
1619609543504,0.598,0,0,0,0,0.708
1619609543523,0.602,0,0,0,0,0.708
1619609543544,0.605,0,0,0,0,0.708
1619609543564,0.595,0,0,0,0,0.708
1619609543584,0.602,0,0,0,0,0.708
1619609543604,0.602,0,0,0,0,0.708
1619609543624,0.609,0,0,0,0,0.708
1619609543644,0.568,0,0,0,0,0.708
1619609543663,0.568,0,0,0,0,0.708
1619609543683,0.605,0,0,0,0,0.708
1619609543704,0.588,0,0,0,0,0.708
1619609543724,0.588,0,0,0,0,0.708
1619609543744,0.605,0,0,0,0,0.708
1619609543763,0.602,0,0,0,0,0.708
1619609543783,0.592,0,0,0,0,0.708
1619609543803,0.605,0,0,0,0,0.708
1619609543823,0.633,0,0,0,0,0.708
1619609543843,0.564,0,0,0,0,0.708
1619609543864,0.595,0,0,0,0,0.708
1619609543883,0.612,0,0,0,0,0.708
1619609543903,0.581,0,0,0,0,0.708
1619609543924,0.595,0,0,0,0,0.708
1619609543943,0.612,0,0,0,0,0.708
1619609543963,0.592,0,0,0,0,0.708
1619609543984,0.602,0,0,0,0,0.708
1619609544003,0.602,0,0,0,0,0.708
1619609544023,0.598,0,0,0,0,0.708
1619609544043,0.588,0,0,0,0,0.708
1619609544064,0.605,0,0,0,0,0.708
1619609544083,0.609,0,0,0,0,0.708
1619609544103,0.595,0,0,0,0,0.708
1619609544123,0.602,0,0,0,0,0.708
1619609544143,0.609,0,0,0,0,0.708
1619609544164,0.595,0,0,0,0,0.708
1619609544184,0.588,0,0,0,0,0.708
1619609544203,0.602,0,0,0,0,0.708
1619609544224,0.595,0,0,0,0,0.708
1619609544244,0.598,0,0,0,0,0.708
1619609544264,0.602,0,0,0,0,0.708
1619609544284,0.595,0,0,0,0,0.708
1619609544303,0.598,0,0,0,0,0.708
1619609544325,0.602,0,0,0,0,0.708
1619609544343,0.598,0,0,0,0,0.708
1619609544364,0.598,0,0,0,0,0.708
1619609544383,0.595,0,0,0,0,0.708
1619609544403,0.612,0,0,0,0,0.708
1619609544436,0.585,0,0,0,0,0.708
1619609544443,0.609,0,0,0,0,0.708
1619609544463,0.609,0,0,0,0,0.708
1619609544483,0.595,0,0,0,0,0.708
1619609544504,0.592,0,0,0,0,0.708
1619609544524,0.609,0,0,0,0,0.708
1619609544543,0.609,0,0,0,0,0.708
1619609544563,0.578,0,0,0,0,0.708
1619609544583,0.602,0,0,0,0,0.708
1619609544604,0.602,0,0,0,0,0.708
1619609544624,0.592,0,0,0,0,0.708
1619609544644,0.595,0,0,0,0,0.708
1619609544664,0.612,0,0,0,0,0.708
1619609544683,0.595,0,0,0,0,0.708
1619609544704,0.595,0,0,0,0,0.708
1619609544725,0.622,0,0,0,0,0.708
1619609544744,0.622,0,0,0,0,0.708
1619609544764,0.571,0,0,0,0,0.708
1619609544783,0.595,0,0,0,0,0.708
1619609544804,0.605,0,0,0,0,0.708
1619609544826,0.588,0,0,0,0,0.708
1619609544844,0.598,0,0,0,0,0.708
1619609544863,0.609,0,0,0,0,0.708
1619609544883,0.595,0,0,0,0,0.708
1619609544903,0.619,0,0,0,0,0.708
1619609544924,0.578,0,0,0,0,0.708
1619609544944,0.595,0,0,0,0,0.708
1619609544963,0.595,0,0,0,0,0.708
1619609544984,0.609,0,0,0,0,0.708
1619609545003,0.602,0,0,0,0,0.708
1619609545024,0.588,0,0,0,0,0.708
1619609545044,0.609,0,0,0,0,0.708
1619609545063,0.605,0,0,0,0,0.708
1619609545083,0.605,0,0,0,0,0.708
1619609545103,0.588,0,0,0,0,0.708
1619609545125,0.609,0,0,0,0,0.708
1619609545144,0.605,0,0,0,0,0.708
1619609545164,0.588,0,0,0,0,0.708
1619609545184,0.605,0,0,0,0,0.708
1619609545204,0.605,0,0,0,0,0.708
1619609545224,0.588,0,0,0,0,0.708
1619609545244,0.605,0,0,0,0,0.708
1619609545263,0.595,0,0,0,0,0.708
1619609545283,0.595,0,0,0,0,0.708
1619609545304,0.598,0,0,0,0,0.708
1619609545324,0.605,0,0,0,0,0.708
1619609545344,0.598,0,0,0,0,0.708
1619609545364,0.595,0,0,0,0,0.708
1619609545383,0.605,0,0,0,0,0.708
1619609545404,0.602,0,0,0,0,0.708
1619609545423,0.595,0,0,0,0,0.708
1619609545443,0.595,0,0,0,0,0.708
1619609545463,0.595,0,0,0,0,0.708
1619609545483,0.605,0,0,0,0,0.708
1619609545504,0.588,0,0,0,0,0.708
1619609545524,0.595,0,0,0,0,0.708
1619609545543,0.605,0,0,0,0,0.708
1619609545563,0.592,0,0,0,0,0.708
1619609545583,0.598,0,0,0,0,0.708
1619609545603,0.605,0,0,0,0,0.708
1619609545623,0.605,0,0,0,0,0.708
1619609545644,0.575,0,0,0,0,0.708
1619609545663,0.605,0,0,0,0,0.708
1619609545684,0.595,0,0,0,0,0.708
1619609545703,0.598,0,0,0,0,0.708
1619609545723,0.609,0,0,0,0,0.708
1619609545743,0.595,0,0,0,0,0.708
1619609545764,0.592,0,0,0,0,0.708
1619609545783,0.605,0,0,0,0,0.708
1619609545804,0.619,0,0,0,0,0.708
1619609545823,0.619,0,0,0,0,0.708
1619609545843,0.571,0,0,0,0,0.708
1619609545864,0.602,0,0,0,0,0.708
1619609545883,0.595,0,0,0,0,0.708
1619609545903,0.598,0,0,0,0,0.708
1619609545923,0.605,0,0,0,0,0.708
1619609545943,0.598,0,0,0,0,0.708
1619609545963,0.588,0,0,0,0,0.708
1619609545984,0.605,0,0,0,0,0.708
1619609546004,0.598,0,0,0,0,0.708
1619609546024,0.592,0,0,0,0,0.708
1619609546044,0.602,0,0,0,0,0.708
1619609546063,0.602,0,0,0,0,0.708
1619609546083,0.592,0,0,0,0,0.708
1619609546104,0.605,0,0,0,0,0.708
1619609546123,0.612,0,0,0,0,0.708
1619609546143,0.598,0,0,0,0,0.708
1619609546164,0.598,0,0,0,0,0.708
1619609546183,0.595,0,0,0,0,0.708
1619609546204,0.609,0,0,0,0,0.708
1619609546224,0.598,0,0,0,0,0.708
1619609546244,0.592,0,0,0,0,0.708
1619609546264,0.609,0,0,0,0,0.708
1619609546283,0.602,0,0,0,0,0.708
1619609546303,0.588,0,0,0,0,0.708
1619609546323,0.612,0,0,0,0,0.708
1619609546343,0.588,0,0,0,0,0.708
1619609546363,0.588,0,0,0,0,0.708
1619609546383,0.602,0,0,0,0,0.708
1619609546404,0.605,0,0,0,0,0.708
1619609546423,0.588,0,0,0,0,0.708
1619609546444,0.602,0,0,0,0,0.708
1619609546463,0.605,0,0,0,0,0.708
1619609546483,0.598,0,0,0,0,0.708
1619609546503,0.605,0,0,0,0,0.708
1619609546524,0.605,0,0,0,0,0.708
1619609546544,0.588,0,0,0,0,0.708
1619609546564,0.598,0,0,0,0,0.708
1619609546583,0.581,0,0,0,0,0.708
1619609546603,0.598,0,0,0,0,0.708
1619609546623,0.602,0,0,0,0,0.708
1619609546643,0.581,0,0,0,0,0.708
1619609546663,0.609,0,0,0,0,0.708
1619609546683,0.598,0,0,0,0,0.708
1619609546703,0.602,0,0,0,0,0.708
1619609546724,0.585,0,0,0,0,0.708
1619609546754,0.609,0,0,0,0,0.708
1619609546763,0.592,0,0,0,0,0.708
1619609546784,0.592,0,0,0,0,0.708
1619609546803,0.612,0,0,0,0,0.708
1619609546823,0.588,0,0,0,0,0.708
1619609546844,0.588,0,0,0,0,0.708
1619609546863,0.609,0,0,0,0,0.708
1619609546884,0.609,0,0,0,0,0.708
1619609546903,0.622,0,0,0,0,0.708
1619609546924,0.571,0,0,0,0,0.708
1619609546944,0.598,0,0,0,0,0.708
1619609546964,0.602,0,0,0,0,0.708
1619609546983,0.588,0,0,0,0,0.708
1619609547003,0.609,0,0,0,0,0.708
1619609547023,0.605,0,0,0,0,0.708
1619609547044,0.595,0,0,0,0,0.708
1619609547064,0.595,0,0,0,0,0.708
1619609547084,0.598,0,0,0,0,0.708
1619609547103,0.592,0,0,0,0,0.708
1619609547124,0.598,0,0,0,0,0.708
1619609547145,0.605,0,0,0,0,0.708
1619609547164,0.595,0,0,0,0,0.708
1619609547184,0.595,0,0,0,0,0.708
1619609547204,0.595,0,0,0,0,0.708
1619609547224,0.619,0,0,0,0,0.708
1619609547245,0.592,0,0,0,0,0.708
1619609547264,0.575,0,0,0,0,0.708
1619609547283,0.609,0,0,0,0,0.708
1619609547304,0.592,0,0,0,0,0.708
1619609547324,0.588,0,0,0,0,0.708
1619609547344,0.609,0,0,0,0,0.708
1619609547364,0.598,0,0,0,0,0.708
1619609547383,0.595,0,0,0,0,0.708
1619609547403,0.602,0,0,0,0,0.708
1619609547423,0.595,0,0,0,0,0.708
1619609547444,0.588,0,0,0,0,0.708
1619609547464,0.605,0,0,0,0,0.708
1619609547483,0.605,0,0,0,0,0.708
1619609547503,0.588,0,0,0,0,0.708
1619609547524,0.598,0,0,0,0,0.708
1619609547545,0.598,0,0,0,0,0.708
1619609547563,0.609,0,0,0,0,0.708
1619609547583,0.602,0,0,0,0,0.708
1619609547603,0.598,0,0,0,0,0.708
1619609547623,0.581,0,0,0,0,0.708
1619609547644,0.595,0,0,0,0,0.708
1619609547664,0.592,0,0,0,0,0.708
1619609547684,0.602,0,0,0,0,0.708
1619609547703,0.598,0,0,0,0,0.708
1619609547723,0.595,0,0,0,0,0.708
1619609547743,0.609,0,0,0,0,0.708
1619609547763,0.616,0,0,0,0,0.708
1619609547784,0.592,0,0,0,0,0.708
1619609547804,0.581,0,0,0,0,0.708
1619609547823,0.602,0,0,0,0,0.708
1619609547844,0.595,0,0,0,0,0.708
1619609547863,0.602,0,0,0,0,0.708
1619609547884,0.598,0,0,0,0,0.708
1619609547904,0.598,0,0,0,0,0.708
1619609547924,0.595,0,0,0,0,0.708
1619609547943,0.626,0,0,0,0,0.708
1619609547964,0.581,0,0,0,0,0.708
1619609547984,0.595,0,0,0,0,0.708
1619609548003,0.595,0,0,0,0,0.708
1619609548024,0.609,0,0,0,0,0.708
1619609548044,0.595,0,0,0,0,0.708
1619609548063,0.592,0,0,0,0,0.708
1619609548084,0.602,0,0,0,0,0.708
1619609548103,0.595,0,0,0,0,0.708
1619609548123,0.588,0,0,0,0,0.708
1619609548144,0.602,0,0,0,0,0.708
1619609548164,0.602,0,0,0,0,0.708
1619609548184,0.592,0,0,0,0,0.708
1619609548204,0.598,0,0,0,0,0.708
1619609548224,0.609,0,0,0,0,0.708
1619609548244,0.609,0,0,0,0,0.708
1619609548264,0.595,0,0,0,0,0.708
1619609548284,0.605,0,0,0,0,0.708
1619609548304,0.598,0,0,0,0,0.708
1619609548324,0.592,0,0,0,0,0.708
1619609548343,0.602,0,0,0,0,0.708
1619609548363,0.605,0,0,0,0,0.708
1619609548383,0.598,0,0,0,0,0.708
1619609548403,0.592,0,0,0,0,0.708
1619609548423,0.612,0,0,0,0,0.708
1619609548443,0.595,0,0,0,0,0.708
1619609548463,0.595,0,0,0,0,0.708
1619609548484,0.598,0,0,0,0,0.708
1619609548503,0.598,0,0,0,0,0.708
1619609548523,0.588,0,0,0,0,0.708
1619609548544,0.598,0,0,0,0,0.708
1619609548564,0.605,0,0,0,0,0.708
1619609548583,0.588,0,0,0,0,0.708
1619609548604,0.588,0,0,0,0,0.708
1619609548624,0.592,0,0,0,0,0.708
1619609548643,0.612,0,0,0,0,0.708
1619609548664,0.602,0,0,0,0,0.708
1619609548683,0.575,0,0,0,0,0.708
1619609548703,0.598,0,0,0,0,0.708
1619609548724,0.595,0,0,0,0,0.708
1619609548743,0.592,0,0,0,0,0.708
1619609548763,0.616,0,0,0,0,0.708
1619609548783,0.598,0,0,0,0,0.708
1619609548804,0.588,0,0,0,0,0.708
1619609548824,0.609,0,0,0,0,0.708
1619609548843,0.622,0,0,0,0,0.708
1619609548864,0.564,0,0,0,0,0.708
1619609548883,0.602,0,0,0,0,0.708
1619609548903,0.598,0,0,0,0,0.708
1619609548924,0.592,0,0,0,0,0.708
1619609548944,0.598,0,0,0,0,0.708
1619609548964,0.605,0,0,0,0,0.708
1619609548984,0.605,0,0,0,0,0.708
1619609549003,0.595,0,0,0,0,0.708
1619609549023,0.592,0,0,0,0,0.708
1619609549044,0.639,0,0,0,0,0.708
1619609549074,0.575,0,0,0,0,0.708
1619609549084,0.609,0,0,0,0,0.708
1619609549103,0.609,0,0,0,0,0.708
1619609549123,0.598,0,0,0,0,0.708
1619609549143,0.598,0,0,0,0,0.708
1619609549175,0.609,0,0,0,0,0.708
1619609549184,0.602,0,0,0,0,0.708
1619609549204,0.588,0,0,0,0,0.708
1619609549224,0.595,0,0,0,0,0.708
1619609549244,0.598,0,0,0,0,0.708
1619609549265,0.595,0,0,0,0,0.708
1619609549283,0.602,0,0,0,0,0.708
1619609549304,0.605,0,0,0,0,0.708
1619609549323,0.605,0,0,0,0,0.708
1619609549343,0.592,0,0,0,0,0.708
1619609549364,0.592,0,0,0,0,0.708
1619609549383,0.616,0,0,0,0,0.708
1619609549403,0.595,0,0,0,0,0.708
1619609549423,0.585,0,0,0,0,0.708
1619609549444,0.602,0,0,0,0,0.708
1619609549465,0.602,0,0,0,0,0.708
1619609549484,0.598,0,0,0,0,0.708
1619609549504,0.598,0,0,0,0,0.708
1619609549523,0.598,0,0,0,0,0.708
1619609549543,0.602,0,0,0,0,0.708
1619609549565,0.616,0,0,0,0,0.708
1619609549584,0.581,0,0,0,0,0.708
1619609549604,0.598,0,0,0,0,0.708
1619609549624,0.609,0,0,0,0,0.708
1619609549644,0.605,0,0,0,0,0.708
1619609549664,0.595,0,0,0,0,0.708
1619609549684,0.595,0,0,0,0,0.708
1619609549704,0.605,0,0,0,0,0.708
1619609549723,0.598,0,0,0,0,0.708
1619609549743,0.588,0,0,0,0,0.708
1619609549764,0.616,0,0,0,0,0.708
1619609549783,0.588,0,0,0,0,0.708
1619609549803,0.585,0,0,0,0,0.708
1619609549823,0.598,0,0,0,0,0.708
1619609549844,0.609,0,0,0,0,0.708
1619609549865,0.595,0,0,0,0,0.708
1619609549884,0.595,0,0,0,0,0.708
1619609549903,0.605,0,0,0,0,0.708
1619609549923,0.602,0,0,0,0,0.708
1619609549944,0.605,0,0,0,0,0.708
1619609549963,0.588,0,0,0,0,0.708
1619609549984,0.598,0,0,0,0,0.708
1619609550003,0.592,0,0,0,0,0.708
1619609550023,0.595,0,0,0,0,0.708
1619609550043,0.605,0,0,0,0,0.708
1619609550063,0.605,0,0,0,0,0.708
1619609550084,0.592,0,0,0,0,0.708
1619609550104,0.598,0,0,0,0,0.708
1619609550123,0.602,0,0,0,0,0.708
1619609550143,0.619,0,0,0,0,0.708
1619609550163,0.564,0,0,0,0,0.708
1619609550184,0.612,0,0,0,0,0.708
1619609550203,0.592,0,0,0,0,0.708
1619609550223,0.595,0,0,0,0,0.708
1619609550243,0.605,0,0,0,0,0.708
1619609550264,0.598,0,0,0,0,0.708
1619609550284,0.598,0,0,0,0,0.708
1619609550304,0.598,0,0,0,0,0.708
1619609550323,0.592,0,0,0,0,0.708
1619609550343,0.602,0,0,0,0,0.708
1619609550363,0.602,0,0,0,0,0.708
1619609550383,0.595,0,0,0,0,0.708
1619609550403,0.595,0,0,0,0,0.708
1619609550424,0.598,0,0,0,0,0.708
1619609550444,0.602,0,0,0,0,0.708
1619609550463,0.595,0,0,0,0,0.708
1619609550484,0.609,0,0,0,0,0.708
1619609550504,0.595,0,0,0,0,0.708
1619609550524,0.592,0,0,0,0,0.708
1619609550544,0.595,0,0,0,0,0.708
1619609550563,0.612,0,0,0,0,0.708
1619609550584,0.592,0,0,0,0,0.708
1619609550603,0.592,0,0,0,0,0.708
1619609550624,0.605,0,0,0,0,0.708
1619609550644,0.602,0,0,0,0,0.708
1619609550663,0.602,0,0,0,0,0.708
1619609550684,0.595,0,0,0,0,0.708
1619609550704,0.605,0,0,0,0,0.708
1619609550723,0.592,0,0,0,0,0.708
1619609550743,0.598,0,0,0,0,0.708
1619609550763,0.598,0,0,0,0,0.708
