1619610288491 -0.099465 0.600000 0.000000
1619610288591 -0.099465 0.600000 0.000000
1619610288692 -0.099465 0.600000 0.000000
1619610288793 -0.099465 0.600000 0.000000
1619610288894 -0.099465 0.600000 0.000000
1619610288995 -0.099465 0.600000 0.000000
1619610289096 -0.099465 0.600000 0.000000
1619610289196 -0.099465 0.600000 0.000000
1619610289297 -0.099465 0.600000 0.000000
1619610289398 -0.099465 0.600000 0.000000
1619610289499 -0.099465 0.600000 0.000000
1619610289600 -0.099465 0.600000 0.000000
1619610289701 -0.099465 0.600000 0.000000
1619610289802 -0.099465 0.600000 0.000000
1619610289902 -0.099465 0.600000 0.000000
1619610290003 -0.099465 0.600000 0.000000
1619610290104 -0.099465 0.600000 0.000000
1619610290205 -0.099465 0.600000 0.000000
1619610290306 -0.099465 0.600000 0.000000
1619610290407 -0.099465 0.600000 0.000000
1619610290507 -0.099465 0.600000 0.000000
1619610290608 -0.099465 0.600000 0.000000
1619610290709 -0.099465 0.600000 0.000000
1619610290810 -0.099465 0.600000 0.000000
1619610290911 -0.099465 0.600000 0.000000
1619610291012 -0.099465 0.600000 0.000000
1619610291113 -0.099465 0.600000 0.000000
1619610291214 -0.099465 0.600000 0.000000
1619610291314 -0.099465 0.600000 0.000000
1619610291415 -0.099465 0.600000 0.000000
1619610291516 -0.099465 0.600000 0.000000
1619610291617 -0.099465 0.600000 0.000000
1619610291718 -0.099465 0.600000 0.000000
1619610291819 -0.099465 0.600000 0.000000
1619610291919 -0.099465 0.600000 0.000000
1619610292020 -0.099465 0.600000 0.000000
1619610292121 -0.099465 0.600000 0.000000
1619610292222 -0.099465 0.600000 0.000000
1619610292323 -0.099465 0.600000 0.000000
1619610292424 -0.099465 0.600000 0.000000
1619610292524 -0.099465 0.600000 0.000000
1619610292625 -0.099465 0.600000 0.000000
1619610292727 -0.099465 0.600000 0.000000
1619610292827 -0.099465 0.600000 0.000000
1619610292928 -0.099465 0.600000 0.000000
1619610293029 -0.099465 0.600000 0.000000
1619610293130 -0.099465 0.600000 0.000000
1619610293231 -0.099465 0.600000 0.000000
1619610293331 -0.099465 0.600000 0.000000
1619610293432 -0.099465 0.600000 0.000000
1619610293533 -0.099465 0.600000 0.000000
1619610293634 -0.099465 0.600000 0.000000
1619610293735 -0.099465 0.600000 0.000000
1619610293836 -0.099465 0.600000 0.000000
1619610293936 -0.099465 0.600000 0.000000
1619610294037 -0.099465 0.600000 0.000000
1619610294138 -0.099465 0.600000 0.000000
1619610294239 -0.099465 0.600000 0.000000
1619610294340 -0.099465 0.600000 0.000000
1619610294440 -0.099465 0.600000 0.000000
1619610294541 -0.099465 0.600000 0.000000
1619610294642 -0.099465 0.600000 0.000000
1619610294743 -0.099465 0.600000 0.000000
1619610294844 -0.099465 0.600000 0.000000
1619610294945 -0.099465 0.600000 0.000000
1619610295046 -0.099465 0.600000 0.000000
1619610295147 -0.099465 0.600000 0.000000
1619610295247 -0.099465 0.600000 0.000000
1619610295348 -0.099465 0.600000 0.000000
1619610295449 -0.099465 0.600000 0.000000
1619610295550 -0.099465 0.600000 0.000000
1619610295651 -0.099465 0.600000 0.000000
1619610295752 -0.099465 0.600000 0.000000
1619610295854 -0.099465 0.600000 0.000000
1619610295955 -0.099465 0.600000 0.000000
1619610296055 -0.099465 0.600000 0.000000
1619610296156 -0.099465 0.600000 0.000000
1619610296257 -0.099465 0.600000 0.000000
1619610296358 -0.099465 0.600000 0.000000
1619610296459 -0.099465 0.600000 0.000000
1619610296559 -0.099465 0.600000 0.000000
1619610296660 -0.099465 0.600000 0.000000
1619610296761 -0.099465 0.600000 0.000000
1619610296862 -0.099465 0.600000 0.000000
1619610296963 -0.099465 0.600000 0.000000
1619610297064 -0.099465 0.600000 0.000000
1619610297164 -0.099465 0.600000 0.000000
1619610297265 -0.099465 0.600000 0.000000
1619610297366 -0.099465 0.600000 0.000000
1619610297467 -0.099465 0.600000 0.000000
1619610297568 -0.099465 0.600000 0.000000
1619610297669 -0.099465 0.600000 0.000000
1619610297770 -0.099465 0.600000 0.000000
1619610297871 -0.099465 0.600000 0.000000
1619610297971 -0.099465 0.600000 0.000000
1619610298072 -0.099465 0.600000 0.000000
1619610298173 -0.099465 0.600000 0.000000
1619610298274 -0.099465 0.600000 0.000000
1619610298375 -0.099465 0.600000 0.000000
1619610298476 -0.099465 0.600000 0.000000
1619610298576 -0.099465 0.600000 0.000000
1619610298677 -0.099465 0.600000 0.000000
1619610298778 -0.099465 0.600000 0.000000
1619610298879 -0.099465 0.600000 0.000000
1619610298980 -0.099465 0.600000 0.000000
1619610299081 -0.099465 0.600000 0.000000
1619610299181 -0.099465 0.600000 0.000000
1619610299282 -0.099465 0.600000 0.000000
1619610299383 -0.099465 0.600000 0.000000
1619610299484 -0.099465 0.600000 0.000000
1619610299585 -0.099465 0.600000 0.000000
1619610299686 -0.099465 0.600000 0.000000
1619610299787 -0.099465 0.600000 0.000000
1619610299888 -0.099465 0.600000 0.000000
1619610299989 -0.099465 0.600000 0.000000
1619610300089 -0.099465 0.600000 0.000000
1619610300190 -0.099465 0.600000 0.000000
1619610300291 -0.099465 0.600000 0.000000
1619610300392 -0.099465 0.600000 0.000000
1619610300493 -0.099465 0.600000 0.000000
1619610300594 -0.099465 0.600000 0.000000
1619610300694 -0.099465 0.600000 0.000000
1619610300795 -0.099465 0.600000 0.000000
1619610300896 -0.099465 0.600000 0.000000
1619610300997 -0.099465 0.600000 0.000000
1619610301097 -0.099465 0.600000 0.000000
1619610301198 -0.099465 0.600000 0.000000
1619610301299 -0.099465 0.600000 0.000000
1619610301400 -0.099465 0.600000 0.000000
1619610301501 -0.099465 0.600000 0.000000
1619610301602 -0.099465 0.600000 0.000000
1619610301702 -0.099465 0.600000 0.000000
1619610301803 -0.099465 0.600000 0.000000
1619610301904 -0.099465 0.600000 0.000000
1619610302005 -0.099465 0.600000 0.000000
1619610302106 -0.099465 0.600000 0.000000
1619610302206 -0.099465 0.600000 0.000000
1619610302307 -0.099465 0.600000 0.000000
1619610302408 -0.099465 0.600000 0.000000
1619610302509 -0.099465 0.600000 0.000000
1619610302610 -0.099465 0.600000 0.000000
1619610302711 -0.099465 0.600000 0.000000
1619610302811 -0.099465 0.600000 0.000000
1619610302912 -0.099465 0.600000 0.000000
1619610303013 -0.099465 0.600000 0.000000
1619610303114 -0.099465 0.600000 0.000000
1619610303214 -0.099465 0.600000 0.000000
1619610303315 -0.099465 0.600000 0.000000
1619610303416 -0.099465 0.600000 0.000000
1619610303517 -0.099465 0.600000 0.000000
1619610303618 -0.099465 0.600000 0.000000
1619610303719 -0.099465 0.600000 0.000000
1619610303820 -0.099465 0.600000 0.000000
1619610303920 -0.099465 0.600000 0.000000
1619610304021 -0.099465 0.600000 0.000000
1619610304122 -0.099465 0.600000 0.000000
1619610304223 -0.099465 0.600000 0.000000
1619610304324 -0.099465 0.600000 0.000000
1619610304425 -0.099465 0.600000 0.000000
1619610304525 -0.099465 0.600000 0.000000
1619610304627 -0.099465 0.600000 0.000000
1619610304727 -0.099465 0.600000 0.000000
1619610304828 -0.099465 0.600000 0.000000
1619610304929 -0.099465 0.600000 0.000000
1619610305030 -0.099465 0.600000 0.000000
1619610305131 -0.099465 0.600000 0.000000
1619610305232 -0.099465 0.600000 0.000000
1619610305332 -0.099465 0.600000 0.000000
1619610305433 -0.099465 0.600000 0.000000
1619610305534 -0.099465 0.600000 0.000000
1619610305635 -0.099465 0.600000 0.000000
1619610305736 -0.099465 0.600000 0.000000
1619610305837 -0.099465 0.600000 0.000000
1619610305938 -0.099465 0.600000 0.000000
1619610306038 -0.099465 0.600000 0.000000
1619610306139 -0.099465 0.600000 0.000000
1619610306240 -0.099465 0.600000 0.000000
1619610306341 -0.099465 0.600000 0.000000
1619610306442 -0.099465 0.600000 0.000000
1619610306542 -0.099465 0.600000 0.000000
1619610306643 -0.099465 0.600000 0.000000
1619610306744 -0.099465 0.600000 0.000000
1619610306845 -0.099465 0.600000 0.000000
1619610306946 -0.099465 0.600000 0.000000
1619610307047 -0.099465 0.600000 0.000000
1619610307148 -0.099465 0.600000 0.000000
1619610307249 -0.099465 0.600000 0.000000
1619610307350 -0.099465 0.600000 0.000000
1619610307451 -0.099465 0.600000 0.000000
1619610307552 -0.099465 0.600000 0.000000
1619610307652 -0.099465 0.600000 0.000000
1619610307753 -0.099465 0.600000 0.000000
1619610307854 -0.099465 0.600000 0.000000
1619610307955 -0.099465 0.600000 0.000000
1619610308056 -0.099465 0.600000 0.000000
1619610308156 -0.099465 0.600000 0.000000
1619610308257 -0.099465 0.600000 0.000000
1619610308358 -0.099465 0.600000 0.000000
1619610308459 -0.099465 0.600000 0.000000
1619610308560 -0.099465 0.600000 0.000000
1619610308660 -0.099465 0.600000 0.000000
1619610308761 -0.099465 0.600000 0.000000
1619610308862 -0.099465 0.600000 0.000000
1619610308963 -0.099465 0.600000 0.000000
1619610309064 -0.099465 0.600000 0.000000
1619610309164 -0.099465 0.600000 0.000000
1619610309265 -0.099465 0.600000 0.000000
1619610309366 -0.099465 0.600000 0.000000
1619610309467 -0.099465 0.600000 0.000000
1619610309568 -0.099465 0.600000 0.000000
1619610309669 -0.099465 0.600000 0.000000
1619610309769 -0.099465 0.600000 0.000000
1619610309870 -0.099465 0.600000 0.000000
1619610309971 -0.099465 0.600000 0.000000
1619610310072 -0.099465 0.600000 0.000000
1619610310173 -0.099465 0.600000 0.000000
1619610310274 -0.099465 0.600000 0.000000
1619610310375 -0.099465 0.600000 0.000000
1619610310475 -0.099465 0.600000 0.000000
1619610310576 -0.099465 0.600000 0.000000
1619610310677 -0.099465 0.600000 0.000000
1619610310778 -0.099465 0.600000 0.000000
1619610310879 -0.099465 0.600000 0.000000
1619610310980 -0.099465 0.600000 0.000000
1619610311080 -0.099465 0.600000 0.000000
1619610311181 -0.099465 0.600000 0.000000
1619610311282 -0.099465 0.600000 0.000000
1619610311383 -0.099465 0.600000 0.000000
1619610311484 -0.099465 0.600000 0.000000
1619610311585 -0.099465 0.600000 0.000000
1619610311685 -0.099465 0.600000 0.000000
1619610311786 -0.099465 0.600000 0.000000
1619610311888 -0.099465 0.600000 0.000000
1619610311988 -0.099465 0.600000 0.000000
1619610312089 -0.099465 0.600000 0.000000
1619610312190 -0.099465 0.600000 0.000000
1619610312291 -0.099465 0.600000 0.000000
1619610312392 -0.099465 0.600000 0.000000
1619610312492 -0.099465 0.600000 0.000000
1619610312593 -0.099465 0.600000 0.000000
1619610312694 -0.099465 0.600000 0.000000
1619610312795 -0.099465 0.600000 0.000000
1619610312896 -0.099465 0.600000 0.000000
1619610312996 -0.099465 0.600000 0.000000
1619610313097 -0.099465 0.600000 0.000000
1619610313198 -0.099465 0.600000 0.000000
1619610313299 -0.099465 0.600000 0.000000
1619610313400 -0.099465 0.600000 0.000000
1619610313500 -0.099465 0.600000 0.000000
1619610313601 -0.099465 0.600000 0.000000
1619610313702 -0.099465 0.600000 0.000000
1619610313803 -0.099465 0.600000 0.000000
1619610313904 -0.099465 0.600000 0.000000
1619610314005 -0.099465 0.600000 0.000000
1619610314106 -0.099465 0.600000 0.000000
1619610314207 -0.099465 0.600000 0.000000
1619610314308 -0.099465 0.600000 0.000000
1619610314409 -0.099465 0.600000 0.000000
1619610314509 -0.099465 0.600000 0.000000
1619610314610 -0.099465 0.600000 0.000000
1619610314711 -0.099465 0.600000 0.000000
1619610314812 -0.099465 0.600000 0.000000
1619610314913 -0.099465 0.600000 0.000000
1619610315013 -0.099465 0.600000 0.000000
1619610315114 -0.099465 0.600000 0.000000
1619610315215 -0.099465 0.600000 0.000000
1619610315316 -0.099465 0.600000 0.000000
1619610315417 -0.099465 0.600000 0.000000
1619610315517 -0.099465 0.600000 0.000000
1619610315618 -0.099465 0.600000 0.000000
1619610315719 -0.099465 0.600000 0.000000
1619610315820 -0.099465 0.600000 0.000000
1619610315921 -0.099465 0.600000 0.000000
1619610316021 -0.099465 0.600000 0.000000
1619610316122 -0.099465 0.600000 0.000000
1619610316223 -0.099465 0.600000 0.000000
1619610316324 -0.099465 0.600000 0.000000
1619610316425 -0.099465 0.600000 0.000000
1619610316526 -0.099465 0.600000 0.000000
1619610316627 -0.099465 0.600000 0.000000
1619610316728 -0.099465 0.600000 0.000000
1619610316829 -0.099465 0.600000 0.000000
1619610316929 -0.099465 0.600000 0.000000
1619610317030 -0.099465 0.600000 0.000000
1619610317131 -0.099465 0.600000 0.000000
1619610317232 -0.099465 0.600000 0.000000
1619610317332 -0.099465 0.600000 0.000000
1619610317433 -0.099465 0.600000 0.000000
1619610317534 -0.099465 0.600000 0.000000
1619610317635 -0.099465 0.600000 0.000000
1619610317736 -0.099465 0.600000 0.000000
1619610317837 -0.099465 0.600000 0.000000
1619610317938 -0.099465 0.600000 0.000000
1619610318038 -0.099465 0.600000 0.000000
1619610318139 -0.099465 0.600000 0.000000
1619610318240 -0.099465 0.600000 0.000000
1619610318341 -0.099465 0.600000 0.000000
1619610318442 -0.099465 0.600000 0.000000
1619610318542 -0.099465 0.600000 0.000000
1619610318643 -0.099465 0.600000 0.000000
1619610318744 -0.099465 0.600000 0.000000
1619610318846 -0.099465 0.600000 0.000000
1619610318947 -0.099465 0.600000 0.000000
1619610319048 -0.099465 0.600000 0.000000
1619610319149 -0.099465 0.600000 0.000000
1619610319250 -0.099465 0.600000 0.000000
1619610319350 -0.099465 0.600000 0.000000
1619610319451 -0.099465 0.600000 0.000000
1619610319552 -0.099465 0.600000 0.000000
1619610319653 -0.099465 0.600000 0.000000
1619610319754 -0.099465 0.600000 0.000000
1619610319854 -0.099465 0.600000 0.000000
1619610319955 -0.099465 0.600000 0.000000
1619610320056 -0.099465 0.600000 0.000000
1619610320157 -0.099465 0.600000 0.000000
1619610320258 -0.099465 0.600000 0.000000
1619610320358 -0.099465 0.600000 0.000000
1619610320459 -0.099465 0.600000 0.000000
1619610320560 -0.099465 0.600000 0.000000
1619610320661 -0.099465 0.600000 0.000000
1619610320762 -0.099465 0.600000 0.000000
1619610320863 -0.099465 0.600000 0.000000
1619610320964 -0.099465 0.600000 0.000000
1619610321065 -0.099465 0.600000 0.000000
1619610321166 -0.099465 0.600000 0.000000
1619610321267 -0.099465 0.600000 0.000000
1619610321368 -0.099465 0.600000 0.000000
1619610321468 -0.099465 0.600000 0.000000
1619610321569 -0.099465 0.600000 0.000000
1619610321670 -0.099465 0.600000 0.000000
1619610321771 -0.099465 0.600000 0.000000
1619610321872 -0.099465 0.600000 0.000000
1619610321973 -0.099465 0.600000 0.000000
1619610322073 -0.099465 0.600000 0.000000
1619610322174 -0.099465 0.600000 0.000000
1619610322275 -0.099465 0.600000 0.000000
1619610322376 -0.099465 0.600000 0.000000
1619610322477 -0.099465 0.600000 0.000000
1619610322578 -0.099465 0.600000 0.000000
1619610322678 -0.099465 0.600000 0.000000
1619610322779 -0.099465 0.600000 0.000000
1619610322880 -0.099465 0.600000 0.000000
1619610322981 -0.099465 0.600000 0.000000
1619610323081 -0.099465 0.600000 0.000000
1619610323182 -0.099465 0.600000 0.000000
