1619610292284,7.12035,-2.48518,10.88404,0.00329,-0.03006,-0.40709
1619610292304,2.70065,4.88417,6.89051,-0.04251,0.05516,-0.39218
1619610292324,5.62158,0.8667,7.24964,0.01927,-0.03432,-0.4252
1619610292344,-8.60954,3.81635,3.1795,-0.00522,-0.03645,-0.44544
1619610292364,-1.02471,-0.35913,9.08838,-0.00203,0.0232,-0.40603
1619610292384,-3.07894,2.67192,10.54885,0.03525,-0.02579,-0.36022
1619610292404,-1.1971,0.47405,14.2838,-0.00309,0.08498,-0.44544
1619610292424,-1.30244,5.06613,6.59841,-0.05316,0.01681,-0.50723
1619610292444,-6.98149,1.22104,11.47301,-0.00842,-0.17919,-0.44757
1619610292464,-7.28795,9.78749,2.8874,0.10769,0.14251,-0.44225
1619610292484,-10.63025,5.33907,7.16345,-0.04464,-0.01514,-0.47207
1619610292504,-5.07091,0.98641,8.98783,-0.05848,-0.21008,-0.46675
1619610292524,-7.27837,3.37103,8.89206,0.05016,-0.01514,-0.56901
1619610292544,-6.48828,2.6001,13.75708,-0.01055,-0.04923,-0.58499
1619610292564,6.7708,-4.82192,8.2983,-0.15649,-0.1238,-0.45929
1619610292584,-6.42603,-0.67037,14.55195,0.0704,-0.0226,-0.5019
1619610292604,1.55623,-1.66157,14.5759,0.05016,-0.01301,-0.41561
1619610292624,5.45399,-4.93205,12.93347,-0.1011,-0.16747,-0.373
1619610292644,3.12682,0.07182,7.2257,-0.07553,0.00509,-0.32081
1619610292664,-4.75967,5.29118,11.30542,0.05336,-0.04071,-0.37833
1619610292684,2.67192,-6.24886,10.26633,0.05336,-0.0684,-0.36661
1619610292704,0.12449,-4.27125,16.54872,-0.08299,0.08392,-0.4252
1619610292724,-5.86579,0.64164,9.72045,-0.06914,-0.06201,-0.40496
1619610292744,2.00155,-5.55933,19.38824,0.14177,0.08711,-0.4284
1619610292764,3.08852,-1.68072,8.94952,-0.02972,-0.13232,-0.43692
1619610292784,3.08852,-1.68072,8.94952,-0.02972,-0.13232,-0.43692
1619610292804,0.97683,-4.3766,16.24226,-0.05848,-0.03432,-0.44864
1619610292824,-4.25689,6.91924,0.7422,0.10556,0.00615,-0.373
1619610292844,1.00077,-0.65601,12.7994,-0.08618,-0.01195,-0.39964
1619610292864,-0.19153,1.88184,12.18169,-0.0489,0.0967,-0.49338
1619610292884,-1.19231,6.22971,4.56334,0.06081,-0.04071,-0.45396
1619610292904,6.19619,-2.99754,13.44583,-0.01907,-0.04603,-0.38579
1619610292924,1.4844,-0.88585,15.77778,-0.00948,0.00189,-0.41988
1619610292944,-2.67671,6.56968,2.28885,-0.03185,-0.08332,-0.33465
1619610292964,-0.85233,6.63193,5.90889,-0.03718,-0.04603,-0.35276
1619610292984,2.99754,-0.51714,11.1474,0.0214,0.07113,-0.4806
1619610293004,5.02303,2.0207,12.09071,0.08638,-0.07267,-0.42201
1619610293024,-0.71347,2.35589,9.50019,-0.10855,0.08818,-0.36874
1619610293044,-1.10133,0.18195,9.13627,0.04164,0.04983,-0.42627
1619610293064,2.0207,-1.00077,-3.44765,-0.00842,-0.0503,-0.43798
1619610293084,-1.64242,1.21146,11.96143,0.07999,0.17447,-0.44438
1619610293104,3.6727,-0.8236,9.43794,-0.12879,-0.06734,-0.47314
1619610293124,3.70143,3.57693,6.11479,0.02033,0.05196,-0.45822
1619610293144,-5.66946,5.88015,4.31435,0.07892,0.02107,-0.50616
1619610293164,-0.92416,1.30723,5.79396,-0.018,-0.09823,-0.49977
1619610293184,-10.29027,10.92234,2.62883,0.07786,0.10309,-0.51468
1619610293204,-11.23359,7.89128,2.50433,-0.02227,-0.00023,-0.48699
1619610293224,-2.56658,3.07415,12.74194,-0.08405,-0.11954,-0.4039
1619610293244,-5.14274,2.71981,5.5306,0.03525,0.09777,-0.46888
1619610293264,-2.13562,1.24019,15.524,-0.04357,-0.05136,-0.40283
1619610293284,-2.7246,1.58975,5.58327,0.02033,-0.00023,-0.33039
1619610293304,9.02135,-5.11401,13.70441,-0.02014,-0.09823,-0.4007
1619610293324,-7.18739,7.86734,12.61744,-0.07872,-0.03964,-0.42201
1619610293344,-3.67749,-1.35032,8.08761,-0.04464,0.02,-0.40709
1619610293364,2.29364,-6.82347,10.0317,0.05442,0.0232,-0.31441
1619610293384,5.27203,5.67904,7.40766,-0.0457,0.02426,-0.30909
1619610293404,3.74453,-1.01514,4.14675,-0.03398,-0.01408,-0.34531
1619610293424,-7.76679,2.35589,4.51067,0.05868,-0.00236,-0.33892
1619610293444,0.90979,-0.52193,8.88727,-0.00842,0.09351,-0.31761
1619610293464,-12.48336,-4.30956,8.59518,0.04164,0.04237,-0.24943
1619610293484,2.12126,-7.24485,7.19697,-0.05742,-0.11847,-0.275
1619610293504,-3.61045,-4.84586,11.20007,-0.04464,0.07433,-0.33998
1619610293524,1.73819,-0.57939,13.91988,0.05229,0.05729,-0.41455
1619610293544,1.59932,1.76213,15.25106,9e-05,-0.1206,-0.34531
1619610293564,3.72058,-1.84353,12.07156,-0.01694,-0.16534,-0.4252
1619610293584,2.34152,-0.63685,15.37077,-0.03398,0.04024,-0.36022
1619610293604,-9.26556,1.20667,14.16409,0.03099,-0.08119,-0.35596
1619610293624,4.03662,-3.28963,15.90228,-0.03398,-0.14297,-0.45609
1619610293644,0.05746,0.01436,5.02303,0.06295,0.14038,-0.55942
1619610293664,0.65601,-4.90811,16.46253,-0.06914,-0.23885,-0.43159
1619610293684,-0.85233,1.45088,15.84482,0.0981,0.19897,-0.49551
1619610293704,0.67995,-3.78283,13.52724,-0.0734,-0.08651,-0.48592
1619610293724,-2.07337,-4.15633,14.00129,0.0246,0.05622,-0.39111
1619610293744,2.66235,2.46602,11.36766,-0.07127,-0.0194,-0.44438
1619610293764,-2.86346,-0.34955,14.03481,-0.06488,0.00402,-0.34318
1619610293784,-4.24252,-2.94965,13.73792,0.08638,0.18831,-0.27926
1619610293804,7.04374,-4.47715,6.8953,-0.07127,0.00296,-0.33892
1619610293824,7.04374,-4.47715,6.8953,-0.07127,0.00296,-0.33892
1619610293844,7.04374,-4.47715,6.8953,-0.07127,0.00296,-0.33892
1619610293864,1.79565,-1.83874,15.49048,0.05442,-0.05136,-0.28352
1619610293884,-11.76031,2.90177,7.86255,0.0491,-0.03751,-0.31122
1619610293904,-3.22738,-5.68383,16.11776,-0.10216,-0.07693,-0.33146
1619610293924,4.17069,-4.06056,3.98395,0.09171,-0.01727,-0.36555
1619610293945,-2.23139,3.90254,5.07091,0.00329,-0.05562,-0.4252
1619610293964,3.9217,-2.806,11.63582,-0.06488,0.04983,-0.55729
1619610293984,5.13795,1.70946,2.36547,0.06188,-0.08012,-0.44118
1619610294004,-2.32237,4.56334,10.80742,-0.02227,-0.02686,-0.46249
1619610294024,-3.96958,3.19865,9.98382,0.00649,0.05729,-0.49444
1619610294045,10.14183,-0.88585,10.16578,0.03205,-0.15576,-0.53599
1619610294064,-1.02471,1.79565,8.14507,0.06614,0.03811,-0.54877
1619610294084,-4.39096,8.41322,4.76925,0.11408,-0.00875,-0.52214
1619610294104,6.58405,0.80924,7.04374,0.02886,-0.01408,-0.44331
1619610294124,4.46279,3.6296,-1.13485,0.04271,0.06687,-0.50829
1619610294144,-8.42758,7.76679,7.81467,-0.19377,-0.07373,-0.42733
1619610294164,-7.28795,-1.67115,9.7013,0.00862,0.06368,-0.34318
1619610294184,5.50666,2.55221,4.06056,-0.01587,0.00828,-0.26328
1619610294204,-5.0374,3.23696,10.91277,-0.06488,0.03279,-0.27606
1619610294224,5.83227,4.86501,-0.43095,-0.00522,-0.02792,-0.26541
1619610294244,7.82903,2.32237,9.60553,0.02779,0.04237,-0.26967
1619610294264,-2.27928,4.2521,11.69328,0.02992,-0.10143,-0.28565
1619610294284,-5.00867,2.67671,11.49695,-0.01161,0.11375,-0.28991
1619610294304,4.30477,0.43095,9.95987,-0.01694,-0.03964,-0.31548
1619610294324,0.96725,0.93373,6.24886,0.05442,0.04131,-0.35702
1619610294345,3.30878,-3.39497,10.4435,0.08532,0.02959,-0.39964
1619610294364,4.07971,-1.4844,9.46188,-0.01268,0.09137,-0.40603
1619610294384,8.47068,-11.35809,11.25753,0.02566,-0.08119,-0.42627
1619610294404,-3.3854,3.04542,10.03649,-0.03718,0.09244,-0.4252
1619610294424,-10.05085,-0.01915,14.03002,-0.00948,0.07859,-0.47314
1619610294446,7.04374,2.9305,12.41154,0.0981,-0.07054,-0.4742
1619610294464,-2.04464,0.33518,9.85932,-0.02014,-0.08332,-0.48379
1619610294484,-5.28639,1.6903,8.19295,-0.01694,-0.13126,-0.43266
1619610294504,-0.90021,-0.05746,13.65652,0.00862,0.12972,-0.42733
1619610294524,6.03338,6.00465,6.2728,0.02033,-0.15682,-0.46781
1619610294544,0.19153,2.82994,9.00698,-0.00842,0.05196,-0.31228
1619610294564,6.94797,-3.97437,7.83861,0.04803,-0.07906,-0.26648
1619610294584,-0.6991,-10.80742,12.88559,-0.02653,-0.03325,-0.35063
1619610294604,-3.06936,-1.98239,10.22324,-0.01374,-0.01408,-0.373
1619610294624,2.5187,-8.29351,14.29817,-0.00203,-0.05456,-0.40603
1619610294644,1.05344,3.03105,12.10987,-0.03824,-0.03325,-0.41455
1619610294664,-9.20809,0.38307,19.6127,-0.05209,-0.0194,-0.39111
1619610294684,-2.34152,-4.97993,16.4338,0.01501,0.0445,-0.40177
1619610294704,3.35667,1.68072,5.55933,-0.02866,-0.00875,-0.35702
1619610294724,-0.62249,-2.40377,12.10987,0.04164,0.06581,-0.33572
1619610294745,0.99598,3.81635,7.61356,0.06827,0.0445,-0.42094
1619610294764,-10.4052,7.45075,9.43794,0.0949,0.05835,-0.48699
1619610294784,3.55299,-3.43328,6.50744,-0.01907,-0.0439,-0.47633
1619610294804,11.31978,-3.96958,6.43082,-0.04783,-0.00555,-0.43159
1619610294824,2.97838,-5.64552,16.67322,-0.04996,0.01894,-0.4284
1619610294844,5.21457,-6.77559,13.18247,-0.01694,-0.03006,-0.35276
1619610294864,8.4611,-0.44532,2.03028,-0.0489,0.03492,-0.3794
1619610294884,6.50265,-4.23773,5.20499,0.02779,-0.09184,-0.3517
1619610294904,-5.25766,5.81312,8.53293,0.09916,-0.00662,-0.31122
1619610294924,12.00931,-9.77313,9.00698,-0.03185,-0.0226,-0.4039
1619610294944,-6.74207,10.16578,5.9424,-0.00309,-0.02366,-0.44757
1619610294964,1.35032,2.87783,7.50821,0.13112,0.19577,-0.34105
1619610294984,4.2521,2.41335,14.4897,-0.05422,-0.13445,-0.39537
1619610295004,6.32548,-6.16746,4.67827,-0.02333,0.13292,-0.35596
1619610295024,1.72861,2.49475,0.92416,0.10875,-0.1483,-0.38153
1619610295044,2.78685,0.49799,13.23035,-0.07766,0.10203,-0.42733
1619610295064,-1.41736,3.74931,3.81635,-0.10216,0.13399,-0.43692
1619610295084,-0.33039,11.78426,8.06845,0.11621,-0.04497,-0.43692
1619610295104,-2.97838,3.7972,5.30076,0.01714,-0.0503,-0.4742
1619610295124,-1.59453,-0.39264,16.12255,-0.08831,0.00828,-0.53812
1619610295144,2.30801,4.98951,6.40209,-0.09044,-0.03432,-0.43159
1619610295164,-1.53228,10.60631,7.59919,0.00116,0.19364,-0.49657
1619610295184,-16.29493,6.26802,11.59272,0.0246,-0.17919,-0.41561
1619610295204,-2.6815,6.23929,8.72925,0.06827,-0.03112,-0.42201
1619610295224,3.44765,5.2433,2.18351,0.0491,-0.06095,-0.53599
1619610295244,1.96803,1.12048,19.14882,0.10129,0.06687,-0.50297
1619610295264,-5.25766,1.70467,5.26245,-0.00522,0.00509,-0.49231
1619610295284,-2.53306,-1.0726,10.67335,-0.03718,0.04663,-0.44012
1619610295304,-8.03015,-1.13964,8.65264,-0.13944,-0.18239,-0.41668
1619610295324,-4.63038,-5.02782,6.10521,0.0182,0.07327,-0.41135
1619610295344,-7.5561,7.90565,15.91665,-0.02333,0.06048,-0.45183
1619610295364,-4.06056,0.63685,9.62947,0.05655,-0.05775,-0.32826
1619610295384,4.47715,-3.96958,13.44104,0.01181,0.02959,-0.42627
1619610295404,-4.89853,2.27928,15.63892,-0.06914,0.04237,-0.40709
1619610295424,7.40766,-1.02471,9.21288,0.05123,-0.00449,-0.38792
1619610295444,-0.65122,-4.209,9.94072,0.01501,0.0722,-0.4039
1619610295464,4.34787,-2.33674,11.9327,-0.04144,-0.05456,-0.36874
1619610295484,4.14675,3.16513,8.41801,0.05229,-0.00129,-0.46781
1619610295504,-2.29364,0.39743,13.26387,-0.03079,-0.08012,-0.47846
1619610295524,-0.33039,-2.75812,18.69871,-0.06914,-0.0716,-0.47633
1619610295544,-0.67516,-3.27047,18.17677,0.02886,0.04557,-0.39111
1619610295564,2.63362,-6.27759,15.77778,0.06188,-0.05136,-0.33465
1619610295584,8.59518,-10.97023,17.1329,9e-05,-0.04177,-0.34105
1619610295604,-9.10754,2.35589,13.80975,0.05655,0.0754,-0.33785
1619610295624,-10.51533,-2.94965,19.6127,-0.06488,0.00722,-0.35276
1619610295644,-13.29739,5.27203,11.51611,0.02353,0.00402,-0.33678
1619610295664,6.99106,-2.98317,6.55532,0.06401,-0.02047,-0.37513
1619610295684,1.50834,0.65122,12.00452,0.03418,-0.09291,-0.39644
1619610295704,12.0572,-4.0031,14.59984,-0.0979,0.0232,-0.41348
1619610295724,-3.95043,2.7629,7.17302,0.08105,0.02533,-0.39218
1619610295744,4.48194,-0.95768,16.85039,-0.04783,0.03065,-0.40709
1619610295764,1.21146,2.66235,16.93658,-0.08086,0.10735,-0.41988
1619610295784,-0.66079,9.33738,8.77235,0.06721,-0.08651,-0.45077
1619610295804,1.09175,4.88417,2.32237,0.11834,0.1979,-0.48486
1619610295824,1.15879,0.905,12.41154,-0.03398,-0.03432,-0.46781
1619610295844,-0.33039,0.50757,9.20809,0.03738,-0.13019,-0.40922
1619610295864,7.513,0.09097,8.49462,-0.018,-0.00129,-0.43053
1619610295884,1.8148,-2.58573,9.95509,-0.03931,0.03385,-0.41455
1619610295904,-4.68784,2.00634,2.47081,-0.00629,0.01361,-0.39431
1619610295924,-2.00155,4.56334,6.17225,0.0214,0.01041,-0.46462
1619610295944,1.55144,2.99275,13.74271,-0.00842,0.03598,-0.45396
1619610295964,-3.8786,1.92972,4.46279,-0.03505,0.05089,-0.37513
1619610295984,-0.07182,8.82023,2.97838,0.05868,0.05835,-0.39431
1619610296004,-3.96958,2.55221,10.34295,-0.03292,-0.11528,-0.38366
1619610296024,-2.71502,7.58004,1.03429,0.03951,-0.07054,-0.39431
1619610296044,-0.5746,7.50821,4.99909,0.00223,0.02959,-0.37833
1619610296064,5.9855,-3.73016,3.55299,0.01181,0.24158,-0.46994
1619610296084,-9.97903,5.49708,13.45541,0.05016,0.05942,-0.40603
1619610296104,-1.01992,8.34139,4.63517,-0.06701,-0.08971,-0.39218
1619610296124,-0.08619,-0.06703,4.93684,-0.06914,0.05196,-0.41242
1619610296144,-7.19697,1.8148,14.82489,0.02033,0.00615,-0.3762
1619610296144,-5.65031,7.69496,8.20732,0.00436,-0.00982,-0.3794
1619610296184,2.93529,5.30555,9.31823,-0.00842,-0.10675,-0.37513
1619610296204,-8.32224,5.58806,16.95094,0.06508,0.05729,-0.38792
1619610296224,2.75333,0.62249,6.30153,0.03418,-0.00662,-0.43266
1619610296244,5.13316,-3.33272,7.32625,-0.03185,0.16488,-0.46994
1619610296266,0.92416,3.49553,4.2521,0.05868,-0.04497,-0.42946
1619610296284,-1.96324,4.22816,14.82968,-0.08086,0.01468,-0.43585
1619610296304,-5.78918,-0.79008,9.93114,-0.24917,-0.05669,-0.4497
1619610296324,-13.50808,1.98718,5.59764,0.14071,0.07966,-0.40283
1619610296344,-2.50433,-2.96881,3.74453,0.04697,-0.18026,-0.50936
1619610296364,2.0207,2.49475,3.46201,0.06827,-0.06414,-0.42946
1619610296384,-5.54975,2.60967,10.22324,-0.09257,0.03172,-0.52108
1619610296404,-2.27928,4.87459,7.27358,0.00223,0.13612,-0.45716
1619610296424,-11.11388,4.83149,15.88313,-0.03185,-0.13232,-0.46462
1619610296444,-2.14999,-1.61848,8.84896,0.02353,-0.00023,-0.39111
1619610296464,0.07661,-2.86825,13.10107,0.02353,0.05089,-0.49444
1619610296484,-6.51222,-4.88417,10.85531,-0.00735,-0.03645,-0.46675
1619610296504,3.12203,-5.55454,12.35408,-0.01907,0.0445,-0.44118
1619610296524,3.90254,-0.98641,14.93024,0.05123,-0.01195,-0.35063
1619610296544,-6.12915,-4.57292,15.24148,0.03738,0.03811,-0.3762
1619610296564,-1.78128,4.84586,9.83538,-0.06062,0.07859,-0.34424
1619610296584,-3.37103,-2.557,7.06768,-0.00416,-0.02792,-0.3517
1619610296604,-3.77805,3.96958,13.69483,0.01075,-0.04816,-0.48486
1619610296624,5.35822,-0.68953,11.17134,0.0736,0.00828,-0.51149
1619610296644,5.71256,-3.53384,16.84081,0.0214,0.09457,-0.4774
1619610296664,3.99352,0.89064,19.6127,-0.01587,-0.03645,-0.47633
1619610296684,0.69431,-1.27371,19.33078,0.06508,-0.17067,-0.39537
1619610296704,10.4435,-5.2433,11.58793,0.02033,0.17127,-0.3794
1619610296724,-0.68474,0.7805,15.43781,-0.12453,-0.10995,-0.37194
1619610296744,4.36223,2.80121,6.37336,0.09277,-0.01195,-0.35702
1619610296765,2.61925,0.70389,11.74595,0.0214,0.02,-0.48379
1619610296784,4.51067,3.98395,11.45864,-0.0947,-0.11421,-0.4284
1619610296804,5.53539,1.67115,5.89931,0.0214,-0.01834,-0.45609
1619610296824,1.6089,-9.78749,8.06845,0.02673,-0.17387,-0.44118
1619610296844,-2.22181,-1.76692,10.55843,-0.1256,0.08285,-0.45077
1619610296864,-3.90733,3.91691,3.30399,0.11621,0.07113,-0.4039
1619610296884,9.46667,-2.71981,10.06043,-0.018,-0.04603,-0.3517
1619610296904,-1.62326,-6.16267,5.68383,-0.08299,0.00722,-0.41774
1619610296924,1.32638,-4.25689,0.30645,0.16841,0.03492,-0.46249
1619610296944,-15.47133,5.87058,17.23346,-0.12879,0.03811,-0.43692
1619610296965,5.78918,6.03338,3.83072,-0.07766,-0.06414,-0.42307
1619610296984,-0.8667,1.57538,2.82036,0.03631,0.11268,-0.49444
1619610297004,3.67749,4.43885,7.513,-0.01907,-0.11102,-0.42627
1619610297024,4.71178,-2.87304,2.73417,0.02566,0.18405,-0.48486
1619610297044,4.32392,5.56891,7.05331,-0.02014,-0.08012,-0.46036
1619610297064,3.49553,-0.93852,10.35731,9e-05,0.07646,-0.37833
1619610297084,7.4699,3.45722,-3.7158,-0.02653,-0.07586,-0.41988
1619610297104,4.48194,-1.94409,11.21444,0.03525,0.0999,-0.37407
1619610297124,-13.83369,2.03507,12.22,-0.05103,0.15423,-0.43159
1619610297144,-0.75656,6.63672,15.18402,-0.0457,-0.09397,-0.43692
1619610297164,1.17794,1.62805,1.15879,0.07679,0.01894,-0.41561
1619610297184,6.75643,4.14196,1.24977,-0.0244,0.05942,-0.44225
1619610297204,-5.88973,2.58573,13.86721,-0.02227,-0.03751,-0.44864
1619610297224,0.79008,4.21379,6.73728,0.01501,-0.00129,-0.46675
1619610297244,-3.76368,7.39329,8.28872,-0.02227,0.00509,-0.46781
1619610297264,-11.44907,0.22984,6.95276,-0.09683,0.02213,-0.48166
1619610297284,-2.76769,-4.42448,6.00465,-0.00522,0.00083,-0.44438
1619610297304,-2.45645,1.4844,8.70052,0.10662,0.09351,-0.5541
1619610297324,2.83473,-1.75734,11.09951,0.08745,0.00083,-0.54877
1619610297344,-7.70932,7.46033,13.07234,-0.10216,-0.01088,-0.51149
1619610297364,-5.93283,-2.12605,11.78426,-0.12879,-0.08758,-0.50084
1619610297384,-2.64319,-0.72304,10.85052,0.04057,0.01468,-0.53599
1619610297404,0.01915,-0.47884,15.64371,-0.00309,0.03705,-0.49018
1619610297424,4.91769,-5.75087,3.73495,-0.04038,0.00083,-0.42414
1619610297444,-4.85544,-1.17315,18.49281,0.01288,-0.05136,-0.41455
1619610297464,4.57292,-4.83628,19.13924,0.02247,0.00189,-0.38472
1619610297484,4.07014,-6.45955,13.14895,-0.01268,0.00615,-0.38259
1619610297504,-3.91691,11.56399,4.41969,0.02779,0.0477,-0.36342
1619610297524,-8.63828,-2.09732,12.5935,-0.11175,0.00083,-0.33039
1619610297544,-1.17315,-5.99029,16.52478,-0.09364,0.04024,-0.35276
1619610297564,3.80678,-7.94874,6.96712,0.08851,0.00722,-0.35596
1619610297584,-1.1109,1.81001,6.64151,0.04271,0.07966,-0.3794
1619610297604,2.87783,6.88093,15.12177,-0.02333,-0.00982,-0.39111
1619610297624,3.31836,2.11647,4.05098,-0.01268,0.00722,-0.47846
1619610297644,8.96389,-7.03895,14.03959,0.0949,-0.02366,-0.41774
1619610297664,7.90086,-2.61925,10.44829,-0.07446,0.01894,-0.38046
1619610297684,4.84107,2.39899,-0.88585,0.02992,0.00509,-0.36555
1619610297704,-9.64863,1.91057,10.45787,-0.04144,0.03705,-0.33359
1619610297724,1.7717,-0.30645,14.66209,0.05016,-0.07799,-0.36874
1619610297744,1.35511,-5.18105,17.41542,0.00329,-0.0748,-0.38366
1619610297764,-5.64552,0.92416,10.50575,0.08425,-0.23672,-0.41881
1619610297784,1.23061,2.69587,11.92312,-0.17992,0.12653,-0.36981
1619610297804,4.10845,3.12203,0.54587,0.08212,-0.10569,-0.34424
1619610297824,3.85466,-1.26413,11.84651,0.0981,-0.05243,-0.32187
1619610297844,3.56736,-1.47961,10.38604,-0.11281,-0.0684,-0.35276
1619610297864,3.31357,0.13886,14.70518,0.04164,0.04983,-0.41029
1619610297884,6.21055,4.06535,10.62067,0.0459,-0.08864,-0.39857
1619610297904,1.69988,-3.59609,2.98317,-0.02866,-0.02366,-0.45396
1619610297924,5.77002,3.63918,-0.02873,0.08319,0.04557,-0.52534
1619610297944,-3.40455,1.18273,3.05021,0.01607,0.03918,-0.51575
1619610297964,-11.23838,2.94007,10.29985,-0.0457,-0.03538,-0.5264
1619610297984,1.403,7.70932,2.36068,-0.09683,-0.03538,-0.48166
1619610298004,0.2442,-1.5658,5.3678,0.0491,0.13931,-0.42094
1619610298024,-3.10767,-1.10612,16.74025,-0.00522,0.05729,-0.51255
1619610298044,-2.04943,4.03662,5.99986,0.03844,-0.08545,-0.3794
1619610298064,-1.04866,-0.80445,2.74854,-0.13092,-0.05562,-0.41988
1619610298084,2.79642,-1.72861,11.23838,0.02779,0.05089,-0.4529
1619610298104,-5.612,1.154,18.02834,-0.0244,-0.02792,-0.36661
1619610298124,5.62158,-0.22505,13.21599,9e-05,-0.06627,-0.35916
1619610298144,1.75255,-2.54743,4.02704,0.0182,-0.01834,-0.36129
1619610298164,-5.75087,11.98058,4.54419,0.00223,-0.06095,-0.27287
1619610298184,5.50666,3.14119,14.72912,-0.06488,0.04983,-0.2995
1619610298204,-11.7651,4.68784,5.67425,0.0246,0.01255,-0.25902
1619610298224,0.4501,1.51792,14.00608,0.0981,-0.0748,-0.27926
1619610298244,-1.11569,-0.63206,12.68448,-0.02227,0.01361,-0.31974
1619610298264,-0.7422,-1.68072,8.52814,-0.0212,0.06261,-0.42201
1619610298284,5.13316,-0.04788,7.14908,-0.02972,0.10309,-0.45503
1619610298304,-1.13485,-1.6089,4.6639,-0.00522,-0.0226,-0.47633
1619610298324,-1.8148,3.96958,11.56878,-0.04144,0.00083,-0.45716
1619610298344,-6.27759,6.30632,8.90643,-0.00842,0.02533,-0.42946
1619610298364,-8.71968,2.03507,5.51145,0.00968,0.00189,-0.40283
1619610298384,5.83706,-2.5187,0.71826,-0.01161,-0.08332,-0.43159
1619610298404,-5.92325,2.11647,14.61899,0.05442,0.06368,-0.43479
1619610298424,-12.99572,-1.99197,12.20085,-0.03398,-0.02153,-0.44438
1619610298444,-8.59039,8.45153,12.55998,-0.03824,0.01468,-0.46036
1619610298464,-1.92014,-2.84431,16.87912,0.06721,-0.00236,-0.47207
1619610298484,10.319,-6.84741,19.6127,0.09171,0.03598,-0.46036
1619610298504,2.05901,5.92325,15.05952,-0.05742,0.02213,-0.35916
1619610298524,7.30231,-8.90164,13.02445,-0.01587,-0.06308,-0.39218
1619610298544,-0.4932,1.65199,18.83757,-0.0244,0.07966,-0.38898
1619610298564,-3.91691,-3.30399,12.66053,-0.04038,-0.02899,-0.39857
1619610298564,-0.91937,9.70609,7.80988,0.02566,-0.06201,-0.39644
1619610298604,-5.06613,7.11077,10.87446,0.01927,0.13505,-0.36342
1619610298624,1.70946,-3.12203,13.80975,-0.04357,-0.0684,-0.46036
1619610298644,7.45075,-2.50912,11.42034,-0.00629,-0.05775,-0.44012
1619610298664,0.98641,-5.9041,15.38035,-0.04464,0.05729,-0.46568
1619610298686,-0.64164,-5.72693,12.90474,0.01181,-0.02047,-0.39644
1619610298704,2.52348,-5.09486,8.52814,-0.01161,-0.05243,-0.36768
1619610298724,1.58975,1.68551,-0.23463,-0.09257,0.02,-0.40177
1619610298744,-6.70376,-1.2785,13.0053,-0.03292,-0.03325,-0.37726
1619610298764,-3.52426,2.20745,14.70039,0.10556,-0.20263,-0.32933
1619610298784,0.33997,1.05823,9.64384,-0.04251,0.03918,-0.22067
1619610298804,9.72045,-1.05344,8.2552,0.0246,-0.14404,-0.35809
1619610298824,-4.29519,2.557,8.2169,0.08425,0.00722,-0.36129
1619610298844,9.49061,-2.55221,7.85777,-0.05848,0.05196,-0.25582
1619610298864,6.18661,11.03727,1.8962,0.03205,-0.05243,-0.2963
1619610298884,-2.69587,3.36624,3.82114,-0.00842,0.07966,-0.23345
1619610298904,5.60243,4.36702,16.38591,0.04803,-0.00662,-0.24517
1619610298924,10.16578,-1.20667,10.18493,0.03951,0.0232,-0.26967
1619610298944,-6.56968,2.33195,7.3071,0.06827,-0.01408,-0.30483
1619610298964,8.9591,-0.88585,9.13627,-0.00096,0.01255,-0.24517
1619610298985,-5.5737,0.26336,12.22479,0.01714,0.07007,-0.36448
1619610299004,2.23139,-0.68474,-0.37828,-0.00309,-0.20795,-0.53173
1619610299024,-9.01656,1.50355,14.37957,0.19291,0.03811,-0.58499
1619610299044,-2.28885,7.12514,0.56982,-0.0212,-0.00768,-0.62228
1619610299064,1.50355,5.02782,6.52659,-0.15436,-0.08119,-0.51894
1619610299085,-7.2257,-2.83473,11.86566,0.14923,0.38965,-0.71602
1619610299104,-8.76277,8.60954,3.03584,0.0736,-0.26441,-0.54558
1619610299124,3.49074,-12.28225,5.9041,-0.18738,-0.37094,-0.64252
1619610299144,-5.13795,10.97023,3.95522,0.17799,-0.01621,-0.68726
1619610299164,-3.68228,1.76692,2.52827,0.11195,0.00083,-0.76182
1619610299184,-7.23527,4.5394,8.49462,-0.07233,-0.02473,-0.65104
1619610299204,-13.98692,8.01099,3.0933,-0.03718,-0.09397,-0.60736
1619610299224,-4.0031,3.00711,13.71398,0.09597,-0.03006,-0.62121
1619610299244,-6.47871,4.00789,7.17302,0.0246,-0.00982,-0.61588
1619610299264,-1.36469,-1.37906,7.95832,-0.32374,0.05729,-0.52747
1619610299286,-3.27526,-5.49229,19.44091,0.04803,-0.1728,-0.44331
1619610299304,8.57124,-10.9798,8.60954,-0.17992,-0.12699,-0.32081
1619610299324,-4.79798,-4.89374,5.6551,-0.16714,-0.18132,-0.27926
1619610299344,-0.9481,3.19865,9.36132,0.02247,0.14357,-0.34744
1619610299364,-2.4756,-5.2002,7.80509,0.02673,-0.12486,-0.226
1619610299385,-1.40779,3.49074,5.55454,-0.05848,0.06261,-0.31548
1619610299404,-0.07182,-6.42603,4.69263,-0.018,0.04876,-0.27606
1619610299424,-1.47961,-7.59919,19.6127,-0.00842,-0.07693,-0.25263
1619610299444,9.53371,-2.45645,15.41865,-0.03398,-0.02047,-0.28991
1619610299464,-1.80043,-4.69742,17.79849,-0.02546,0.05729,-0.32294
1619610299484,-9.07881,-1.41736,12.1386,0.10449,0.03918,-0.30163
1619610299504,3.73016,-8.10676,13.01966,-0.01268,0.01468,-0.24304
1619610299524,0.60333,-6.99106,-2.2697,-0.01907,-0.01834,-0.28352
1619610299544,5.18105,-4.04141,19.6127,-0.00522,0.00615,-0.373
1619610299564,2.5187,-12.72757,13.10107,-0.03718,-0.03538,-0.40922
1619610299584,4.97993,-1.54665,8.71489,0.14817,0.04663,-0.39644
1619610299604,-6.66066,3.15555,12.35408,0.03738,0.00402,-0.38366
1619610299624,3.15076,-6.6463,14.55195,-0.03824,-0.00555,-0.43798
1619610299644,-6.58405,10.67814,2.62404,0.06081,0.02,-0.39005
1619610299664,2.49475,0.75177,7.53215,0.01288,0.02,-0.35489
1619610299684,1.95366,-10.16099,16.79771,-0.01694,-0.03006,-0.36022
1619610299704,-1.57538,2.11647,1.04866,0.02673,0.06581,-0.46036
1619610299724,-7.66144,5.22893,10.47223,0.05975,0.00509,-0.35702
1619610299744,2.30322,-4.48194,8.73404,0.02779,-0.01834,-0.41242
1619610299764,-3.48595,1.85311,3.84508,-0.0702,-0.01408,-0.41668
1619610299784,-6.63672,4.14675,1.26413,0.01394,0.04663,-0.45822
1619610299804,7.58004,2.53306,15.83525,0.07253,-0.08332,-0.36235
1619610299824,0.67037,3.57693,9.93114,0.00436,0.02533,-0.35276
1619610299844,4.81713,-1.67115,13.98692,0.01927,-0.0503,-0.35809
1619610299864,-4.68784,3.72537,6.34463,0.04697,0.04344,-0.3517
1619610299884,4.60644,-1.46525,-1.10612,-0.03185,-0.06201,-0.34211
1619610299904,2.31279,14.92545,5.79396,0.00223,0.13825,-0.31761
1619610299924,3.82593,-4.40533,5.0757,0.01607,-0.01301,-0.38366
1619610299944,-2.45645,5.38216,10.6111,0.02779,-0.03325,-0.42946
1619610299964,5.22893,-0.1628,8.6287,-0.0212,0.02746,-0.42094
1619610299984,-1.71903,-0.4501,10.52969,-0.01161,-0.01834,-0.40709
1619610300004,0.87148,2.09253,0.53151,0.00329,0.04131,-0.38579
1619610300024,4.67348,-6.9336,8.32224,0.03205,0.05089,-0.38898
1619610300044,4.08929,4.07014,4.56334,-0.0734,0.02852,-0.32933
1619610300064,0.47405,-4.90811,8.07324,0.10556,0.04663,-0.34531
1619610300084,9.96466,-2.95444,7.22091,0.04164,-0.03006,-0.33678
1619610300104,-2.86825,2.92571,8.25999,-0.0979,-0.1451,-0.34531
1619610300124,5.54497,2.63362,12.40675,0.03418,0.00722,-0.34637
1619610300144,-6.7708,-0.42616,10.82179,0.11834,-0.09823,-0.40177
1619610300164,-0.89064,4.80755,0.1628,-0.02333,-0.1206,-0.37407
1619610300184,-5.20499,1.29765,7.35498,-0.08086,0.04237,-0.35702
1619610300204,12.16254,-0.80445,12.39717,0.07999,-0.11315,-0.38792
1619610300224,-0.19153,-3.53384,5.48751,0.0459,0.10096,-0.26328
1619610300244,-2.98796,6.20098,7.06289,-0.07553,-0.16108,-0.3485
1619610300264,4.60165,-9.35175,8.59997,0.02353,-0.02366,-0.37513
1619610300284,-2.06859,5.93762,11.50653,0.11621,-0.22926,-0.38153
1619610300304,-2.09732,5.63595,12.27267,0.06614,-0.01195,-0.39537
1619610300324,-1.45088,-3.57693,10.49139,-0.04038,-0.0961,-0.4007
1619610300344,4.34308,0.65601,9.23683,-0.00629,0.09244,-0.45077
1619610300364,0.22505,-1.50355,8.20253,-0.08405,-0.05136,-0.37833
1619610300384,-1.77649,1.16837,7.61834,0.12473,0.02533,-0.36874
1619610300404,-3.08373,4.07493,8.69574,0.02673,-0.01621,-0.39431
1619610300424,1.35511,0.04309,13.41231,0.05868,0.13505,-0.40496
1619610300444,-3.66312,-0.76135,14.88235,-0.07766,-0.03751,-0.40816
1619610300464,-5.72214,5.09007,12.02846,0.05975,-0.00342,-0.37407
1619610300484,-2.30801,5.63116,10.72123,-0.05742,0.02533,-0.36768
1619610300504,-6.91924,-2.64319,8.75799,-0.01268,0.02426,-0.42307
1619610300524,1.6903,-2.60967,2.36068,-0.02014,0.01041,-0.44438
1619610300544,1.24977,-4.16591,14.57111,0.0182,0.10948,-0.41988
1619610300564,-1.63763,1.59453,5.78439,0.11514,0.06368,-0.43905
1619610300584,1.95366,2.26012,8.46589,-0.02333,-0.05669,-0.4252
1619610300604,0.35913,-0.55066,13.98213,-0.01055,-0.04071,-0.43585
1619610300624,-0.61291,0.80924,9.65342,0.04484,0.069,-0.44225
1619610300644,3.04063,-3.48116,6.21534,0.00116,-0.06414,-0.38579
1619610300664,0.23942,3.61045,3.79241,0.00223,-0.0226,-0.43692
1619610300684,0.79966,3.3854,6.13873,0.00968,-0.00342,-0.42307
1619610300704,7.41723,-0.73741,8.56645,-0.0489,0.0445,-0.38579
1619610300724,-6.96233,9.39484,6.84741,-0.04144,-0.10569,-0.40816
1619610300744,0.67516,-2.20266,7.58004,0.08212,0.05622,-0.35916
1619610300764,0.06703,5.47793,4.209,-0.06168,-0.01408,-0.32826
1619610300784,2.85867,8.14028,8.10197,-0.03505,-0.06308,-0.33252
1619610300804,-7.31189,0.4118,13.90073,0.09064,0.00828,-0.27074
1619610300824,5.71735,1.32638,7.90565,-0.03611,-0.01195,-0.36768
1619610300844,8.94952,0.07661,0.29688,0.01501,0.03492,-0.33359
1619610300864,1.92972,-0.29209,9.54328,0.12047,-0.00023,-0.33039
1619610300884,7.4316,1.36948,4.85544,-0.12027,0.05622,-0.40603
1619610300904,-0.21068,-0.93852,9.76355,0.00116,0.06687,-0.4007
1619610300924,-7.17302,-2.99275,7.63271,0.07573,-0.07267,-0.36981
1619610300944,-5.71256,7.45075,4.6639,-0.06594,0.03279,-0.30589
1619610300964,-0.77572,0.7805,4.10366,0.02673,-0.00449,-0.373
1619610300984,-11.21444,5.84664,8.49941,0.06614,-0.0194,-0.4007
1619610301004,7.29752,-1.49398,7.9248,0.01288,-0.00662,-0.40816
1619610301024,3.50511,4.11323,6.70376,-0.0457,0.03065,-0.46675
1619610301044,-8.65264,6.54095,6.47871,0.02353,0.08179,-0.40922
1619610301064,5.31991,-0.26815,10.09395,0.03525,0.10096,-0.41029
1619610301084,-11.21922,8.69095,5.45878,0.01181,-0.11741,-0.38046
1619610301104,1.01035,-1.65199,12.81376,0.08745,-0.02899,-0.38792
1619610301124,-6.49307,-1.61369,12.24394,0.03312,0.04876,-0.39857
1619610301144,1.24019,3.48595,9.1219,-0.00629,-0.07267,-0.4252
1619610301164,-2.94007,0.97204,10.03649,0.11834,0.07007,-0.43905
1619610301184,0.14365,-4.57771,13.52245,-0.03931,-0.12806,-0.43479
1619610301204,-1.42215,1.30723,11.07078,-0.03931,0.16062,-0.4039
1619610301224,-13.40274,4.56334,7.34541,0.14604,-0.05243,-0.373
1619610301244,0.70868,2.24576,16.63491,-0.12453,-0.18984,-0.45396
1619610301264,-4.52025,-2.16435,7.8003,0.01394,0.08818,-0.46888
1619610301284,0.09576,-5.14753,17.04671,0.06295,-0.22074,-0.41774
1619610301304,3.10288,6.07169,12.89517,-0.05103,0.07966,-0.38259
1619610301325,2.63362,-8.40843,15.61498,-0.08831,0.02746,-0.37194
1619610301344,-6.15788,1.71903,8.49941,-0.06594,0.03492,-0.38366
1619610301364,10.14662,7.02937,5.39174,-0.05742,-0.06414,-0.324
1619610301384,5.99986,-2.94007,11.1043,0.11195,-0.05562,-0.3485
1619610301404,9.52413,1.91536,4.3335,-0.13092,-0.05988,-0.37194
1619610301424,1.84353,3.49553,10.19929,-0.01161,0.05516,-0.41774
1619610301444,3.08852,5.18105,9.15542,0.14817,0.03705,-0.36448
1619610301464,-8.0493,1.04866,5.39174,0.00116,0.00402,-0.43266
1619610301484,5.79875,3.06936,14.2455,-0.08192,-0.0993,-0.46888
1619610301506,1.92972,-3.2609,11.30063,-0.00309,0.03918,-0.4284
1619610301524,-2.25054,-0.82839,12.82334,0.02033,-0.03538,-0.47846
1619610301544,3.48595,1.11569,14.72434,9e-05,-0.01834,-0.46781
1619610301564,9.23683,1.00556,8.25041,0.06721,0.01361,-0.54664
1619610301584,-0.34955,-1.38384,5.78439,-0.06807,-0.05669,-0.49764
1619610301606,7.30231,-5.05655,11.76031,0.07892,-0.06521,-0.49657
1619610301624,4.42927,-0.97683,10.41477,0.08425,0.04131,-0.45503
1619610301644,5.16189,-0.03351,14.88235,-0.01481,0.02533,-0.40922
1619610301664,-9.17936,0.09576,19.6127,-0.03079,-0.07267,-0.44651
1619610301684,4.56334,2.82036,9.50976,-0.11601,-0.05136,-0.40816
1619610301704,2.92571,2.53785,4.25689,0.01075,0.07327,-0.35596
1619610301724,-0.01915,5.22893,15.67244,-0.05103,-0.06308,-0.43053
1619610301744,-10.39083,1.99197,9.75876,0.02992,0.03918,-0.30376
1619610301764,4.55377,-0.14365,8.06845,-0.08192,-0.07586,-0.39005
1619610301784,-2.01112,-5.62637,7.06768,0.02033,0.02213,-0.37407
1619610301805,-1.47003,7.36935,2.57137,0.1471,0.06687,-0.42733
1619610301805,0.95768,-4.89374,14.26944,-0.05955,-0.00236,-0.4039
1619610301844,12.82334,7.74763,4.707,0.00862,-0.01408,-0.39857
1619610301864,-5.66468,4.43406,3.30878,-0.02759,0.03279,-0.50403
1619610301884,-2.32237,0.13886,2.34152,0.06188,-0.03432,-0.50403
1619610301904,-1.11569,4.91769,1.88663,0.04164,0.01787,-0.47953
1619610301924,-7.34541,11.21922,-0.02873,-0.0734,-0.04177,-0.40177
1619610301944,-1.72382,-3.19865,11.6023,-0.05955,0.05942,-0.37833
1619610301964,3.13161,-4.53461,8.43716,0.04377,-0.03325,-0.52534
1619610301984,0.47405,2.85388,5.43483,-0.03718,-0.03432,-0.51149
1619610302004,-2.93529,-0.79008,10.7356,0.02033,0.03705,-0.51255
1619610302024,3.52905,0.30645,8.06845,-0.03505,0.02426,-0.39537
1619610302044,-7.53694,3.23696,14.14494,0.01501,-0.0961,-0.42627
1619610302064,5.81791,1.58975,-3.33751,-0.01374,-0.05456,-0.36129
1619610302084,-10.76433,1.79565,8.02536,-0.03398,0.11375,-0.28672
1619610302104,-3.14119,6.00465,6.07648,-0.06488,-0.03432,-0.2995
1619610302124,-2.4756,-2.54264,19.43134,-0.02972,0.05303,-0.38153
1619610302144,0.34955,-0.07661,12.59829,0.09277,-0.06414,-0.47953
1619610302164,1.50355,1.0726,6.98628,-0.01694,-0.0961,-0.46036
1619610302184,-0.08619,-4.10845,19.6127,0.03844,-0.00236,-0.36022
1619610302204,-5.42526,2.4325,15.32289,-0.04038,0.07753,-0.33678
1619610302224,3.93127,-1.76692,10.01255,0.06721,0.02852,-0.36129
1619610302244,-6.41167,0.99598,12.00452,-0.04357,-0.02047,-0.36661
1619610302264,2.92571,-0.79966,8.11155,-0.0457,-0.01514,-0.37726
1619610302284,-0.71826,-3.7972,13.78581,0.11727,0.10735,-0.43585
1619610302304,-3.98395,5.01824,9.96466,0.10556,-0.02366,-0.41988
1619610302324,2.12605,2.14041,8.37491,-0.25982,-0.02899,-0.4742
1619610302344,0.84275,0.31124,14.06354,0.04057,-0.00236,-0.47207
1619610302364,-1.49398,0.60333,19.2398,0.06721,-0.03645,-0.37833
1619610302384,2.63841,-8.55208,19.6127,-0.06488,0.08285,-0.32613
1619610302404,2.58094,-1.6089,14.57111,0.06081,-0.04923,-0.33998
1619610302424,4.76446,4.3335,12.25352,-0.07446,0.04024,-0.31015
1619610302444,-2.35589,4.67348,12.20564,-0.0212,0.05835,-0.38046
1619610302464,5.81791,2.06859,9.90241,0.00116,-0.00342,-0.35809
1619610302484,0.23463,-9.95509,18.65561,0.0246,-0.06095,-0.36129
1619610302504,2.01112,-6.49307,14.32211,0.07147,0.15636,-0.46568
1619610302524,2.6815,2.82994,16.19916,-0.02653,-0.0503,-0.44651
1619610302544,2.68629,-2.2697,9.9503,0.0704,0.06581,-0.373
1619610302564,9.29429,2.44208,10.57279,-0.05742,0.00402,-0.36768
1619610302584,0.77572,-0.5363,4.56334,-0.00203,-0.07373,-0.31228
1619610302604,4.50109,-3.28005,17.78891,0.11301,0.00083,-0.32507
1619610302624,-6.2728,2.89698,14.36521,-0.11068,0.03918,-0.32933
1619610302644,-2.33195,3.73974,11.86566,-0.0244,0.00402,-0.32507
1619610302664,8.99741,-1.87226,2.52827,0.02247,-0.01834,-0.32294
1619610302684,-4.25689,-2.02549,10.83615,-0.07659,0.13825,-0.39111
1619610302704,-2.03507,-1.13485,12.98615,-0.01161,-0.01195,-0.38046
1619610302724,-6.22013,5.21935,0.23463,0.12153,0.09883,-0.44331
1619610302744,-8.92079,-4.37181,6.63672,-0.10642,-0.21754,-0.33039
1619610302764,2.8491,4.38617,1.22104,0.03418,0.16062,-0.42094
1619610302784,-2.91613,3.28484,10.47702,0.05336,-0.10462,-0.39218
1619610302804,7.28316,0.18195,8.00142,0.01501,0.12014,-0.35809
1619610302824,2.2697,0.70389,5.41568,0.08958,-0.00023,-0.46355
1619610302844,-9.27513,8.20253,0.17238,0.07573,0.09457,-0.49125
1619610302864,-4.7453,-2.42772,12.97178,-0.06701,-0.0503,-0.53066
1619610302884,4.51067,3.60566,9.10754,-0.01481,-0.07906,-0.47314
1619610302904,-4.19942,5.1188,-6.48828,0.00649,0.04663,-0.41029
1619610302924,5.21935,-7.65665,5.0757,-0.08086,-0.0961,-0.3517
1619610302944,-2.54743,2.97838,6.18182,-0.09683,-0.07693,-0.38792
1619610302964,-7.97269,4.27604,2.81079,0.10556,0.09777,-0.38685
1619610302984,-5.41089,-3.34709,19.1584,-0.0702,-0.05562,-0.48379
1619610303004,3.22738,1.37906,10.40998,0.06721,0.13612,-0.43798
1619610303024,1.41257,5.75566,5.07091,0.04271,-0.25589,-0.38579
1619610303044,1.403,5.12837,6.43082,-0.05529,-0.03751,-0.31974
1619610303064,-10.90319,4.54898,-1.24977,0.01288,0.09031,-0.23772
1619610303084,0.85712,-3.00711,9.3709,0.04271,-0.19837,-0.38792
1619610303104,-11.75553,1.36948,13.35964,0.00755,0.02959,-0.24304
1619610303124,1.13485,6.94797,7.96311,-0.10216,0.00296,-0.25156
1619610303144,1.92014,-5.41568,16.65885,0.08745,-0.03858,-0.30696
1619610303164,-16.57745,-0.46447,8.12113,0.02247,0.11481,-0.32826
1619610303184,-0.10055,0.93852,16.1848,-0.14051,0.01894,-0.42733
1619610303204,4.06535,-0.88585,8.29351,0.06295,-0.09184,-0.4742
1619610303224,2.85388,-4.76925,11.50653,0.05442,-0.05882,-0.52747
1619610303244,-0.72304,-2.83952,19.14403,-0.07766,0.00509,-0.46036
1619610303264,0.13407,5.25766,2.71502,-0.00522,0.06474,-0.46036
1619610303284,1.95845,4.59207,11.77947,0.04271,-0.00662,-0.46675
1619610303304,7.69975,-1.8579,9.75397,0.16415,0.2224,-0.54558
1619610303324,3.81156,-2.03985,10.84573,0.13112,-0.08332,-0.57114
1619610303344,3.96,-5.6551,16.82644,-0.01694,0.06261,-0.51681
1619610303364,3.1364,-7.28316,19.6127,-0.12134,-0.03219,-0.54238
1619610303384,-0.90021,-13.71398,12.66053,0.03525,-0.09823,-0.44757
1619610303404,3.52905,-0.06224,16.52956,-0.02972,-0.04923,-0.47527
1619610303424,0.67037,-2.51391,6.64151,-0.05422,-0.0226,-0.4284
1619610303444,3.99352,-7.32625,8.78672,-0.02227,0.11907,-0.4007
1619610303464,1.63763,1.14921,11.30542,-0.01587,-0.03219,-0.32187
1619610303484,9.77792,-9.15542,14.25028,-0.06488,0.07007,-0.33465
1619610303504,0.27772,-1.13006,10.33337,0.00116,-0.01727,-0.43053
1619610303525,4.83628,-2.90656,15.94538,0.05868,0.02,-0.41455
1619610303544,4.38617,3.74453,9.46188,-0.07127,-0.05136,-0.38472
1619610303564,5.19062,-1.80522,10.16578,-0.00096,-0.07054,-0.37513
1619610303584,-5.43004,6.82826,9.7013,-0.06488,-0.08012,-0.38685
1619610303604,-3.12203,3.68707,7.14429,0.05762,0.06048,-0.39964
1619610303624,-11.01332,11.48259,10.34295,0.06827,-0.02366,-0.3517
1619610303644,-7.8865,1.24977,6.23929,-0.03079,0.19577,-0.31761
1619610303664,3.25611,-1.71903,9.23683,0.09064,-0.07799,-0.39964
1619610303684,7.01979,8.17859,3.55299,0.03738,-0.0471,-0.40177
1619610303704,-1.8579,-0.68953,12.67011,0.00862,0.06687,-0.42946
1619610303724,3.04063,-2.78685,13.05318,0.05975,-0.06095,-0.39324
1619610303744,-0.64164,11.14261,6.39251,-0.03718,0.00615,-0.37726
1619610303764,0.51714,3.27047,3.26569,-0.01907,0.00615,-0.41988
1619610303784,0.51714,3.27047,3.26569,-0.01907,0.00615,-0.41988
1619610303804,-10.24239,3.90733,8.56645,-0.02653,0.01787,-0.46888
1619610303824,-4.96078,3.25132,9.00219,0.07892,0.1457,-0.49125
1619610303844,2.75812,0.84275,6.56011,-0.03292,0.06048,-0.46462
1619610303864,-10.63504,7.62313,11.64539,-0.04996,0.07113,-0.47527
1619610303884,3.01669,5.70298,9.79707,0.04697,-0.10569,-0.42307
1619610303904,-0.35913,-1.26413,9.2464,0.01501,-0.01301,-0.42627
1619610303925,-0.77572,-0.45489,13.9151,-0.12986,-0.16428,-0.45609
1619610303944,-3.28005,6.91924,5.54975,0.12686,0.15103,-0.39964
1619610303964,1.63763,0,8.20253,-0.05848,-0.03645,-0.45503
1619610303984,6.22971,-4.5825,15.24148,0.04271,0.08711,-0.50936
1619610304004,-8.41322,6.44997,6.34463,0.00116,-0.04177,-0.4497
1619610304025,-5.46835,0.47884,12.49773,-0.01055,-0.03645,-0.45609
1619610304044,0.9481,1.03908,7.97269,0.00968,0.03279,-0.39111
1619610304064,0.9481,1.03908,7.97269,0.00968,0.03279,-0.39111
1619610304084,4.15633,1.94888,9.77792,-0.06594,-0.03325,-0.32507
1619610304104,-3.7158,1.24977,15.05474,0.02779,-0.05136,-0.31228
1619610304124,-2.14999,5.39174,11.33893,0.0214,-0.00236,-0.3272
1619610304144,-2.18351,-0.51714,14.18325,-0.07127,0.07859,-0.42094
1619610304164,-10.52969,4.98951,3.84508,-0.00309,0.00189,-0.49444
1619610304184,-2.98796,1.43652,16.0603,-0.00629,0.00935,-0.49977
1619610304204,-0.25378,-1.15879,10.57758,-0.02227,-0.05243,-0.4284
1619610304225,-6.98628,-9.71567,19.56062,0.02247,0.05942,-0.38685
1619610304244,6.47392,1.41257,10.29985,0.00649,0.01148,-0.36342
1619610304264,3.64876,1.04387,10.86488,-0.06168,-0.06521,-0.34105
1619610304284,3.82593,3.10288,10.12268,0.05442,0.04983,-0.35489
1619610304304,-6.71334,-3.16034,8.75799,0.00649,-0.00875,-0.43372
1619610304324,2.36068,1.1109,9.43794,-0.02227,-0.09078,-0.45716
1619610304344,1.67115,7.16823,-0.73741,0.1258,-0.01088,-0.43372
1619610304364,3.00232,-0.3687,18.78011,-0.0489,0.07007,-0.41668
1619610304384,2.32237,4.29519,8.69095,-0.06062,-0.17706,-0.3794
1619610304404,3.28005,-0.90979,10.45787,-0.00416,0.06581,-0.34211
1619610304424,3.03584,4.53461,15.275,-0.0702,-0.00555,-0.29737
1619610304444,3.60087,-6.57447,10.4052,-0.01907,0.01255,-0.28672
1619610304464,1.69509,-8.90643,17.60217,0.03205,-0.05349,-0.35383
1619610304484,-0.04788,1.22104,-1.31202,0.13219,0.09244,-0.40709
1619610304504,-0.31603,-4.36702,19.1584,-0.04357,-0.11102,-0.41029
1619610304524,-7.50821,0.1628,17.49682,-0.01481,0.02639,-0.44651
1619610304544,6.15788,-0.32082,-0.11492,0.05655,0.07327,-0.49338
1619610304564,0.6991,2.59531,7.95832,-0.01268,0.00402,-0.44225
1619610304584,-7.98705,7.20175,4.42448,-0.04783,0.0445,-0.45609
1619610304604,-5.35343,-0.90021,4.86022,0.00223,-0.01195,-0.44331
1619610304624,-7.3885,7.67581,11.32457,-0.02972,0.10522,-0.45396
1619610304644,-0.79487,6.03338,2.71023,-0.09364,-0.00023,-0.37513
1619610304664,-0.51235,-2.63362,0.81881,0.11514,-0.0503,-0.36874
1619610304684,-10.78348,4.79319,14.67166,0.05549,-0.06627,-0.38579
1619610304704,-5.50666,1.51313,5.48751,-0.04038,0.01041,-0.37833
1619610304724,-3.4668,9.05487,3.96479,0.00329,0.02746,-0.37194
1619610304744,2.45166,-7.87692,7.80988,0.00862,-0.05988,-0.36555
1619610304764,-2.17393,-0.87627,9.69172,-0.00629,0.00828,-0.41668
1619610304784,-8.67179,1.8962,8.81545,0.03631,-0.01621,-0.39431
1619610304804,2.00634,5.86579,11.1043,-0.00842,0.00189,-0.28778
1619610304824,12.05241,-6.87135,8.74362,-0.08512,-0.03219,-0.34957
1619610304844,6.62236,0.11971,13.35006,0.07147,-0.01301,-0.29417
1619610304864,4.6639,-1.77649,1.91057,0.04377,0.05516,-0.32826
1619610304884,-7.23048,3.97916,6.11,-0.11814,-0.0961,-0.30909
1619610304904,-2.29843,4.9943,10.37646,-0.05422,-0.09397,-0.275
1619610304924,1.23061,-1.73819,13.08191,0.03631,-0.03751,-0.36235
1619610304944,-1.84832,-1.41736,18.75138,0.00223,-0.0226,-0.40177
1619610304964,2.00634,-1.66636,7.38371,0.04484,0.02959,-0.34531
1619610304984,-4.33829,-0.90979,12.95742,-0.04996,-0.10675,-0.37194
1619610305004,-2.68629,-2.37983,10.28549,0.03312,0.10416,-0.36661
1619610305024,0.56024,-2.73417,11.10909,0.0704,-0.07693,-0.4007
1619610305044,4.50588,-1.38384,12.37802,0.1471,-0.00129,-0.3762
1619610305064,3.0119,-0.29209,9.60074,-0.04464,0.01255,-0.4497
1619610305084,-2.46123,4.1276,11.42513,0.05549,0.00509,-0.46462
1619610305104,-5.0374,3.0933,12.40675,0.09171,-0.06414,-0.47633
1619610305124,-1.72382,-1.20188,12.36365,0.06188,-0.0503,-0.54664
1619610305144,1.48919,1.34075,8.97825,-0.09683,0.05089,-0.53812
1619610305164,-3.66312,-2.06859,13.42668,0.02886,-0.00768,-0.39005
1619610305184,-0.44053,-6.59363,4.2521,0.00968,-0.02686,-0.43798
1619610305204,-2.93529,-0.16759,16.39549,-0.04038,0.01041,-0.38898
1619610305224,-3.61045,3.39976,11.55441,-0.06488,0.08605,-0.39218
1619610305244,-5.44441,6.59363,12.11466,0.02886,-0.00555,-0.43585
1619610305264,6.43561,-3.62482,11.46343,0.01501,0.04663,-0.47207
1619610305284,0.42616,4.29519,6.89051,-0.03718,-0.00768,-0.49231
1619610305304,12.38759,-3.47638,17.36275,0.00649,-0.02579,-0.48699
1619610305324,11.4778,-0.22505,8.03972,-0.03079,0.05729,-0.42094
1619610305344,-1.36469,-2.85867,16.74983,0.05123,0.02959,-0.39218
1619610305364,5.55454,-13.53202,10.12268,0.00755,-0.15895,-0.373
1619610305384,-1.84353,-2.3511,17.09938,0.0459,0.16062,-0.47953
1619610305404,4.81234,-3.13161,10.57279,-0.07446,-0.0961,-0.52108
1619610305424,11.12346,-13.45541,18.32522,0.04803,-0.04071,-0.46781
1619610305444,1.3599,0.9481,6.70855,0.01607,0.14783,-0.59777
1619610305464,-2.32237,7.62313,4.01268,-0.01055,-0.0993,-0.59564
1619610305484,2.63362,3.10288,7.4699,0.00542,-0.10143,-0.5264
1619610305504,4.38138,-0.31603,10.37646,-0.01055,0.01148,-0.53173
1619610305524,7.93438,-4.88417,13.51766,-0.06594,0.01681,-0.40922
1619610305544,-1.53228,5.78439,-0.8236,-0.07446,0.11588,-0.43479
1619610305564,-3.17471,2.86346,1.28808,0.05229,-0.06734,-0.37087
1619610305584,-2.4325,2.26012,12.07156,-0.05422,0.0445,-0.38898
1619610305604,0.39264,1.67594,15.04037,-0.01694,0.13612,-0.44864
1619610305624,-0.99119,2.96402,13.14895,0.05975,-0.06201,-0.3485
1619610305644,1.42215,5.2433,6.24407,-0.00629,-0.01408,-0.46888
1619610305664,-3.92649,8.19295,-2.20745,-0.06914,-0.03751,-0.46355
1619610305684,-6.15788,3.24174,5.2816,0.01927,-0.03538,-0.44544
1619610305704,2.41814,0.40222,8.51378,0.01181,0.04344,-0.41881
1619610305724,-4.75488,4.40054,6.5218,0.01607,0.0722,-0.45183
1619610305744,-9.06444,7.09162,6.25844,-0.0947,-0.00236,-0.51042
1619610305764,-6.82826,1.63284,7.02458,0.0704,-0.02579,-0.49018
1619610305784,-3.5482,6.84741,-2.93529,-0.17673,-0.09078,-0.51468
1619610305804,-1.96324,-0.48362,13.02924,-0.06381,-0.00982,-0.51362
1619610305824,2.48518,-2.95444,7.35019,0.05336,0.03065,-0.61375
1619610305844,-4.57292,6.63193,6.75643,0.04377,-0.16002,-0.5296
1619610305864,-2.16914,7.24485,-1.7334,0.06934,0.06368,-0.57753
1619610305884,-7.82425,4.42927,7.53215,-0.02546,-0.02579,-0.57753
1619610305904,-0.19153,-0.80445,13.26387,-0.01587,-0.11421,-0.52853
1619610305924,-3.62482,2.02549,0.17717,-0.03398,-0.0194,-0.51468
1619610305945,-4.75009,1.41257,10.77869,-0.04783,-0.00768,-0.46888
1619610305964,-2.2697,1.29765,4.83149,-0.09364,-0.07373,-0.41988
1619610305984,-3.14119,3.40455,6.5218,9e-05,-0.01301,-0.27074
1619610306004,-8.98783,11.79862,3.45722,0.03099,-0.03538,-0.30696
1619610306024,2.28406,-1.72382,5.95677,-0.06062,0.08179,-0.35596
1619610306044,-9.27992,-2.73417,3.70622,-0.03718,-0.2218,-0.20682
1619610306064,-3.77326,4.37181,2.6815,-0.11814,0.17873,-0.21215
1619610306084,-0.0383,-0.85712,10.10353,0.03844,-0.11208,-0.21428
1619610306104,2.08295,-3.39976,15.04516,0.04057,0.11801,-0.23985
1619610306124,-3.72058,-6.3159,19.6127,-0.05316,0.02,-0.35276
1619610306144,-12.95263,0.48841,17.46809,-0.08086,-0.04603,-0.28672
1619610306164,-3.73016,-5.37258,13.30218,0.18012,0.01894,-0.30376
1619610306184,4.39575,-1.66636,5.62637,-0.02014,-0.01514,-0.37726
1619610306204,-1.52271,1.64242,19.6127,-0.01055,0.00722,-0.36555
1619610306224,4.47236,6.33984,4.6639,0.03738,-0.04923,-0.31015
1619610306245,8.19295,-3.24174,15.70596,-0.02972,0.03598,-0.32613
1619610306264,-3.36624,3.6727,10.74038,0.01394,0.08924,-0.35702
1619610306284,7.02458,0.54108,10.70208,0.02566,-0.03751,-0.29311
1619610306304,-5.64552,0.68953,15.96932,0.11514,0.10629,-0.2995
1619610306324,0.52193,6.82826,6.23929,-0.04357,-0.05562,-0.31015
1619610306345,2.58573,-1.55144,15.19839,9e-05,-0.07267,-0.26115
1619610306364,2.12605,0.05746,9.42836,-0.06701,0.01148,-0.24198
1619610306384,10.568,-3.87381,4.89853,0.01181,-0.13552,-0.31548
1619610306404,-2.81558,-1.20667,12.52646,-0.00522,0.14357,-0.28033
1619610306424,2.24576,3.27526,9.88805,0.05868,-0.09717,-0.29737
1619610306444,-0.30645,-2.25533,13.44583,-0.01268,0.07007,-0.32613
1619610306464,1.39821,-1.79565,3.08373,-0.06594,-0.05456,-0.37407
1619610306484,4.11323,2.47081,4.69742,0.15988,-0.01408,-0.41561
1619610306504,4.79798,-1.47003,4.44842,0.03951,-0.09291,-0.38472
1619610306524,-3.29442,-0.88585,9.86889,-0.11601,0.08179,-0.48273
1619610306544,2.62883,4.86501,9.80186,0.10236,-0.03751,-0.42946
1619610306564,-5.43004,8.14028,8.66701,0.05123,0.03492,-0.4742
1619610306584,1.39821,-4.41011,13.88637,-0.11707,-0.02153,-0.5019
1619610306604,2.78685,1.00556,11.45864,0.10769,-0.02686,-0.46355
1619610306624,7.32146,0.4501,7.87692,0.0182,-0.05562,-0.50297
1619610306644,5.51145,0.45489,13.27824,-0.05742,-0.02047,-0.54025
1619610306664,1.67115,6.30632,6.80432,0.03205,0.08392,-0.49977
1619610306684,-8.06367,6.8522,13.72356,0.07892,0.02852,-0.46568
1619610306704,-3.37582,0.03351,3.60087,-0.05635,-0.02047,-0.42733
1619610306724,-6.2345,4.40533,-0.05746,-0.03718,-0.00129,-0.4987
1619610306744,-0.11971,2.81079,7.762,0.05975,-0.00768,-0.53812
1619610306764,-6.95755,7.29273,4.55377,-0.0702,-0.01514,-0.53918
1619610306784,-2.88261,4.56813,9.4954,-0.00629,0.02107,-0.52534
1619610306804,1.95845,2.82036,0.46447,0.02992,-0.06095,-0.49657
1619610306824,2.95923,5.70298,5.47793,0.01181,0.09564,-0.52108
1619610306844,-0.56503,6.67503,-1.30244,-0.07233,0.02533,-0.52534
1619610306864,-1.14442,2.82994,9.72045,0.07147,-0.0439,-0.53812
1619610306884,7.99184,1.61369,3.60087,-0.09364,-0.21435,-0.57008
1619610306904,4.45321,-5.06613,10.568,0.02886,0.0477,-0.60843
1619610306924,-8.29351,4.73573,8.35097,0.06721,-0.03964,-0.5818
1619610306944,-4.14196,2.08774,6.01902,-0.03931,-0.15043,-0.46675
1619610306964,-1.31681,-1.16837,11.6023,0.02353,-0.03006,-0.39218
1619610306984,-0.66558,-2.71981,17.66441,-0.03505,-0.01621,-0.43053
1619610307004,-2.13083,-0.02394,17.46809,-0.0457,0.01255,-0.41029
1619610307024,2.06859,6.61278,5.43483,0.02566,-0.07906,-0.32294
1619610307044,12.10029,-6.70855,8.61433,-0.01161,-0.03219,-0.38579
1619610307064,-2.03507,0.98162,9.56244,-0.10536,0.02107,-0.26861
1619610307084,0.90979,2.42772,12.31577,-0.07766,-0.08545,-0.34531
1619610307104,-1.36948,-4.52982,10.60631,0.13432,0.02426,-0.36448
1619610307124,-0.2442,1.37427,9.76834,0.01075,0.15423,-0.38579
1619610307144,-12.22958,0.38307,10.6111,0.01501,-0.10782,-0.29524
1619610307164,-3.27526,-1.90099,14.62378,-0.018,0.06474,-0.39537
1619610307184,-0.87148,0.21547,13.48893,0.05762,-0.05136,-0.41242
1619610307204,6.71812,-2.35589,10.90798,-0.00948,0.06581,-0.38579
1619610307224,-5.43962,5.16668,9.52892,-0.05209,-0.01514,-0.38259
1619610307244,1.95366,2.557,10.24718,0.04377,-0.01834,-0.43798
1619610307264,-3.50511,2.96402,15.40429,0.07253,-0.06521,-0.47846
1619610307284,2.92092,-6.4404,10.72123,0.05868,0.05516,-0.4529
1619610307304,-1.11569,1.86268,16.90306,-0.00629,-0.0503,-0.42094
1619610307324,6.71334,2.41814,4.31435,0.05123,0.07859,-0.4039
1619610307344,4.63038,-3.16992,12.21521,-0.04783,-0.07267,-0.43585
1619610307364,10.568,0.31124,4.10845,0.00649,0.00296,-0.44864
1619610307384,0.63685,6.62715,4.68305,0.12367,0.00083,-0.49231
1619610307404,0.83318,4.92726,8.39407,-0.11494,0.03918,-0.3975
1619610307424,1.80043,-0.88585,14.16409,-0.05103,0.03918,-0.42627
1619610307444,-6.84741,-0.26336,13.1298,0.06295,-0.11634,-0.33892
1619610307464,1.46046,1.67594,12.83771,-0.04357,0.06368,-0.42733
1619610307484,3.42849,-3.37103,12.02846,-0.09044,-0.03645,-0.44118
1619610307504,4.96078,2.85388,7.04374,0.08745,0.01041,-0.36981
1619610307524,-4.21858,0.27293,8.92079,0.00542,0.06048,-0.42307
1619610307544,-0.88106,2.30322,7.3071,-0.0702,-0.01727,-0.39431
1619610307564,3.87381,2.53306,9.26556,0.00329,0.06155,-0.40496
1619610307584,-6.0286,3.49074,0.44053,-0.03718,0.02107,-0.39964
1619610307604,1.2785,7.25921,5.39653,0.07253,-0.09291,-0.42946
1619610307624,0.46447,3.50032,3.50989,0.04057,-0.02473,-0.48379
1619610307644,-4.1276,5.6982,4.44842,0.04271,0.00083,-0.46462
1619610307664,2.05901,2.82036,9.67257,-0.10216,0.03172,-0.46568
1619610307684,-7.00064,3.07894,8.69574,0.05975,0.00402,-0.41668
1619610307704,-3.85945,2.29843,3.16513,-0.04144,-0.02792,-0.44757
1619610307724,-1.67594,3.63918,7.04852,-0.01694,0.07433,-0.44757
1619610307744,-3.39976,1.75734,3.75889,-0.0734,0.04131,-0.46568
1619610307764,6.97191,1.84353,8.22168,0.01288,-0.01514,-0.44331
1619610307784,-0.84754,-2.99754,12.23437,-0.02014,-0.15043,-0.43905
1619610307804,-3.22259,1.39342,8.89685,-0.08192,0.10948,-0.43159
1619610307824,1.04866,0.2442,1.62805,-0.01268,0.09031,-0.44012
1619610307844,-2.83473,-4.10845,18.55027,0.02033,-0.10782,-0.38153
1619610307864,-9.89763,1.99197,12.51209,-0.00522,0.10416,-0.38366
1619610307884,0.24899,0.90979,4.07493,0.02353,-0.03645,-0.41988
1619610307904,-4.06056,3.16034,11.20965,0.02673,-0.10143,-0.41668
1619610307924,-0.16759,-0.93852,16.40028,-0.0947,-0.15043,-0.39431
1619610307944,-2.90656,0.13407,2.94486,0.03844,-0.12486,-0.36981
1619610307964,-1.56101,-4.10845,19.4888,-0.00842,-0.06947,-0.3794
1619610307984,-4.21858,0.55066,11.59272,0.06934,-0.07906,-0.45503
1619610308004,2.37983,-1.57538,8.68137,-0.01694,0.02533,-0.5264
1619610308024,-4.30956,-1.92014,17.77455,-0.01161,-0.08864,-0.53599
1619610308044,8.14028,0.33039,6.27759,-0.03398,-0.14936,-0.46462
1619610308064,3.76847,-0.7805,7.85777,0.06188,-0.10143,-0.39537
1619610308084,6.29675,-2.8874,8.74362,0.04697,-0.04816,-0.40496
1619610308104,3.43328,-2.69587,13.35964,-0.09577,0.05942,-0.41561
1619610308124,-3.64397,-3.22738,13.67568,0.01927,-0.01514,-0.42733
1619610308144,0.21547,-1.24019,7.53215,0.03844,0.04663,-0.44331
1619610308165,-3.68228,3.69185,11.65976,-0.00735,-0.08971,-0.51042
1619610308184,5.7796,-1.92493,11.15698,-0.02227,0.12653,-0.44225
1619610308204,-2.2697,2.38941,8.1738,-0.01694,0.05089,-0.51042
1619610308224,1.96324,-0.88585,11.95664,-0.07979,0.01361,-0.3762
1619610308244,3.78283,1.3599,12.63659,-0.02227,-0.06947,-0.36342
1619610308265,8.58081,1.72861,4.97515,0.13219,0.05089,-0.34105
1619610308284,-0.49799,6.03817,10.99417,0.05229,0.02107,-0.41242
1619610308304,-6.76601,-1.69988,16.06509,0.04271,-0.07586,-0.38153
1619610308324,0.85712,1.4844,0.29209,0.10982,0.02107,-0.40816
1619610308344,0.98641,1.16837,15.30373,-0.08725,-0.08012,-0.40177
1619610308365,4.79319,3.90733,9.47146,-0.13199,-0.01088,-0.41774
1619610308384,1.28808,-0.26815,7.90086,0.02779,-0.02792,-0.44757
1619610308404,-0.22505,8.64306,3.14119,-0.03611,-0.02153,-0.42627
1619610308424,-6.71812,5.95677,10.53927,-0.06594,-0.01514,-0.43798
1619610308444,0.13886,5.03261,8.69574,0.00968,0.00402,-0.46249
1619610308464,2.16914,2.90177,5.00388,-0.10749,0.16381,-0.44651
1619610308484,1.72861,-0.11013,7.97269,0.0736,0.03172,-0.53492
1619610308504,-5.34385,5.5306,5.35343,-0.01694,-0.10036,-0.49338
1619610308524,2.29364,4.86022,6.40209,-0.07446,0.11481,-0.53918
1619610308544,0.33039,5.11401,12.28225,0.03312,-0.01621,-0.5264
1619610308564,9.07402,-3.64876,15.00206,-0.01587,-0.03432,-0.4987
1619610308584,-2.806,3.74453,6.0669,0.02992,0.01468,-0.46036
1619610308604,4.43885,0.3687,6.75643,-0.02333,-0.07373,-0.48805
1619610308624,0.60333,4.01268,3.21301,0.02779,0.02107,-0.42733
1619610308644,0.14365,8.2169,7.64229,-0.03505,-0.0503,-0.41561
1619610308665,-0.44532,0.94331,13.56554,-0.00948,0.02746,-0.39857
1619610308684,0.73262,2.47081,7.90086,-0.16288,-0.05882,-0.36022
1619610308704,1.30723,-0.65122,8.48505,-0.0212,-0.02579,-0.31974
1619610308724,-5.32949,0.18195,7.47948,0.09384,0.08498,-0.40603
1619610308744,4.92726,-4.94163,8.82023,-0.04996,-0.11102,-0.44864
1619610308765,3.00232,2.57137,5.35822,-0.06062,0.00402,-0.30909
1619610308784,-0.11013,-0.10055,9.40921,-0.09364,-0.16747,-0.32187
1619610308804,-4.59207,4.75488,12.30619,0.04803,0.06581,-0.30909
1619610308824,3.83551,1.61369,11.62624,-0.00096,0.01041,-0.34424
1619610308844,-3.22738,-2.99754,4.64475,-0.0212,-0.03006,-0.31122
1619610308864,-3.33272,0.83318,6.45476,0.02033,0.1212,-0.30483
1619610308884,-1.96803,-5.47314,10.74996,0.04484,0.00296,-0.32826
1619610308904,-5.29597,-0.83797,13.68525,-0.02227,0.0232,-0.32187
1619610308924,0.91937,0.91458,11.6023,0.01607,-0.11634,-0.34211
1619610308944,0.79966,1.37906,7.36935,0.00329,0.08285,-0.37726
1619610308965,-7.69496,0.28251,13.65173,-0.04144,-0.10462,-0.33252
1619610308965,0.77572,-9.84974,19.6127,0.02566,0.01361,-0.45609
1619610309004,-5.45878,0.81881,10.55364,0.09064,-0.26761,-0.51042
1619610309024,0.63685,-6.16746,10.98459,0.05868,0.16594,-0.52534
1619610309044,-3.04063,-0.12449,13.85763,-0.02333,-0.05669,-0.49444
1619610309064,10.68771,-6.66545,18.65083,-0.09896,-0.18345,-0.39537
1619610309084,1.36469,-1.95366,12.97657,-0.06381,-0.0194,-0.52534
1619610309104,1.38384,-3.15555,18.9525,-0.08938,-0.08971,-0.37833
1619610309124,4.4149,-0.5363,15.4426,0.02673,0.07966,-0.41668
1619610309144,3.28484,0.11492,2.80121,-0.0212,-0.00555,-0.38579
1619610309164,5.44441,-1.4844,13.52245,-0.08725,-0.01514,-0.3975
1619610309184,-2.85867,-5.63116,11.33893,-0.02866,-0.02686,-0.3975
1619610309204,-1.05823,6.54574,10.62546,-0.03824,-0.01301,-0.39111
1619610309224,8.79629,1.12048,12.50731,-0.15436,0.17553,-0.20256
1619610309244,3.84029,-1.97282,7.93438,0.23552,0.06474,-0.18019
1619610309264,2.13083,-0.17238,8.09719,0.04697,0.04131,-0.26222
1619610309284,6.84262,-2.80121,7.3071,0.06721,-0.02686,-0.25263
1619610309304,0.15322,-4.27604,2.3942,-0.04357,0.0754,-0.33359
1619610309324,2.91134,1.14442,15.3181,0.05442,-0.06947,-0.4007
1619610309344,-2.63362,-0.21547,10.4866,0.03205,0.02639,-0.49444
1619610309364,0.11971,-1.53228,14.18325,0.04377,-0.0716,-0.47101
1619610309384,8.69574,-2.25054,6.27759,-0.018,-0.03538,-0.43479
1619610309404,-3.74453,-0.90979,13.42189,0.0246,-0.04497,-0.41348
1619610309424,2.25054,1.36948,9.39484,-0.05955,-0.06521,-0.41135
1619610309444,-1.50355,-0.25857,7.37892,0.09384,0.01361,-0.39537
1619610309464,5.67904,0.10055,13.20641,-0.02759,-0.06201,-0.4806
1619610309484,-3.53863,5.2816,11.3964,0.08745,0.10096,-0.46781
1619610309504,-11.58793,7.29752,6.11,-0.11601,-0.15043,-0.38792
1619610309524,-0.30645,1.87705,10.53927,0.07573,0.0722,-0.47314
1619610309544,2.55221,4.458,-0.07182,-0.10536,-0.02686,-0.43905
1619610309564,-3.95043,1.09654,1.53707,0.06508,-0.06201,-0.34211
1619610309584,-1.59932,2.83952,6.78995,0.01181,-0.02473,-0.2963
1619610309604,-0.64643,-8.66222,5.70777,-0.01694,-0.01301,-0.28672
1619610309624,0.23942,1.40779,8.16901,-0.04038,0.05196,-0.26967
1619610309644,4.5394,0.27293,8.25041,0.00116,0.07327,-0.28778
1619610309664,-2.86346,7.10599,2.70544,-0.00735,-0.06095,-0.39111
1619610309684,-2.34152,1.98718,7.01501,0.02673,0.16594,-0.32933
1619610309704,-2.56179,3.06936,4.26646,-0.01161,-0.06201,-0.38259
1619610309724,-9.51934,4.52025,11.56878,0.01075,0.03492,-0.44118
1619610309744,-6.79474,11.49695,10.18014,0.08745,-0.05349,-0.36661
1619610309764,-1.75255,3.86424,5.46356,0.04803,0.10309,-0.37087
1619610309784,3.03105,2.82036,6.47871,-0.04251,-0.08545,-0.37513
1619610309804,-10.19451,3.65834,11.7268,0.13858,0.06155,-0.48912
1619610309824,3.20823,5.78918,10.85052,-0.03292,-0.13339,-0.41029
1619610309844,-4.60644,2.33195,4.97515,0.04164,0.04024,-0.4987
1619610309864,-5.44441,1.38384,1.24498,0.04803,-0.13445,-0.43905
1619610309884,-1.29765,-2.34152,9.75397,0.01714,0.03172,-0.52001
1619610309904,-5.5737,5.70777,9.5768,-0.06168,0.01468,-0.42627
1619610309924,-10.33337,-1.59932,9.71088,0.13325,-0.0471,-0.38792
1619610309944,3.10767,-3.02148,6.95755,-0.03398,-0.0503,-0.34744
1619610309964,2.75812,2.91613,14.65251,-0.0212,0.01361,-0.46568
1619610309984,5.27682,-5.55454,8.9591,0.06721,-0.02047,-0.32933
1619610310004,0.76135,0.9481,14.2455,-0.1011,-0.04284,-0.40177
1619610310024,0.96246,2.41814,19.6127,-0.00735,-0.04071,-0.40709
1619610310044,3.70622,-1.24977,15.83525,0.02886,0.01041,-0.48699
1619610310064,-4.76446,-1.57059,15.34204,-0.05529,-0.06201,-0.44864
1619610310084,-0.28251,1.59453,16.45295,0.13325,0.04983,-0.42094
1619610310104,3.66312,-8.20732,12.93826,0.07573,0.01894,-0.41774
1619610310124,2.99275,2.8874,9.05965,-0.03079,0.05303,-0.38366
1619610310144,4.75488,-1.39821,8.71489,-0.03292,-0.06627,-0.39218
1619610310164,4.14196,-6.00465,12.96699,-0.02972,0.07327,-0.47314
1619610310184,4.63517,2.67192,7.58004,0.0459,-0.05136,-0.42733
1619610310204,-2.19308,-0.85233,13.32612,-0.04357,0.0232,-0.45503
1619610310224,2.20266,0.99598,13.98692,0.06401,-0.08332,-0.47527
1619610310244,1.56101,-2.0207,9.19852,-0.01587,0.05409,-0.43266
1619610310264,2.92571,-2.78685,17.63568,-0.02333,-0.08119,-0.47633
1619610310284,-1.50355,2.71023,8.7915,-0.00096,0.04131,-0.50616
1619610310304,4.20421,-0.07182,14.59026,0.09916,0.07753,-0.46994
1619610310324,-1.20188,2.42772,13.44583,-0.0244,0.07433,-0.38366
1619610310344,-6.90966,3.03105,13.9151,-0.03398,-0.0194,-0.40177
1619610310364,-7.8003,3.5913,9.73482,0.08425,-0.02047,-0.43585
1619610310384,-3.86903,-0.30645,0.92416,0.01181,-0.08651,-0.33359
1619610310404,-1.27371,3.93606,13.44583,-0.23319,0.2714,-0.39964
1619610310424,-0.29209,-1.54665,8.42758,0.10449,-0.04177,-0.45716
1619610310444,-1.94888,-0.66558,14.14973,9e-05,-0.15576,-0.52001
1619610310464,2.12605,8.21211,4.67348,-0.03931,0.01361,-0.60097
1619610310484,0.93373,2.61925,12.14817,-0.0244,-0.00342,-0.46142
1619610310504,-1.98239,1.12527,9.23204,-0.01374,0.04024,-0.4497
1619610310524,0.35913,-4.02704,4.02225,-0.07127,-0.02473,-0.40496
1619610310544,-8.13549,4.31914,10.75475,0.07147,0.05089,-0.46355
1619610310564,-4.48673,4.42448,13.11543,0.07466,-0.13339,-0.49551
1619610310564,-2.37504,1.4413,8.53772,0.01394,0.04344,-0.4497
1619610310604,3.84029,1.25456,11.24317,0.0981,-0.00768,-0.62014
1619610310624,1.32159,2.81558,5.45878,0.04484,-0.00129,-0.57753
1619610310644,-5.57849,4.63038,6.62715,-0.24064,-0.12273,-0.46675
1619610310664,0.23942,3.47159,-0.75656,-0.06914,0.07327,-0.28352
1619610310684,3.16992,0.09097,7.3071,0.04803,0.08179,-0.42094
1619610310704,-1.78607,1.17315,4.67827,-0.02972,-0.10569,-0.38046
1619610310724,-3.66312,3.11725,4.28083,-0.03079,0.05196,-0.39431
1619610310744,-4.0462,4.00789,4.66869,0.02566,0.02213,-0.35489
1619610310764,-6.82826,8.80587,6.86178,-0.0734,0.0477,-0.32507
1619610310785,5.93283,-0.56982,1.43173,0.03738,-0.10249,-0.34531
1619610310804,-4.81234,1.52271,11.75553,0.03312,0.19044,-0.3975
1619610310824,0.5363,4.21379,8.10676,-0.03611,-0.15043,-0.35809
1619610310844,-6.23929,-4.99909,8.00142,0.10129,0.08818,-0.40177
1619610310864,-4.18506,-1.06302,12.60786,0.0214,-0.09291,-0.49764
1619610310884,-6.51701,-0.13886,13.39795,0.04697,-0.04923,-0.33572
1619610310904,2.97838,-3.15555,11.59751,-0.01694,-0.00449,-0.37194
1619610310924,-3.6727,-0.19153,10.34295,0.0459,-0.02153,-0.3794
1619610310944,4.85544,-1.22583,11.89439,0.04484,0.03065,-0.42414
1619610310964,-1.04866,3.0933,14.63336,0.0214,-0.00982,-0.49764
1619610310985,-1.68551,-1.49877,14.93024,-0.08618,-0.01621,-0.45396
1619610311004,6.45476,-8.06367,10.99896,-0.00842,0.11375,-0.47101
1619610311024,6.57926,6.16267,14.16409,0.03099,-0.12912,-0.45396
1619610311044,6.26323,-1.72382,15.4809,0.0214,-0.08012,-0.41561
1619610311064,0.31603,-4.80276,19.1967,-0.00096,0.08818,-0.40177
1619610311085,1.68551,-3.5482,15.94538,-0.10323,-0.01408,-0.39218
1619610311104,-3.60087,-8.45632,7.73806,0.0704,-0.00023,-0.34105
1619610311124,0.68953,-0.76614,13.33091,-0.02333,0.02852,-0.39964
1619610311144,4.75488,1.27371,13.80017,0.03738,0.12333,-0.49018
1619610311164,4.01747,-0.76614,12.90953,0.09171,-0.0961,-0.46675
1619610311185,0.87627,2.94486,9.99818,0.00116,-0.03751,-0.52427
1619610311204,-0.19153,0.39743,13.23514,0.02673,-0.00662,-0.42201
1619610311224,5.68383,-2.72939,15.91665,0.01288,-0.03645,-0.39431
1619610311244,-7.67581,-3.04542,7.67102,-0.00203,0.03385,-0.33252
1619610311264,-6.04296,-0.7422,17.39626,0.00223,0.0445,-0.42733
1619610311284,2.70065,-2.15478,16.94137,-0.01907,-0.02153,-0.44757
1619610311304,1.70946,0.04788,8.10676,0.08532,0.10203,-0.40709
1619610311324,10.50575,-8.4228,16.00284,-0.16608,-0.06734,-0.49125
1619610311344,4.51546,1.53228,6.42603,0.11514,0.03811,-0.4806
1619610311364,-4.09408,-0.84754,7.49863,-0.05635,-0.15363,-0.38579
1619610311385,6.3973,3.93127,8.10676,-0.14158,0.10948,-0.40283
1619610311404,0.17717,-2.03985,14.42267,0.11621,0.19577,-0.46249
1619610311424,-2.37025,-2.52348,16.8839,0.00116,0.0477,-0.37407
1619610311444,1.64721,4.76446,6.04296,-0.00203,0.0445,-0.44012
1619610311464,-1.15879,-2.48996,9.14106,0.03312,0.06581,-0.41668
1619610311484,-0.47405,-2.50912,12.53125,-0.05955,-0.10569,-0.33572
1619610311504,-3.13161,7.16823,3.50511,0.03844,0.06048,-0.39857
1619610311524,-0.93852,2.07816,11.52568,-0.04783,-0.04603,-0.44544
1619610311544,6.09563,-2.79163,3.33751,-0.04144,-0.02047,-0.35063
1619610311564,7.49385,-0.93373,4.57292,0.0491,0.03385,-0.3794
1619610311584,2.13083,-2.17393,6.28238,-0.01587,0.02213,-0.47101
1619610311604,-1.25456,4.36702,6.16267,0.06295,0.03492,-0.42733
1619610311624,3.73974,3.55299,3.60087,0.03099,0.06155,-0.45716
1619610311644,-11.4347,-2.79163,8.7101,-0.29817,-0.22393,-0.33146
1619610311664,-6.00944,3.06457,2.86825,0.04164,0.07966,-0.45503
1619610311684,-5.82269,3.6296,3.03105,0.20889,-0.16002,-0.53599
1619610311704,-6.18182,3.33272,6.70855,-0.14264,0.04557,-0.45929
1619610311724,-0.61291,5.40131,12.07635,0.11834,0.01787,-0.51149
1619610311744,0.47405,1.02471,3.56257,0.03418,0.08711,-0.4007
1619610311764,-5.25766,-3.56736,14.91587,-0.06381,-0.06947,-0.49018
1619610311784,-3.80199,3.0933,15.50963,0.02992,0.16275,-0.46781
1619610311804,1.403,0.04309,10.47223,-0.02333,-0.01408,-0.4007
1619610311824,-7.54652,-2.26491,17.11375,0.04377,0.04983,-0.44331
1619610311844,4.93684,-4.30477,10.44829,-0.02333,-0.08971,-0.33465
1619610311864,-6.04775,1.59932,13.10586,0.01181,-0.00662,-0.37194
1619610311884,2.43729,4.41011,4.49631,0.04803,-0.00555,-0.38792
1619610311904,1.10133,-3.25132,7.74284,-0.02546,0.08818,-0.37194
1619610311924,7.58004,-2.95444,14.5759,0.05336,-0.04284,-0.38366
1619610311944,-0.09097,-12.61744,12.25352,-0.05422,-0.08438,-0.42201
1619610311964,-9.20331,2.20266,14.01565,-0.00096,0.0754,-0.4039
1619610311984,0.4501,-9.85932,18.8663,-0.08192,0.00615,-0.45716
1619610312004,-0.97683,7.06289,8.84418,0.08105,-0.10356,-0.38366
1619610312024,4.03662,-7.71411,19.6127,-0.05422,-0.16747,-0.4039
1619610312044,1.89141,1.74776,12.04283,0.03738,0.08924,-0.42414
1619610312064,-4.40533,-0.74699,9.414,0.06401,-0.0226,-0.40603
1619610312084,10.88882,0.68474,10.77869,-0.05422,-0.00129,-0.44118
1619610312104,-3.13161,-2.16435,15.32289,0.14817,-0.00768,-0.42946
1619610312124,-3.88339,-7.21612,6.00465,-0.02653,0.04983,-0.43053
1619610312144,5.54018,5.15711,0.72304,-0.1224,-0.0194,-0.52214
1619610312164,0.96725,-3.95522,18.02355,0.03525,-0.06627,-0.37726
1619610312184,-0.33039,-1.2785,5.66468,0.08745,0.0445,-0.38898
1619610312204,-5.21935,2.41335,10.85052,-0.04996,-0.02473,-0.33998
1619610312224,8.80587,4.97993,17.08981,0.01501,0.02533,-0.41029
1619610312244,0.13886,6.49307,3.04542,-0.03824,-0.00768,-0.48699
1619610312264,5.66946,-0.62249,6.12915,0.00116,0.09777,-0.43798
1619610312284,8.06367,0.13407,15.22712,-0.01694,-0.00129,-0.47207
1619610312304,-5.16668,-1.30244,14.50886,0.06934,0.02213,-0.51042
1619610312324,5.51145,-6.41167,8.15943,-0.018,-0.00342,-0.4774
1619610312344,-2.69108,7.69017,6.18182,-0.05422,0.03811,-0.4742
1619610312364,-0.30166,1.32638,9.29429,0.05229,-0.06201,-0.41668
1619610312384,-5.861,4.49631,10.06043,0.03844,0.02959,-0.46781
1619610312404,5.11401,0.72783,11.33415,-0.09364,0.00296,-0.49764
1619610312424,0.42137,-5.87058,10.37168,0.00649,-0.06201,-0.53066
1619610312444,-3.62003,3.42849,9.64384,0.00223,0.09031,-0.53279
1619610312464,-4.17069,5.43483,-1.73819,0.01288,0.02107,-0.45396
1619610312484,1.94409,0.96725,5.24809,-0.0244,0.03705,-0.40603
1619610312504,4.39575,3.30878,11.88481,-0.01907,0.01894,-0.36768
1619610312524,-13.56075,11.99016,14.78659,-0.06168,0.01468,-0.36448
1619610312544,-3.2992,-0.70868,8.92079,0.05762,0.02213,-0.44118
1619610312564,-6.40209,3.65834,3.24653,-0.00948,-0.00449,-0.43585
1619610312584,4.3766,2.20266,4.23773,-0.11601,-0.01088,-0.42201
1619610312604,0.11492,1.84832,10.23281,-0.00948,0.08072,-0.4774
1619610312624,-9.28471,-0.14844,13.76187,0.05336,-0.05456,-0.47101
1619610312644,-6.33026,8.92079,1.08217,-0.02759,0.01787,-0.46249
1619610312664,-5.09486,6.59841,10.4866,-0.00522,-0.08758,-0.4774
1619610312684,-0.21547,0.21068,9.23683,0.03738,0.10416,-0.46462
1619610312704,1.88663,-1.84832,16.63012,0.02779,0.10629,-0.48699
1619610312724,-10.91756,1.68072,6.10521,-0.07233,-0.09078,-0.4742
1619610312744,1.6089,3.27047,7.513,-0.01907,-0.03751,-0.47314
1619610312764,-5.01345,5.67425,-1.53228,0.06508,-0.00768,-0.47846
1619610312784,-7.57046,0.83318,4.04141,-0.07659,0.01787,-0.46781
1619610312804,-2.94965,7.92001,10.568,-0.00416,0.08818,-0.43159
1619610312824,-4.61123,-1.72382,8.11155,-0.01694,-0.05669,-0.39431
1619610312844,2.61925,0.43095,9.89284,-0.0489,-0.08119,-0.41881
1619610312864,0.6991,-3.91691,4.48673,0.0182,0.05835,-0.42733
1619610312884,1.2785,0.91937,7.29752,0.01501,0.00828,-0.44651
1619610312904,-3.30878,2.47081,9.35175,-0.06914,-0.01727,-0.44864
1619610312924,8.66701,-4.35265,13.48893,-0.06807,0.09244,-0.39964
1619610312944,-3.81156,-6.61278,16.73068,0.00329,0.05835,-0.43266
1619610312964,3.49553,-7.50821,14.63814,0.00755,-0.11208,-0.45396
1619610312984,7.44117,-3.92649,9.7444,-0.04464,0.03811,-0.52001
1619610313004,6.79953,-9.26077,13.02445,0.02247,-0.05243,-0.46142
1619610313024,8.55208,-5.09486,12.01889,-0.00522,-0.00982,-0.49444
1619610313044,-2.60967,-0.82839,13.02924,0.11088,-0.03964,-0.50723
1619610313064,0.96246,4.38138,14.33647,-0.10216,-0.38692,-0.44331
1619610313084,-0.60812,3.82593,7.44596,0.03951,0.21175,-0.40922
1619610313105,-1.26892,1.33596,9.89284,0.06081,-0.07906,-0.36768
1619610313124,0.24899,-4.95599,19.6127,-0.15436,-0.06734,-0.36342
1619610313144,9.02614,-5.18105,19.6127,-0.05742,-0.03112,-0.43585
1619610313164,-3.94085,3.90254,17.59738,-0.01694,-0.02686,-0.28991
1619610313184,5.7796,-0.62728,15.20796,0.04377,0.05089,-0.30696
1619610313205,6.29675,-4.0031,8.19774,-0.09577,-0.05456,-0.29737
1619610313224,-2.69587,3.48116,15.54794,0.05229,0.00509,-0.25582
1619610313244,9.9886,-6.2728,14.23113,-0.02014,0.01148,-0.26222
1619610313264,-3.0119,-7.10599,4.76446,-0.10962,0.01468,-0.28246
1619610313284,-3.41892,1.03908,9.11233,0.15882,0.03385,-0.28139
1619610313304,4.58729,1.8148,9.65342,0.04803,0.15742,-0.39005
1619610313324,-3.3423,3.58172,10.47223,0.13112,0.02959,-0.38153
1619610313344,-0.11971,2.4325,7.31189,0.06827,-0.10995,-0.4007
1619610313364,0.73262,-4.35744,11.48259,-0.11494,0.06581,-0.38792
1619610313384,-2.67192,2.51391,3.59609,0.0214,-0.08332,-0.40283
1619610313405,3.69185,10.14662,1.97282,0.04803,0.03811,-0.34744
1619610313424,2.09253,-7.10599,11.08036,-0.04251,-0.01834,-0.34637
1619610313444,3.055,-0.56503,16.62533,-0.01161,-0.0226,-0.39111
1619610313464,5.55933,1.29765,7.87213,0.06188,-0.01088,-0.33998
1619610313484,-13.24472,2.73417,11.96143,-0.00309,-0.11421,-0.36874
1619610313506,2.4756,0.71826,9.76834,0.05016,0.01787,-0.34424
1619610313524,-5.3247,1.51792,11.95664,0.09277,-0.04816,-0.38259
1619610313544,-2.20745,-2.7246,13.94383,-0.02866,0.09883,-0.39644
1619610313564,3.8786,-1.81001,13.94861,0.07786,0.05089,-0.36235
1619610313584,6.79474,-3.0119,11.86566,0.01607,-0.00023,-0.39324
1619610313606,-11.16655,-5.3678,11.58314,-0.01694,-0.01195,-0.42733
1619610313624,2.48039,0.76614,10.83615,0.05655,0.07859,-0.42627
1619610313644,-1.83395,-1.12048,13.40274,0.01607,-0.11208,-0.41988
1619610313664,6.67503,-3.46201,12.95742,-0.09151,0.06581,-0.38898
1619610313684,-0.5363,-6.96233,15.50485,0.14177,0.03918,-0.42094
1619610313704,9.40442,-6.1914,10.13704,0.00862,-0.06414,-0.45716
1619610313724,-1.47003,1.68072,13.32612,-0.02759,0.03065,-0.45822
1619610313744,-11.01811,4.34787,19.16319,-0.01268,0.09244,-0.43372
1619610313764,-2.29364,-5.55454,6.9336,0.02992,0.03065,-0.42307
1619610313784,1.23061,-6.57447,14.63814,0.00862,0.00828,-0.41774
1619610313805,6.2728,-6.43082,19.6127,-0.03292,-0.05136,-0.40496
1619610313824,9.27034,-11.11388,9.99818,0.11514,-0.01088,-0.36768
1619610313844,7.15387,-1.17794,8.25041,-0.05955,-0.00023,-0.46568
1619610313864,4.38138,-3.4237,6.82347,-0.06488,0.01894,-0.46462
1619610313884,-3.18907,-6.74686,14.2455,-0.06275,-0.04603,-0.45503
1619610313904,3.36145,-1.73819,10.19451,0.11514,0.01574,-0.44757
1619610313924,13.61343,-0.73741,18.87109,-0.03931,-0.01408,-0.50616
1619610313944,11.22401,-6.2345,15.17923,-0.00522,0.03279,-0.47527
1619610313964,-2.85388,-2.71502,7.66623,0.03312,-0.03751,-0.44651
1619610313984,3.11246,1.13964,10.1562,-0.0457,0.0754,-0.37833
1619610314004,-4.15154,-2.53306,15.83046,0.0182,0.01041,-0.42094
1619610314024,9.77792,-3.3854,2.11647,-0.00416,-0.02473,-0.41348
1619610314044,-13.10107,2.0207,15.08825,0.01075,-0.04284,-0.44331
1619610314064,4.60644,-6.80432,9.13627,-0.07872,0.09031,-0.35276
1619610314084,2.70065,2.16914,-1.52271,-0.03718,-0.04816,-0.40603
1619610314104,11.96143,2.557,16.37155,-0.00735,-0.09717,-0.4987
1619610314124,7.4316,-3.7541,6.65588,0.05016,-0.00982,-0.55516
1619610314144,-2.26491,-1.03429,15.96932,-0.04677,-0.10888,-0.47207
1619610314164,-2.26491,-1.03429,15.96932,-0.04677,-0.10888,-0.47207
1619610314184,2.72939,5.46835,12.73236,0.07253,-0.4487,-0.42414
1619610314204,0.67516,1.87226,9.06923,0.0182,0.10842,-0.31548
1619610314224,3.56736,-0.85233,10.58716,-0.06062,-0.08971,-0.36768
1619610314244,3.89297,6.99585,8.40364,-0.06168,-0.03858,-0.51468
1619610314264,5.02303,0.44532,11.96622,0.02886,0.02533,-0.34957
1619610314284,8.64785,2.87304,11.20965,0.01394,-0.18558,-0.46781
1619610314304,2.45166,2.85388,10.47223,0.04057,0.02959,-0.44651
1619610314324,2.4325,-0.2059,6.96233,-0.16182,0.04237,-0.42627
1619610314344,-9.75397,-0.77572,19.6127,-0.16395,0.03065,-0.2995
1619610314364,5.82748,-0.56024,5.43004,-0.04677,0.01361,-0.33892
1619610314384,0.60333,2.44208,-1.12048,0.0214,0.03598,-0.24837
1619610314404,-3.01669,3.5482,7.04374,0.05336,0.09351,-0.32294
1619610314424,-3.7158,8.32224,5.62637,0.38039,0.43865,-0.4742
1619610314444,-7.37414,6.69418,14.47055,-0.17779,-0.11315,-0.42627
1619610314464,-8.58081,4.91769,-4.80755,-0.12134,-0.06947,-0.4284
1619610314484,-2.70065,3.70622,0.17717,0.26641,0.08605,-0.60097
1619610314504,-1.58496,0.02873,14.39872,0.00436,-0.02792,-0.46462
1619610314524,-4.06535,13.11543,-4.13718,-0.17566,-0.00662,-0.49977
1619610314544,-8.90643,0.78529,11.68849,-0.05529,-0.1515,-0.44225
1619610314564,-0.23463,2.89219,2.09732,0.06295,0.08072,-0.48592
1619610314584,9.50019,-3.90733,10.03649,-0.06381,-0.01621,-0.50297
1619610314604,-6.91445,2.06859,6.73728,-0.06168,0.00402,-0.4252
1619610314624,3.88339,1.8148,6.18661,0.02247,-0.08119,-0.41988
1619610314644,-9.21288,5.76523,-2.37025,0.08638,0.10096,-0.46142
1619610314664,-10.43871,8.15465,6.38294,-0.02972,-0.01195,-0.4529
1619610314684,-4.18506,4.36702,-0.68953,-0.00416,-0.04497,-0.42201
1619610314704,1.81001,-2.27928,9.16979,-0.04996,-0.03538,-0.46675
1619610314724,1.1971,1.42215,10.3621,-0.05103,0.13931,-0.38259
1619610314744,-4.11802,-2.17872,11.88481,0.00755,-0.05882,-0.39111
1619610314764,-2.88261,-2.60967,18.9094,0.02886,-0.0194,-0.35276
1619610314784,5.62158,0.56024,9.23204,-0.02653,-0.03751,-0.31441
1619610314804,-3.42849,-2.74375,11.00853,0.05016,0.01787,-0.27606
1619610314824,0.22984,4.60644,10.13704,0.00649,-0.0961,-0.34957
1619610314844,1.66157,-3.12682,15.24627,-0.04996,0.06261,-0.37726
1619610314864,-1.14442,5.05655,8.28872,0.05442,-0.01621,-0.3485
1619610314884,-1.77649,-7.95832,14.56153,-0.05316,-0.05456,-0.33892
1619610314904,2.2697,-7.77636,14.79137,0.05016,0.02,-0.37726
1619610314924,-6.13394,-4.6208,17.88468,-0.04996,0.0445,-0.36555
1619610314944,-1.37906,2.94486,19.6127,0.03951,0.04983,-0.4284
1619610314964,-5.16189,-1.96324,8.43237,-0.02759,-0.08119,-0.34318
1619610314984,-3.41413,-3.01669,10.41477,0.03631,0.06048,-0.36342
1619610315004,-8.11634,9.91199,10.39562,0.0491,-0.07054,-0.40709
1619610315024,-5.82748,-3.20344,8.45153,-0.03398,0.05409,-0.41455
1619610315044,4.1276,-6.67503,11.03727,-0.01055,0.01681,-0.41135
1619610315064,-0.15322,0.4501,11.26232,0.05123,0.02,-0.33465
1619610315084,10.24239,-1.8962,9.75876,0.01607,0.02213,-0.31122
1619610315104,-6.99106,-0.71826,19.6127,-0.05635,0.02,-0.32613
1619610315124,12.61265,-0.53151,7.81467,0.05762,0.02746,-0.28778
1619610315144,-2.45645,-0.7422,9.40921,0.05442,0.01041,-0.24411
1619610315164,1.89141,0.84754,15.73469,0.01501,-0.08545,-0.26009
1619610315184,5.85621,-0.51235,2.57616,-0.07127,-0.10995,-0.28139
1619610315204,-2.05422,-0.91937,-2.15957,0.06508,-0.00555,-0.31441
1619610315224,-6.19619,2.73896,5.62637,-0.0212,-0.04071,-0.36874
1619610315244,0.91937,0.68474,5.91846,0.02247,0.11268,-0.42414
1619610315264,10.65898,-1.51792,7.24485,0.0214,-0.18665,-0.42627
1619610315284,-2.81079,5.74608,10.76911,0.0246,-0.01408,-0.44757
1619610315304,-5.24809,-3.03105,13.30218,0.03525,-0.04603,-0.49764
1619610315324,-9.52892,7.67581,5.46835,0.01714,-0.00023,-0.51255
1619610315344,-2.94965,-6.83784,7.29752,-0.03931,-0.12806,-0.49338
1619610315364,5.62158,1.77649,1.5658,0.0459,-0.06308,-0.55836
1619610315384,-5.79396,5.2816,7.73806,-0.06488,-0.05882,-0.58712
1619610315404,4.24252,3.81635,5.7365,0.12899,0.24158,-0.57114
1619610315424,-2.08295,3.94564,6.70855,-0.02759,-0.08012,-0.5296
1619610315444,-1.70467,0.4118,6.22013,-0.0489,0.05089,-0.57434
1619610315464,-2.71502,2.32237,7.83861,0.02779,-0.01195,-0.5264
1619610315484,0.55545,0.4118,1.14442,0.0214,-0.05882,-0.4529
1619610315504,-5.05655,2.42293,16.33324,-0.02972,0.13079,-0.46675
1619610315525,-0.55066,0.11013,11.77947,-0.1192,-0.09504,-0.42201
1619610315544,-5.61679,4.55856,7.01979,0.0182,0.01574,-0.50936
1619610315564,-2.34152,1.00077,10.42435,-0.01907,0.03172,-0.53386
1619610315584,-5.02303,1.02471,13.7906,0.05549,-0.0748,-0.43585
1619610315604,0.44532,-1.93451,4.34308,0.00329,0.03918,-0.38366
1619610315624,-3.53384,-5.48272,16.27099,-0.02653,-0.01088,-0.38898
1619610315644,-1.22583,3.84987,14.6573,-0.08512,-0.05456,-0.4007
1619610315664,2.40856,-0.82839,6.08127,0.12473,0.02533,-0.41348
1619610315684,-0.89543,-1.35032,9.27513,-0.04251,-0.03751,-0.42733
1619610315704,-3.16513,-2.2266,18.05707,-0.03718,0.04237,-0.43585
1619610315724,5.01345,-2.9305,14.44661,0.08745,-0.01408,-0.53599
1619610315744,-2.78206,-4.27604,17.45851,-0.02972,-0.02047,-0.46675
1619610315764,-2.0638,-1.31681,14.13057,0.00542,0.03385,-0.36661
1619610315784,3.08852,5.21457,6.43082,0.04057,-0.00236,-0.33572
1619610315804,1.92972,-4.77882,12.09071,-0.01374,0.00615,-0.34318
1619610315825,-0.9481,2.27449,10.2807,0.05549,0.07966,-0.41029
1619610315844,-4.79319,-3.65834,13.14895,0.04271,-0.07693,-0.35916
1619610315864,1.36948,8.93516,4.21379,-0.01694,-0.01195,-0.39324
1619610315884,2.05901,-0.20111,19.6127,-0.03611,0.03705,-0.41561
1619610315904,0.82839,-3.44765,10.7356,0.10556,0.05089,-0.41348
1619610315926,1.79565,-11.57357,19.6127,-0.05422,-0.11315,-0.41455
1619610315944,-3.99352,0.81402,4.58729,-0.05316,0.09457,-0.41881
1619610315964,9.94072,-9.94072,19.6127,0.02992,0.08605,-0.44864
1619610315984,4.41011,3.15076,0.89064,0.03418,-0.01621,-0.38685
1619610316004,3.03105,-0.38786,11.48259,-0.01374,0.10416,-0.40496
1619610316024,10.35731,-6.04296,16.50083,0.07679,-0.00023,-0.43372
1619610316044,-5.02782,5.04218,6.06211,-0.05103,-0.02366,-0.40283
1619610316064,3.75889,2.36547,8.17859,-0.04038,0.00935,-0.41774
1619610316084,1.41736,-0.45489,10.63983,0.04164,0.04237,-0.46142
1619610316104,2.82994,-0.84754,3.04542,0.02673,-0.00129,-0.50297
1619610316124,4.56334,0.48362,7.89607,-0.01374,0.01787,-0.49764
1619610316144,0.67037,1.34554,11.51611,0.1194,0.02,-0.45716
1619610316164,4.458,-0.07661,8.55687,-0.09364,-0.06414,-0.45183
1619610316184,5.77481,-4.18506,9.50498,0.0459,0.05729,-0.49125
1619610316204,-3.83551,3.14119,3.52905,0.09171,-0.08438,-0.54558
1619610316225,2.49475,2.94007,2.4325,-0.07127,-0.07586,-0.49977
1619610316244,3.15555,-0.09576,13.28303,-0.04677,0.02426,-0.45609
1619610316264,1.94888,3.84508,-3.20344,-0.02653,-0.05243,-0.5019
1619610316284,-6.3159,4.04141,4.3335,0.03951,-0.00449,-0.51575
1619610316304,1.95845,3.53863,4.3766,-0.1746,0.01041,-0.54345
1619610316324,7.264,-2.51391,12.04283,0.0182,-0.15789,-0.43479
1619610316344,-2.88261,2.71023,6.69897,0.01714,0.04237,-0.5019
1619610316364,0.27293,0.02394,12.87122,-0.11707,0.01041,-0.43266
1619610316384,2.8491,-5.15232,10.42435,0.06081,0.00189,-0.40496
1619610316404,-2.20266,0.56024,7.64708,-0.16608,-0.06201,-0.40283
1619610316424,9.69651,-3.21301,9.93593,0.10556,0.10735,-0.38792
1619610316444,2.94965,0.98162,11.52089,-0.01481,-0.0748,-0.37726
1619610316464,4.79798,7.264,3.44286,-0.10962,-0.03538,-0.4039
1619610316484,2.61925,-0.33997,10.63983,0.01607,0.07433,-0.41135
1619610316504,-3.1795,3.95522,3.79241,0.07253,-0.02366,-0.36768
1619610316524,-11.6023,7.62313,2.75812,-0.06275,-0.07267,-0.3762
1619610316544,1.35032,0.38307,4.38617,0.05336,0.08605,-0.43798
1619610316564,-11.49216,4.92247,6.75164,-0.0212,-0.07373,-0.44544
1619610316584,-10.44829,4.00789,15.98847,0.09916,0.09564,-0.39964
1619610316604,-10.85052,5.02303,17.26219,-0.12027,-0.09823,-0.31228
1619610316624,3.055,0.55066,9.78749,-0.04038,-0.08332,-0.36555
1619610316644,-3.88818,2.25533,12.70842,0.05655,-0.10356,-0.39644
1619610316664,-3.53863,-0.1628,11.89439,0.05868,-0.01088,-0.42307
1619610316684,-1.64242,-10.98938,19.6127,-0.05209,0.04557,-0.41988
1619610316704,0.55545,-10.81221,3.11246,0.14391,-0.07693,-0.4252
1619610316724,2.54264,3.43328,9.54328,-0.05742,-0.02579,-0.43266
1619610316744,11.92791,-5.92804,11.5592,-0.05955,-0.05775,-0.41135
1619610316764,-0.40222,0.39743,1.74297,0.12899,0.05942,-0.38046
1619610316784,-5.7365,2.02549,14.80574,-0.09044,-0.00768,-0.41881
1619610316804,1.76213,3.60566,7.21133,0.0182,-0.06095,-0.4284
1619610316824,1.84353,5.76044,3.37582,-0.00842,0.03065,-0.53705
1619610316844,4.09887,-6.53617,10.09874,-0.02546,-0.05136,-0.54984
1619610316864,7.88171,-6.99106,12.85686,0.09277,0.09564,-0.45609
1619610316884,-0.36391,1.20667,13.61343,-0.02759,-0.00555,-0.42094
1619610316904,6.76122,-1.64242,10.74996,-0.01907,0.09564,-0.39431
1619610316924,-4.44363,-4.0845,19.6127,-0.05422,-0.00236,-0.38366
1619610316944,4.17069,-5.43483,15.18881,0.08319,-0.0503,-0.36768
1619610316964,2.30322,2.49475,16.77856,-0.0702,0.03811,-0.45609
1619610316984,5.40131,-3.89776,10.29985,-0.06701,-0.10782,-0.42201
1619610317004,2.05901,-1.04387,10.80742,0.00542,0.10948,-0.43159
1619610317024,4.0462,-3.60566,9.94072,-0.00203,-0.00662,-0.45396
1619610317044,0.64164,1.88184,15.70596,0.06295,-0.18345,-0.38366
1619610317064,0.07182,4.04141,7.77157,-0.01694,0.07007,-0.36022
1619610317084,-5.11401,5.95198,3.23217,0.03631,0.04024,-0.39857
1619610317104,-4.46279,-3.5482,19.6127,0.00755,-0.11208,-0.36342
1619610317124,10.51054,-5.54497,12.11466,-0.01694,0.10522,-0.39537
1619610317144,2.86346,-4.51067,7.86255,-0.02866,-0.1238,-0.37833
1619610317164,4.17069,4.06535,2.0207,0.01288,0.02213,-0.38046
1619610317184,-4.94642,1.85311,3.22259,-0.07127,-0.00555,-0.46142
1619610317204,1.1971,1.21625,11.36288,0.12153,-0.00982,-0.48166
1619610317224,2.21703,-0.19153,5.85142,0.0182,0.01041,-0.39324
1619610317244,-7.64708,3.1795,12.63659,-0.06914,0.09457,-0.37833
1619610317264,9.75876,1.26413,2.33195,0.00436,-0.02686,-0.37833
1619610317284,-1.5275,4.55377,8.08761,0.12899,0.08924,-0.38685
1619610317304,2.05422,4.9129,10.55364,-0.06168,0.03918,-0.37407
1619610317324,1.10612,-1.6903,4.01268,-0.02333,-0.00662,-0.33892
1619610317344,-4.09408,10.24718,9.4954,0.03418,-0.03645,-0.38579
1619610317364,-0.17238,1.33117,-1.30244,0.01714,0.04344,-0.34105
1619610317384,-11.20965,4.79319,15.00206,0.05868,-0.04603,-0.38685
1619610317404,-0.5746,-5.74608,11.49216,-0.05422,0.03492,-0.33039
1619610317424,0.07661,-1.10133,11.82256,-0.01481,-0.03645,-0.37087
1619610317444,-8.96389,2.49475,4.41011,0.10449,0.01255,-0.3485
1619610317464,-1.59453,-3.16513,10.93671,-0.07766,0.0477,-0.41881
1619610317484,3.43807,-0.64643,9.48103,-0.05209,-0.10356,-0.41455
1619610317504,-0.51235,2.7629,6.22971,0.07253,0.10096,-0.40283
1619610317524,2.96881,-2.44208,8.71489,0.02779,0.04131,-0.36981
1619610317544,3.98874,-3.39976,17.56386,-0.01374,0.04876,-0.41135
1619610317564,11.10909,-0.20111,4.14675,0.06188,-0.12593,-0.35596
1619610317584,1.12527,-2.64319,8.38928,-0.00842,0.14357,-0.37833
1619610317604,2.57137,4.16591,12.83771,-0.00735,-0.18665,-0.30483
1619610317624,-6.26802,5.0374,8.5042,-0.018,0.1457,-0.31654
1619610317644,-6.81389,2.37025,6.76601,0.06934,-0.05136,-0.3794
1619610317664,-13.03882,9.05965,12.09071,-0.04677,0.14996,-0.33998
1619610317684,-7.24485,0.97683,15.45217,0.03205,0.01255,-0.36981
1619610317704,-0.85233,-3.56257,12.84249,-0.09683,0.0477,-0.28246
1619610317724,-2.28406,-2.04464,14.77222,0.00542,0.03811,-0.30696
1619610317724,2.45166,-0.29209,3.56257,0.05229,-0.02366,-0.41029
1619610317764,-2.3511,-4.14196,4.51067,0.1194,-0.1238,-0.37087
1619610317784,8.43716,-1.49398,7.42202,-0.02333,-0.05349,-0.45716
1619610317804,-0.25857,-0.22026,13.24472,0.08638,0.02107,-0.50297
1619610317824,-1.89141,-4.88896,14.06832,0.00542,0.09244,-0.42414
1619610317845,-0.27293,-3.61045,10.37168,0.06081,0.12014,-0.50936
1619610317864,-1.38384,-1.28329,12.34929,-0.11068,-0.06627,-0.44757
1619610317884,1.69988,-2.54743,14.25986,-0.02227,-0.00129,-0.44864
1619610317904,0.01436,0.66079,14.5328,-0.03931,-0.06947,-0.45396
1619610317924,-6.6032,6.07169,6.59841,-0.02866,0.11801,-0.41242
1619610317945,4.64475,5.33907,10.91756,-0.04038,-0.03006,-0.37726
1619610317964,0.58897,5.23372,10.34773,-0.06914,-0.07373,-0.45077
1619610317984,8.56645,1.20667,9.33259,0.17586,0.03385,-0.38898
1619610318004,-8.46589,3.69185,7.41244,-0.05209,0.07859,-0.41029
1619610318024,5.24809,-10.33816,10.44829,-0.04144,-0.12912,-0.40709
1619610318044,-2.62404,1.15879,8.32224,0.0182,0.04876,-0.38792
1619610318064,7.24485,1.47961,8.93516,0.03525,0.06368,-0.33892
1619610318084,2.95923,3.66791,13.44104,-0.11068,-0.00982,-0.34957
1619610318104,-1.10612,0.75177,12.37802,0.04164,-0.03325,-0.36768
1619610318124,-3.65355,8.00621,2.06859,-0.01374,-0.05775,-0.4806
1619610318145,-4.94163,5.11401,9.33738,0.04057,-0.04816,-0.39005
1619610318164,9.77313,2.5187,0.09576,-0.04464,-0.10356,-0.41774
1619610318184,-1.75255,3.43328,5.52581,-0.00948,0.15103,-0.35809
1619610318204,-0.43574,-3.57214,9.24161,-0.04783,-0.14723,-0.42094
1619610318224,-3.63439,3.03105,6.79953,0.06721,0.07753,-0.43905
1619610318245,-1.16837,5.44441,3.47638,-0.04251,-0.09184,-0.45929
1619610318264,2.23139,-0.0814,15.92623,0.03205,0.04131,-0.41988
1619610318284,-13.65652,6.57926,10.4435,0.03951,0.0445,-0.50084
1619610318304,-9.28471,5.20499,-0.29209,-0.05955,-0.06627,-0.35809
1619610318324,0.54108,4.30956,5.45399,0.05016,-0.01301,-0.49551
1619610318346,-4.68784,7.11556,11.23838,0.06614,0.00935,-0.40177
1619610318364,-8.48505,7.1012,9.84974,-0.00948,0.16168,-0.51042
1619610318384,-6.48828,4.94163,12.45463,0.07999,0.05729,-0.45503
1619610318404,1.99676,2.38941,5.02303,0.02566,-0.05988,-0.34957
1619610318424,-10.59673,5.96635,7.67102,-0.01374,0.10735,-0.38259
1619610318444,-3.7972,5.2002,10.4866,0.04697,0.19364,-0.33039
1619610318464,2.31279,3.26569,-1.7334,-0.05955,-0.17387,-0.31761
1619610318484,-10.17535,3.45243,6.81868,-0.05848,0.05303,-0.33785
1619610318504,3.47159,-1.49398,16.83602,0.06081,-0.0194,-0.39857
1619610318524,4.59207,-1.11569,13.49851,-0.05316,0.06687,-0.29844
1619610318545,-1.6089,-3.57214,10.76911,-0.03718,0.01148,-0.44757
1619610318564,-0.7422,-4.00789,8.36055,0.02992,-0.06414,-0.36129
1619610318584,-2.10689,-4.36702,17.49203,-0.01587,-0.0961,-0.36129
1619610318604,1.44609,-4.43406,9.76834,-0.02227,0.00615,-0.4039
1619610318624,-5.75087,-7.27358,13.36443,0.09597,-0.05349,-0.33039
1619610318645,-0.48362,4.42448,13.7475,0.02353,0.15529,-0.31654
1619610318664,-8.63828,-5.66468,10.62067,0.0214,-0.03645,-0.39324
1619610318684,2.05901,-1.77649,9.84016,9e-05,-0.04816,-0.38259
1619610318704,4.31914,-7.35977,18.63646,-0.01907,-0.02686,-0.3794
1619610318724,8.43237,4.9512,10.85052,0.0491,0.01894,-0.41774
1619610318744,1.22583,1.89141,7.61834,-0.06168,-0.11315,-0.36768
1619610318764,3.40455,-5.17147,14.91108,-0.05209,0.08711,-0.45503
1619610318784,6.32069,-0.96246,10.93192,0.04271,-0.03325,-0.42307
1619610318804,3.3423,-1.35511,13.38837,-0.0244,0.10309,-0.38579
1619610318824,1.94409,-3.58172,11.73158,0.03844,0.11375,-0.41348
1619610318844,7.264,-8.39885,6.52659,0.00862,0.02533,-0.45077
1619610318864,4.68305,-10.99417,16.98446,0.04803,0.02107,-0.49764
1619610318884,7.03416,-9.39963,19.6127,-0.04677,-0.02047,-0.48486
1619610318904,1.41736,-1.50834,17.70272,-0.02014,-0.02792,-0.46888
1619610318924,-5.38216,-1.08217,9.83538,0.01181,-0.06414,-0.48379
1619610318944,-1.50834,3.15555,9.70609,0.00116,0.03492,-0.44757
1619610318964,-0.25857,5.76044,10.77869,-0.02759,0.02213,-0.43159
1619610318984,5.07091,-4.6208,7.66623,0.06508,0.04344,-0.43159
1619610319004,-0.85233,2.4325,10.25675,-0.16501,0.04131,-0.41774
1619610319024,4.06535,3.63439,10.14662,0.06508,-0.14936,-0.4039
1619610319044,-0.20111,0.37828,7.87213,0.04803,0.07007,-0.31441
1619610319064,2.25533,8.07803,7.40287,-0.09577,-0.04177,-0.37087
1619610319084,-0.39743,2.82994,9.89284,0.02353,0.05835,-0.32933
1619610319104,11.53047,6.24886,-0.0383,-0.06488,-0.04071,-0.35063
1619610319124,-0.88106,1.26892,6.44519,0.0459,-0.08864,-0.31868
1619610319144,3.39976,-1.49877,7.35498,-0.08725,0.00615,-0.36448
1619610319164,7.26879,-1.69988,2.71023,0.00436,0.19364,-0.35596
1619610319184,-0.56024,-4.60165,9.64384,0.1194,-0.01621,-0.46994
1619610319204,6.58884,4.42927,8.28872,-0.02866,-0.03325,-0.44225
1619610319224,3.47638,-0.26815,4.48194,0.06721,0.07007,-0.44864
1619610319244,-0.90021,1.27371,13.43147,-0.08299,-0.06521,-0.42414
1619610319264,-4.24731,6.16746,3.0119,0.02886,0.04131,-0.44757
1619610319284,0.01915,3.44765,5.9041,-0.03718,0.08711,-0.39537
1619610319304,3.45243,3.09809,-0.87148,-0.00203,-0.0194,-0.373
1619610319324,-8.71968,9.33259,10.29027,0.01714,-0.13765,-0.35276
1619610319344,4.26167,1.89141,7.50342,0.08958,0.06687,-0.47314
1619610319364,-5.20978,6.32069,15.15529,0.0182,0.03705,-0.45822
1619610319384,4.12281,0.63685,9.46188,-0.09577,-0.03751,-0.41988
1619610319404,-5.88973,-9.21767,7.91044,-0.12879,-0.13126,-0.3794
1619610319424,-1.41736,4.49631,5.83706,0.05229,0.03598,-0.36874
1619610319444,-2.56179,-7.93438,11.37245,-0.04464,0.02959,-0.33039
1619610319464,6.48828,4.42448,-7.62792,0.03205,-0.08758,-0.37087
1619610319484,2.79642,1.8962,10.58237,0.05549,-0.0439,-0.33465
1619610319504,-4.64475,-1.58017,14.50886,-0.00522,0.06048,-0.44012
1619610319524,-10.47702,1.67115,10.90319,0.00862,0.01255,-0.38898
1619610319544,0.27772,-4.10366,12.73236,0.00436,0.06794,-0.35809
1619610319564,-1.65199,-0.89064,9.71088,-0.02972,-0.05136,-0.40922
1619610319584,-0.6991,-2.7629,11.50653,0.00116,-0.00982,-0.43053
1619610319604,2.18351,1.21625,9.05965,0.02247,-0.00342,-0.50403
1619610319624,-1.09175,-3.03584,17.03235,0.02779,0.01468,-0.46781
1619610319644,-1.69988,-1.66636,13.80496,0.04377,0.09457,-0.43905
1619610319664,2.59052,-5.4061,11.46343,-0.02014,0.09137,-0.46142
1619610319684,0.43095,-3.05021,19.6127,-0.04677,-0.08012,-0.46355
1619610319704,-6.26802,1.93451,10.92713,0.09171,0.02533,-0.40177
1619610319724,-0.38307,-7.98226,19.6127,-0.01587,-0.0748,-0.39218
1619610319744,-4.2521,2.806,8.76277,-0.02333,-0.08651,-0.47953
1619610319764,-4.66869,-1.09175,14.60941,0.06081,0.02426,-0.36129
1619610319784,5.38695,-4.46758,12.36844,-0.03931,-0.00236,-0.37407
1619610319804,-2.34152,3.52426,8.10197,-0.10216,0.07113,-0.32933
1619610319824,-5.66468,-1.88184,8.90643,0.09064,-0.00875,-0.31761
1619610319844,-4.0845,-7.98226,8.00621,0.00223,-0.0503,-0.27074
1619610319864,3.0119,8.78193,10.93671,-0.02227,-0.02153,-0.30802
1619610319884,5.25287,-1.26892,12.89517,-0.0734,0.00083,-0.34424
1619610319904,2.32237,-1.55144,7.40287,-0.00096,-0.06201,-0.38153
1619610319924,1.63763,1.69988,0.63685,0.0246,-0.11528,-0.32507
1619610319944,2.48039,-2.60489,14.43224,9e-05,0.03598,-0.30589
1619610319964,-4.79319,4.93684,12.31098,0.07679,-0.02473,-0.39537
1619610319984,-6.96712,8.20732,3.3854,0.01501,-0.05349,-0.46142
1619610320004,0.48362,-3.90254,8.37012,0.08105,0.05196,-0.43585
1619610320024,0.20111,-12.13381,18.68913,0.01394,-0.08225,-0.36981
1619610320044,0.5746,5.42047,5.88973,-0.00203,-0.10569,-0.41988
1619610320064,1.21146,2.24097,4.60644,0.12047,0.10203,-0.42094
1619610320084,-4.76446,-2.27928,8.28393,0.02247,-0.08971,-0.42627
1619610320104,4.09408,-5.34864,7.58004,-0.10855,0.06261,-0.45077
1619610320124,-3.02627,4.46758,7.1826,0.13751,-0.01088,-0.46355
1619610320144,0.97204,0.64643,9.7013,-0.05422,0.03598,-0.51149
1619610320165,-10.29985,9.93114,6.58884,-0.04783,-0.07906,-0.47314
1619610320184,-3.53863,-2.26491,8.60954,0.03525,-0.00129,-0.3762
1619610320204,-0.98162,11.76989,8.44674,0.00116,0.0754,-0.36235
1619610320224,-6.33505,-2.97359,10.74038,-0.03079,0.01148,-0.47527
1619610320244,-1.93451,5.54018,4.24731,0.03525,0.09457,-0.40283
1619610320265,0.37349,0.45968,9.72524,0.01181,0.03492,-0.40816
1619610320284,-1.54186,-1.56101,10.06043,-0.04357,0.09137,-0.48273
1619610320304,6.60799,-0.39743,4.45321,0.05655,-0.0716,-0.39857
1619610320324,-4.7884,-1.24498,18.19114,0.04484,-0.04177,-0.43585
1619610320344,5.45878,-5.72214,5.43004,-0.00629,-0.06308,-0.47314
1619610320364,-3.7972,0.90979,14.00608,-0.06275,-0.03006,-0.44757
1619610320384,-2.17393,4.47236,4.09408,0.05123,0.05622,-0.42733
1619610320404,-3.18907,0.10534,8.42758,0.00862,-0.03538,-0.4497
1619610320424,-3.85945,-4.0845,15.38992,-0.03292,0.03065,-0.4774
1619610320444,-2.49475,7.58004,10.76433,-0.01481,-0.01834,-0.46888
1619610320464,0.58418,-7.90565,13.31176,0.05868,0.08285,-0.43798
1619610320484,2.58573,-1.86747,11.53047,-0.06701,-0.07267,-0.36022
1619610320504,-2.34152,2.30801,11.89918,-0.04783,-0.03964,-0.39644
1619610320524,-0.67037,-1.01992,3.91212,-0.03931,0.03385,-0.35809
1619610320544,-0.75656,3.14598,5.52102,-0.00735,0.10842,-0.40177
1619610320565,8.11634,-5.06613,10.74038,0.07253,-0.07799,-0.33252
1619610320584,1.54665,-1.49877,9.64384,-0.05635,0.0477,-0.39005
1619610320604,-0.92416,-0.5363,11.42991,-0.05422,0.06581,-0.39964
1619610320624,-6.74686,-0.81402,10.28549,0.05762,0.11268,-0.38685
1619610320644,7.56567,-6.82826,10.6494,0.0491,-0.07267,-0.37407
1619610320664,-4.33829,-1.53707,15.07389,-0.05742,-0.00768,-0.34318
1619610320684,13.06276,-4.77403,16.9701,0.00542,-0.00662,-0.37087
1619610320704,-7.12514,1.51313,12.81376,0.0491,-0.06095,-0.39005
1619610320724,0.32082,-10.40041,16.23268,-0.1501,-0.03751,-0.4284
1619610320744,-2.21703,3.96,14.13057,0.03099,0.00935,-0.38579
1619610320764,9.89763,-1.18752,8.03494,0.06614,0.04663,-0.41135
1619610320784,-3.80199,-2.29843,10.9798,0.01181,-0.00555,-0.43159
1619610320804,1.05344,2.68629,18.13368,-0.03185,-0.04071,-0.50936
1619610320824,4.59686,-3.90733,12.56477,0.0182,-0.00662,-0.51255
1619610320844,1.9393,-2.60967,13.46499,-0.10749,-0.14936,-0.45929
1619610320865,-4.71657,-2.26012,10.17056,-0.05316,-0.00555,-0.54984
1619610320884,2.2266,-0.01915,12.03804,0.01607,-0.01514,-0.58286
1619610320904,3.57214,-2.28406,16.51999,0.03205,-0.04497,-0.51894
1619610320924,-4.98472,1.99197,8.69095,0.00649,0.02639,-0.53386
1619610320944,5.48751,0.01915,15.50963,-0.05103,-0.13445,-0.54238
1619610320964,9.87368,0.99119,6.16746,0.03631,0.14677,-0.49125
1619610320984,-1.94888,4.48673,11.3964,-0.00416,-0.10356,-0.50616
1619610321004,0,2.04943,7.75242,-0.03718,-0.12273,-0.37726
1619610321024,10.76433,4.11802,-0.26336,0.00329,0.03065,-0.40816
1619610321044,-5.87537,3.27047,7.63271,-0.19803,-0.13765,-0.41348
1619610321064,3.68707,2.61925,5.35343,0.0246,0.01574,-0.39431
1619610321084,1.01035,0.70868,15.91186,-0.03292,-0.03325,-0.41668
1619610321104,4.209,1.5275,7.60398,-0.08938,0.15316,-0.3794
1619610321124,-1.57538,8.66701,10.11789,0.02779,-0.0684,-0.34211
1619610321144,0.45489,2.59531,9.52892,0.03631,0.02107,-0.28246
1619610321164,-4.2904,10.14662,10.48181,-0.01481,-0.00875,-0.31122
1619610321184,-0.15801,3.40934,7.31668,0.08105,-0.0439,-0.24943
1619610321204,-0.5363,-2.50912,9.3278,-0.1224,0.02107,-0.3272
1619610321224,1.66636,5.65989,9.20809,0.02353,-0.05988,-0.31868
1619610321244,1.24019,3.07894,14.17846,0.11088,0.06048,-0.3794
1619610321264,-8.65743,2.29843,16.96052,-0.05209,-0.05136,-0.34744
1619610321284,2.47081,0.06703,5.13316,0.00436,-0.01727,-0.2963
1619610321304,-2.33195,-0.83797,10.93192,0.00649,-0.03858,-0.30909
1619610321324,5.07091,6.0286,2.90656,0.05123,0.05835,-0.26541
1619610321344,1.403,-7.14429,4.70221,0.01075,-0.10143,-0.27393
1619610321364,-1.4413,-2.19308,12.24873,-0.04996,-0.0439,-0.26541
1619610321384,-6.90008,6.17704,14.36999,0.0246,-0.01834,-0.33359
1619610321404,-0.33039,-1.40779,8.18816,0.10129,0.01574,-0.37726
1619610321424,-12.45942,2.4756,11.10909,-0.01055,-0.09184,-0.45077
1619610321444,-2.15957,-0.57939,3.00232,0.07147,0.16168,-0.49338
1619610321464,7.4316,-1.28808,14.55674,0.01288,-0.10782,-0.47633
1619610321484,-6.90487,5.33428,14.84883,0.04697,0.04876,-0.40177
1619610321504,-4.60165,1.03429,12.28225,-0.01694,0.01361,-0.38898
1619610321524,2.02549,-3.61524,9.36611,0.06401,-0.01514,-0.39111
1619610321544,-5.28639,-2.16914,17.12333,-0.01055,0.08711,-0.32507
1619610321564,4.28562,-1.11569,13.65652,-0.04677,-0.07906,-0.3517
1619610321584,1.04866,-5.9424,10.79785,-0.01481,0.09883,-0.40603
1619610321604,2.806,-9.50498,14.59984,0.06508,-0.02792,-0.49125
1619610321624,2.04464,3.07415,11.1043,0.01181,-0.03858,-0.4252
1619610321644,-7.46512,-4.38617,15.62934,-0.04357,0.07753,-0.39111
1619610321664,13.47935,-3.61524,16.71152,-0.04357,0.01148,-0.33252
1619610321684,-3.24174,-6.51222,16.71152,-0.018,-0.00449,-0.3794
1619610321704,6.49786,7.48427,5.82269,0.04484,-0.01834,-0.37194
1619610321724,-16.06988,6.14352,17.3819,0.01075,-0.00129,-0.37194
1619610321744,4.76925,-10.10831,13.47935,-0.10749,0.10416,-0.29417
1619610321764,-3.11725,7.75242,12.45463,0.12899,0.06474,-0.4284
1619610321784,-12.8808,0.39743,5.76044,9e-05,-0.08438,-0.49338
1619610321804,2.21224,-5.23372,9.42836,-0.02333,-0.05243,-0.47953
1619610321824,2.81558,-3.16992,9.92636,0.04271,0.04983,-0.45183
1619610321844,1.99676,-7.91044,19.6127,-0.00096,0.05729,-0.49338
1619610321864,13.91031,-6.18661,11.01332,-0.00309,-0.04816,-0.46462
1619610321884,2.3942,3.91212,3.98395,-0.02759,0.07007,-0.44651
1619610321904,-4.1276,-3.78762,19.6127,-0.05422,-0.00768,-0.36981
1619610321924,-8.19774,0.00957,16.92221,0.0182,0.09564,-0.42414
1619610321944,3.22259,5.75087,3.89776,-0.02759,-0.07373,-0.40922
1619610321964,-6.62715,-1.86268,13.83848,-0.03398,-0.12486,-0.4774
1619610321984,0.70868,2.53785,5.07091,-0.03185,-0.02047,-0.44225
1619610322004,19.6133,3.25611,-5.57849,0.04484,-0.04497,-0.4497
1619610322024,-5.27682,-0.31603,18.9525,-0.01481,-0.18665,-0.45183
1619610322044,-0.8236,1.02471,4.63996,0.00116,-0.13232,-0.38898
1619610322064,-0.76135,6.20577,8.15943,0.0491,-0.00023,-0.3762
1619610322084,-14.28859,9.10275,4.90811,-0.04783,-0.03325,-0.40283
1619610322104,6.07648,8.67658,8.24084,0.01075,0.01361,-0.43479
1619610322124,-6.24886,0.31124,8.09719,0.02779,-0.16002,-0.4252
1619610322144,-2.88261,-0.0814,6.82826,0.00542,-0.02047,-0.42733
1619610322164,-2.94486,3.70143,7.85777,-0.05422,-0.05136,-0.48486
1619610322184,-8.74362,-1.08217,14.50886,-0.06914,-0.0961,-0.39964
1619610322204,3.7972,-1.39342,11.05163,0.07147,0.24584,-0.47527
1619610322224,0.44532,-0.26336,9.93593,-0.05848,-0.09291,-0.46462
1619610322244,-0.34955,-0.18674,6.98628,-0.10003,-0.01408,-0.32933
1619610322264,-3.98874,5.38216,12.85686,0.13219,0.12227,-0.46675
1619610322284,0.36391,-7.73806,15.04037,0.02992,-0.0503,-0.34744
