1619609605687 -0.099465 0.200000 0.000000
1619609605788 -0.099465 0.200000 0.000000
1619609605889 -0.099465 0.200000 0.000000
1619609605990 -0.099465 0.200000 0.000000
1619609606090 -0.099465 0.200000 0.000000
1619609606191 -0.099465 0.200000 0.000000
1619609606292 -0.099465 0.200000 0.000000
1619609606393 -0.099465 0.200000 0.000000
1619609606494 -0.099465 0.200000 0.000000
1619609606595 -0.099465 0.200000 0.000000
1619609606696 -0.099465 0.200000 0.000000
1619609606797 -0.099465 0.200000 0.000000
1619609606898 -0.099465 0.200000 0.000000
1619609606998 -0.099465 0.200000 0.000000
1619609607099 -0.099465 0.200000 0.000000
1619609607200 -0.099465 0.200000 0.000000
1619609607301 -0.099465 0.200000 0.000000
1619609607402 -0.099465 0.200000 0.000000
1619609607503 -0.099465 0.200000 0.000000
1619609607603 -0.099465 0.200000 0.000000
1619609607704 -0.099465 0.200000 0.000000
1619609607805 -0.099465 0.200000 0.000000
1619609607906 -0.099465 0.200000 0.000000
1619609608007 -0.099465 0.200000 0.000000
1619609608108 -0.099465 0.200000 0.000000
1619609608209 -0.099465 0.200000 0.000000
1619609608309 -0.099465 0.200000 0.000000
1619609608410 -0.099465 0.200000 0.000000
1619609608511 -0.099465 0.200000 0.000000
1619609608612 -0.099465 0.200000 0.000000
1619609608713 -0.099465 0.200000 0.000000
1619609608814 -0.099465 0.200000 0.000000
1619609608914 -0.099465 0.200000 0.000000
1619609609016 -0.099465 0.200000 0.000000
1619609609117 -0.099465 0.200000 0.000000
1619609609219 -0.099465 0.200000 0.000000
1619609609320 -0.099465 0.200000 0.000000
1619609609421 -0.099465 0.200000 0.000000
1619609609522 -0.099465 0.200000 0.000000
1619609609623 -0.099465 0.200000 0.000000
1619609609724 -0.099465 0.200000 0.000000
1619609609824 -0.099465 0.200000 0.000000
1619609609925 -0.099465 0.200000 0.000000
1619609610026 -0.099465 0.200000 0.000000
1619609610127 -0.099465 0.200000 0.000000
1619609610228 -0.099465 0.200000 0.000000
1619609610328 -0.099465 0.200000 0.000000
1619609610429 -0.099465 0.200000 0.000000
1619609610530 -0.099465 0.200000 0.000000
1619609610631 -0.099465 0.200000 0.000000
1619609610732 -0.099465 0.200000 0.000000
1619609610833 -0.099465 0.200000 0.000000
1619609610934 -0.099465 0.200000 0.000000
1619609611034 -0.099465 0.200000 0.000000
1619609611136 -0.099465 0.200000 0.000000
1619609611237 -0.099465 0.200000 0.000000
1619609611337 -0.099465 0.200000 0.000000
1619609611438 -0.099465 0.200000 0.000000
1619609611539 -0.099465 0.200000 0.000000
1619609611640 -0.099465 0.200000 0.000000
1619609611741 -0.099465 0.200000 0.000000
1619609611842 -0.099465 0.200000 0.000000
1619609611942 -0.099465 0.200000 0.000000
1619609612044 -0.099465 0.200000 0.000000
1619609612144 -0.099465 0.200000 0.000000
1619609612245 -0.099465 0.200000 0.000000
1619609612346 -0.099465 0.200000 0.000000
1619609612447 -0.099465 0.200000 0.000000
1619609612548 -0.099465 0.200000 0.000000
1619609612648 -0.099465 0.200000 0.000000
1619609612749 -0.099465 0.200000 0.000000
1619609612850 -0.099465 0.200000 0.000000
1619609612951 -0.099465 0.200000 0.000000
1619609613052 -0.099465 0.200000 0.000000
1619609613153 -0.099465 0.200000 0.000000
1619609613254 -0.099465 0.200000 0.000000
1619609613355 -0.099465 0.200000 0.000000
1619609613456 -0.099465 0.200000 0.000000
1619609613557 -0.099465 0.200000 0.000000
1619609613657 -0.099465 0.200000 0.000000
1619609613758 -0.099465 0.200000 0.000000
1619609613859 -0.099465 0.200000 0.000000
1619609613960 -0.099465 0.200000 0.000000
1619609614061 -0.099465 0.200000 0.000000
1619609614161 -0.099465 0.200000 0.000000
1619609614262 -0.099465 0.200000 0.000000
1619609614363 -0.099465 0.200000 0.000000
1619609614464 -0.099465 0.200000 0.000000
1619609614565 -0.099465 0.200000 0.000000
1619609614666 -0.099465 0.200000 0.000000
1619609614767 -0.099465 0.200000 0.000000
1619609614867 -0.099465 0.200000 0.000000
1619609614968 -0.099465 0.200000 0.000000
1619609615069 -0.099465 0.200000 0.000000
1619609615170 -0.099465 0.200000 0.000000
1619609615271 -0.099465 0.200000 0.000000
1619609615372 -0.099465 0.200000 0.000000
1619609615473 -0.099465 0.200000 0.000000
1619609615573 -0.099465 0.200000 0.000000
1619609615674 -0.099465 0.200000 0.000000
1619609615775 -0.099465 0.200000 0.000000
1619609615876 -0.099465 0.200000 0.000000
1619609615977 -0.099465 0.200000 0.000000
1619609616078 -0.099465 0.200000 0.000000
1619609616179 -0.099465 0.200000 0.000000
1619609616280 -0.099465 0.200000 0.000000
1619609616381 -0.099465 0.200000 0.000000
1619609616481 -0.099465 0.200000 0.000000
1619609616582 -0.099465 0.200000 0.000000
1619609616683 -0.099465 0.200000 0.000000
1619609616784 -0.099465 0.200000 0.000000
1619609616885 -0.099465 0.200000 0.000000
1619609616985 -0.099465 0.200000 0.000000
1619609617086 -0.099465 0.200000 0.000000
1619609617187 -0.099465 0.200000 0.000000
1619609617288 -0.099465 0.200000 0.000000
1619609617389 -0.099465 0.200000 0.000000
1619609617490 -0.099465 0.200000 0.000000
1619609617591 -0.099465 0.200000 0.000000
1619609617692 -0.099465 0.200000 0.000000
1619609617793 -0.099465 0.200000 0.000000
1619609617894 -0.099465 0.200000 0.000000
1619609617995 -0.099465 0.200000 0.000000
1619609618096 -0.099465 0.200000 0.000000
1619609618197 -0.099465 0.200000 0.000000
1619609618298 -0.099465 0.200000 0.000000
1619609618399 -0.099465 0.200000 0.000000
1619609618500 -0.099465 0.200000 0.000000
1619609618600 -0.099465 0.200000 0.000000
1619609618701 -0.099465 0.200000 0.000000
1619609618802 -0.099465 0.200000 0.000000
1619609618903 -0.099465 0.200000 0.000000
1619609619004 -0.099465 0.200000 0.000000
1619609619104 -0.099465 0.200000 0.000000
1619609619205 -0.099465 0.200000 0.000000
1619609619306 -0.099465 0.200000 0.000000
1619609619407 -0.099465 0.200000 0.000000
1619609619508 -0.099465 0.200000 0.000000
1619609619609 -0.099465 0.200000 0.000000
1619609619710 -0.099465 0.200000 0.000000
1619609619811 -0.099465 0.200000 0.000000
1619609619912 -0.099465 0.200000 0.000000
1619609620012 -0.099465 0.200000 0.000000
1619609620113 -0.099465 0.200000 0.000000
1619609620214 -0.099465 0.200000 0.000000
1619609620315 -0.099465 0.200000 0.000000
1619609620416 -0.099465 0.200000 0.000000
1619609620517 -0.099465 0.200000 0.000000
1619609620617 -0.099465 0.200000 0.000000
1619609620718 -0.099465 0.200000 0.000000
1619609620819 -0.099465 0.200000 0.000000
1619609620920 -0.099465 0.200000 0.000000
1619609621021 -0.099465 0.200000 0.000000
1619609621122 -0.099465 0.200000 0.000000
1619609621222 -0.099465 0.200000 0.000000
1619609621323 -0.099465 0.200000 0.000000
1619609621424 -0.099465 0.200000 0.000000
1619609621525 -0.099465 0.200000 0.000000
1619609621626 -0.099465 0.200000 0.000000
1619609621726 -0.099465 0.200000 0.000000
1619609621827 -0.099465 0.200000 0.000000
1619609621928 -0.099465 0.200000 0.000000
1619609622029 -0.099465 0.200000 0.000000
1619609622130 -0.099465 0.200000 0.000000
1619609622230 -0.099465 0.200000 0.000000
1619609622331 -0.099465 0.200000 0.000000
1619609622432 -0.099465 0.200000 0.000000
1619609622533 -0.099465 0.200000 0.000000
1619609622634 -0.099465 0.200000 0.000000
1619609622736 -0.099465 0.200000 0.000000
1619609622837 -0.099465 0.200000 0.000000
1619609622937 -0.099465 0.200000 0.000000
1619609623038 -0.099465 0.200000 0.000000
1619609623139 -0.099465 0.200000 0.000000
1619609623240 -0.099465 0.200000 0.000000
1619609623341 -0.099465 0.200000 0.000000
1619609623442 -0.099465 0.200000 0.000000
1619609623543 -0.099465 0.200000 0.000000
1619609623643 -0.099465 0.200000 0.000000
1619609623744 -0.099465 0.200000 0.000000
1619609623845 -0.099465 0.200000 0.000000
1619609623946 -0.099465 0.200000 0.000000
1619609624047 -0.099465 0.200000 0.000000
1619609624148 -0.099465 0.200000 0.000000
1619609624248 -0.099465 0.200000 0.000000
1619609624349 -0.099465 0.200000 0.000000
1619609624450 -0.099465 0.200000 0.000000
1619609624551 -0.099465 0.200000 0.000000
1619609624652 -0.099465 0.200000 0.000000
1619609624753 -0.099465 0.200000 0.000000
1619609624853 -0.099465 0.200000 0.000000
1619609624954 -0.099465 0.200000 0.000000
1619609625055 -0.099465 0.200000 0.000000
1619609625156 -0.099465 0.200000 0.000000
1619609625257 -0.099465 0.200000 0.000000
1619609625358 -0.099465 0.200000 0.000000
1619609625459 -0.099465 0.200000 0.000000
1619609625560 -0.099465 0.200000 0.000000
1619609625661 -0.099465 0.200000 0.000000
1619609625762 -0.099465 0.200000 0.000000
1619609625863 -0.099465 0.200000 0.000000
1619609625964 -0.099465 0.200000 0.000000
1619609626065 -0.099465 0.200000 0.000000
1619609626165 -0.099465 0.200000 0.000000
1619609626266 -0.099465 0.200000 0.000000
1619609626367 -0.099465 0.200000 0.000000
1619609626468 -0.099465 0.200000 0.000000
1619609626569 -0.099465 0.200000 0.000000
1619609626670 -0.099465 0.200000 0.000000
1619609626770 -0.099465 0.200000 0.000000
1619609626871 -0.099465 0.200000 0.000000
1619609626972 -0.099465 0.200000 0.000000
1619609627073 -0.099465 0.200000 0.000000
1619609627174 -0.099465 0.200000 0.000000
1619609627274 -0.099465 0.200000 0.000000
1619609627375 -0.099465 0.200000 0.000000
1619609627476 -0.099465 0.200000 0.000000
1619609627577 -0.099465 0.200000 0.000000
1619609627678 -0.099465 0.200000 0.000000
1619609627778 -0.099465 0.200000 0.000000
1619609627879 -0.099465 0.200000 0.000000
1619609627980 -0.099465 0.200000 0.000000
1619609628081 -0.099465 0.200000 0.000000
1619609628182 -0.099465 0.200000 0.000000
1619609628283 -0.099465 0.200000 0.000000
1619609628383 -0.099465 0.200000 0.000000
1619609628484 -0.099465 0.200000 0.000000
1619609628585 -0.099465 0.200000 0.000000
1619609628686 -0.099465 0.200000 0.000000
1619609628787 -0.099465 0.200000 0.000000
1619609628888 -0.099465 0.200000 0.000000
1619609628989 -0.099465 0.200000 0.000000
1619609629089 -0.099465 0.200000 0.000000
1619609629190 -0.099465 0.200000 0.000000
1619609629291 -0.099465 0.200000 0.000000
1619609629392 -0.099465 0.200000 0.000000
1619609629493 -0.099465 0.200000 0.000000
1619609629594 -0.099465 0.200000 0.000000
1619609629695 -0.099465 0.200000 0.000000
1619609629796 -0.099465 0.200000 0.000000
1619609629896 -0.099465 0.200000 0.000000
1619609629997 -0.099465 0.200000 0.000000
1619609630098 -0.099465 0.200000 0.000000
1619609630199 -0.099465 0.200000 0.000000
1619609630300 -0.099465 0.200000 0.000000
1619609630401 -0.099465 0.200000 0.000000
1619609630501 -0.099465 0.200000 0.000000
1619609630602 -0.099465 0.200000 0.000000
1619609630703 -0.099465 0.200000 0.000000
1619609630804 -0.099465 0.200000 0.000000
1619609630905 -0.099465 0.200000 0.000000
1619609631006 -0.099465 0.200000 0.000000
1619609631106 -0.099465 0.200000 0.000000
1619609631207 -0.099465 0.200000 0.000000
1619609631308 -0.099465 0.200000 0.000000
1619609631409 -0.099465 0.200000 0.000000
1619609631510 -0.099465 0.200000 0.000000
1619609631611 -0.099465 0.200000 0.000000
1619609631711 -0.099465 0.200000 0.000000
1619609631812 -0.099465 0.200000 0.000000
1619609631913 -0.099465 0.200000 0.000000
1619609632014 -0.099465 0.200000 0.000000
1619609632115 -0.099465 0.200000 0.000000
1619609632216 -0.099465 0.200000 0.000000
1619609632317 -0.099465 0.200000 0.000000
1619609632417 -0.099465 0.200000 0.000000
1619609632518 -0.099465 0.200000 0.000000
1619609632619 -0.099465 0.200000 0.000000
1619609632720 -0.099465 0.200000 0.000000
1619609632821 -0.099465 0.200000 0.000000
1619609632922 -0.099465 0.200000 0.000000
1619609633023 -0.099465 0.200000 0.000000
1619609633124 -0.099465 0.200000 0.000000
1619609633225 -0.099465 0.200000 0.000000
1619609633325 -0.099465 0.200000 0.000000
1619609633426 -0.099465 0.200000 0.000000
1619609633527 -0.099465 0.200000 0.000000
1619609633628 -0.099465 0.200000 0.000000
1619609633729 -0.099465 0.200000 0.000000
1619609633830 -0.099465 0.200000 0.000000
1619609633931 -0.099465 0.200000 0.000000
1619609634032 -0.099465 0.200000 0.000000
1619609634132 -0.099465 0.200000 0.000000
1619609634233 -0.099465 0.200000 0.000000
1619609634334 -0.099465 0.200000 0.000000
1619609634435 -0.099465 0.200000 0.000000
1619609634536 -0.099465 0.200000 0.000000
1619609634637 -0.099465 0.200000 0.000000
1619609634738 -0.099465 0.200000 0.000000
1619609634839 -0.099465 0.200000 0.000000
1619609634940 -0.099465 0.200000 0.000000
1619609635041 -0.099465 0.200000 0.000000
1619609635141 -0.099465 0.200000 0.000000
1619609635242 -0.099465 0.200000 0.000000
1619609635343 -0.099465 0.200000 0.000000
1619609635444 -0.099465 0.200000 0.000000
1619609635545 -0.099465 0.200000 0.000000
1619609635646 -0.099465 0.200000 0.000000
1619609635746 -0.099465 0.200000 0.000000
1619609635847 -0.099465 0.200000 0.000000
1619609635948 -0.099465 0.200000 0.000000
1619609636049 -0.099465 0.200000 0.000000
1619609636150 -0.099465 0.200000 0.000000
1619609636251 -0.099465 0.200000 0.000000
1619609636352 -0.099465 0.200000 0.000000
1619609636453 -0.099465 0.200000 0.000000
1619609636554 -0.099465 0.200000 0.000000
1619609636655 -0.099465 0.200000 0.000000
1619609636756 -0.099465 0.200000 0.000000
1619609636857 -0.099465 0.200000 0.000000
1619609636958 -0.099465 0.200000 0.000000
1619609637059 -0.099465 0.200000 0.000000
1619609637159 -0.099465 0.200000 0.000000
1619609637260 -0.099465 0.200000 0.000000
1619609637361 -0.099465 0.200000 0.000000
1619609637462 -0.099465 0.200000 0.000000
1619609637563 -0.099465 0.200000 0.000000
1619609637664 -0.099465 0.200000 0.000000
1619609637764 -0.099465 0.200000 0.000000
1619609637866 -0.099465 0.200000 0.000000
1619609637967 -0.099465 0.200000 0.000000
1619609638067 -0.099465 0.200000 0.000000
1619609638168 -0.099465 0.200000 0.000000
1619609638269 -0.099465 0.200000 0.000000
1619609638370 -0.099465 0.200000 0.000000
1619609638471 -0.099465 0.200000 0.000000
1619609638572 -0.099465 0.200000 0.000000
1619609638672 -0.099465 0.200000 0.000000
1619609638773 -0.099465 0.200000 0.000000
1619609638874 -0.099465 0.200000 0.000000
1619609638975 -0.099465 0.200000 0.000000
1619609639076 -0.099465 0.200000 0.000000
1619609639177 -0.099465 0.200000 0.000000
1619609639278 -0.099465 0.200000 0.000000
1619609639379 -0.099465 0.200000 0.000000
1619609639479 -0.099465 0.200000 0.000000
1619609639580 -0.099465 0.200000 0.000000
1619609639681 -0.099465 0.200000 0.000000
1619609639782 -0.099465 0.200000 0.000000
1619609639883 -0.099465 0.200000 0.000000
1619609639984 -0.099465 0.200000 0.000000
1619609640084 -0.099465 0.200000 0.000000
1619609640185 -0.099465 0.200000 0.000000
1619609640286 -0.099465 0.200000 0.000000
1619609640387 -0.099465 0.200000 0.000000
