1619610793763 -0.296650 0.200000 0.000000
1619610793864 -0.296650 0.200000 0.000000
1619610793965 -0.296650 0.200000 0.000000
1619610794066 -0.296650 0.200000 0.000000
1619610794167 -0.296650 0.200000 0.000000
1619610794268 -0.296650 0.200000 0.000000
1619610794369 -0.296650 0.200000 0.000000
1619610794469 -0.296650 0.200000 0.000000
1619610794570 -0.296650 0.200000 0.000000
1619610794671 -0.296650 0.200000 0.000000
1619610794772 -0.296650 0.200000 0.000000
1619610794873 -0.296650 0.200000 0.000000
1619610794974 -0.296650 0.200000 0.000000
1619610795074 -0.296650 0.200000 0.000000
1619610795175 -0.296650 0.200000 0.000000
1619610795276 -0.296650 0.200000 0.000000
1619610795377 -0.296650 0.200000 0.000000
1619610795478 -0.296650 0.200000 0.000000
1619610795578 -0.296650 0.200000 0.000000
1619610795679 -0.296650 0.200000 0.000000
1619610795780 -0.296650 0.200000 0.000000
1619610795881 -0.296650 0.200000 0.000000
1619610795982 -0.296650 0.200000 0.000000
1619610796083 -0.296650 0.200000 0.000000
1619610796183 -0.296650 0.200000 0.000000
1619610796284 -0.296650 0.200000 0.000000
1619610796385 -0.296650 0.200000 0.000000
1619610796486 -0.296650 0.200000 0.000000
1619610796587 -0.296650 0.200000 0.000000
1619610796688 -0.296650 0.200000 0.000000
1619610796789 -0.296650 0.200000 0.000000
1619610796889 -0.296650 0.200000 0.000000
1619610796990 -0.296650 0.200000 0.000000
1619610797091 -0.296650 0.200000 0.000000
1619610797192 -0.296650 0.200000 0.000000
1619610797293 -0.296650 0.200000 0.000000
1619610797393 -0.296650 0.200000 0.000000
1619610797494 -0.296650 0.200000 0.000000
1619610797595 -0.296650 0.200000 0.000000
1619610797696 -0.296650 0.200000 0.000000
1619610797797 -0.296650 0.200000 0.000000
1619610797898 -0.296650 0.200000 0.000000
1619610797998 -0.296650 0.200000 0.000000
1619610798099 -0.296650 0.200000 0.000000
1619610798200 -0.296650 0.200000 0.000000
1619610798301 -0.296650 0.200000 0.000000
1619610798402 -0.296650 0.200000 0.000000
1619610798502 -0.296650 0.200000 0.000000
1619610798603 -0.296650 0.200000 0.000000
1619610798704 -0.296650 0.200000 0.000000
1619610798805 -0.296650 0.200000 0.000000
1619610798907 -0.296650 0.200000 0.000000
1619610799007 -0.296650 0.200000 0.000000
1619610799108 -0.296650 0.200000 0.000000
1619610799209 -0.296650 0.200000 0.000000
1619610799310 -0.296650 0.200000 0.000000
1619610799411 -0.296650 0.200000 0.000000
1619610799511 -0.296650 0.200000 0.000000
1619610799612 -0.296650 0.200000 0.000000
1619610799713 -0.296650 0.200000 0.000000
1619610799814 -0.296650 0.200000 0.000000
1619610799915 -0.296650 0.200000 0.000000
1619610800015 -0.296650 0.200000 0.000000
1619610800116 -0.296650 0.200000 0.000000
1619610800217 -0.296650 0.200000 0.000000
1619610800318 -0.296650 0.200000 0.000000
1619610800419 -0.296650 0.200000 0.000000
1619610800520 -0.296650 0.200000 0.000000
1619610800620 -0.296650 0.200000 0.000000
1619610800721 -0.296650 0.200000 0.000000
1619610800822 -0.296650 0.200000 0.000000
1619610800923 -0.296650 0.200000 0.000000
1619610801024 -0.296650 0.200000 0.000000
1619610801124 -0.296650 0.200000 0.000000
1619610801225 -0.296650 0.200000 0.000000
1619610801326 -0.296650 0.200000 0.000000
1619610801427 -0.296650 0.200000 0.000000
1619610801528 -0.296650 0.200000 0.000000
1619610801629 -0.296650 0.200000 0.000000
1619610801730 -0.296650 0.200000 0.000000
1619610801830 -0.296650 0.200000 0.000000
1619610801931 -0.296650 0.200000 0.000000
1619610802032 -0.296650 0.200000 0.000000
1619610802133 -0.296650 0.200000 0.000000
1619610802234 -0.296650 0.200000 0.000000
1619610802334 -0.296650 0.200000 0.000000
1619610802435 -0.296650 0.200000 0.000000
1619610802536 -0.296650 0.200000 0.000000
1619610802637 -0.296650 0.200000 0.000000
1619610802738 -0.296650 0.200000 0.000000
1619610802838 -0.296650 0.200000 0.000000
1619610802940 -0.296650 0.200000 0.000000
1619610803040 -0.296650 0.200000 0.000000
1619610803141 -0.296650 0.200000 0.000000
1619610803242 -0.296650 0.200000 0.000000
1619610803343 -0.296650 0.200000 0.000000
1619610803444 -0.296650 0.200000 0.000000
1619610803545 -0.296650 0.200000 0.000000
1619610803646 -0.296650 0.200000 0.000000
1619610803748 -0.296650 0.200000 0.000000
1619610803849 -0.296650 0.200000 0.000000
1619610803949 -0.296650 0.200000 0.000000
1619610804050 -0.296650 0.200000 0.000000
1619610804151 -0.296650 0.200000 0.000000
1619610804252 -0.296650 0.200000 0.000000
1619610804353 -0.296650 0.200000 0.000000
1619610804454 -0.296650 0.200000 0.000000
1619610804554 -0.296650 0.200000 0.000000
1619610804655 -0.296650 0.200000 0.000000
1619610804756 -0.296650 0.200000 0.000000
1619610804857 -0.296650 0.200000 0.000000
1619610804957 -0.296650 0.200000 0.000000
1619610805058 -0.296650 0.200000 0.000000
1619610805159 -0.296650 0.200000 0.000000
1619610805260 -0.296650 0.200000 0.000000
1619610805361 -0.296650 0.200000 0.000000
1619610805462 -0.296650 0.200000 0.000000
1619610805563 -0.296650 0.200000 0.000000
1619610805663 -0.296650 0.200000 0.000000
1619610805764 -0.296650 0.200000 0.000000
1619610805865 -0.296650 0.200000 0.000000
1619610805967 -0.296650 0.200000 0.000000
1619610806068 -0.296650 0.200000 0.000000
1619610806169 -0.296650 0.200000 0.000000
1619610806269 -0.296650 0.200000 0.000000
1619610806370 -0.296650 0.200000 0.000000
1619610806471 -0.296650 0.200000 0.000000
1619610806573 -0.296650 0.200000 0.000000
1619610806673 -0.296650 0.200000 0.000000
1619610806774 -0.296650 0.200000 0.000000
1619610806875 -0.296650 0.200000 0.000000
1619610806976 -0.296650 0.200000 0.000000
1619610807077 -0.296650 0.200000 0.000000
1619610807177 -0.296650 0.200000 0.000000
1619610807278 -0.296650 0.200000 0.000000
1619610807379 -0.296650 0.200000 0.000000
1619610807480 -0.296650 0.200000 0.000000
1619610807581 -0.296650 0.200000 0.000000
1619610807682 -0.296650 0.200000 0.000000
1619610807783 -0.296650 0.200000 0.000000
1619610807883 -0.296650 0.200000 0.000000
1619610807984 -0.296650 0.200000 0.000000
1619610808085 -0.296650 0.200000 0.000000
1619610808186 -0.296650 0.200000 0.000000
1619610808287 -0.296650 0.200000 0.000000
1619610808388 -0.296650 0.200000 0.000000
1619610808489 -0.296650 0.200000 0.000000
1619610808589 -0.296650 0.200000 0.000000
1619610808690 -0.296650 0.200000 0.000000
1619610808791 -0.296650 0.200000 0.000000
1619610808892 -0.296650 0.200000 0.000000
1619610808993 -0.296650 0.200000 0.000000
1619610809093 -0.296650 0.200000 0.000000
1619610809194 -0.296650 0.200000 0.000000
1619610809295 -0.296650 0.200000 0.000000
1619610809396 -0.296650 0.200000 0.000000
1619610809497 -0.296650 0.200000 0.000000
1619610809598 -0.296650 0.200000 0.000000
1619610809699 -0.296650 0.200000 0.000000
1619610809800 -0.296650 0.200000 0.000000
1619610809901 -0.296650 0.200000 0.000000
1619610810002 -0.296650 0.200000 0.000000
1619610810102 -0.296650 0.200000 0.000000
1619610810203 -0.296650 0.200000 0.000000
1619610810304 -0.296650 0.200000 0.000000
1619610810405 -0.296650 0.200000 0.000000
1619610810506 -0.296650 0.200000 0.000000
1619610810607 -0.296650 0.200000 0.000000
1619610810707 -0.296650 0.200000 0.000000
1619610810808 -0.296650 0.200000 0.000000
1619610810909 -0.296650 0.200000 0.000000
1619610811010 -0.296650 0.200000 0.000000
1619610811111 -0.296650 0.200000 0.000000
1619610811212 -0.296650 0.200000 0.000000
1619610811312 -0.296650 0.200000 0.000000
1619610811413 -0.296650 0.200000 0.000000
1619610811514 -0.296650 0.200000 0.000000
1619610811615 -0.296650 0.200000 0.000000
1619610811716 -0.296650 0.200000 0.000000
1619610811817 -0.296650 0.200000 0.000000
1619610811917 -0.296650 0.200000 0.000000
1619610812018 -0.296650 0.200000 0.000000
1619610812119 -0.296650 0.200000 0.000000
1619610812220 -0.296650 0.200000 0.000000
1619610812321 -0.296650 0.200000 0.000000
1619610812422 -0.296650 0.200000 0.000000
1619610812523 -0.296650 0.200000 0.000000
1619610812624 -0.296650 0.200000 0.000000
1619610812724 -0.296650 0.200000 0.000000
1619610812825 -0.296650 0.200000 0.000000
1619610812926 -0.296650 0.200000 0.000000
1619610813027 -0.296650 0.200000 0.000000
1619610813128 -0.296650 0.200000 0.000000
1619610813229 -0.296650 0.200000 0.000000
1619610813329 -0.296650 0.200000 0.000000
1619610813430 -0.296650 0.200000 0.000000
1619610813531 -0.296650 0.200000 0.000000
1619610813632 -0.296650 0.200000 0.000000
1619610813733 -0.296650 0.200000 0.000000
1619610813834 -0.296650 0.200000 0.000000
1619610813934 -0.296650 0.200000 0.000000
1619610814035 -0.296650 0.200000 0.000000
1619610814136 -0.296650 0.200000 0.000000
1619610814237 -0.296650 0.200000 0.000000
1619610814338 -0.296650 0.200000 0.000000
1619610814439 -0.296650 0.200000 0.000000
1619610814539 -0.296650 0.200000 0.000000
1619610814640 -0.296650 0.200000 0.000000
1619610814741 -0.296650 0.200000 0.000000
1619610814842 -0.296650 0.200000 0.000000
1619610814943 -0.296650 0.200000 0.000000
1619610815044 -0.296650 0.200000 0.000000
1619610815145 -0.296650 0.200000 0.000000
1619610815246 -0.296650 0.200000 0.000000
1619610815347 -0.296650 0.200000 0.000000
1619610815447 -0.296650 0.200000 0.000000
1619610815548 -0.296650 0.200000 0.000000
1619610815649 -0.296650 0.200000 0.000000
1619610815750 -0.296650 0.200000 0.000000
1619610815851 -0.296650 0.200000 0.000000
1619610815952 -0.296650 0.200000 0.000000
1619610816052 -0.296650 0.200000 0.000000
1619610816153 -0.296650 0.200000 0.000000
1619610816254 -0.296650 0.200000 0.000000
1619610816355 -0.296650 0.200000 0.000000
1619610816456 -0.296650 0.200000 0.000000
1619610816557 -0.296650 0.200000 0.000000
1619610816658 -0.296650 0.200000 0.000000
1619610816758 -0.296650 0.200000 0.000000
1619610816859 -0.296650 0.200000 0.000000
1619610816960 -0.296650 0.200000 0.000000
1619610817061 -0.296650 0.200000 0.000000
1619610817162 -0.296650 0.200000 0.000000
1619610817262 -0.296650 0.200000 0.000000
1619610817363 -0.296650 0.200000 0.000000
1619610817464 -0.296650 0.200000 0.000000
1619610817565 -0.296650 0.200000 0.000000
1619610817666 -0.296650 0.200000 0.000000
1619610817767 -0.296650 0.200000 0.000000
1619610817868 -0.296650 0.200000 0.000000
1619610817969 -0.296650 0.200000 0.000000
1619610818070 -0.296650 0.200000 0.000000
1619610818171 -0.296650 0.200000 0.000000
1619610818272 -0.296650 0.200000 0.000000
1619610818372 -0.296650 0.200000 0.000000
1619610818473 -0.296650 0.200000 0.000000
1619610818574 -0.296650 0.200000 0.000000
1619610818675 -0.296650 0.200000 0.000000
1619610818776 -0.296650 0.200000 0.000000
1619610818876 -0.296650 0.200000 0.000000
1619610818977 -0.296650 0.200000 0.000000
1619610819078 -0.296650 0.200000 0.000000
1619610819179 -0.296650 0.200000 0.000000
1619610819280 -0.296650 0.200000 0.000000
1619610819380 -0.296650 0.200000 0.000000
1619610819481 -0.296650 0.200000 0.000000
1619610819582 -0.296650 0.200000 0.000000
1619610819683 -0.296650 0.200000 0.000000
1619610819784 -0.296650 0.200000 0.000000
1619610819885 -0.296650 0.200000 0.000000
1619610819986 -0.296650 0.200000 0.000000
1619610820087 -0.296650 0.200000 0.000000
1619610820188 -0.296650 0.200000 0.000000
1619610820289 -0.296650 0.200000 0.000000
1619610820390 -0.296650 0.200000 0.000000
1619610820490 -0.296650 0.200000 0.000000
1619610820591 -0.296650 0.200000 0.000000
1619610820692 -0.296650 0.200000 0.000000
1619610820793 -0.296650 0.200000 0.000000
1619610820894 -0.296650 0.200000 0.000000
1619610820995 -0.296650 0.200000 0.000000
1619610821096 -0.296650 0.200000 0.000000
1619610821196 -0.296650 0.200000 0.000000
1619610821297 -0.296650 0.200000 0.000000
1619610821398 -0.296650 0.200000 0.000000
1619610821499 -0.296650 0.200000 0.000000
1619610821600 -0.296650 0.200000 0.000000
1619610821700 -0.296650 0.200000 0.000000
1619610821801 -0.296650 0.200000 0.000000
1619610821902 -0.296650 0.200000 0.000000
1619610822003 -0.296650 0.200000 0.000000
1619610822104 -0.296650 0.200000 0.000000
1619610822205 -0.296650 0.200000 0.000000
1619610822306 -0.296650 0.200000 0.000000
1619610822407 -0.296650 0.200000 0.000000
1619610822508 -0.296650 0.200000 0.000000
1619610822609 -0.296650 0.200000 0.000000
1619610822710 -0.296650 0.200000 0.000000
1619610822811 -0.296650 0.200000 0.000000
1619610822912 -0.296650 0.200000 0.000000
1619610823013 -0.296650 0.200000 0.000000
1619610823113 -0.296650 0.200000 0.000000
1619610823214 -0.296650 0.200000 0.000000
1619610823315 -0.296650 0.200000 0.000000
1619610823416 -0.296650 0.200000 0.000000
1619610823517 -0.296650 0.200000 0.000000
1619610823618 -0.296650 0.200000 0.000000
1619610823718 -0.296650 0.200000 0.000000
1619610823819 -0.296650 0.200000 0.000000
1619610823920 -0.296650 0.200000 0.000000
1619610824021 -0.296650 0.200000 0.000000
1619610824122 -0.296650 0.200000 0.000000
1619610824222 -0.296650 0.200000 0.000000
1619610824323 -0.296650 0.200000 0.000000
1619610824424 -0.296650 0.200000 0.000000
1619610824525 -0.296650 0.200000 0.000000
1619610824626 -0.296650 0.200000 0.000000
1619610824727 -0.296650 0.200000 0.000000
1619610824828 -0.296650 0.200000 0.000000
1619610824928 -0.296650 0.200000 0.000000
1619610825029 -0.296650 0.200000 0.000000
1619610825130 -0.296650 0.200000 0.000000
1619610825231 -0.296650 0.200000 0.000000
1619610825332 -0.296650 0.200000 0.000000
1619610825432 -0.296650 0.200000 0.000000
1619610825533 -0.296650 0.200000 0.000000
1619610825634 -0.296650 0.200000 0.000000
1619610825735 -0.296650 0.200000 0.000000
1619610825836 -0.296650 0.200000 0.000000
1619610825936 -0.296650 0.200000 0.000000
1619610826037 -0.296650 0.200000 0.000000
1619610826138 -0.296650 0.200000 0.000000
1619610826239 -0.296650 0.200000 0.000000
1619610826340 -0.296650 0.200000 0.000000
1619610826440 -0.296650 0.200000 0.000000
1619610826541 -0.296650 0.200000 0.000000
1619610826642 -0.296650 0.200000 0.000000
1619610826743 -0.296650 0.200000 0.000000
1619610826844 -0.296650 0.200000 0.000000
1619610826945 -0.296650 0.200000 0.000000
1619610827046 -0.296650 0.200000 0.000000
1619610827146 -0.296650 0.200000 0.000000
1619610827247 -0.296650 0.200000 0.000000
1619610827348 -0.296650 0.200000 0.000000
1619610827449 -0.296650 0.200000 0.000000
1619610827550 -0.296650 0.200000 0.000000
1619610827651 -0.296650 0.200000 0.000000
1619610827752 -0.296650 0.200000 0.000000
1619610827852 -0.296650 0.200000 0.000000
1619610827953 -0.296650 0.200000 0.000000
1619610828054 -0.296650 0.200000 0.000000
1619610828155 -0.296650 0.200000 0.000000
1619610828256 -0.296650 0.200000 0.000000
1619610828357 -0.296650 0.200000 0.000000
1619610828457 -0.296650 0.200000 0.000000
1619610828558 -0.296650 0.200000 0.000000
