1619610795244,0.193,0,0,0,0,0.708
1619610795264,0.197,0,0,0,0,0.708
1619610795284,0.2,0,0,0,0,0.708
1619610795304,0.197,0,0,0,0,0.708
1619610795324,0.197,0,0,0,0,0.708
1619610795343,0.197,0,0,0,0,0.708
1619610795364,0.197,0,0,0,0,0.708
1619610795384,0.197,0,0,0,0,0.708
1619610795404,0.197,0,0,0,0,0.708
1619610795423,0.2,0,0,0,0,0.708
1619610795443,0.204,0,0,0,0,0.708
1619610795464,0.2,0,0,0,0,0.708
1619610795485,0.197,0,0,0,0,0.708
1619610795504,0.2,0,0,0,0,0.708
1619610795523,0.204,0,0,0,0,0.708
1619610795544,0.193,0,0,0,0,0.708
1619610795564,0.2,0,0,0,0,0.708
1619610795584,0.197,0,0,0,0,0.708
1619610795604,0.2,0,0,0,0,0.708
1619610795624,0.2,0,0,0,0,0.708
1619610795643,0.197,0,0,0,0,0.708
1619610795664,0.2,0,0,0,0,0.708
1619610795685,0.197,0,0,0,0,0.708
1619610795704,0.2,0,0,0,0,0.708
1619610795724,0.187,0,0,0,0,0.708
1619610795744,0.2,0,0,0,0,0.708
1619610795764,0.2,0,0,0,0,0.708
1619610795785,0.197,0,0,0,0,0.708
1619610795804,0.197,0,0,0,0,0.708
1619610795824,0.197,0,0,0,0,0.708
1619610795844,0.197,0,0,0,0,0.708
1619610795864,0.193,0,0,0,0,0.708
1619610795884,0.197,0,0,0,0,0.708
1619610795903,0.197,0,0,0,0,0.708
1619610795924,0.193,0,0,0,0,0.708
1619610795944,0.193,0,0,0,0,0.708
1619610795963,0.2,0,0,0,0,0.708
1619610795984,0.2,0,0,0,0,0.708
1619610796004,0.197,0,0,0,0,0.708
1619610796024,0.2,0,0,0,0,0.708
1619610796043,0.207,0,0,0,0,0.708
1619610796064,0.204,0,0,0,0,0.708
1619610796085,0.197,0,0,0,0,0.708
1619610796104,0.197,0,0,0,0,0.708
1619610796124,0.197,0,0,0,0,0.708
1619610796144,0.197,0,0,0,0,0.708
1619610796164,0.204,0,0,0,0,0.708
1619610796190,0.197,0,0,0,0,0.708
1619610796204,0.197,0,0,0,0,0.708
1619610796224,0.197,0,0,0,0,0.708
1619610796244,0.197,0,0,0,0,0.708
1619610796264,0.193,0,0,0,0,0.708
1619610796284,0.197,0,0,0,0,0.708
1619610796304,0.2,0,0,0,0,0.708
1619610796324,0.2,0,0,0,0,0.708
1619610796344,0.2,0,0,0,0,0.708
1619610796364,0.2,0,0,0,0,0.708
1619610796384,0.2,0,0,0,0,0.708
1619610796404,0.197,0,0,0,0,0.708
1619610796423,0.207,0,0,0,0,0.708
1619610796443,0.183,0,0,0,0,0.708
1619610796463,0.2,0,0,0,0,0.708
1619610796484,0.2,0,0,0,0,0.708
1619610796503,0.2,0,0,0,0,0.708
1619610796524,0.2,0,0,0,0,0.708
1619610796544,0.2,0,0,0,0,0.708
1619610796564,0.2,0,0,0,0,0.708
1619610796584,0.197,0,0,0,0,0.708
1619610796604,0.207,0,0,0,0,0.708
1619610796623,0.2,0,0,0,0,0.708
1619610796643,0.19,0,0,0,0,0.708
1619610796664,0.204,0,0,0,0,0.708
1619610796684,0.197,0,0,0,0,0.708
1619610796704,0.193,0,0,0,0,0.708
1619610796724,0.204,0,0,0,0,0.708
1619610796743,0.197,0,0,0,0,0.708
1619610796764,0.197,0,0,0,0,0.708
1619610796784,0.204,0,0,0,0,0.708
1619610796804,0.187,0,0,0,0,0.708
1619610796824,0.187,0,0,0,0,0.708
1619610796843,0.197,0,0,0,0,0.708
1619610796864,0.204,0,0,0,0,0.708
1619610796884,0.197,0,0,0,0,0.708
1619610796904,0.193,0,0,0,0,0.708
1619610796924,0.2,0,0,0,0,0.708
1619610796944,0.2,0,0,0,0,0.708
1619610796964,0.204,0,0,0,0,0.708
1619610796983,0.197,0,0,0,0,0.708
1619610797004,0.2,0,0,0,0,0.708
1619610797024,0.193,0,0,0,0,0.708
1619610797044,0.2,0,0,0,0,0.708
1619610797064,0.193,0,0,0,0,0.708
1619610797084,0.197,0,0,0,0,0.708
1619610797104,0.193,0,0,0,0,0.708
1619610797124,0.2,0,0,0,0,0.708
1619610797144,0.193,0,0,0,0,0.708
1619610797163,0.193,0,0,0,0,0.708
1619610797184,0.197,0,0,0,0,0.708
1619610797204,0.197,0,0,0,0,0.708
1619610797223,0.197,0,0,0,0,0.708
1619610797243,0.197,0,0,0,0,0.708
1619610797264,0.197,0,0,0,0,0.708
1619610797284,0.197,0,0,0,0,0.708
1619610797304,0.2,0,0,0,0,0.708
1619610797324,0.2,0,0,0,0,0.708
1619610797343,0.197,0,0,0,0,0.708
1619610797364,0.193,0,0,0,0,0.708
1619610797384,0.197,0,0,0,0,0.708
1619610797403,0.197,0,0,0,0,0.708
1619610797424,0.193,0,0,0,0,0.708
1619610797443,0.187,0,0,0,0,0.708
1619610797463,0.2,0,0,0,0,0.708
1619610797483,0.197,0,0,0,0,0.708
1619610797504,0.2,0,0,0,0,0.708
1619610797524,0.197,0,0,0,0,0.708
1619610797544,0.197,0,0,0,0,0.708
1619610797563,0.193,0,0,0,0,0.708
1619610797584,0.204,0,0,0,0,0.708
1619610797604,0.2,0,0,0,0,0.708
1619610797624,0.207,0,0,0,0,0.708
1619610797644,0.2,0,0,0,0,0.708
1619610797664,0.193,0,0,0,0,0.708
1619610797684,0.204,0,0,0,0,0.708
1619610797705,0.207,0,0,0,0,0.708
1619610797724,0.193,0,0,0,0,0.708
1619610797744,0.207,0,0,0,0,0.708
1619610797764,0.197,0,0,0,0,0.708
1619610797783,0.197,0,0,0,0,0.708
1619610797805,0.197,0,0,0,0,0.708
1619610797824,0.2,0,0,0,0,0.708
1619610797844,0.207,0,0,0,0,0.708
1619610797864,0.207,0,0,0,0,0.708
1619610797884,0.193,0,0,0,0,0.708
1619610797905,0.2,0,0,0,0,0.708
1619610797924,0.204,0,0,0,0,0.708
1619610797943,0.197,0,0,0,0,0.708
1619610797963,0.193,0,0,0,0,0.708
1619610797984,0.197,0,0,0,0,0.708
1619610798004,0.193,0,0,0,0,0.708
1619610798024,0.2,0,0,0,0,0.708
1619610798044,0.2,0,0,0,0,0.708
1619610798063,0.197,0,0,0,0,0.708
1619610798083,0.193,0,0,0,0,0.708
1619610798104,0.197,0,0,0,0,0.708
1619610798124,0.187,0,0,0,0,0.708
1619610798144,0.2,0,0,0,0,0.708
1619610798163,0.197,0,0,0,0,0.708
1619610798183,0.2,0,0,0,0,0.708
1619610798215,0.2,0,0,0,0,0.708
1619610798224,0.187,0,0,0,0,0.708
1619610798243,0.187,0,0,0,0,0.708
1619610798264,0.2,0,0,0,0,0.708
1619610798283,0.2,0,0,0,0,0.708
1619610798305,0.197,0,0,0,0,0.708
1619610798324,0.2,0,0,0,0,0.708
1619610798343,0.197,0,0,0,0,0.708
1619610798363,0.197,0,0,0,0,0.708
1619610798384,0.207,0,0,0,0,0.708
1619610798404,0.193,0,0,0,0,0.708
1619610798424,0.187,0,0,0,0,0.708
1619610798444,0.204,0,0,0,0,0.708
1619610798463,0.2,0,0,0,0,0.708
1619610798484,0.204,0,0,0,0,0.708
1619610798504,0.2,0,0,0,0,0.708
1619610798524,0.204,0,0,0,0,0.708
1619610798544,0.197,0,0,0,0,0.708
1619610798564,0.204,0,0,0,0,0.708
1619610798583,0.204,0,0,0,0,0.708
1619610798604,0.204,0,0,0,0,0.708
1619610798624,0.197,0,0,0,0,0.708
1619610798643,0.19,0,0,0,0,0.708
1619610798664,0.204,0,0,0,0,0.708
1619610798683,0.193,0,0,0,0,0.708
1619610798703,0.2,0,0,0,0,0.708
1619610798724,0.2,0,0,0,0,0.708
1619610798744,0.2,0,0,0,0,0.708
1619610798763,0.207,0,0,0,0,0.708
1619610798784,0.183,0,0,0,0,0.708
1619610798804,0.2,0,0,0,0,0.708
1619610798823,0.2,0,0,0,0,0.708
1619610798843,0.193,0,0,0,0,0.708
1619610798864,0.193,0,0,0,0,0.708
1619610798884,0.2,0,0,0,0,0.708
1619610798903,0.197,0,0,0,0,0.708
1619610798923,0.204,0,0,0,0,0.708
1619610798944,0.204,0,0,0,0,0.708
1619610798963,0.197,0,0,0,0,0.708
1619610798983,0.2,0,0,0,0,0.708
1619610799003,0.197,0,0,0,0,0.708
1619610799024,0.2,0,0,0,0,0.708
1619610799043,0.2,0,0,0,0,0.708
1619610799063,0.19,0,0,0,0,0.708
1619610799083,0.207,0,0,0,0,0.708
1619610799103,0.2,0,0,0,0,0.708
1619610799124,0.2,0,0,0,0,0.708
1619610799143,0.193,0,0,0,0,0.708
1619610799163,0.204,0,0,0,0,0.708
1619610799183,0.2,0,0,0,0,0.708
1619610799204,0.197,0,0,0,0,0.708
1619610799223,0.2,0,0,0,0,0.708
1619610799244,0.2,0,0,0,0,0.708
1619610799263,0.2,0,0,0,0,0.708
1619610799284,0.2,0,0,0,0,0.708
1619610799303,0.2,0,0,0,0,0.708
1619610799324,0.197,0,0,0,0,0.708
1619610799343,0.197,0,0,0,0,0.708
1619610799363,0.2,0,0,0,0,0.708
1619610799383,0.204,0,0,0,0,0.708
1619610799403,0.193,0,0,0,0,0.708
1619610799423,0.204,0,0,0,0,0.708
1619610799444,0.197,0,0,0,0,0.708
1619610799464,0.204,0,0,0,0,0.708
1619610799483,0.197,0,0,0,0,0.708
1619610799503,0.19,0,0,0,0,0.708
1619610799524,0.193,0,0,0,0,0.708
1619610799544,0.197,0,0,0,0,0.708
1619610799564,0.19,0,0,0,0,0.708
1619610799584,0.197,0,0,0,0,0.708
1619610799604,0.197,0,0,0,0,0.708
1619610799624,0.2,0,0,0,0,0.708
1619610799644,0.197,0,0,0,0,0.708
1619610799664,0.207,0,0,0,0,0.708
1619610799683,0.207,0,0,0,0,0.708
1619610799704,0.193,0,0,0,0,0.708
1619610799724,0.197,0,0,0,0,0.708
1619610799744,0.197,0,0,0,0,0.708
1619610799763,0.207,0,0,0,0,0.708
1619610799783,0.197,0,0,0,0,0.708
1619610799803,0.2,0,0,0,0,0.708
1619610799823,0.2,0,0,0,0,0.708
1619610799843,0.197,0,0,0,0,0.708
1619610799863,0.204,0,0,0,0,0.708
1619610799884,0.19,0,0,0,0,0.708
1619610799904,0.197,0,0,0,0,0.708
1619610799934,0.197,0,0,0,0,0.708
1619610799943,0.197,0,0,0,0,0.708
1619610799964,0.204,0,0,0,0,0.708
1619610799983,0.2,0,0,0,0,0.708
1619610800003,0.2,0,0,0,0,0.708
1619610800024,0.2,0,0,0,0,0.708
1619610800043,0.2,0,0,0,0,0.708
1619610800063,0.2,0,0,0,0,0.708
1619610800084,0.2,0,0,0,0,0.708
1619610800103,0.193,0,0,0,0,0.708
1619610800124,0.197,0,0,0,0,0.708
1619610800144,0.2,0,0,0,0,0.708
1619610800164,0.197,0,0,0,0,0.708
1619610800184,0.193,0,0,0,0,0.708
1619610800203,0.204,0,0,0,0,0.708
1619610800225,0.2,0,0,0,0,0.708
1619610800244,0.197,0,0,0,0,0.708
1619610800264,0.2,0,0,0,0,0.708
1619610800283,0.193,0,0,0,0,0.708
1619610800304,0.2,0,0,0,0,0.708
1619610800324,0.197,0,0,0,0,0.708
1619610800344,0.197,0,0,0,0,0.708
1619610800363,0.19,0,0,0,0,0.708
1619610800383,0.204,0,0,0,0,0.708
1619610800403,0.204,0,0,0,0,0.708
1619610800425,0.187,0,0,0,0,0.708
1619610800444,0.2,0,0,0,0,0.708
1619610800464,0.204,0,0,0,0,0.708
1619610800483,0.193,0,0,0,0,0.708
1619610800503,0.2,0,0,0,0,0.708
1619610800525,0.2,0,0,0,0,0.708
1619610800543,0.197,0,0,0,0,0.708
1619610800564,0.2,0,0,0,0,0.708
1619610800584,0.211,0,0,0,0,0.708
1619610800604,0.193,0,0,0,0,0.708
1619610800636,0.197,0,0,0,0,0.708
1619610800644,0.2,0,0,0,0,0.708
1619610800664,0.197,0,0,0,0,0.708
1619610800683,0.2,0,0,0,0,0.708
1619610800704,0.197,0,0,0,0,0.708
1619610800724,0.197,0,0,0,0,0.708
1619610800744,0.2,0,0,0,0,0.708
1619610800763,0.2,0,0,0,0,0.708
1619610800784,0.211,0,0,0,0,0.708
1619610800803,0.187,0,0,0,0,0.708
1619610800824,0.193,0,0,0,0,0.708
1619610800844,0.2,0,0,0,0,0.708
1619610800863,0.197,0,0,0,0,0.708
1619610800884,0.204,0,0,0,0,0.708
1619610800903,0.2,0,0,0,0,0.708
1619610800924,0.197,0,0,0,0,0.708
1619610800944,0.204,0,0,0,0,0.708
1619610800963,0.187,0,0,0,0,0.708
1619610800984,0.193,0,0,0,0,0.708
1619610801003,0.2,0,0,0,0,0.708
1619610801024,0.197,0,0,0,0,0.708
1619610801044,0.197,0,0,0,0,0.708
1619610801063,0.2,0,0,0,0,0.708
1619610801084,0.197,0,0,0,0,0.708
1619610801103,0.197,0,0,0,0,0.708
1619610801123,0.204,0,0,0,0,0.708
1619610801143,0.197,0,0,0,0,0.708
1619610801164,0.2,0,0,0,0,0.708
1619610801183,0.193,0,0,0,0,0.708
1619610801204,0.2,0,0,0,0,0.708
1619610801223,0.204,0,0,0,0,0.708
1619610801244,0.197,0,0,0,0,0.708
1619610801263,0.204,0,0,0,0,0.708
1619610801284,0.204,0,0,0,0,0.708
1619610801303,0.204,0,0,0,0,0.708
1619610801324,0.193,0,0,0,0,0.708
1619610801344,0.2,0,0,0,0,0.708
1619610801364,0.197,0,0,0,0,0.708
1619610801384,0.2,0,0,0,0,0.708
1619610801403,0.197,0,0,0,0,0.708
1619610801423,0.2,0,0,0,0,0.708
1619610801443,0.2,0,0,0,0,0.708
1619610801463,0.2,0,0,0,0,0.708
1619610801483,0.207,0,0,0,0,0.708
1619610801503,0.197,0,0,0,0,0.708
1619610801523,0.2,0,0,0,0,0.708
1619610801544,0.2,0,0,0,0,0.708
1619610801563,0.2,0,0,0,0,0.708
1619610801584,0.193,0,0,0,0,0.708
1619610801603,0.197,0,0,0,0,0.708
1619610801624,0.197,0,0,0,0,0.708
1619610801644,0.2,0,0,0,0,0.708
1619610801664,0.2,0,0,0,0,0.708
1619610801684,0.193,0,0,0,0,0.708
1619610801703,0.193,0,0,0,0,0.708
1619610801724,0.19,0,0,0,0,0.708
1619610801744,0.204,0,0,0,0,0.708
1619610801764,0.197,0,0,0,0,0.708
1619610801783,0.197,0,0,0,0,0.708
1619610801804,0.197,0,0,0,0,0.708
1619610801823,0.197,0,0,0,0,0.708
1619610801843,0.197,0,0,0,0,0.708
1619610801863,0.2,0,0,0,0,0.708
1619610801883,0.19,0,0,0,0,0.708
1619610801904,0.2,0,0,0,0,0.708
1619610801924,0.197,0,0,0,0,0.708
1619610801944,0.19,0,0,0,0,0.708
1619610801964,0.204,0,0,0,0,0.708
1619610801983,0.2,0,0,0,0,0.708
1619610802004,0.2,0,0,0,0,0.708
1619610802023,0.2,0,0,0,0,0.708
1619610802043,0.204,0,0,0,0,0.708
1619610802064,0.2,0,0,0,0,0.708
1619610802084,0.2,0,0,0,0,0.708
1619610802104,0.204,0,0,0,0,0.708
1619610802123,0.197,0,0,0,0,0.708
1619610802143,0.2,0,0,0,0,0.708
1619610802164,0.2,0,0,0,0,0.708
1619610802183,0.2,0,0,0,0,0.708
1619610802204,0.2,0,0,0,0,0.708
1619610802224,0.197,0,0,0,0,0.708
1619610802244,0.2,0,0,0,0,0.708
1619610802264,0.2,0,0,0,0,0.708
1619610802283,0.193,0,0,0,0,0.708
1619610802303,0.197,0,0,0,0,0.708
1619610802323,0.2,0,0,0,0,0.708
1619610802344,0.2,0,0,0,0,0.708
1619610802363,0.2,0,0,0,0,0.708
1619610802383,0.197,0,0,0,0,0.708
1619610802403,0.2,0,0,0,0,0.708
1619610802423,0.197,0,0,0,0,0.708
1619610802444,0.204,0,0,0,0,0.708
1619610802463,0.197,0,0,0,0,0.708
1619610802483,0.2,0,0,0,0,0.708
1619610802503,0.197,0,0,0,0,0.708
1619610802523,0.197,0,0,0,0,0.708
1619610802544,0.197,0,0,0,0,0.708
1619610802563,0.2,0,0,0,0,0.708
1619610802584,0.2,0,0,0,0,0.708
1619610802604,0.193,0,0,0,0,0.708
1619610802624,0.197,0,0,0,0,0.708
1619610802655,0.193,0,0,0,0,0.708
1619610802663,0.2,0,0,0,0,0.708
1619610802684,0.2,0,0,0,0,0.708
1619610802703,0.2,0,0,0,0,0.708
1619610802723,0.197,0,0,0,0,0.708
1619610802744,0.2,0,0,0,0,0.708
1619610802763,0.207,0,0,0,0,0.708
1619610802784,0.187,0,0,0,0,0.708
1619610802804,0.19,0,0,0,0,0.708
1619610802824,0.2,0,0,0,0,0.708
1619610802844,0.2,0,0,0,0,0.708
1619610802864,0.197,0,0,0,0,0.708
1619610802883,0.204,0,0,0,0,0.708
1619610802903,0.204,0,0,0,0,0.708
1619610802923,0.197,0,0,0,0,0.708
1619610802944,0.193,0,0,0,0,0.708
1619610802963,0.214,0,0,0,0,0.708
1619610802984,0.19,0,0,0,0,0.708
1619610803003,0.193,0,0,0,0,0.708
1619610803024,0.197,0,0,0,0,0.708
1619610803047,0.193,0,0,0,0,0.708
1619610803064,0.193,0,0,0,0,0.708
1619610803083,0.187,0,0,0,0,0.708
1619610803103,0.2,0,0,0,0,0.708
1619610803123,0.197,0,0,0,0,0.708
1619610803144,0.197,0,0,0,0,0.708
1619610803164,0.2,0,0,0,0,0.708
1619610803184,0.197,0,0,0,0,0.708
1619610803203,0.2,0,0,0,0,0.708
1619610803224,0.2,0,0,0,0,0.708
1619610803244,0.2,0,0,0,0,0.708
1619610803263,0.19,0,0,0,0,0.708
1619610803283,0.2,0,0,0,0,0.708
1619610803303,0.204,0,0,0,0,0.708
1619610803323,0.19,0,0,0,0,0.708
1619610803345,0.197,0,0,0,0,0.708
1619610803364,0.2,0,0,0,0,0.708
1619610803383,0.2,0,0,0,0,0.708
1619610803403,0.2,0,0,0,0,0.708
1619610803424,0.197,0,0,0,0,0.708
1619610803443,0.2,0,0,0,0,0.708
1619610803464,0.2,0,0,0,0,0.708
1619610803484,0.207,0,0,0,0,0.708
1619610803503,0.197,0,0,0,0,0.708
1619610803523,0.19,0,0,0,0,0.708
1619610803543,0.204,0,0,0,0,0.708
1619610803563,0.2,0,0,0,0,0.708
1619610803584,0.204,0,0,0,0,0.708
1619610803604,0.204,0,0,0,0,0.708
1619610803623,0.2,0,0,0,0,0.708
1619610803644,0.204,0,0,0,0,0.708
1619610803664,0.2,0,0,0,0,0.708
1619610803683,0.2,0,0,0,0,0.708
1619610803704,0.2,0,0,0,0,0.708
1619610803724,0.19,0,0,0,0,0.708
1619610803744,0.204,0,0,0,0,0.708
1619610803764,0.197,0,0,0,0,0.708
1619610803784,0.204,0,0,0,0,0.708
1619610803804,0.197,0,0,0,0,0.708
1619610803823,0.197,0,0,0,0,0.708
1619610803844,0.2,0,0,0,0,0.708
1619610803863,0.204,0,0,0,0,0.708
1619610803883,0.19,0,0,0,0,0.708
1619610803903,0.197,0,0,0,0,0.708
1619610803923,0.197,0,0,0,0,0.708
1619610803944,0.2,0,0,0,0,0.708
1619610803964,0.2,0,0,0,0,0.708
1619610803983,0.197,0,0,0,0,0.708
1619610804003,0.2,0,0,0,0,0.708
1619610804023,0.19,0,0,0,0,0.708
1619610804044,0.207,0,0,0,0,0.708
1619610804063,0.187,0,0,0,0,0.708
1619610804083,0.197,0,0,0,0,0.708
1619610804103,0.197,0,0,0,0,0.708
1619610804123,0.197,0,0,0,0,0.708
1619610804143,0.2,0,0,0,0,0.708
1619610804164,0.197,0,0,0,0,0.708
1619610804183,0.204,0,0,0,0,0.708
1619610804204,0.197,0,0,0,0,0.708
1619610804224,0.2,0,0,0,0,0.708
1619610804243,0.197,0,0,0,0,0.708
1619610804263,0.2,0,0,0,0,0.708
1619610804283,0.2,0,0,0,0,0.708
1619610804303,0.2,0,0,0,0,0.708
1619610804323,0.193,0,0,0,0,0.708
1619610804343,0.2,0,0,0,0,0.708
1619610804364,0.193,0,0,0,0,0.708
1619610804384,0.2,0,0,0,0,0.708
1619610804403,0.193,0,0,0,0,0.708
1619610804423,0.197,0,0,0,0,0.708
1619610804443,0.197,0,0,0,0,0.708
1619610804463,0.197,0,0,0,0,0.708
1619610804483,0.193,0,0,0,0,0.708
1619610804504,0.19,0,0,0,0,0.708
1619610804524,0.2,0,0,0,0,0.708
1619610804543,0.197,0,0,0,0,0.708
1619610804563,0.197,0,0,0,0,0.708
1619610804583,0.197,0,0,0,0,0.708
1619610804604,0.2,0,0,0,0,0.708
1619610804624,0.197,0,0,0,0,0.708
1619610804644,0.2,0,0,0,0,0.708
1619610804664,0.2,0,0,0,0,0.708
1619610804684,0.197,0,0,0,0,0.708
1619610804704,0.193,0,0,0,0,0.708
1619610804723,0.204,0,0,0,0,0.708
1619610804744,0.197,0,0,0,0,0.708
1619610804774,0.204,0,0,0,0,0.708
1619610804784,0.197,0,0,0,0,0.708
1619610804803,0.197,0,0,0,0,0.708
1619610804823,0.2,0,0,0,0,0.708
1619610804843,0.2,0,0,0,0,0.708
1619610804864,0.204,0,0,0,0,0.708
1619610804884,0.2,0,0,0,0,0.708
1619610804904,0.2,0,0,0,0,0.708
1619610804923,0.2,0,0,0,0,0.708
1619610804943,0.207,0,0,0,0,0.708
1619610804964,0.19,0,0,0,0,0.708
1619610804984,0.2,0,0,0,0,0.708
1619610805003,0.197,0,0,0,0,0.708
1619610805023,0.197,0,0,0,0,0.708
1619610805043,0.2,0,0,0,0,0.708
1619610805064,0.2,0,0,0,0,0.708
1619610805084,0.2,0,0,0,0,0.708
1619610805104,0.204,0,0,0,0,0.708
1619610805123,0.2,0,0,0,0,0.708
1619610805144,0.193,0,0,0,0,0.708
1619610805165,0.2,0,0,0,0,0.708
1619610805184,0.19,0,0,0,0,0.708
1619610805204,0.193,0,0,0,0,0.708
1619610805224,0.2,0,0,0,0,0.708
1619610805243,0.197,0,0,0,0,0.708
1619610805275,0.197,0,0,0,0,0.708
1619610805283,0.193,0,0,0,0,0.708
1619610805303,0.2,0,0,0,0,0.708
1619610805324,0.197,0,0,0,0,0.708
1619610805343,0.2,0,0,0,0,0.708
1619610805364,0.2,0,0,0,0,0.708
1619610805384,0.193,0,0,0,0,0.708
1619610805403,0.2,0,0,0,0,0.708
1619610805423,0.2,0,0,0,0,0.708
1619610805443,0.197,0,0,0,0,0.708
1619610805464,0.193,0,0,0,0,0.708
1619610805484,0.204,0,0,0,0,0.708
1619610805503,0.187,0,0,0,0,0.708
1619610805524,0.204,0,0,0,0,0.708
1619610805544,0.197,0,0,0,0,0.708
1619610805565,0.204,0,0,0,0,0.708
1619610805584,0.2,0,0,0,0,0.708
1619610805603,0.193,0,0,0,0,0.708
1619610805624,0.204,0,0,0,0,0.708
1619610805644,0.2,0,0,0,0,0.708
1619610805664,0.211,0,0,0,0,0.708
1619610805683,0.197,0,0,0,0,0.708
1619610805704,0.2,0,0,0,0,0.708
1619610805724,0.197,0,0,0,0,0.708
1619610805744,0.197,0,0,0,0,0.708
1619610805763,0.2,0,0,0,0,0.708
1619610805784,0.2,0,0,0,0,0.708
1619610805804,0.197,0,0,0,0,0.708
1619610805824,0.197,0,0,0,0,0.708
1619610805844,0.197,0,0,0,0,0.708
1619610805864,0.204,0,0,0,0,0.708
1619610805884,0.19,0,0,0,0,0.708
1619610805904,0.2,0,0,0,0,0.708
1619610805924,0.193,0,0,0,0,0.708
1619610805943,0.2,0,0,0,0,0.708
1619610805964,0.197,0,0,0,0,0.708
1619610805984,0.2,0,0,0,0,0.708
1619610806004,0.197,0,0,0,0,0.708
1619610806023,0.197,0,0,0,0,0.708
1619610806044,0.204,0,0,0,0,0.708
1619610806063,0.187,0,0,0,0,0.708
1619610806084,0.2,0,0,0,0,0.708
1619610806104,0.2,0,0,0,0,0.708
1619610806124,0.197,0,0,0,0,0.708
1619610806143,0.2,0,0,0,0,0.708
1619610806164,0.2,0,0,0,0,0.708
1619610806184,0.197,0,0,0,0,0.708
1619610806204,0.204,0,0,0,0,0.708
1619610806224,0.204,0,0,0,0,0.708
1619610806244,0.2,0,0,0,0,0.708
1619610806263,0.2,0,0,0,0,0.708
1619610806283,0.197,0,0,0,0,0.708
1619610806303,0.2,0,0,0,0,0.708
1619610806323,0.2,0,0,0,0,0.708
1619610806343,0.2,0,0,0,0,0.708
1619610806363,0.2,0,0,0,0,0.708
1619610806384,0.197,0,0,0,0,0.708
1619610806403,0.204,0,0,0,0,0.708
1619610806423,0.197,0,0,0,0,0.708
1619610806443,0.197,0,0,0,0,0.708
1619610806463,0.197,0,0,0,0,0.708
1619610806484,0.19,0,0,0,0,0.708
1619610806504,0.204,0,0,0,0,0.708
1619610806524,0.2,0,0,0,0,0.708
1619610806544,0.197,0,0,0,0,0.708
1619610806563,0.197,0,0,0,0,0.708
1619610806584,0.197,0,0,0,0,0.708
1619610806603,0.193,0,0,0,0,0.708
1619610806623,0.197,0,0,0,0,0.708
1619610806644,0.197,0,0,0,0,0.708
1619610806664,0.197,0,0,0,0,0.708
1619610806683,0.193,0,0,0,0,0.708
1619610806704,0.2,0,0,0,0,0.708
1619610806724,0.197,0,0,0,0,0.708
1619610806744,0.193,0,0,0,0,0.708
1619610806764,0.204,0,0,0,0,0.708
1619610806784,0.197,0,0,0,0,0.708
1619610806804,0.197,0,0,0,0,0.708
1619610806824,0.197,0,0,0,0,0.708
1619610806844,0.204,0,0,0,0,0.708
1619610806863,0.197,0,0,0,0,0.708
1619610806883,0.197,0,0,0,0,0.708
1619610806903,0.204,0,0,0,0,0.708
1619610806924,0.2,0,0,0,0,0.708
1619610806943,0.2,0,0,0,0,0.708
1619610806963,0.207,0,0,0,0,0.708
1619610806994,0.187,0,0,0,0,0.708
1619610807003,0.2,0,0,0,0,0.708
1619610807023,0.2,0,0,0,0,0.708
1619610807043,0.2,0,0,0,0,0.708
1619610807064,0.2,0,0,0,0,0.708
1619610807085,0.2,0,0,0,0,0.708
1619610807104,0.193,0,0,0,0,0.708
1619610807124,0.197,0,0,0,0,0.708
1619610807144,0.204,0,0,0,0,0.708
1619610807164,0.187,0,0,0,0,0.708
1619610807185,0.187,0,0,0,0,0.708
1619610807204,0.2,0,0,0,0,0.708
1619610807223,0.2,0,0,0,0,0.708
1619610807243,0.193,0,0,0,0,0.708
1619610807264,0.2,0,0,0,0,0.708
1619610807284,0.2,0,0,0,0,0.708
1619610807304,0.204,0,0,0,0,0.708
1619610807324,0.2,0,0,0,0,0.708
1619610807344,0.197,0,0,0,0,0.708
1619610807363,0.197,0,0,0,0,0.708
1619610807384,0.19,0,0,0,0,0.708
1619610807404,0.2,0,0,0,0,0.708
1619610807424,0.197,0,0,0,0,0.708
1619610807443,0.2,0,0,0,0,0.708
1619610807463,0.197,0,0,0,0,0.708
1619610807486,0.2,0,0,0,0,0.708
1619610807504,0.197,0,0,0,0,0.708
1619610807524,0.197,0,0,0,0,0.708
1619610807544,0.197,0,0,0,0,0.708
1619610807564,0.197,0,0,0,0,0.708
1619610807586,0.197,0,0,0,0,0.708
1619610807604,0.197,0,0,0,0,0.708
1619610807623,0.19,0,0,0,0,0.708
1619610807643,0.197,0,0,0,0,0.708
1619610807663,0.197,0,0,0,0,0.708
1619610807684,0.2,0,0,0,0,0.708
1619610807704,0.193,0,0,0,0,0.708
1619610807724,0.2,0,0,0,0,0.708
1619610807744,0.2,0,0,0,0,0.708
1619610807764,0.193,0,0,0,0,0.708
1619610807785,0.197,0,0,0,0,0.708
1619610807804,0.2,0,0,0,0,0.708
1619610807823,0.2,0,0,0,0,0.708
1619610807843,0.2,0,0,0,0,0.708
1619610807864,0.2,0,0,0,0,0.708
1619610807884,0.193,0,0,0,0,0.708
1619610807904,0.193,0,0,0,0,0.708
1619610807923,0.197,0,0,0,0,0.708
1619610807944,0.197,0,0,0,0,0.708
1619610807963,0.2,0,0,0,0,0.708
1619610807983,0.2,0,0,0,0,0.708
1619610808004,0.197,0,0,0,0,0.708
1619610808024,0.197,0,0,0,0,0.708
1619610808044,0.2,0,0,0,0,0.708
1619610808063,0.2,0,0,0,0,0.708
1619610808084,0.19,0,0,0,0,0.708
1619610808103,0.197,0,0,0,0,0.708
1619610808124,0.193,0,0,0,0,0.708
1619610808143,0.2,0,0,0,0,0.708
1619610808163,0.193,0,0,0,0,0.708
1619610808184,0.2,0,0,0,0,0.708
1619610808203,0.2,0,0,0,0,0.708
1619610808223,0.197,0,0,0,0,0.708
1619610808243,0.197,0,0,0,0,0.708
1619610808263,0.197,0,0,0,0,0.708
1619610808284,0.204,0,0,0,0,0.708
1619610808304,0.197,0,0,0,0,0.708
1619610808324,0.2,0,0,0,0,0.708
1619610808343,0.197,0,0,0,0,0.708
1619610808363,0.197,0,0,0,0,0.708
1619610808383,0.204,0,0,0,0,0.708
1619610808403,0.207,0,0,0,0,0.708
1619610808423,0.197,0,0,0,0,0.708
1619610808444,0.204,0,0,0,0,0.708
1619610808463,0.204,0,0,0,0,0.708
1619610808483,0.2,0,0,0,0,0.708
1619610808503,0.197,0,0,0,0,0.708
1619610808524,0.2,0,0,0,0,0.708
1619610808544,0.197,0,0,0,0,0.708
1619610808563,0.2,0,0,0,0,0.708
1619610808583,0.204,0,0,0,0,0.708
1619610808604,0.204,0,0,0,0,0.708
1619610808624,0.193,0,0,0,0,0.708
1619610808643,0.2,0,0,0,0,0.708
1619610808664,0.2,0,0,0,0,0.708
1619610808684,0.197,0,0,0,0,0.708
1619610808703,0.19,0,0,0,0,0.708
1619610808724,0.204,0,0,0,0,0.708
1619610808744,0.2,0,0,0,0,0.708
1619610808763,0.2,0,0,0,0,0.708
1619610808784,0.204,0,0,0,0,0.708
1619610808804,0.197,0,0,0,0,0.708
1619610808824,0.197,0,0,0,0,0.708
1619610808844,0.197,0,0,0,0,0.708
1619610808864,0.2,0,0,0,0,0.708
1619610808883,0.19,0,0,0,0,0.708
1619610808904,0.2,0,0,0,0,0.708
1619610808924,0.2,0,0,0,0,0.708
1619610808943,0.197,0,0,0,0,0.708
1619610808963,0.204,0,0,0,0,0.708
1619610808983,0.204,0,0,0,0,0.708
1619610809003,0.193,0,0,0,0,0.708
1619610809024,0.197,0,0,0,0,0.708
1619610809044,0.197,0,0,0,0,0.708
1619610809063,0.2,0,0,0,0,0.708
1619610809083,0.193,0,0,0,0,0.708
1619610809104,0.2,0,0,0,0,0.708
1619610809124,0.197,0,0,0,0,0.708
1619610809144,0.197,0,0,0,0,0.708
1619610809163,0.204,0,0,0,0,0.708
1619610809183,0.187,0,0,0,0,0.708
1619610809204,0.19,0,0,0,0,0.708
1619610809224,0.197,0,0,0,0,0.708
1619610809244,0.197,0,0,0,0,0.708
1619610809263,0.197,0,0,0,0,0.708
1619610809284,0.2,0,0,0,0,0.708
1619610809304,0.197,0,0,0,0,0.708
1619610809324,0.207,0,0,0,0,0.708
1619610809344,0.207,0,0,0,0,0.708
1619610809363,0.2,0,0,0,0,0.708
1619610809384,0.204,0,0,0,0,0.708
1619610809414,0.197,0,0,0,0,0.708
1619610809423,0.2,0,0,0,0,0.708
1619610809443,0.2,0,0,0,0,0.708
1619610809463,0.2,0,0,0,0,0.708
1619610809484,0.2,0,0,0,0,0.708
1619610809505,0.204,0,0,0,0,0.708
1619610809524,0.197,0,0,0,0,0.708
1619610809544,0.2,0,0,0,0,0.708
1619610809563,0.2,0,0,0,0,0.708
1619610809584,0.2,0,0,0,0,0.708
1619610809604,0.197,0,0,0,0,0.708
1619610809624,0.204,0,0,0,0,0.708
1619610809644,0.2,0,0,0,0,0.708
1619610809663,0.197,0,0,0,0,0.708
1619610809683,0.2,0,0,0,0,0.708
1619610809704,0.2,0,0,0,0,0.708
1619610809724,0.193,0,0,0,0,0.708
1619610809744,0.197,0,0,0,0,0.708
1619610809764,0.197,0,0,0,0,0.708
1619610809784,0.197,0,0,0,0,0.708
1619610809805,0.193,0,0,0,0,0.708
1619610809823,0.2,0,0,0,0,0.708
1619610809844,0.19,0,0,0,0,0.708
1619610809864,0.197,0,0,0,0,0.708
1619610809884,0.204,0,0,0,0,0.708
1619610809906,0.193,0,0,0,0,0.708
1619610809924,0.204,0,0,0,0,0.708
1619610809944,0.197,0,0,0,0,0.708
1619610809963,0.2,0,0,0,0,0.708
1619610809984,0.197,0,0,0,0,0.708
1619610810004,0.204,0,0,0,0,0.708
1619610810024,0.197,0,0,0,0,0.708
1619610810044,0.193,0,0,0,0,0.708
1619610810064,0.211,0,0,0,0,0.708
1619610810083,0.211,0,0,0,0,0.708
1619610810104,0.19,0,0,0,0,0.708
1619610810124,0.197,0,0,0,0,0.708
1619610810144,0.2,0,0,0,0,0.708
1619610810163,0.197,0,0,0,0,0.708
1619610810183,0.197,0,0,0,0,0.708
1619610810204,0.193,0,0,0,0,0.708
1619610810224,0.2,0,0,0,0,0.708
1619610810244,0.207,0,0,0,0,0.708
1619610810263,0.183,0,0,0,0,0.708
1619610810284,0.197,0,0,0,0,0.708
1619610810304,0.2,0,0,0,0,0.708
1619610810324,0.197,0,0,0,0,0.708
1619610810343,0.197,0,0,0,0,0.708
1619610810364,0.197,0,0,0,0,0.708
1619610810384,0.2,0,0,0,0,0.708
1619610810403,0.204,0,0,0,0,0.708
1619610810423,0.204,0,0,0,0,0.708
1619610810443,0.193,0,0,0,0,0.708
1619610810463,0.2,0,0,0,0,0.708
1619610810483,0.2,0,0,0,0,0.708
1619610810504,0.19,0,0,0,0,0.708
1619610810523,0.2,0,0,0,0,0.708
1619610810543,0.2,0,0,0,0,0.708
1619610810563,0.2,0,0,0,0,0.708
1619610810583,0.204,0,0,0,0,0.708
1619610810603,0.2,0,0,0,0,0.708
1619610810623,0.197,0,0,0,0,0.708
1619610810643,0.2,0,0,0,0,0.708
1619610810664,0.193,0,0,0,0,0.708
1619610810684,0.2,0,0,0,0,0.708
1619610810704,0.197,0,0,0,0,0.708
1619610810724,0.2,0,0,0,0,0.708
1619610810744,0.193,0,0,0,0,0.708
1619610810763,0.204,0,0,0,0,0.708
1619610810783,0.204,0,0,0,0,0.708
1619610810804,0.19,0,0,0,0,0.708
1619610810824,0.2,0,0,0,0,0.708
1619610810844,0.204,0,0,0,0,0.708
1619610810864,0.2,0,0,0,0,0.708
1619610810884,0.193,0,0,0,0,0.708
1619610810903,0.2,0,0,0,0,0.708
1619610810924,0.2,0,0,0,0,0.708
1619610810944,0.2,0,0,0,0,0.708
1619610810964,0.207,0,0,0,0,0.708
1619610810984,0.187,0,0,0,0,0.708
1619610811004,0.2,0,0,0,0,0.708
1619610811024,0.2,0,0,0,0,0.708
1619610811044,0.2,0,0,0,0,0.708
1619610811064,0.2,0,0,0,0,0.708
1619610811083,0.197,0,0,0,0,0.708
1619610811103,0.2,0,0,0,0,0.708
1619610811124,0.2,0,0,0,0,0.708
1619610811143,0.204,0,0,0,0,0.708
1619610811163,0.204,0,0,0,0,0.708
1619610811183,0.187,0,0,0,0,0.708
1619610811203,0.197,0,0,0,0,0.708
1619610811224,0.2,0,0,0,0,0.708
1619610811243,0.197,0,0,0,0,0.708
1619610811264,0.2,0,0,0,0,0.708
1619610811283,0.197,0,0,0,0,0.708
1619610811304,0.193,0,0,0,0,0.708
1619610811323,0.2,0,0,0,0,0.708
1619610811344,0.19,0,0,0,0,0.708
1619610811364,0.193,0,0,0,0,0.708
1619610811383,0.193,0,0,0,0,0.708
1619610811403,0.2,0,0,0,0,0.708
1619610811423,0.193,0,0,0,0,0.708
1619610811443,0.197,0,0,0,0,0.708
1619610811463,0.2,0,0,0,0,0.708
1619610811483,0.193,0,0,0,0,0.708
1619610811503,0.193,0,0,0,0,0.708
1619610811524,0.193,0,0,0,0,0.708
1619610811543,0.197,0,0,0,0,0.708
1619610811564,0.197,0,0,0,0,0.708
1619610811584,0.2,0,0,0,0,0.708
1619610811604,0.197,0,0,0,0,0.708
1619610811634,0.2,0,0,0,0,0.708
1619610811644,0.197,0,0,0,0,0.708
1619610811664,0.197,0,0,0,0,0.708
1619610811684,0.204,0,0,0,0,0.708
1619610811703,0.197,0,0,0,0,0.708
1619610811724,0.204,0,0,0,0,0.708
1619610811743,0.197,0,0,0,0,0.708
1619610811763,0.204,0,0,0,0,0.708
1619610811783,0.2,0,0,0,0,0.708
1619610811803,0.2,0,0,0,0,0.708
1619610811824,0.204,0,0,0,0,0.708
1619610811844,0.204,0,0,0,0,0.708
1619610811864,0.204,0,0,0,0,0.708
1619610811884,0.2,0,0,0,0,0.708
1619610811904,0.19,0,0,0,0,0.708
1619610811925,0.2,0,0,0,0,0.708
1619610811944,0.197,0,0,0,0,0.708
1619610811964,0.197,0,0,0,0,0.708
1619610811984,0.204,0,0,0,0,0.708
1619610812004,0.2,0,0,0,0,0.708
1619610812025,0.197,0,0,0,0,0.708
1619610812045,0.19,0,0,0,0,0.708
1619610812065,0.204,0,0,0,0,0.708
1619610812084,0.193,0,0,0,0,0.708
1619610812104,0.197,0,0,0,0,0.708
1619610812125,0.197,0,0,0,0,0.708
1619610812144,0.2,0,0,0,0,0.708
1619610812164,0.2,0,0,0,0,0.708
1619610812183,0.2,0,0,0,0,0.708
1619610812203,0.2,0,0,0,0,0.708
1619610812224,0.2,0,0,0,0,0.708
1619610812244,0.2,0,0,0,0,0.708
1619610812264,0.207,0,0,0,0,0.708
1619610812284,0.183,0,0,0,0,0.708
1619610812303,0.2,0,0,0,0,0.708
1619610812324,0.197,0,0,0,0,0.708
1619610812346,0.2,0,0,0,0,0.708
1619610812363,0.2,0,0,0,0,0.708
1619610812383,0.197,0,0,0,0,0.708
1619610812404,0.2,0,0,0,0,0.708
1619610812424,0.197,0,0,0,0,0.708
1619610812446,0.2,0,0,0,0,0.708
1619610812463,0.2,0,0,0,0,0.708
1619610812484,0.193,0,0,0,0,0.708
1619610812503,0.193,0,0,0,0,0.708
1619610812525,0.2,0,0,0,0,0.708
1619610812544,0.2,0,0,0,0,0.708
1619610812563,0.2,0,0,0,0,0.708
1619610812583,0.2,0,0,0,0,0.708
1619610812603,0.2,0,0,0,0,0.708
1619610812624,0.193,0,0,0,0,0.708
1619610812644,0.2,0,0,0,0,0.708
1619610812664,0.204,0,0,0,0,0.708
1619610812683,0.197,0,0,0,0,0.708
1619610812704,0.197,0,0,0,0,0.708
1619610812723,0.197,0,0,0,0,0.708
1619610812744,0.197,0,0,0,0,0.708
1619610812764,0.2,0,0,0,0,0.708
1619610812784,0.187,0,0,0,0,0.708
1619610812804,0.197,0,0,0,0,0.708
1619610812824,0.197,0,0,0,0,0.708
1619610812844,0.197,0,0,0,0,0.708
1619610812864,0.197,0,0,0,0,0.708
1619610812884,0.2,0,0,0,0,0.708
1619610812904,0.197,0,0,0,0,0.708
1619610812924,0.197,0,0,0,0,0.708
1619610812944,0.2,0,0,0,0,0.708
1619610812964,0.204,0,0,0,0,0.708
1619610812983,0.197,0,0,0,0,0.708
1619610813004,0.2,0,0,0,0,0.708
1619610813024,0.197,0,0,0,0,0.708
1619610813043,0.2,0,0,0,0,0.708
1619610813064,0.197,0,0,0,0,0.708
1619610813084,0.204,0,0,0,0,0.708
1619610813103,0.197,0,0,0,0,0.708
1619610813124,0.193,0,0,0,0,0.708
1619610813144,0.211,0,0,0,0,0.708
1619610813163,0.193,0,0,0,0,0.708
1619610813183,0.2,0,0,0,0,0.708
1619610813203,0.2,0,0,0,0,0.708
1619610813224,0.204,0,0,0,0,0.708
1619610813244,0.207,0,0,0,0,0.708
1619610813264,0.197,0,0,0,0,0.708
1619610813283,0.2,0,0,0,0,0.708
1619610813304,0.2,0,0,0,0,0.708
1619610813323,0.197,0,0,0,0,0.708
1619610813344,0.211,0,0,0,0,0.708
1619610813363,0.19,0,0,0,0,0.708
1619610813383,0.2,0,0,0,0,0.708
1619610813404,0.2,0,0,0,0,0.708
1619610813424,0.204,0,0,0,0,0.708
1619610813444,0.197,0,0,0,0,0.708
1619610813464,0.204,0,0,0,0,0.708
1619610813483,0.197,0,0,0,0,0.708
1619610813503,0.193,0,0,0,0,0.708
1619610813523,0.2,0,0,0,0,0.708
1619610813543,0.193,0,0,0,0,0.708
1619610813563,0.197,0,0,0,0,0.708
1619610813583,0.197,0,0,0,0,0.708
1619610813604,0.197,0,0,0,0,0.708
1619610813624,0.197,0,0,0,0,0.708
1619610813644,0.193,0,0,0,0,0.708
1619610813664,0.2,0,0,0,0,0.708
1619610813684,0.197,0,0,0,0,0.708
1619610813703,0.193,0,0,0,0,0.708
1619610813723,0.197,0,0,0,0,0.708
1619610813743,0.197,0,0,0,0,0.708
1619610813764,0.204,0,0,0,0,0.708
1619610813784,0.193,0,0,0,0,0.708
1619610813804,0.197,0,0,0,0,0.708
1619610813823,0.204,0,0,0,0,0.708
1619610813844,0.2,0,0,0,0,0.708
1619610813864,0.19,0,0,0,0,0.708
1619610813884,0.197,0,0,0,0,0.708
1619610813904,0.2,0,0,0,0,0.708
1619610813923,0.2,0,0,0,0,0.708
1619610813943,0.197,0,0,0,0,0.708
1619610813963,0.197,0,0,0,0,0.708
1619610813984,0.2,0,0,0,0,0.708
1619610814004,0.2,0,0,0,0,0.708
1619610814024,0.204,0,0,0,0,0.708
1619610814043,0.197,0,0,0,0,0.708
1619610814064,0.187,0,0,0,0,0.708
1619610814084,0.2,0,0,0,0,0.708
1619610814104,0.197,0,0,0,0,0.708
1619610814124,0.197,0,0,0,0,0.708
1619610814144,0.197,0,0,0,0,0.708
1619610814164,0.197,0,0,0,0,0.708
1619610814184,0.2,0,0,0,0,0.708
1619610814203,0.2,0,0,0,0,0.708
1619610814224,0.193,0,0,0,0,0.708
1619610814245,0.2,0,0,0,0,0.708
1619610814264,0.19,0,0,0,0,0.708
1619610814284,0.2,0,0,0,0,0.708
1619610814304,0.193,0,0,0,0,0.708
1619610814324,0.193,0,0,0,0,0.708
1619610814345,0.2,0,0,0,0,0.708
1619610814364,0.19,0,0,0,0,0.708
1619610814383,0.211,0,0,0,0,0.708
1619610814403,0.19,0,0,0,0,0.708
1619610814423,0.197,0,0,0,0,0.708
1619610814444,0.2,0,0,0,0,0.708
1619610814464,0.204,0,0,0,0,0.708
1619610814484,0.2,0,0,0,0,0.708
1619610814504,0.197,0,0,0,0,0.708
1619610814523,0.2,0,0,0,0,0.708
1619610814544,0.207,0,0,0,0,0.708
1619610814575,0.197,0,0,0,0,0.708
1619610814584,0.2,0,0,0,0,0.708
1619610814604,0.2,0,0,0,0,0.708
1619610814623,0.2,0,0,0,0,0.708
1619610814645,0.2,0,0,0,0,0.708
1619610814664,0.2,0,0,0,0,0.708
1619610814683,0.2,0,0,0,0,0.708
1619610814703,0.197,0,0,0,0,0.708
1619610814723,0.204,0,0,0,0,0.708
1619610814744,0.193,0,0,0,0,0.708
1619610814764,0.2,0,0,0,0,0.708
1619610814783,0.2,0,0,0,0,0.708
1619610814804,0.193,0,0,0,0,0.708
1619610814823,0.197,0,0,0,0,0.708
1619610814844,0.197,0,0,0,0,0.708
1619610814864,0.193,0,0,0,0,0.708
1619610814884,0.197,0,0,0,0,0.708
1619610814903,0.204,0,0,0,0,0.708
1619610814924,0.19,0,0,0,0,0.708
1619610814944,0.197,0,0,0,0,0.708
1619610814964,0.2,0,0,0,0,0.708
1619610814984,0.197,0,0,0,0,0.708
1619610815004,0.2,0,0,0,0,0.708
1619610815024,0.2,0,0,0,0,0.708
1619610815043,0.2,0,0,0,0,0.708
1619610815064,0.197,0,0,0,0,0.708
1619610815083,0.2,0,0,0,0,0.708
1619610815103,0.204,0,0,0,0,0.708
1619610815123,0.19,0,0,0,0,0.708
1619610815143,0.2,0,0,0,0,0.708
1619610815164,0.2,0,0,0,0,0.708
1619610815183,0.2,0,0,0,0,0.708
1619610815203,0.2,0,0,0,0,0.708
1619610815224,0.19,0,0,0,0,0.708
1619610815244,0.2,0,0,0,0,0.708
1619610815264,0.2,0,0,0,0,0.708
1619610815284,0.211,0,0,0,0,0.708
1619610815304,0.19,0,0,0,0,0.708
1619610815323,0.197,0,0,0,0,0.708
1619610815344,0.197,0,0,0,0,0.708
1619610815363,0.197,0,0,0,0,0.708
1619610815383,0.197,0,0,0,0,0.708
1619610815403,0.2,0,0,0,0,0.708
1619610815423,0.2,0,0,0,0,0.708
1619610815444,0.2,0,0,0,0,0.708
1619610815464,0.207,0,0,0,0,0.708
1619610815484,0.19,0,0,0,0,0.708
1619610815504,0.2,0,0,0,0,0.708
1619610815524,0.197,0,0,0,0,0.708
1619610815543,0.197,0,0,0,0,0.708
1619610815563,0.204,0,0,0,0,0.708
1619610815583,0.204,0,0,0,0,0.708
1619610815604,0.197,0,0,0,0,0.708
1619610815624,0.204,0,0,0,0,0.708
1619610815644,0.19,0,0,0,0,0.708
1619610815664,0.2,0,0,0,0,0.708
1619610815684,0.197,0,0,0,0,0.708
1619610815703,0.197,0,0,0,0,0.708
1619610815723,0.197,0,0,0,0,0.708
1619610815743,0.19,0,0,0,0,0.708
1619610815764,0.2,0,0,0,0,0.708
1619610815783,0.197,0,0,0,0,0.708
1619610815804,0.2,0,0,0,0,0.708
1619610815824,0.197,0,0,0,0,0.708
1619610815843,0.2,0,0,0,0,0.708
1619610815864,0.204,0,0,0,0,0.708
1619610815883,0.2,0,0,0,0,0.708
1619610815904,0.2,0,0,0,0,0.708
1619610815924,0.204,0,0,0,0,0.708
1619610815944,0.197,0,0,0,0,0.708
1619610815963,0.204,0,0,0,0,0.708
1619610815984,0.204,0,0,0,0,0.708
1619610816003,0.197,0,0,0,0,0.708
1619610816024,0.193,0,0,0,0,0.708
1619610816043,0.197,0,0,0,0,0.708
1619610816064,0.2,0,0,0,0,0.708
1619610816084,0.2,0,0,0,0,0.708
1619610816103,0.204,0,0,0,0,0.708
1619610816124,0.2,0,0,0,0,0.708
1619610816144,0.197,0,0,0,0,0.708
1619610816164,0.2,0,0,0,0,0.708
1619610816183,0.204,0,0,0,0,0.708
1619610816204,0.193,0,0,0,0,0.708
1619610816224,0.197,0,0,0,0,0.708
1619610816244,0.2,0,0,0,0,0.708
1619610816263,0.2,0,0,0,0,0.708
1619610816284,0.197,0,0,0,0,0.708
1619610816304,0.197,0,0,0,0,0.708
1619610816324,0.197,0,0,0,0,0.708
1619610816343,0.2,0,0,0,0,0.708
1619610816364,0.204,0,0,0,0,0.708
1619610816383,0.19,0,0,0,0,0.708
1619610816404,0.187,0,0,0,0,0.708
1619610816423,0.197,0,0,0,0,0.708
1619610816443,0.197,0,0,0,0,0.708
1619610816464,0.2,0,0,0,0,0.708
1619610816484,0.2,0,0,0,0,0.708
1619610816504,0.197,0,0,0,0,0.708
1619610816523,0.2,0,0,0,0,0.708
1619610816543,0.204,0,0,0,0,0.708
1619610816576,0.197,0,0,0,0,0.708
1619610816583,0.197,0,0,0,0,0.708
1619610816604,0.2,0,0,0,0,0.708
1619610816623,0.197,0,0,0,0,0.708
1619610816643,0.204,0,0,0,0,0.708
1619610816665,0.2,0,0,0,0,0.708
1619610816683,0.193,0,0,0,0,0.708
1619610816704,0.193,0,0,0,0,0.708
1619610816723,0.193,0,0,0,0,0.708
1619610816743,0.197,0,0,0,0,0.708
1619610816764,0.193,0,0,0,0,0.708
1619610816784,0.193,0,0,0,0,0.708
1619610816804,0.197,0,0,0,0,0.708
1619610816823,0.2,0,0,0,0,0.708
1619610816844,0.197,0,0,0,0,0.708
1619610816865,0.2,0,0,0,0,0.708
1619610816884,0.2,0,0,0,0,0.708
1619610816903,0.207,0,0,0,0,0.708
1619610816924,0.19,0,0,0,0,0.708
1619610816943,0.2,0,0,0,0,0.708
1619610816964,0.2,0,0,0,0,0.708
1619610816984,0.2,0,0,0,0,0.708
1619610817004,0.197,0,0,0,0,0.708
1619610817023,0.2,0,0,0,0,0.708
1619610817044,0.197,0,0,0,0,0.708
1619610817064,0.204,0,0,0,0,0.708
1619610817084,0.197,0,0,0,0,0.708
1619610817104,0.193,0,0,0,0,0.708
1619610817124,0.197,0,0,0,0,0.708
1619610817144,0.2,0,0,0,0,0.708
1619610817164,0.2,0,0,0,0,0.708
1619610817184,0.197,0,0,0,0,0.708
1619610817203,0.204,0,0,0,0,0.708
1619610817223,0.197,0,0,0,0,0.708
1619610817243,0.2,0,0,0,0,0.708
1619610817264,0.204,0,0,0,0,0.708
1619610817284,0.2,0,0,0,0,0.708
1619610817304,0.193,0,0,0,0,0.708
1619610817323,0.2,0,0,0,0,0.708
1619610817344,0.197,0,0,0,0,0.708
1619610817364,0.197,0,0,0,0,0.708
1619610817384,0.2,0,0,0,0,0.708
1619610817404,0.2,0,0,0,0,0.708
1619610817424,0.2,0,0,0,0,0.708
1619610817443,0.197,0,0,0,0,0.708
1619610817464,0.207,0,0,0,0,0.708
1619610817484,0.183,0,0,0,0,0.708
1619610817504,0.197,0,0,0,0,0.708
1619610817523,0.197,0,0,0,0,0.708
1619610817543,0.2,0,0,0,0,0.708
1619610817564,0.197,0,0,0,0,0.708
1619610817583,0.2,0,0,0,0,0.708
1619610817604,0.197,0,0,0,0,0.708
1619610817623,0.197,0,0,0,0,0.708
1619610817644,0.197,0,0,0,0,0.708
1619610817664,0.193,0,0,0,0,0.708
1619610817684,0.197,0,0,0,0,0.708
1619610817704,0.2,0,0,0,0,0.708
1619610817724,0.197,0,0,0,0,0.708
1619610817744,0.197,0,0,0,0,0.708
1619610817763,0.2,0,0,0,0,0.708
1619610817783,0.2,0,0,0,0,0.708
1619610817804,0.197,0,0,0,0,0.708
1619610817823,0.2,0,0,0,0,0.708
1619610817843,0.197,0,0,0,0,0.708
1619610817864,0.197,0,0,0,0,0.708
1619610817884,0.2,0,0,0,0,0.708
1619610817904,0.197,0,0,0,0,0.708
1619610817924,0.197,0,0,0,0,0.708
1619610817943,0.204,0,0,0,0,0.708
1619610817964,0.193,0,0,0,0,0.708
1619610817984,0.2,0,0,0,0,0.708
1619610818004,0.2,0,0,0,0,0.708
1619610818024,0.197,0,0,0,0,0.708
1619610818043,0.193,0,0,0,0,0.708
1619610818063,0.2,0,0,0,0,0.708
1619610818084,0.2,0,0,0,0,0.708
1619610818104,0.204,0,0,0,0,0.708
1619610818124,0.2,0,0,0,0,0.708
1619610818144,0.2,0,0,0,0,0.708
1619610818164,0.2,0,0,0,0,0.708
1619610818184,0.204,0,0,0,0,0.708
1619610818203,0.193,0,0,0,0,0.708
1619610818223,0.2,0,0,0,0,0.708
1619610818243,0.2,0,0,0,0,0.708
1619610818264,0.193,0,0,0,0,0.708
1619610818283,0.204,0,0,0,0,0.708
1619610818303,0.19,0,0,0,0,0.708
1619610818324,0.197,0,0,0,0,0.708
1619610818343,0.197,0,0,0,0,0.708
1619610818364,0.2,0,0,0,0,0.708
1619610818383,0.197,0,0,0,0,0.708
1619610818403,0.19,0,0,0,0,0.708
1619610818424,0.193,0,0,0,0,0.708
1619610818443,0.2,0,0,0,0,0.708
1619610818463,0.197,0,0,0,0,0.708
1619610818484,0.197,0,0,0,0,0.708
1619610818504,0.2,0,0,0,0,0.708
1619610818524,0.193,0,0,0,0,0.708
1619610818544,0.204,0,0,0,0,0.708
1619610818564,0.187,0,0,0,0,0.708
1619610818583,0.187,0,0,0,0,0.708
1619610818603,0.197,0,0,0,0,0.708
1619610818623,0.2,0,0,0,0,0.708
1619610818643,0.197,0,0,0,0,0.708
1619610818664,0.197,0,0,0,0,0.708
1619610818683,0.197,0,0,0,0,0.708
1619610818704,0.197,0,0,0,0,0.708
1619610818723,0.204,0,0,0,0,0.708
1619610818743,0.197,0,0,0,0,0.708
1619610818763,0.197,0,0,0,0,0.708
1619610818784,0.2,0,0,0,0,0.708
1619610818804,0.2,0,0,0,0,0.708
1619610818824,0.197,0,0,0,0,0.708
1619610818843,0.2,0,0,0,0,0.708
1619610818863,0.197,0,0,0,0,0.708
1619610818884,0.204,0,0,0,0,0.708
1619610818904,0.19,0,0,0,0,0.708
1619610818924,0.19,0,0,0,0,0.708
1619610818944,0.2,0,0,0,0,0.708
1619610818963,0.204,0,0,0,0,0.708
1619610818985,0.197,0,0,0,0,0.708
1619610819004,0.2,0,0,0,0,0.708
1619610819023,0.2,0,0,0,0,0.708
1619610819044,0.2,0,0,0,0,0.708
1619610819063,0.2,0,0,0,0,0.708
1619610819084,0.197,0,0,0,0,0.708
1619610819104,0.183,0,0,0,0,0.708
1619610819123,0.2,0,0,0,0,0.708
1619610819144,0.197,0,0,0,0,0.708
1619610819163,0.2,0,0,0,0,0.708
1619610819184,0.2,0,0,0,0,0.708
1619610819204,0.19,0,0,0,0,0.708
1619610819223,0.2,0,0,0,0,0.708
1619610819243,0.204,0,0,0,0,0.708
1619610819263,0.207,0,0,0,0,0.708
1619610819284,0.19,0,0,0,0,0.708
1619610819304,0.19,0,0,0,0,0.708
1619610819324,0.193,0,0,0,0,0.708
1619610819343,0.204,0,0,0,0,0.708
1619610819363,0.207,0,0,0,0,0.708
1619610819385,0.197,0,0,0,0,0.708
1619610819404,0.204,0,0,0,0,0.708
1619610819423,0.197,0,0,0,0,0.708
1619610819443,0.204,0,0,0,0,0.708
1619610819464,0.204,0,0,0,0,0.708
1619610819484,0.19,0,0,0,0,0.708
1619610819504,0.197,0,0,0,0,0.708
1619610819523,0.204,0,0,0,0,0.708
1619610819543,0.204,0,0,0,0,0.708
1619610819563,0.197,0,0,0,0,0.708
1619610819584,0.197,0,0,0,0,0.708
1619610819604,0.193,0,0,0,0,0.708
1619610819623,0.2,0,0,0,0,0.708
1619610819643,0.2,0,0,0,0,0.708
1619610819663,0.197,0,0,0,0,0.708
1619610819684,0.2,0,0,0,0,0.708
1619610819705,0.197,0,0,0,0,0.708
1619610819724,0.197,0,0,0,0,0.708
1619610819743,0.197,0,0,0,0,0.708
1619610819763,0.204,0,0,0,0,0.708
1619610819784,0.193,0,0,0,0,0.708
1619610819804,0.2,0,0,0,0,0.708
1619610819824,0.19,0,0,0,0,0.708
1619610819843,0.193,0,0,0,0,0.708
1619610819863,0.2,0,0,0,0,0.708
1619610819883,0.197,0,0,0,0,0.708
1619610819904,0.2,0,0,0,0,0.708
1619610819923,0.197,0,0,0,0,0.708
1619610819944,0.2,0,0,0,0,0.708
1619610819963,0.197,0,0,0,0,0.708
1619610819984,0.2,0,0,0,0,0.708
1619610820004,0.2,0,0,0,0,0.708
1619610820024,0.187,0,0,0,0,0.708
1619610820043,0.204,0,0,0,0,0.708
1619610820064,0.197,0,0,0,0,0.708
1619610820083,0.197,0,0,0,0,0.708
1619610820104,0.2,0,0,0,0,0.708
1619610820124,0.197,0,0,0,0,0.708
1619610820144,0.207,0,0,0,0,0.708
1619610820163,0.197,0,0,0,0,0.708
1619610820184,0.211,0,0,0,0,0.708
1619610820204,0.19,0,0,0,0,0.708
1619610820224,0.2,0,0,0,0,0.708
1619610820244,0.204,0,0,0,0,0.708
1619610820263,0.204,0,0,0,0,0.708
1619610820284,0.197,0,0,0,0,0.708
1619610820304,0.197,0,0,0,0,0.708
1619610820324,0.197,0,0,0,0,0.708
1619610820344,0.19,0,0,0,0,0.708
1619610820364,0.204,0,0,0,0,0.708
1619610820383,0.204,0,0,0,0,0.708
1619610820404,0.183,0,0,0,0,0.708
1619610820423,0.2,0,0,0,0,0.708
1619610820443,0.197,0,0,0,0,0.708
1619610820463,0.2,0,0,0,0,0.708
1619610820483,0.204,0,0,0,0,0.708
1619610820503,0.197,0,0,0,0,0.708
1619610820524,0.197,0,0,0,0,0.708
1619610820543,0.204,0,0,0,0,0.708
1619610820563,0.207,0,0,0,0,0.708
1619610820583,0.183,0,0,0,0,0.708
1619610820603,0.2,0,0,0,0,0.708
1619610820624,0.2,0,0,0,0,0.708
1619610820643,0.2,0,0,0,0,0.708
1619610820663,0.2,0,0,0,0,0.708
1619610820684,0.2,0,0,0,0,0.708
1619610820703,0.197,0,0,0,0,0.708
1619610820723,0.2,0,0,0,0,0.708
1619610820744,0.2,0,0,0,0,0.708
1619610820763,0.204,0,0,0,0,0.708
1619610820783,0.204,0,0,0,0,0.708
1619610820803,0.2,0,0,0,0,0.708
1619610820823,0.197,0,0,0,0,0.708
1619610820843,0.2,0,0,0,0,0.708
1619610820863,0.2,0,0,0,0,0.708
1619610820883,0.2,0,0,0,0,0.708
1619610820903,0.204,0,0,0,0,0.708
1619610820924,0.193,0,0,0,0,0.708
1619610820943,0.197,0,0,0,0,0.708
1619610820963,0.183,0,0,0,0,0.708
1619610820983,0.2,0,0,0,0,0.708
1619610821004,0.197,0,0,0,0,0.708
1619610821023,0.193,0,0,0,0,0.708
1619610821044,0.2,0,0,0,0,0.708
1619610821064,0.197,0,0,0,0,0.708
1619610821084,0.193,0,0,0,0,0.708
1619610821104,0.193,0,0,0,0,0.708
1619610821123,0.197,0,0,0,0,0.708
1619610821144,0.197,0,0,0,0,0.708
1619610821164,0.193,0,0,0,0,0.708
1619610821184,0.193,0,0,0,0,0.708
1619610821214,0.197,0,0,0,0,0.708
1619610821223,0.193,0,0,0,0,0.708
1619610821244,0.193,0,0,0,0,0.708
1619610821264,0.2,0,0,0,0,0.708
1619610821283,0.2,0,0,0,0,0.708
1619610821305,0.19,0,0,0,0,0.708
1619610821323,0.2,0,0,0,0,0.708
1619610821344,0.197,0,0,0,0,0.708
1619610821363,0.197,0,0,0,0,0.708
1619610821383,0.2,0,0,0,0,0.708
1619610821404,0.2,0,0,0,0,0.708
1619610821424,0.2,0,0,0,0,0.708
1619610821443,0.204,0,0,0,0,0.708
1619610821464,0.204,0,0,0,0,0.708
1619610821483,0.204,0,0,0,0,0.708
1619610821505,0.193,0,0,0,0,0.708
1619610821524,0.197,0,0,0,0,0.708
1619610821543,0.2,0,0,0,0,0.708
1619610821563,0.197,0,0,0,0,0.708
1619610821583,0.197,0,0,0,0,0.708
1619610821605,0.2,0,0,0,0,0.708
1619610821624,0.2,0,0,0,0,0.708
1619610821644,0.211,0,0,0,0,0.708
1619610821663,0.187,0,0,0,0,0.708
1619610821684,0.197,0,0,0,0,0.708
1619610821715,0.197,0,0,0,0,0.708
1619610821724,0.2,0,0,0,0,0.708
1619610821743,0.197,0,0,0,0,0.708
1619610821763,0.193,0,0,0,0,0.708
1619610821783,0.2,0,0,0,0,0.708
1619610821804,0.207,0,0,0,0,0.708
1619610821824,0.207,0,0,0,0,0.708
1619610821843,0.197,0,0,0,0,0.708
1619610821863,0.2,0,0,0,0,0.708
1619610821883,0.197,0,0,0,0,0.708
1619610821904,0.204,0,0,0,0,0.708
1619610821924,0.19,0,0,0,0,0.708
1619610821943,0.2,0,0,0,0,0.708
1619610821963,0.2,0,0,0,0,0.708
1619610821984,0.207,0,0,0,0,0.708
1619610822005,0.19,0,0,0,0,0.708
1619610822024,0.2,0,0,0,0,0.708
1619610822044,0.197,0,0,0,0,0.708
1619610822063,0.197,0,0,0,0,0.708
1619610822083,0.197,0,0,0,0,0.708
1619610822103,0.2,0,0,0,0,0.708
1619610822124,0.197,0,0,0,0,0.708
1619610822144,0.19,0,0,0,0,0.708
1619610822164,0.207,0,0,0,0,0.708
1619610822183,0.207,0,0,0,0,0.708
1619610822204,0.19,0,0,0,0,0.708
1619610822224,0.2,0,0,0,0,0.708
1619610822244,0.2,0,0,0,0,0.708
1619610822264,0.2,0,0,0,0,0.708
1619610822284,0.197,0,0,0,0,0.708
1619610822304,0.2,0,0,0,0,0.708
1619610822324,0.2,0,0,0,0,0.708
1619610822344,0.204,0,0,0,0,0.708
1619610822364,0.204,0,0,0,0,0.708
1619610822383,0.187,0,0,0,0,0.708
1619610822403,0.2,0,0,0,0,0.708
1619610822424,0.197,0,0,0,0,0.708
1619610822443,0.197,0,0,0,0,0.708
1619610822464,0.197,0,0,0,0,0.708
1619610822484,0.2,0,0,0,0,0.708
1619610822504,0.197,0,0,0,0,0.708
1619610822523,0.2,0,0,0,0,0.708
1619610822544,0.207,0,0,0,0,0.708
1619610822563,0.207,0,0,0,0,0.708
1619610822584,0.19,0,0,0,0,0.708
1619610822603,0.2,0,0,0,0,0.708
1619610822624,0.197,0,0,0,0,0.708
1619610822644,0.204,0,0,0,0,0.708
1619610822664,0.193,0,0,0,0,0.708
1619610822683,0.197,0,0,0,0,0.708
1619610822704,0.2,0,0,0,0,0.708
1619610822723,0.193,0,0,0,0,0.708
1619610822743,0.197,0,0,0,0,0.708
1619610822763,0.2,0,0,0,0,0.708
1619610822783,0.197,0,0,0,0,0.708
1619610822803,0.2,0,0,0,0,0.708
1619610822823,0.193,0,0,0,0,0.708
1619610822843,0.197,0,0,0,0,0.708
1619610822863,0.2,0,0,0,0,0.708
1619610822883,0.2,0,0,0,0,0.708
1619610822904,0.2,0,0,0,0,0.708
1619610822924,0.193,0,0,0,0,0.708
1619610822944,0.2,0,0,0,0,0.708
1619610822964,0.197,0,0,0,0,0.708
1619610822984,0.2,0,0,0,0,0.708
1619610823004,0.2,0,0,0,0,0.708
1619610823024,0.2,0,0,0,0,0.708
1619610823044,0.2,0,0,0,0,0.708
1619610823064,0.2,0,0,0,0,0.708
1619610823083,0.197,0,0,0,0,0.708
1619610823104,0.204,0,0,0,0,0.708
1619610823123,0.193,0,0,0,0,0.708
1619610823143,0.2,0,0,0,0,0.708
1619610823164,0.2,0,0,0,0,0.708
1619610823184,0.2,0,0,0,0,0.708
1619610823203,0.2,0,0,0,0,0.708
1619610823224,0.2,0,0,0,0,0.708
1619610823244,0.2,0,0,0,0,0.708
1619610823264,0.204,0,0,0,0,0.708
1619610823283,0.187,0,0,0,0,0.708
1619610823304,0.197,0,0,0,0,0.708
1619610823323,0.2,0,0,0,0,0.708
1619610823344,0.197,0,0,0,0,0.708
1619610823364,0.2,0,0,0,0,0.708
1619610823383,0.2,0,0,0,0,0.708
1619610823403,0.204,0,0,0,0,0.708
1619610823424,0.2,0,0,0,0,0.708
1619610823443,0.204,0,0,0,0,0.708
1619610823463,0.197,0,0,0,0,0.708
1619610823483,0.204,0,0,0,0,0.708
1619610823504,0.2,0,0,0,0,0.708
1619610823525,0.197,0,0,0,0,0.708
1619610823544,0.2,0,0,0,0,0.708
1619610823564,0.197,0,0,0,0,0.708
1619610823584,0.197,0,0,0,0,0.708
1619610823603,0.197,0,0,0,0,0.708
1619610823636,0.193,0,0,0,0,0.708
1619610823644,0.193,0,0,0,0,0.708
1619610823664,0.183,0,0,0,0,0.708
1619610823684,0.197,0,0,0,0,0.708
1619610823703,0.19,0,0,0,0,0.708
1619610823724,0.2,0,0,0,0,0.708
1619610823744,0.197,0,0,0,0,0.708
1619610823764,0.2,0,0,0,0,0.708
1619610823784,0.197,0,0,0,0,0.708
1619610823803,0.204,0,0,0,0,0.708
1619610823825,0.19,0,0,0,0,0.708
1619610823843,0.2,0,0,0,0,0.708
1619610823864,0.2,0,0,0,0,0.708
1619610823883,0.193,0,0,0,0,0.708
1619610823903,0.2,0,0,0,0,0.708
1619610823924,0.197,0,0,0,0,0.708
1619610823944,0.197,0,0,0,0,0.708
1619610823964,0.197,0,0,0,0,0.708
1619610823984,0.204,0,0,0,0,0.708
1619610824003,0.197,0,0,0,0,0.708
1619610824025,0.19,0,0,0,0,0.708
1619610824043,0.204,0,0,0,0,0.708
1619610824064,0.2,0,0,0,0,0.708
1619610824083,0.2,0,0,0,0,0.708
1619610824103,0.2,0,0,0,0,0.708
1619610824124,0.204,0,0,0,0,0.708
1619610824144,0.19,0,0,0,0,0.708
1619610824164,0.207,0,0,0,0,0.708
1619610824183,0.193,0,0,0,0,0.708
1619610824204,0.19,0,0,0,0,0.708
1619610824224,0.2,0,0,0,0,0.708
1619610824244,0.2,0,0,0,0,0.708
1619610824264,0.197,0,0,0,0,0.708
1619610824284,0.197,0,0,0,0,0.708
1619610824304,0.197,0,0,0,0,0.708
1619610824324,0.197,0,0,0,0,0.708
1619610824344,0.2,0,0,0,0,0.708
1619610824364,0.197,0,0,0,0,0.708
1619610824383,0.193,0,0,0,0,0.708
1619610824404,0.204,0,0,0,0,0.708
1619610824423,0.193,0,0,0,0,0.708
1619610824444,0.2,0,0,0,0,0.708
1619610824463,0.2,0,0,0,0,0.708
1619610824484,0.2,0,0,0,0,0.708
1619610824503,0.2,0,0,0,0,0.708
1619610824523,0.197,0,0,0,0,0.708
1619610824543,0.207,0,0,0,0,0.708
1619610824563,0.19,0,0,0,0,0.708
1619610824583,0.2,0,0,0,0,0.708
1619610824603,0.197,0,0,0,0,0.708
1619610824623,0.2,0,0,0,0,0.708
1619610824643,0.2,0,0,0,0,0.708
1619610824664,0.197,0,0,0,0,0.708
1619610824683,0.197,0,0,0,0,0.708
1619610824704,0.19,0,0,0,0,0.708
1619610824723,0.2,0,0,0,0,0.708
1619610824744,0.204,0,0,0,0,0.708
1619610824764,0.183,0,0,0,0,0.708
1619610824783,0.204,0,0,0,0,0.708
1619610824804,0.197,0,0,0,0,0.708
1619610824823,0.2,0,0,0,0,0.708
1619610824844,0.193,0,0,0,0,0.708
1619610824863,0.2,0,0,0,0,0.708
1619610824883,0.197,0,0,0,0,0.708
1619610824903,0.204,0,0,0,0,0.708
1619610824924,0.197,0,0,0,0,0.708
1619610824943,0.197,0,0,0,0,0.708
1619610824963,0.204,0,0,0,0,0.708
1619610824983,0.2,0,0,0,0,0.708
1619610825004,0.197,0,0,0,0,0.708
1619610825023,0.197,0,0,0,0,0.708
1619610825044,0.204,0,0,0,0,0.708
1619610825064,0.204,0,0,0,0,0.708
1619610825084,0.2,0,0,0,0,0.708
1619610825104,0.197,0,0,0,0,0.708
1619610825123,0.2,0,0,0,0,0.708
1619610825143,0.197,0,0,0,0,0.708
1619610825163,0.193,0,0,0,0,0.708
1619610825183,0.2,0,0,0,0,0.708
1619610825203,0.193,0,0,0,0,0.708
1619610825223,0.197,0,0,0,0,0.708
1619610825243,0.204,0,0,0,0,0.708
