1619609445123,0.598,0,0,0,0,0.708
1619609445144,0.598,0,0,0,0,0.708
1619609445164,0.598,0,0,0,0,0.708
1619609445184,0.602,0,0,0,0,0.708
1619609445204,0.595,0,0,0,0,0.708
1619609445223,0.602,0,0,0,0,0.708
1619609445244,0.619,0,0,0,0,0.708
1619609445264,0.619,0,0,0,0,0.708
1619609445284,0.575,0,0,0,0,0.708
1619609445304,0.598,0,0,0,0,0.708
1619609445323,0.602,0,0,0,0,0.708
1619609445344,0.602,0,0,0,0,0.708
1619609445364,0.598,0,0,0,0,0.708
1619609445384,0.598,0,0,0,0,0.708
1619609445404,0.602,0,0,0,0,0.708
1619609445423,0.626,0,0,0,0,0.708
1619609445444,0.571,0,0,0,0,0.708
1619609445463,0.595,0,0,0,0,0.708
1619609445484,0.595,0,0,0,0,0.708
1619609445504,0.595,0,0,0,0,0.708
1619609445523,0.602,0,0,0,0,0.708
1619609445543,0.602,0,0,0,0,0.708
1619609445564,0.602,0,0,0,0,0.708
1619609445584,0.605,0,0,0,0,0.708
1619609445604,0.605,0,0,0,0,0.708
1619609445623,0.598,0,0,0,0,0.708
1619609445644,0.602,0,0,0,0,0.708
1619609445664,0.602,0,0,0,0,0.708
1619609445684,0.598,0,0,0,0,0.708
1619609445704,0.602,0,0,0,0,0.708
1619609445724,0.595,0,0,0,0,0.708
1619609445744,0.598,0,0,0,0,0.708
1619609445764,0.605,0,0,0,0,0.708
1619609445784,0.588,0,0,0,0,0.708
1619609445804,0.598,0,0,0,0,0.708
1619609445824,0.605,0,0,0,0,0.708
1619609445844,0.595,0,0,0,0,0.708
1619609445864,0.602,0,0,0,0,0.708
1619609445884,0.605,0,0,0,0,0.708
1619609445904,0.595,0,0,0,0,0.708
1619609445923,0.595,0,0,0,0,0.708
1619609445943,0.612,0,0,0,0,0.708
1619609445964,0.612,0,0,0,0,0.708
1619609445983,0.578,0,0,0,0,0.708
1619609446003,0.598,0,0,0,0,0.708
1619609446024,0.605,0,0,0,0,0.708
1619609446043,0.592,0,0,0,0,0.708
1619609446064,0.605,0,0,0,0,0.708
1619609446083,0.609,0,0,0,0,0.708
1619609446103,0.595,0,0,0,0,0.708
1619609446124,0.602,0,0,0,0,0.708
1619609446144,0.622,0,0,0,0,0.708
1619609446164,0.571,0,0,0,0,0.708
1619609446183,0.595,0,0,0,0,0.708
1619609446203,0.602,0,0,0,0,0.708
1619609446224,0.595,0,0,0,0,0.708
1619609446244,0.592,0,0,0,0,0.708
1619609446263,0.602,0,0,0,0,0.708
1619609446284,0.602,0,0,0,0,0.708
1619609446304,0.592,0,0,0,0,0.708
1619609446324,0.629,0,0,0,0,0.708
1619609446343,0.629,0,0,0,0,0.708
1619609446363,0.578,0,0,0,0,0.708
1619609446384,0.592,0,0,0,0,0.708
1619609446404,0.602,0,0,0,0,0.708
1619609446423,0.605,0,0,0,0,0.708
1619609446444,0.585,0,0,0,0,0.708
1619609446464,0.602,0,0,0,0,0.708
1619609446483,0.605,0,0,0,0,0.708
1619609446504,0.605,0,0,0,0,0.708
1619609446523,0.581,0,0,0,0,0.708
1619609446554,0.588,0,0,0,0,0.708
1619609446564,0.595,0,0,0,0,0.708
1619609446584,0.605,0,0,0,0,0.708
1619609446603,0.598,0,0,0,0,0.708
1619609446623,0.592,0,0,0,0,0.708
1619609446645,0.602,0,0,0,0,0.708
1619609446664,0.602,0,0,0,0,0.708
1619609446683,0.602,0,0,0,0,0.708
1619609446703,0.588,0,0,0,0,0.708
1619609446723,0.605,0,0,0,0,0.708
1619609446744,0.602,0,0,0,0,0.708
1619609446764,0.592,0,0,0,0,0.708
1619609446783,0.602,0,0,0,0,0.708
1619609446803,0.605,0,0,0,0,0.708
1619609446823,0.585,0,0,0,0,0.708
1619609446845,0.605,0,0,0,0,0.708
1619609446864,0.619,0,0,0,0,0.708
1619609446884,0.575,0,0,0,0,0.708
1619609446903,0.602,0,0,0,0,0.708
1619609446923,0.605,0,0,0,0,0.708
1619609446945,0.595,0,0,0,0,0.708
1619609446963,0.595,0,0,0,0,0.708
1619609446983,0.605,0,0,0,0,0.708
1619609447004,0.598,0,0,0,0,0.708
1619609447024,0.598,0,0,0,0,0.708
1619609447044,0.595,0,0,0,0,0.708
1619609447064,0.612,0,0,0,0,0.708
1619609447084,0.585,0,0,0,0,0.708
1619609447104,0.588,0,0,0,0,0.708
1619609447124,0.609,0,0,0,0,0.708
1619609447146,0.605,0,0,0,0,0.708
1619609447163,0.588,0,0,0,0,0.708
1619609447183,0.602,0,0,0,0,0.708
1619609447203,0.609,0,0,0,0,0.708
1619609447224,0.592,0,0,0,0,0.708
1619609447244,0.616,0,0,0,0,0.708
1619609447264,0.578,0,0,0,0,0.708
1619609447284,0.588,0,0,0,0,0.708
1619609447303,0.598,0,0,0,0,0.708
1619609447323,0.602,0,0,0,0,0.708
1619609447343,0.598,0,0,0,0,0.708
1619609447364,0.602,0,0,0,0,0.708
1619609447383,0.605,0,0,0,0,0.708
1619609447403,0.605,0,0,0,0,0.708
1619609447424,0.598,0,0,0,0,0.708
1619609447443,0.622,0,0,0,0,0.708
1619609447464,0.575,0,0,0,0,0.708
1619609447484,0.588,0,0,0,0,0.708
1619609447503,0.602,0,0,0,0,0.708
1619609447523,0.602,0,0,0,0,0.708
1619609447543,0.588,0,0,0,0,0.708
1619609447564,0.602,0,0,0,0,0.708
1619609447583,0.609,0,0,0,0,0.708
1619609447603,0.592,0,0,0,0,0.708
1619609447623,0.602,0,0,0,0,0.708
1619609447644,0.605,0,0,0,0,0.708
1619609447664,0.598,0,0,0,0,0.708
1619609447684,0.592,0,0,0,0,0.708
1619609447704,0.605,0,0,0,0,0.708
1619609447724,0.602,0,0,0,0,0.708
1619609447744,0.592,0,0,0,0,0.708
1619609447764,0.592,0,0,0,0,0.708
1619609447784,0.609,0,0,0,0,0.708
1619609447803,0.588,0,0,0,0,0.708
1619609447823,0.578,0,0,0,0,0.708
1619609447843,0.602,0,0,0,0,0.708
1619609447864,0.602,0,0,0,0,0.708
1619609447884,0.602,0,0,0,0,0.708
1619609447904,0.592,0,0,0,0,0.708
1619609447923,0.609,0,0,0,0,0.708
1619609447944,0.602,0,0,0,0,0.708
1619609447964,0.609,0,0,0,0,0.708
1619609447984,0.581,0,0,0,0,0.708
1619609448003,0.605,0,0,0,0,0.708
1619609448024,0.595,0,0,0,0,0.708
1619609448043,0.598,0,0,0,0,0.708
1619609448064,0.605,0,0,0,0,0.708
1619609448083,0.585,0,0,0,0,0.708
1619609448103,0.598,0,0,0,0,0.708
1619609448123,0.598,0,0,0,0,0.708
1619609448143,0.605,0,0,0,0,0.708
1619609448163,0.612,0,0,0,0,0.708
1619609448183,0.575,0,0,0,0,0.708
1619609448203,0.609,0,0,0,0,0.708
1619609448224,0.598,0,0,0,0,0.708
1619609448243,0.592,0,0,0,0,0.708
1619609448263,0.602,0,0,0,0,0.708
1619609448283,0.602,0,0,0,0,0.708
1619609448303,0.592,0,0,0,0,0.708
1619609448323,0.598,0,0,0,0,0.708
1619609448344,0.629,0,0,0,0,0.708
1619609448364,0.564,0,0,0,0,0.708
1619609448384,0.595,0,0,0,0,0.708
1619609448404,0.609,0,0,0,0,0.708
1619609448424,0.602,0,0,0,0,0.708
1619609448443,0.595,0,0,0,0,0.708
1619609448463,0.605,0,0,0,0,0.708
1619609448483,0.602,0,0,0,0,0.708
1619609448504,0.602,0,0,0,0,0.708
1619609448523,0.588,0,0,0,0,0.708
1619609448543,0.629,0,0,0,0,0.708
1619609448563,0.561,0,0,0,0,0.708
1619609448584,0.595,0,0,0,0,0.708
1619609448603,0.598,0,0,0,0,0.708
1619609448623,0.592,0,0,0,0,0.708
1619609448644,0.598,0,0,0,0,0.708
1619609448663,0.602,0,0,0,0,0.708
1619609448683,0.595,0,0,0,0,0.708
1619609448704,0.598,0,0,0,0,0.708
1619609448723,0.598,0,0,0,0,0.708
1619609448743,0.598,0,0,0,0,0.708
1619609448764,0.602,0,0,0,0,0.708
1619609448784,0.609,0,0,0,0,0.708
1619609448803,0.595,0,0,0,0,0.708
1619609448823,0.595,0,0,0,0,0.708
1619609448844,0.595,0,0,0,0,0.708
1619609448874,0.605,0,0,0,0,0.708
1619609448883,0.578,0,0,0,0,0.708
1619609448904,0.578,0,0,0,0,0.708
1619609448924,0.605,0,0,0,0,0.708
1619609448944,0.602,0,0,0,0,0.708
1619609448964,0.595,0,0,0,0,0.708
1619609448984,0.605,0,0,0,0,0.708
1619609449004,0.605,0,0,0,0,0.708
1619609449024,0.595,0,0,0,0,0.708
1619609449044,0.602,0,0,0,0,0.708
1619609449064,0.619,0,0,0,0,0.708
1619609449084,0.578,0,0,0,0,0.708
1619609449104,0.592,0,0,0,0,0.708
1619609449123,0.609,0,0,0,0,0.708
1619609449143,0.602,0,0,0,0,0.708
1619609449164,0.588,0,0,0,0,0.708
1619609449183,0.605,0,0,0,0,0.708
1619609449204,0.605,0,0,0,0,0.708
1619609449224,0.602,0,0,0,0,0.708
1619609449244,0.598,0,0,0,0,0.708
1619609449264,0.622,0,0,0,0,0.708
1619609449284,0.581,0,0,0,0,0.708
1619609449303,0.588,0,0,0,0,0.708
1619609449323,0.598,0,0,0,0,0.708
1619609449344,0.605,0,0,0,0,0.708
1619609449365,0.595,0,0,0,0,0.708
1619609449384,0.595,0,0,0,0,0.708
1619609449404,0.598,0,0,0,0,0.708
1619609449423,0.595,0,0,0,0,0.708
1619609449443,0.612,0,0,0,0,0.708
1619609449475,0.588,0,0,0,0,0.708
1619609449483,0.585,0,0,0,0,0.708
1619609449504,0.588,0,0,0,0,0.708
1619609449524,0.609,0,0,0,0,0.708
1619609449543,0.605,0,0,0,0,0.708
1619609449564,0.605,0,0,0,0,0.708
1619609449584,0.588,0,0,0,0,0.708
1619609449604,0.598,0,0,0,0,0.708
1619609449624,0.602,0,0,0,0,0.708
1619609449643,0.595,0,0,0,0,0.708
1619609449664,0.595,0,0,0,0,0.708
1619609449684,0.612,0,0,0,0,0.708
1619609449705,0.595,0,0,0,0,0.708
1619609449724,0.598,0,0,0,0,0.708
1619609449744,0.609,0,0,0,0,0.708
1619609449765,0.595,0,0,0,0,0.708
1619609449784,0.598,0,0,0,0,0.708
1619609449803,0.602,0,0,0,0,0.708
1619609449824,0.595,0,0,0,0,0.708
1619609449843,0.592,0,0,0,0,0.708
1619609449864,0.602,0,0,0,0,0.708
1619609449885,0.598,0,0,0,0,0.708
1619609449904,0.588,0,0,0,0,0.708
1619609449924,0.588,0,0,0,0,0.708
1619609449943,0.598,0,0,0,0,0.708
1619609449964,0.605,0,0,0,0,0.708
1619609449983,0.598,0,0,0,0,0.708
1619609450003,0.585,0,0,0,0,0.708
1619609450024,0.612,0,0,0,0,0.708
1619609450044,0.602,0,0,0,0,0.708
1619609450063,0.598,0,0,0,0,0.708
1619609450084,0.605,0,0,0,0,0.708
1619609450103,0.602,0,0,0,0,0.708
1619609450124,0.581,0,0,0,0,0.708
1619609450143,0.592,0,0,0,0,0.708
1619609450163,0.622,0,0,0,0,0.708
1619609450183,0.575,0,0,0,0,0.708
1619609450204,0.595,0,0,0,0,0.708
1619609450223,0.605,0,0,0,0,0.708
1619609450244,0.588,0,0,0,0,0.708
1619609450263,0.592,0,0,0,0,0.708
1619609450284,0.592,0,0,0,0,0.708
1619609450304,0.609,0,0,0,0,0.708
1619609450323,0.588,0,0,0,0,0.708
1619609450344,0.592,0,0,0,0,0.708
1619609450364,0.622,0,0,0,0,0.708
1619609450384,0.575,0,0,0,0,0.708
1619609450403,0.595,0,0,0,0,0.708
1619609450423,0.605,0,0,0,0,0.708
1619609450443,0.605,0,0,0,0,0.708
1619609450463,0.592,0,0,0,0,0.708
1619609450484,0.605,0,0,0,0,0.708
1619609450503,0.609,0,0,0,0,0.708
1619609450524,0.588,0,0,0,0,0.708
1619609450543,0.622,0,0,0,0,0.708
1619609450563,0.581,0,0,0,0,0.708
1619609450584,0.595,0,0,0,0,0.708
1619609450604,0.588,0,0,0,0,0.708
1619609450623,0.605,0,0,0,0,0.708
1619609450644,0.605,0,0,0,0,0.708
1619609450664,0.598,0,0,0,0,0.708
1619609450683,0.588,0,0,0,0,0.708
1619609450704,0.598,0,0,0,0,0.708
1619609450723,0.598,0,0,0,0,0.708
1619609450743,0.585,0,0,0,0,0.708
1619609450763,0.598,0,0,0,0,0.708
1619609450783,0.605,0,0,0,0,0.708
1619609450803,0.598,0,0,0,0,0.708
1619609450823,0.595,0,0,0,0,0.708
1619609450844,0.612,0,0,0,0,0.708
1619609450863,0.595,0,0,0,0,0.708
1619609450884,0.598,0,0,0,0,0.708
1619609450904,0.609,0,0,0,0,0.708
1619609450924,0.588,0,0,0,0,0.708
1619609450943,0.588,0,0,0,0,0.708
1619609450963,0.602,0,0,0,0,0.708
1619609450983,0.602,0,0,0,0,0.708
1619609451004,0.605,0,0,0,0,0.708
1619609451024,0.585,0,0,0,0,0.708
1619609451044,0.605,0,0,0,0,0.708
1619609451064,0.602,0,0,0,0,0.708
1619609451083,0.598,0,0,0,0,0.708
1619609451103,0.585,0,0,0,0,0.708
1619609451124,0.602,0,0,0,0,0.708
1619609451143,0.588,0,0,0,0,0.708
1619609451163,0.595,0,0,0,0,0.708
1619609451184,0.605,0,0,0,0,0.708
1619609451203,0.602,0,0,0,0,0.708
1619609451224,0.592,0,0,0,0,0.708
1619609451243,0.609,0,0,0,0,0.708
1619609451264,0.616,0,0,0,0,0.708
1619609451284,0.571,0,0,0,0,0.708
1619609451304,0.609,0,0,0,0,0.708
1619609451324,0.602,0,0,0,0,0.708
1619609451344,0.588,0,0,0,0,0.708
1619609451363,0.588,0,0,0,0,0.708
1619609451384,0.602,0,0,0,0,0.708
1619609451403,0.609,0,0,0,0,0.708
1619609451424,0.592,0,0,0,0,0.708
1619609451444,0.595,0,0,0,0,0.708
1619609451464,0.619,0,0,0,0,0.708
1619609451485,0.571,0,0,0,0,0.708
1619609451504,0.595,0,0,0,0,0.708
1619609451523,0.609,0,0,0,0,0.708
1619609451543,0.598,0,0,0,0,0.708
1619609451564,0.592,0,0,0,0,0.708
1619609451584,0.609,0,0,0,0,0.708
1619609451604,0.605,0,0,0,0,0.708
1619609451624,0.588,0,0,0,0,0.708
1619609451643,0.629,0,0,0,0,0.708
1619609451663,0.581,0,0,0,0,0.708
1619609451685,0.585,0,0,0,0,0.708
1619609451704,0.595,0,0,0,0,0.708
1619609451724,0.595,0,0,0,0,0.708
1619609451744,0.602,0,0,0,0,0.708
1619609451764,0.588,0,0,0,0,0.708
1619609451785,0.595,0,0,0,0,0.708
1619609451804,0.612,0,0,0,0,0.708
1619609451824,0.588,0,0,0,0,0.708
1619609451843,0.598,0,0,0,0,0.708
1619609451864,0.605,0,0,0,0,0.708
1619609451884,0.592,0,0,0,0,0.708
1619609451904,0.595,0,0,0,0,0.708
1619609451923,0.605,0,0,0,0,0.708
1619609451943,0.598,0,0,0,0,0.708
1619609451963,0.588,0,0,0,0,0.708
1619609451984,0.612,0,0,0,0,0.708
1619609452004,0.598,0,0,0,0,0.708
1619609452024,0.595,0,0,0,0,0.708
1619609452044,0.602,0,0,0,0,0.708
1619609452064,0.602,0,0,0,0,0.708
1619609452084,0.605,0,0,0,0,0.708
1619609452104,0.598,0,0,0,0,0.708
1619609452124,0.602,0,0,0,0,0.708
1619609452143,0.602,0,0,0,0,0.708
1619609452164,0.595,0,0,0,0,0.708
1619609452184,0.605,0,0,0,0,0.708
1619609452204,0.595,0,0,0,0,0.708
1619609452224,0.592,0,0,0,0,0.708
1619609452244,0.592,0,0,0,0,0.708
1619609452263,0.605,0,0,0,0,0.708
1619609452284,0.598,0,0,0,0,0.708
1619609452304,0.592,0,0,0,0,0.708
1619609452324,0.605,0,0,0,0,0.708
1619609452344,0.605,0,0,0,0,0.708
1619609452364,0.605,0,0,0,0,0.708
1619609452384,0.575,0,0,0,0,0.708
1619609452404,0.605,0,0,0,0,0.708
1619609452423,0.598,0,0,0,0,0.708
1619609452444,0.598,0,0,0,0,0.708
1619609452464,0.598,0,0,0,0,0.708
1619609452483,0.609,0,0,0,0,0.708
1619609452504,0.602,0,0,0,0,0.708
1619609452523,0.595,0,0,0,0,0.708
1619609452544,0.602,0,0,0,0,0.708
1619609452563,0.616,0,0,0,0,0.708
1619609452584,0.575,0,0,0,0,0.708
1619609452604,0.598,0,0,0,0,0.708
1619609452624,0.602,0,0,0,0,0.708
1619609452643,0.592,0,0,0,0,0.708
1619609452663,0.602,0,0,0,0,0.708
1619609452683,0.605,0,0,0,0,0.708
1619609452703,0.588,0,0,0,0,0.708
1619609452723,0.592,0,0,0,0,0.708
1619609452743,0.605,0,0,0,0,0.708
1619609452764,0.592,0,0,0,0,0.708
1619609452783,0.592,0,0,0,0,0.708
1619609452803,0.595,0,0,0,0,0.708
1619609452824,0.602,0,0,0,0,0.708
1619609452843,0.598,0,0,0,0,0.708
1619609452863,0.592,0,0,0,0,0.708
1619609452883,0.609,0,0,0,0,0.708
1619609452904,0.602,0,0,0,0,0.708
1619609452924,0.585,0,0,0,0,0.708
1619609452943,0.609,0,0,0,0,0.708
1619609452964,0.595,0,0,0,0,0.708
1619609452983,0.588,0,0,0,0,0.708
1619609453003,0.605,0,0,0,0,0.708
1619609453024,0.592,0,0,0,0,0.708
1619609453043,0.592,0,0,0,0,0.708
1619609453063,0.598,0,0,0,0,0.708
1619609453084,0.602,0,0,0,0,0.708
1619609453103,0.581,0,0,0,0,0.708
1619609453124,0.602,0,0,0,0,0.708
1619609453144,0.602,0,0,0,0,0.708
1619609453163,0.598,0,0,0,0,0.708
1619609453184,0.598,0,0,0,0,0.708
1619609453203,0.602,0,0,0,0,0.708
1619609453223,0.602,0,0,0,0,0.708
1619609453243,0.602,0,0,0,0,0.708
1619609453264,0.602,0,0,0,0,0.708
1619609453283,0.609,0,0,0,0,0.708
1619609453304,0.578,0,0,0,0,0.708
1619609453324,0.605,0,0,0,0,0.708
1619609453344,0.605,0,0,0,0,0.708
1619609453363,0.592,0,0,0,0,0.708
1619609453383,0.605,0,0,0,0,0.708
1619609453404,0.609,0,0,0,0,0.708
1619609453423,0.592,0,0,0,0,0.708
1619609453445,0.609,0,0,0,0,0.708
1619609453464,0.622,0,0,0,0,0.708
1619609453484,0.568,0,0,0,0,0.708
1619609453514,0.598,0,0,0,0,0.708
1619609453524,0.605,0,0,0,0,0.708
1619609453544,0.605,0,0,0,0,0.708
1619609453564,0.592,0,0,0,0,0.708
1619609453584,0.595,0,0,0,0,0.708
1619609453604,0.612,0,0,0,0,0.708
1619609453624,0.588,0,0,0,0,0.708
1619609453643,0.595,0,0,0,0,0.708
1619609453663,0.639,0,0,0,0,0.708
1619609453683,0.568,0,0,0,0,0.708
1619609453704,0.592,0,0,0,0,0.708
1619609453724,0.609,0,0,0,0,0.708
1619609453744,0.602,0,0,0,0,0.708
1619609453764,0.595,0,0,0,0,0.708
1619609453784,0.602,0,0,0,0,0.708
1619609453805,0.602,0,0,0,0,0.708
1619609453824,0.588,0,0,0,0,0.708
1619609453843,0.598,0,0,0,0,0.708
1619609453864,0.598,0,0,0,0,0.708
1619609453883,0.598,0,0,0,0,0.708
1619609453904,0.592,0,0,0,0,0.708
1619609453924,0.595,0,0,0,0,0.708
1619609453944,0.609,0,0,0,0,0.708
1619609453964,0.595,0,0,0,0,0.708
1619609453983,0.592,0,0,0,0,0.708
1619609454005,0.609,0,0,0,0,0.708
1619609454024,0.595,0,0,0,0,0.708
1619609454043,0.588,0,0,0,0,0.708
1619609454064,0.605,0,0,0,0,0.708
1619609454084,0.598,0,0,0,0,0.708
1619609454106,0.595,0,0,0,0,0.708
1619609454124,0.605,0,0,0,0,0.708
1619609454143,0.602,0,0,0,0,0.708
1619609454164,0.592,0,0,0,0,0.708
1619609454183,0.616,0,0,0,0,0.708
1619609454204,0.592,0,0,0,0,0.708
1619609454224,0.592,0,0,0,0,0.708
1619609454243,0.592,0,0,0,0,0.708
1619609454263,0.602,0,0,0,0,0.708
1619609454284,0.605,0,0,0,0,0.708
1619609454304,0.588,0,0,0,0,0.708
1619609454324,0.592,0,0,0,0,0.708
1619609454344,0.605,0,0,0,0,0.708
1619609454363,0.595,0,0,0,0,0.708
1619609454383,0.602,0,0,0,0,0.708
1619609454404,0.588,0,0,0,0,0.708
1619609454424,0.602,0,0,0,0,0.708
1619609454443,0.595,0,0,0,0,0.708
1619609454463,0.609,0,0,0,0,0.708
1619609454483,0.605,0,0,0,0,0.708
1619609454504,0.595,0,0,0,0,0.708
1619609454524,0.598,0,0,0,0,0.708
1619609454543,0.612,0,0,0,0,0.708
1619609454563,0.612,0,0,0,0,0.708
1619609454583,0.568,0,0,0,0,0.708
1619609454603,0.568,0,0,0,0,0.708
1619609454624,0.602,0,0,0,0,0.708
1619609454644,0.595,0,0,0,0,0.708
1619609454664,0.595,0,0,0,0,0.708
1619609454683,0.605,0,0,0,0,0.708
1619609454704,0.595,0,0,0,0,0.708
1619609454723,0.592,0,0,0,0,0.708
1619609454744,0.605,0,0,0,0,0.708
1619609454764,0.629,0,0,0,0,0.708
1619609454783,0.561,0,0,0,0,0.708
1619609454803,0.595,0,0,0,0,0.708
1619609454824,0.605,0,0,0,0,0.708
1619609454843,0.592,0,0,0,0,0.708
1619609454863,0.595,0,0,0,0,0.708
1619609454884,0.602,0,0,0,0,0.708
1619609454903,0.595,0,0,0,0,0.708
1619609454924,0.595,0,0,0,0,0.708
1619609454944,0.595,0,0,0,0,0.708
1619609454964,0.605,0,0,0,0,0.708
1619609454983,0.598,0,0,0,0,0.708
1619609455003,0.588,0,0,0,0,0.708
1619609455023,0.602,0,0,0,0,0.708
1619609455043,0.602,0,0,0,0,0.708
1619609455063,0.598,0,0,0,0,0.708
1619609455084,0.602,0,0,0,0,0.708
1619609455103,0.609,0,0,0,0,0.708
1619609455123,0.578,0,0,0,0,0.708
1619609455143,0.595,0,0,0,0,0.708
1619609455163,0.609,0,0,0,0,0.708
1619609455183,0.592,0,0,0,0,0.708
1619609455203,0.588,0,0,0,0,0.708
1619609455223,0.605,0,0,0,0,0.708
1619609455243,0.598,0,0,0,0,0.708
1619609455263,0.588,0,0,0,0,0.708
1619609455283,0.612,0,0,0,0,0.708
1619609455304,0.612,0,0,0,0,0.708
1619609455324,0.588,0,0,0,0,0.708
1619609455344,0.585,0,0,0,0,0.708
1619609455364,0.602,0,0,0,0,0.708
1619609455383,0.609,0,0,0,0,0.708
1619609455403,0.592,0,0,0,0,0.708
1619609455423,0.595,0,0,0,0,0.708
1619609455444,0.605,0,0,0,0,0.708
1619609455464,0.585,0,0,0,0,0.708
1619609455483,0.616,0,0,0,0,0.708
1619609455504,0.578,0,0,0,0,0.708
1619609455523,0.595,0,0,0,0,0.708
1619609455543,0.595,0,0,0,0,0.708
1619609455563,0.609,0,0,0,0,0.708
1619609455583,0.588,0,0,0,0,0.708
1619609455604,0.595,0,0,0,0,0.708
1619609455624,0.605,0,0,0,0,0.708
1619609455644,0.598,0,0,0,0,0.708
1619609455664,0.612,0,0,0,0,0.708
1619609455683,0.612,0,0,0,0,0.708
1619609455703,0.588,0,0,0,0,0.708
1619609455724,0.595,0,0,0,0,0.708
1619609455744,0.595,0,0,0,0,0.708
1619609455763,0.612,0,0,0,0,0.708
1619609455784,0.609,0,0,0,0,0.708
1619609455804,0.592,0,0,0,0,0.708
1619609455824,0.598,0,0,0,0,0.708
1619609455844,0.609,0,0,0,0,0.708
1619609455863,0.592,0,0,0,0,0.708
1619609455883,0.595,0,0,0,0,0.708
1619609455904,0.605,0,0,0,0,0.708
1619609455923,0.588,0,0,0,0,0.708
1619609455944,0.592,0,0,0,0,0.708
1619609455963,0.605,0,0,0,0,0.708
1619609455984,0.598,0,0,0,0,0.708
1619609456003,0.595,0,0,0,0,0.708
1619609456034,0.595,0,0,0,0,0.708
1619609456044,0.595,0,0,0,0,0.708
1619609456064,0.595,0,0,0,0,0.708
1619609456084,0.592,0,0,0,0,0.708
1619609456103,0.609,0,0,0,0,0.708
1619609456124,0.598,0,0,0,0,0.708
1619609456144,0.588,0,0,0,0,0.708
1619609456163,0.602,0,0,0,0,0.708
1619609456183,0.605,0,0,0,0,0.708
1619609456203,0.602,0,0,0,0,0.708
1619609456225,0.585,0,0,0,0,0.708
1619609456244,0.592,0,0,0,0,0.708
1619609456264,0.595,0,0,0,0,0.708
1619609456284,0.598,0,0,0,0,0.708
1619609456303,0.598,0,0,0,0,0.708
1619609456324,0.592,0,0,0,0,0.708
1619609456344,0.598,0,0,0,0,0.708
1619609456364,0.605,0,0,0,0,0.708
1619609456383,0.609,0,0,0,0,0.708
1619609456403,0.609,0,0,0,0,0.708
1619609456425,0.581,0,0,0,0,0.708
1619609456444,0.602,0,0,0,0,0.708
1619609456463,0.595,0,0,0,0,0.708
1619609456484,0.598,0,0,0,0,0.708
1619609456503,0.609,0,0,0,0,0.708
1619609456525,0.602,0,0,0,0,0.708
1619609456544,0.602,0,0,0,0,0.708
1619609456564,0.602,0,0,0,0,0.708
1619609456583,0.616,0,0,0,0,0.708
1619609456604,0.578,0,0,0,0,0.708
1619609456624,0.602,0,0,0,0,0.708
1619609456644,0.595,0,0,0,0,0.708
1619609456664,0.592,0,0,0,0,0.708
1619609456684,0.609,0,0,0,0,0.708
1619609456704,0.595,0,0,0,0,0.708
1619609456724,0.585,0,0,0,0,0.708
1619609456745,0.605,0,0,0,0,0.708
1619609456764,0.626,0,0,0,0,0.708
1619609456784,0.626,0,0,0,0,0.708
1619609456803,0.571,0,0,0,0,0.708
1619609456825,0.602,0,0,0,0,0.708
1619609456844,0.602,0,0,0,0,0.708
1619609456864,0.598,0,0,0,0,0.708
1619609456884,0.602,0,0,0,0,0.708
1619609456903,0.609,0,0,0,0,0.708
1619609456924,0.592,0,0,0,0,0.708
1619609456944,0.595,0,0,0,0,0.708
1619609456963,0.602,0,0,0,0,0.708
1619609456983,0.598,0,0,0,0,0.708
1619609457004,0.602,0,0,0,0,0.708
1619609457024,0.602,0,0,0,0,0.708
1619609457044,0.592,0,0,0,0,0.708
1619609457064,0.588,0,0,0,0,0.708
1619609457083,0.605,0,0,0,0,0.708
1619609457103,0.605,0,0,0,0,0.708
1619609457124,0.605,0,0,0,0,0.708
1619609457144,0.581,0,0,0,0,0.708
1619609457164,0.602,0,0,0,0,0.708
1619609457184,0.602,0,0,0,0,0.708
1619609457203,0.595,0,0,0,0,0.708
1619609457223,0.602,0,0,0,0,0.708
1619609457244,0.605,0,0,0,0,0.708
1619609457264,0.588,0,0,0,0,0.708
1619609457283,0.602,0,0,0,0,0.708
1619609457303,0.619,0,0,0,0,0.708
1619609457323,0.571,0,0,0,0,0.708
1619609457344,0.598,0,0,0,0,0.708
1619609457364,0.609,0,0,0,0,0.708
1619609457383,0.598,0,0,0,0,0.708
1619609457403,0.595,0,0,0,0,0.708
1619609457423,0.605,0,0,0,0,0.708
1619609457443,0.605,0,0,0,0,0.708
1619609457464,0.585,0,0,0,0,0.708
1619609457484,0.616,0,0,0,0,0.708
1619609457503,0.616,0,0,0,0,0.708
1619609457523,0.581,0,0,0,0,0.708
1619609457544,0.585,0,0,0,0,0.708
1619609457563,0.592,0,0,0,0,0.708
1619609457584,0.595,0,0,0,0,0.708
1619609457604,0.592,0,0,0,0,0.708
1619609457623,0.605,0,0,0,0,0.708
1619609457644,0.602,0,0,0,0,0.708
1619609457663,0.598,0,0,0,0,0.708
1619609457684,0.626,0,0,0,0,0.708
1619609457703,0.581,0,0,0,0,0.708
1619609457723,0.595,0,0,0,0,0.708
1619609457743,0.598,0,0,0,0,0.708
1619609457763,0.612,0,0,0,0,0.708
1619609457784,0.595,0,0,0,0,0.708
1619609457804,0.598,0,0,0,0,0.708
1619609457824,0.605,0,0,0,0,0.708
1619609457844,0.622,0,0,0,0,0.708
1619609457864,0.622,0,0,0,0,0.708
1619609457883,0.568,0,0,0,0,0.708
1619609457904,0.598,0,0,0,0,0.708
1619609457923,0.602,0,0,0,0,0.708
1619609457944,0.592,0,0,0,0,0.708
1619609457964,0.602,0,0,0,0,0.708
1619609457984,0.602,0,0,0,0,0.708
1619609458003,0.592,0,0,0,0,0.708
1619609458024,0.598,0,0,0,0,0.708
1619609458043,0.595,0,0,0,0,0.708
1619609458064,0.595,0,0,0,0,0.708
1619609458083,0.598,0,0,0,0,0.708
1619609458103,0.609,0,0,0,0,0.708
1619609458123,0.595,0,0,0,0,0.708
1619609458144,0.598,0,0,0,0,0.708
1619609458163,0.609,0,0,0,0,0.708
1619609458184,0.609,0,0,0,0,0.708
1619609458204,0.598,0,0,0,0,0.708
1619609458223,0.592,0,0,0,0,0.708
1619609458244,0.602,0,0,0,0,0.708
1619609458264,0.605,0,0,0,0,0.708
1619609458284,0.592,0,0,0,0,0.708
1619609458304,0.595,0,0,0,0,0.708
1619609458323,0.605,0,0,0,0,0.708
1619609458344,0.592,0,0,0,0,0.708
1619609458364,0.595,0,0,0,0,0.708
1619609458384,0.622,0,0,0,0,0.708
1619609458404,0.575,0,0,0,0,0.708
1619609458423,0.592,0,0,0,0,0.708
1619609458444,0.612,0,0,0,0,0.708
1619609458463,0.592,0,0,0,0,0.708
1619609458484,0.595,0,0,0,0,0.708
1619609458504,0.605,0,0,0,0,0.708
1619609458523,0.598,0,0,0,0,0.708
1619609458545,0.598,0,0,0,0,0.708
1619609458564,0.619,0,0,0,0,0.708
1619609458584,0.619,0,0,0,0,0.708
1619609458603,0.575,0,0,0,0,0.708
1619609458624,0.592,0,0,0,0,0.708
1619609458644,0.605,0,0,0,0,0.708
1619609458664,0.609,0,0,0,0,0.708
1619609458683,0.598,0,0,0,0,0.708
1619609458704,0.602,0,0,0,0,0.708
1619609458724,0.609,0,0,0,0,0.708
1619609458745,0.592,0,0,0,0,0.708
1619609458763,0.616,0,0,0,0,0.708
1619609458784,0.578,0,0,0,0,0.708
1619609458803,0.598,0,0,0,0,0.708
1619609458824,0.585,0,0,0,0,0.708
1619609458855,0.609,0,0,0,0,0.708
1619609458864,0.598,0,0,0,0,0.708
1619609458884,0.588,0,0,0,0,0.708
1619609458904,0.588,0,0,0,0,0.708
1619609458924,0.605,0,0,0,0,0.708
1619609458944,0.626,0,0,0,0,0.708
1619609458964,0.571,0,0,0,0,0.708
1619609458984,0.602,0,0,0,0,0.708
1619609459004,0.602,0,0,0,0,0.708
1619609459024,0.588,0,0,0,0,0.708
1619609459044,0.588,0,0,0,0,0.708
1619609459064,0.605,0,0,0,0,0.708
1619609459084,0.592,0,0,0,0,0.708
1619609459104,0.598,0,0,0,0,0.708
1619609459124,0.598,0,0,0,0,0.708
1619609459152,0.598,0,0,0,0,0.708
1619609459176,0.585,0,0,0,0,0.708
1619609459184,0.585,0,0,0,0,0.708
1619609459204,0.598,0,0,0,0,0.708
1619609459224,0.595,0,0,0,0,0.708
1619609459244,0.595,0,0,0,0,0.708
1619609459264,0.598,0,0,0,0,0.708
1619609459284,0.602,0,0,0,0,0.708
1619609459304,0.592,0,0,0,0,0.708
1619609459324,0.585,0,0,0,0,0.708
1619609459344,0.602,0,0,0,0,0.708
1619609459364,0.595,0,0,0,0,0.708
1619609459384,0.602,0,0,0,0,0.708
1619609459404,0.609,0,0,0,0,0.708
1619609459424,0.602,0,0,0,0,0.708
1619609459444,0.592,0,0,0,0,0.708
1619609459464,0.609,0,0,0,0,0.708
1619609459484,0.616,0,0,0,0,0.708
1619609459504,0.568,0,0,0,0,0.708
1619609459524,0.605,0,0,0,0,0.708
1619609459544,0.602,0,0,0,0,0.708
1619609459566,0.585,0,0,0,0,0.708
1619609459585,0.602,0,0,0,0,0.708
1619609459604,0.602,0,0,0,0,0.708
1619609459624,0.602,0,0,0,0,0.708
1619609459644,0.595,0,0,0,0,0.708
1619609459664,0.592,0,0,0,0,0.708
1619609459684,0.626,0,0,0,0,0.708
1619609459704,0.571,0,0,0,0,0.708
1619609459726,0.592,0,0,0,0,0.708
1619609459745,0.609,0,0,0,0,0.708
1619609459764,0.598,0,0,0,0,0.708
1619609459805,0.588,0,0,0,0,0.708
1619609459806,0.588,0,0,0,0,0.708
1619609459824,0.605,0,0,0,0,0.708
1619609459844,0.588,0,0,0,0,0.708
1619609459864,0.626,0,0,0,0,0.708
1619609459884,0.578,0,0,0,0,0.708
1619609459904,0.585,0,0,0,0,0.708
1619609459924,0.602,0,0,0,0,0.708
1619609459944,0.609,0,0,0,0,0.708
1619609459964,0.588,0,0,0,0,0.708
1619609459984,0.588,0,0,0,0,0.708
1619609460004,0.595,0,0,0,0,0.708
1619609460024,0.605,0,0,0,0,0.708
1619609460044,0.592,0,0,0,0,0.708
1619609460065,0.598,0,0,0,0,0.708
1619609460084,0.605,0,0,0,0,0.708
1619609460104,0.588,0,0,0,0,0.708
1619609460124,0.598,0,0,0,0,0.708
1619609460144,0.602,0,0,0,0,0.708
1619609460165,0.598,0,0,0,0,0.708
1619609460184,0.602,0,0,0,0,0.708
1619609460204,0.616,0,0,0,0,0.708
1619609460224,0.588,0,0,0,0,0.708
1619609460244,0.598,0,0,0,0,0.708
1619609460265,0.609,0,0,0,0,0.708
1619609460284,0.602,0,0,0,0,0.708
1619609460304,0.588,0,0,0,0,0.708
1619609460324,0.588,0,0,0,0,0.708
1619609460344,0.609,0,0,0,0,0.708
1619609460366,0.602,0,0,0,0,0.708
1619609460384,0.581,0,0,0,0,0.708
1619609460404,0.605,0,0,0,0,0.708
1619609460424,0.598,0,0,0,0,0.708
1619609460444,0.585,0,0,0,0,0.708
1619609460464,0.592,0,0,0,0,0.708
1619609460484,0.609,0,0,0,0,0.708
1619609460504,0.598,0,0,0,0,0.708
1619609460524,0.588,0,0,0,0,0.708
1619609460544,0.609,0,0,0,0,0.708
1619609460564,0.598,0,0,0,0,0.708
1619609460584,0.605,0,0,0,0,0.708
1619609460604,0.585,0,0,0,0,0.708
1619609460624,0.595,0,0,0,0,0.708
1619609460644,0.592,0,0,0,0,0.708
1619609460664,0.609,0,0,0,0,0.708
1619609460684,0.605,0,0,0,0,0.708
1619609460704,0.605,0,0,0,0,0.708
1619609460724,0.592,0,0,0,0,0.708
1619609460744,0.602,0,0,0,0,0.708
1619609460764,0.609,0,0,0,0,0.708
1619609460784,0.612,0,0,0,0,0.708
1619609460804,0.578,0,0,0,0,0.708
1619609460823,0.602,0,0,0,0,0.708
1619609460844,0.595,0,0,0,0,0.708
1619609460864,0.598,0,0,0,0,0.708
1619609460884,0.605,0,0,0,0,0.708
1619609460904,0.592,0,0,0,0,0.708
1619609460924,0.598,0,0,0,0,0.708
1619609460944,0.598,0,0,0,0,0.708
1619609460964,0.619,0,0,0,0,0.708
1619609460984,0.578,0,0,0,0,0.708
1619609461004,0.602,0,0,0,0,0.708
1619609461024,0.598,0,0,0,0,0.708
1619609461044,0.609,0,0,0,0,0.708
1619609461064,0.609,0,0,0,0,0.708
1619609461084,0.602,0,0,0,0,0.708
1619609461104,0.595,0,0,0,0,0.708
1619609461124,0.602,0,0,0,0,0.708
1619609461144,0.598,0,0,0,0,0.708
1619609461164,0.592,0,0,0,0,0.708
1619609461184,0.602,0,0,0,0,0.708
1619609461204,0.602,0,0,0,0,0.708
1619609461224,0.585,0,0,0,0,0.708
1619609461244,0.605,0,0,0,0,0.708
1619609461264,0.609,0,0,0,0,0.708
1619609461284,0.592,0,0,0,0,0.708
1619609461304,0.602,0,0,0,0,0.708
1619609461324,0.605,0,0,0,0,0.708
1619609461344,0.592,0,0,0,0,0.708
1619609461364,0.602,0,0,0,0,0.708
1619609461384,0.609,0,0,0,0,0.708
1619609461404,0.592,0,0,0,0,0.708
1619609461424,0.592,0,0,0,0,0.708
1619609461444,0.592,0,0,0,0,0.708
1619609461464,0.598,0,0,0,0,0.708
1619609461484,0.602,0,0,0,0,0.708
1619609461504,0.609,0,0,0,0,0.708
1619609461524,0.588,0,0,0,0,0.708
1619609461544,0.592,0,0,0,0,0.708
1619609461564,0.602,0,0,0,0,0.708
1619609461584,0.598,0,0,0,0,0.708
1619609461604,0.588,0,0,0,0,0.708
1619609461624,0.598,0,0,0,0,0.708
1619609461644,0.605,0,0,0,0,0.708
1619609461664,0.592,0,0,0,0,0.708
1619609461684,0.616,0,0,0,0,0.708
1619609461704,0.578,0,0,0,0,0.708
1619609461724,0.592,0,0,0,0,0.708
1619609461744,0.595,0,0,0,0,0.708
1619609461764,0.609,0,0,0,0,0.708
1619609461784,0.609,0,0,0,0,0.708
1619609461804,0.595,0,0,0,0,0.708
1619609461824,0.592,0,0,0,0,0.708
1619609461844,0.609,0,0,0,0,0.708
1619609461864,0.598,0,0,0,0,0.708
1619609461884,0.612,0,0,0,0,0.708
1619609461904,0.588,0,0,0,0,0.708
1619609461924,0.598,0,0,0,0,0.708
1619609461944,0.581,0,0,0,0,0.708
1619609461964,0.602,0,0,0,0,0.708
1619609461984,0.598,0,0,0,0,0.708
1619609462004,0.585,0,0,0,0,0.708
1619609462024,0.605,0,0,0,0,0.708
1619609462044,0.588,0,0,0,0,0.708
1619609462064,0.595,0,0,0,0,0.708
1619609462084,0.602,0,0,0,0,0.708
1619609462104,0.605,0,0,0,0,0.708
1619609462124,0.605,0,0,0,0,0.708
1619609462144,0.598,0,0,0,0,0.708
1619609462164,0.609,0,0,0,0,0.708
1619609462194,0.602,0,0,0,0,0.708
1619609462204,0.598,0,0,0,0,0.708
1619609462224,0.598,0,0,0,0,0.708
1619609462244,0.595,0,0,0,0,0.708
1619609462264,0.592,0,0,0,0,0.708
1619609462284,0.602,0,0,0,0,0.708
1619609462304,0.609,0,0,0,0,0.708
1619609462324,0.592,0,0,0,0,0.708
1619609462344,0.598,0,0,0,0,0.708
1619609462364,0.616,0,0,0,0,0.708
1619609462384,0.595,0,0,0,0,0.708
1619609462404,0.581,0,0,0,0,0.708
1619609462424,0.605,0,0,0,0,0.708
1619609462444,0.605,0,0,0,0,0.708
1619609462464,0.605,0,0,0,0,0.708
1619609462485,0.585,0,0,0,0,0.708
1619609462504,0.605,0,0,0,0,0.708
1619609462524,0.609,0,0,0,0,0.708
1619609462544,0.588,0,0,0,0,0.708
1619609462564,0.609,0,0,0,0,0.708
1619609462584,0.602,0,0,0,0,0.708
1619609462604,0.575,0,0,0,0,0.708
1619609462624,0.602,0,0,0,0,0.708
1619609462644,0.605,0,0,0,0,0.708
1619609462664,0.602,0,0,0,0,0.708
1619609462685,0.592,0,0,0,0,0.708
1619609462704,0.605,0,0,0,0,0.708
1619609462724,0.602,0,0,0,0,0.708
1619609462744,0.609,0,0,0,0,0.708
1619609462764,0.595,0,0,0,0,0.708
1619609462784,0.595,0,0,0,0,0.708
1619609462804,0.581,0,0,0,0,0.708
1619609462824,0.595,0,0,0,0,0.708
1619609462844,0.595,0,0,0,0,0.708
1619609462864,0.605,0,0,0,0,0.708
1619609462884,0.598,0,0,0,0,0.708
1619609462904,0.592,0,0,0,0,0.708
1619609462924,0.612,0,0,0,0,0.708
1619609462944,0.619,0,0,0,0,0.708
1619609462964,0.568,0,0,0,0,0.708
1619609462984,0.605,0,0,0,0,0.708
1619609463004,0.605,0,0,0,0,0.708
1619609463024,0.595,0,0,0,0,0.708
1619609463044,0.595,0,0,0,0,0.708
1619609463064,0.598,0,0,0,0,0.708
1619609463084,0.595,0,0,0,0,0.708
1619609463104,0.609,0,0,0,0,0.708
1619609463124,0.598,0,0,0,0,0.708
1619609463144,0.592,0,0,0,0,0.708
1619609463164,0.592,0,0,0,0,0.708
1619609463184,0.598,0,0,0,0,0.708
1619609463204,0.602,0,0,0,0,0.708
1619609463224,0.592,0,0,0,0,0.708
1619609463244,0.602,0,0,0,0,0.708
1619609463264,0.602,0,0,0,0,0.708
1619609463284,0.595,0,0,0,0,0.708
1619609463304,0.585,0,0,0,0,0.708
1619609463324,0.609,0,0,0,0,0.708
1619609463344,0.595,0,0,0,0,0.708
1619609463364,0.595,0,0,0,0,0.708
1619609463384,0.605,0,0,0,0,0.708
1619609463404,0.605,0,0,0,0,0.708
1619609463424,0.595,0,0,0,0,0.708
1619609463444,0.595,0,0,0,0,0.708
1619609463464,0.616,0,0,0,0,0.708
1619609463484,0.588,0,0,0,0,0.708
1619609463504,0.595,0,0,0,0,0.708
1619609463524,0.595,0,0,0,0,0.708
1619609463544,0.605,0,0,0,0,0.708
1619609463564,0.595,0,0,0,0,0.708
1619609463584,0.592,0,0,0,0,0.708
1619609463604,0.602,0,0,0,0,0.708
1619609463624,0.598,0,0,0,0,0.708
1619609463644,0.588,0,0,0,0,0.708
1619609463664,0.619,0,0,0,0,0.708
1619609463684,0.581,0,0,0,0,0.708
1619609463704,0.592,0,0,0,0,0.708
1619609463724,0.605,0,0,0,0,0.708
1619609463744,0.602,0,0,0,0,0.708
1619609463764,0.592,0,0,0,0,0.708
1619609463784,0.598,0,0,0,0,0.708
1619609463804,0.605,0,0,0,0,0.708
1619609463824,0.595,0,0,0,0,0.708
1619609463844,0.616,0,0,0,0,0.708
1619609463864,0.585,0,0,0,0,0.708
1619609463884,0.595,0,0,0,0,0.708
1619609463904,0.595,0,0,0,0,0.708
1619609463924,0.592,0,0,0,0,0.708
1619609463944,0.605,0,0,0,0,0.708
1619609463964,0.598,0,0,0,0,0.708
1619609463984,0.588,0,0,0,0,0.708
1619609464004,0.602,0,0,0,0,0.708
1619609464024,0.605,0,0,0,0,0.708
1619609464044,0.612,0,0,0,0,0.708
1619609464064,0.568,0,0,0,0,0.708
1619609464084,0.609,0,0,0,0,0.708
1619609464104,0.592,0,0,0,0,0.708
1619609464124,0.598,0,0,0,0,0.708
1619609464144,0.609,0,0,0,0,0.708
1619609464164,0.595,0,0,0,0,0.708
1619609464184,0.588,0,0,0,0,0.708
1619609464204,0.605,0,0,0,0,0.708
1619609464224,0.602,0,0,0,0,0.708
1619609464244,0.588,0,0,0,0,0.708
1619609464264,0.588,0,0,0,0,0.708
1619609464284,0.602,0,0,0,0,0.708
1619609464304,0.605,0,0,0,0,0.708
1619609464324,0.592,0,0,0,0,0.708
1619609464344,0.592,0,0,0,0,0.708
1619609464364,0.609,0,0,0,0,0.708
1619609464384,0.592,0,0,0,0,0.708
1619609464404,0.585,0,0,0,0,0.708
1619609464424,0.612,0,0,0,0,0.708
1619609464444,0.592,0,0,0,0,0.708
1619609464464,0.588,0,0,0,0,0.708
1619609464484,0.602,0,0,0,0,0.708
1619609464504,0.598,0,0,0,0,0.708
1619609464524,0.588,0,0,0,0,0.708
1619609464544,0.602,0,0,0,0,0.708
1619609464564,0.612,0,0,0,0,0.708
1619609464584,0.575,0,0,0,0,0.708
1619609464604,0.602,0,0,0,0,0.708
1619609464624,0.602,0,0,0,0,0.708
1619609464644,0.605,0,0,0,0,0.708
1619609464664,0.588,0,0,0,0,0.708
1619609464684,0.605,0,0,0,0,0.708
1619609464705,0.609,0,0,0,0,0.708
1619609464724,0.592,0,0,0,0,0.708
1619609464744,0.602,0,0,0,0,0.708
1619609464764,0.622,0,0,0,0,0.708
1619609464784,0.575,0,0,0,0,0.708
1619609464804,0.592,0,0,0,0,0.708
1619609464824,0.605,0,0,0,0,0.708
1619609464844,0.598,0,0,0,0,0.708
1619609464864,0.592,0,0,0,0,0.708
1619609464884,0.598,0,0,0,0,0.708
1619609464905,0.598,0,0,0,0,0.708
1619609464925,0.595,0,0,0,0,0.708
1619609464944,0.622,0,0,0,0,0.708
1619609464964,0.581,0,0,0,0,0.708
1619609464984,0.592,0,0,0,0,0.708
1619609465004,0.592,0,0,0,0,0.708
1619609465024,0.598,0,0,0,0,0.708
1619609465044,0.609,0,0,0,0,0.708
1619609465064,0.595,0,0,0,0,0.708
1619609465084,0.598,0,0,0,0,0.708
1619609465104,0.598,0,0,0,0,0.708
1619609465124,0.598,0,0,0,0,0.708
1619609465144,0.616,0,0,0,0,0.708
1619609465164,0.578,0,0,0,0,0.708
1619609465184,0.602,0,0,0,0,0.708
1619609465204,0.588,0,0,0,0,0.708
1619609465224,0.602,0,0,0,0,0.708
1619609465243,0.605,0,0,0,0,0.708
1619609465264,0.595,0,0,0,0,0.708
1619609465284,0.595,0,0,0,0,0.708
1619609465304,0.609,0,0,0,0,0.708
1619609465324,0.588,0,0,0,0,0.708
1619609465344,0.588,0,0,0,0,0.708
1619609465364,0.595,0,0,0,0,0.708
1619609465384,0.602,0,0,0,0,0.708
1619609465404,0.588,0,0,0,0,0.708
1619609465424,0.605,0,0,0,0,0.708
1619609465444,0.605,0,0,0,0,0.708
1619609465464,0.588,0,0,0,0,0.708
1619609465484,0.605,0,0,0,0,0.708
1619609465504,0.602,0,0,0,0,0.708
1619609465523,0.595,0,0,0,0,0.708
1619609465544,0.605,0,0,0,0,0.708
1619609465564,0.609,0,0,0,0,0.708
1619609465584,0.592,0,0,0,0,0.708
1619609465603,0.598,0,0,0,0,0.708
1619609465624,0.602,0,0,0,0,0.708
1619609465644,0.598,0,0,0,0,0.708
1619609465664,0.605,0,0,0,0,0.708
1619609465684,0.581,0,0,0,0,0.708
1619609465704,0.581,0,0,0,0,0.708
1619609465724,0.602,0,0,0,0,0.708
1619609465744,0.595,0,0,0,0,0.708
1619609465764,0.605,0,0,0,0,0.708
1619609465784,0.605,0,0,0,0,0.708
1619609465804,0.588,0,0,0,0,0.708
1619609465824,0.602,0,0,0,0,0.708
1619609465844,0.609,0,0,0,0,0.708
1619609465864,0.612,0,0,0,0,0.708
1619609465884,0.575,0,0,0,0,0.708
1619609465904,0.605,0,0,0,0,0.708
1619609465924,0.598,0,0,0,0,0.708
1619609465944,0.592,0,0,0,0,0.708
1619609465964,0.602,0,0,0,0,0.708
1619609465984,0.602,0,0,0,0,0.708
1619609466004,0.592,0,0,0,0,0.708
1619609466024,0.609,0,0,0,0,0.708
1619609466044,0.619,0,0,0,0,0.708
1619609466064,0.619,0,0,0,0,0.708
1619609466084,0.564,0,0,0,0,0.708
1619609466104,0.598,0,0,0,0,0.708
1619609466124,0.598,0,0,0,0,0.708
1619609466144,0.598,0,0,0,0,0.708
1619609466164,0.602,0,0,0,0,0.708
1619609466184,0.602,0,0,0,0,0.708
1619609466204,0.588,0,0,0,0,0.708
1619609466224,0.622,0,0,0,0,0.708
1619609466244,0.578,0,0,0,0,0.708
1619609466264,0.592,0,0,0,0,0.708
1619609466284,0.598,0,0,0,0,0.708
1619609466304,0.609,0,0,0,0,0.708
1619609466324,0.602,0,0,0,0,0.708
1619609466344,0.592,0,0,0,0,0.708
1619609466364,0.602,0,0,0,0,0.708
1619609466384,0.612,0,0,0,0,0.708
1619609466404,0.612,0,0,0,0,0.708
1619609466424,0.578,0,0,0,0,0.708
1619609466444,0.602,0,0,0,0,0.708
1619609466464,0.605,0,0,0,0,0.708
1619609466484,0.588,0,0,0,0,0.708
1619609466504,0.595,0,0,0,0,0.708
1619609466524,0.602,0,0,0,0,0.708
1619609466544,0.595,0,0,0,0,0.708
1619609466564,0.598,0,0,0,0,0.708
1619609466584,0.609,0,0,0,0,0.708
1619609466604,0.585,0,0,0,0,0.708
1619609466624,0.598,0,0,0,0,0.708
1619609466644,0.609,0,0,0,0,0.708
1619609466664,0.595,0,0,0,0,0.708
1619609466684,0.595,0,0,0,0,0.708
1619609466704,0.609,0,0,0,0,0.708
1619609466724,0.598,0,0,0,0,0.708
1619609466744,0.595,0,0,0,0,0.708
1619609466764,0.619,0,0,0,0,0.708
1619609466784,0.619,0,0,0,0,0.708
1619609466804,0.588,0,0,0,0,0.708
1619609466824,0.588,0,0,0,0,0.708
1619609466844,0.598,0,0,0,0,0.708
1619609466864,0.605,0,0,0,0,0.708
1619609466884,0.595,0,0,0,0,0.708
1619609466904,0.592,0,0,0,0,0.708
1619609466925,0.605,0,0,0,0,0.708
1619609466944,0.598,0,0,0,0,0.708
1619609466964,0.605,0,0,0,0,0.708
1619609466984,0.588,0,0,0,0,0.708
1619609467004,0.602,0,0,0,0,0.708
1619609467025,0.595,0,0,0,0,0.708
1619609467044,0.602,0,0,0,0,0.708
1619609467063,0.609,0,0,0,0,0.708
1619609467084,0.592,0,0,0,0,0.708
1619609467104,0.598,0,0,0,0,0.708
1619609467125,0.609,0,0,0,0,0.708
1619609467144,0.619,0,0,0,0,0.708
1619609467164,0.619,0,0,0,0,0.708
1619609467184,0.571,0,0,0,0,0.708
1619609467204,0.605,0,0,0,0,0.708
1619609467224,0.602,0,0,0,0,0.708
1619609467244,0.592,0,0,0,0,0.708
1619609467264,0.602,0,0,0,0,0.708
1619609467284,0.609,0,0,0,0,0.708
1619609467304,0.588,0,0,0,0,0.708
1619609467325,0.602,0,0,0,0,0.708
1619609467344,0.605,0,0,0,0,0.708
1619609467364,0.592,0,0,0,0,0.708
1619609467384,0.598,0,0,0,0,0.708
1619609467404,0.609,0,0,0,0,0.708
1619609467424,0.592,0,0,0,0,0.708
1619609467444,0.581,0,0,0,0,0.708
1619609467464,0.605,0,0,0,0,0.708
1619609467484,0.598,0,0,0,0,0.708
1619609467504,0.598,0,0,0,0,0.708
1619609467524,0.585,0,0,0,0,0.708
1619609467544,0.602,0,0,0,0,0.708
1619609467564,0.602,0,0,0,0,0.708
1619609467584,0.595,0,0,0,0,0.708
1619609467604,0.605,0,0,0,0,0.708
1619609467625,0.602,0,0,0,0,0.708
1619609467644,0.585,0,0,0,0,0.708
1619609467664,0.602,0,0,0,0,0.708
1619609467684,0.609,0,0,0,0,0.708
1619609467704,0.581,0,0,0,0,0.708
1619609467724,0.598,0,0,0,0,0.708
1619609467744,0.588,0,0,0,0,0.708
1619609467764,0.598,0,0,0,0,0.708
1619609467784,0.602,0,0,0,0,0.708
1619609467804,0.602,0,0,0,0,0.708
1619609467824,0.588,0,0,0,0,0.708
1619609467844,0.595,0,0,0,0,0.708
1619609467864,0.622,0,0,0,0,0.708
1619609467884,0.622,0,0,0,0,0.708
1619609467904,0.585,0,0,0,0,0.708
1619609467924,0.595,0,0,0,0,0.708
1619609467944,0.605,0,0,0,0,0.708
1619609467964,0.595,0,0,0,0,0.708
1619609467984,0.592,0,0,0,0,0.708
1619609468004,0.605,0,0,0,0,0.708
1619609468024,0.602,0,0,0,0,0.708
1619609468044,0.592,0,0,0,0,0.708
1619609468064,0.622,0,0,0,0,0.708
1619609468084,0.588,0,0,0,0,0.708
1619609468104,0.595,0,0,0,0,0.708
1619609468124,0.592,0,0,0,0,0.708
1619609468144,0.605,0,0,0,0,0.708
1619609468164,0.602,0,0,0,0,0.708
1619609468184,0.592,0,0,0,0,0.708
1619609468204,0.602,0,0,0,0,0.708
1619609468224,0.602,0,0,0,0,0.708
1619609468244,0.609,0,0,0,0,0.708
1619609468264,0.609,0,0,0,0,0.708
1619609468284,0.571,0,0,0,0,0.708
1619609468304,0.605,0,0,0,0,0.708
1619609468324,0.592,0,0,0,0,0.708
1619609468344,0.598,0,0,0,0,0.708
1619609468364,0.609,0,0,0,0,0.708
1619609468384,0.598,0,0,0,0,0.708
1619609468404,0.592,0,0,0,0,0.708
1619609468424,0.609,0,0,0,0,0.708
1619609468444,0.598,0,0,0,0,0.708
1619609468464,0.592,0,0,0,0,0.708
1619609468484,0.605,0,0,0,0,0.708
1619609468504,0.598,0,0,0,0,0.708
1619609468524,0.588,0,0,0,0,0.708
1619609468544,0.598,0,0,0,0,0.708
1619609468563,0.602,0,0,0,0,0.708
1619609468584,0.598,0,0,0,0,0.708
1619609468604,0.598,0,0,0,0,0.708
1619609468624,0.588,0,0,0,0,0.708
1619609468644,0.609,0,0,0,0,0.708
1619609468664,0.588,0,0,0,0,0.708
1619609468684,0.595,0,0,0,0,0.708
1619609468704,0.602,0,0,0,0,0.708
1619609468724,0.598,0,0,0,0,0.708
1619609468744,0.581,0,0,0,0,0.708
1619609468764,0.612,0,0,0,0,0.708
1619609468784,0.602,0,0,0,0,0.708
1619609468804,0.578,0,0,0,0,0.708
1619609468824,0.605,0,0,0,0,0.708
1619609468844,0.598,0,0,0,0,0.708
1619609468864,0.588,0,0,0,0,0.708
1619609468884,0.609,0,0,0,0,0.708
1619609468904,0.605,0,0,0,0,0.708
1619609468924,0.585,0,0,0,0,0.708
1619609468944,0.598,0,0,0,0,0.708
1619609468964,0.622,0,0,0,0,0.708
1619609468983,0.622,0,0,0,0,0.708
1619609469004,0.568,0,0,0,0,0.708
1619609469024,0.598,0,0,0,0,0.708
1619609469044,0.609,0,0,0,0,0.708
1619609469064,0.588,0,0,0,0,0.708
1619609469084,0.595,0,0,0,0,0.708
1619609469104,0.609,0,0,0,0,0.708
1619609469124,0.595,0,0,0,0,0.708
1619609469144,0.595,0,0,0,0,0.708
1619609469164,0.633,0,0,0,0,0.708
1619609469184,0.568,0,0,0,0,0.708
1619609469204,0.592,0,0,0,0,0.708
1619609469224,0.605,0,0,0,0,0.708
1619609469245,0.602,0,0,0,0,0.708
1619609469264,0.592,0,0,0,0,0.708
1619609469284,0.602,0,0,0,0,0.708
1619609469304,0.602,0,0,0,0,0.708
1619609469324,0.602,0,0,0,0,0.708
1619609469344,0.616,0,0,0,0,0.708
1619609469364,0.568,0,0,0,0,0.708
1619609469384,0.605,0,0,0,0,0.708
1619609469404,0.592,0,0,0,0,0.708
1619609469424,0.592,0,0,0,0,0.708
1619609469445,0.609,0,0,0,0,0.708
1619609469464,0.598,0,0,0,0,0.708
1619609469484,0.592,0,0,0,0,0.708
1619609469504,0.605,0,0,0,0,0.708
1619609469524,0.595,0,0,0,0,0.708
1619609469545,0.595,0,0,0,0,0.708
1619609469564,0.602,0,0,0,0,0.708
1619609469584,0.605,0,0,0,0,0.708
1619609469604,0.588,0,0,0,0,0.708
1619609469624,0.605,0,0,0,0,0.708
1619609469645,0.602,0,0,0,0,0.708
1619609469664,0.592,0,0,0,0,0.708
1619609469684,0.592,0,0,0,0,0.708
1619609469704,0.595,0,0,0,0,0.708
1619609469724,0.602,0,0,0,0,0.708
1619609469744,0.592,0,0,0,0,0.708
1619609469764,0.602,0,0,0,0,0.708
1619609469784,0.602,0,0,0,0,0.708
1619609469804,0.595,0,0,0,0,0.708
1619609469823,0.598,0,0,0,0,0.708
1619609469844,0.598,0,0,0,0,0.708
1619609469864,0.609,0,0,0,0,0.708
1619609469884,0.585,0,0,0,0,0.708
1619609469904,0.598,0,0,0,0,0.708
1619609469924,0.602,0,0,0,0,0.708
1619609469944,0.598,0,0,0,0,0.708
1619609469964,0.602,0,0,0,0,0.708
1619609469984,0.595,0,0,0,0,0.708
1619609470004,0.612,0,0,0,0,0.708
1619609470024,0.612,0,0,0,0,0.708
1619609470044,0.602,0,0,0,0,0.708
1619609470064,0.616,0,0,0,0,0.708
1619609470084,0.588,0,0,0,0,0.708
1619609470104,0.595,0,0,0,0,0.708
1619609470124,0.598,0,0,0,0,0.708
1619609470144,0.605,0,0,0,0,0.708
1619609470164,0.605,0,0,0,0,0.708
1619609470184,0.595,0,0,0,0,0.708
1619609470204,0.598,0,0,0,0,0.708
1619609470224,0.609,0,0,0,0,0.708
1619609470244,0.612,0,0,0,0,0.708
1619609470264,0.578,0,0,0,0,0.708
1619609470284,0.605,0,0,0,0,0.708
1619609470304,0.595,0,0,0,0,0.708
1619609470324,0.592,0,0,0,0,0.708
1619609470344,0.605,0,0,0,0,0.708
1619609470364,0.592,0,0,0,0,0.708
1619609470384,0.592,0,0,0,0,0.708
1619609470404,0.592,0,0,0,0,0.708
1619609470424,0.602,0,0,0,0,0.708
1619609470444,0.595,0,0,0,0,0.708
1619609470464,0.595,0,0,0,0,0.708
1619609470484,0.602,0,0,0,0,0.708
1619609470504,0.595,0,0,0,0,0.708
1619609470523,0.605,0,0,0,0,0.708
1619609470544,0.605,0,0,0,0,0.708
1619609470564,0.592,0,0,0,0,0.708
1619609470584,0.595,0,0,0,0,0.708
1619609470604,0.602,0,0,0,0,0.708
1619609470624,0.595,0,0,0,0,0.708
1619609470644,0.588,0,0,0,0,0.708
1619609470664,0.602,0,0,0,0,0.708
1619609470684,0.595,0,0,0,0,0.708
1619609470704,0.595,0,0,0,0,0.708
1619609470724,0.595,0,0,0,0,0.708
1619609470744,0.602,0,0,0,0,0.708
1619609470764,0.602,0,0,0,0,0.708
1619609470784,0.602,0,0,0,0,0.708
1619609470804,0.592,0,0,0,0,0.708
1619609470824,0.605,0,0,0,0,0.708
1619609470844,0.592,0,0,0,0,0.708
1619609470864,0.602,0,0,0,0,0.708
1619609470884,0.609,0,0,0,0,0.708
1619609470904,0.588,0,0,0,0,0.708
1619609470924,0.588,0,0,0,0,0.708
1619609470944,0.605,0,0,0,0,0.708
1619609470964,0.612,0,0,0,0,0.708
1619609470984,0.575,0,0,0,0,0.708
1619609471004,0.602,0,0,0,0,0.708
1619609471024,0.598,0,0,0,0,0.708
1619609471044,0.598,0,0,0,0,0.708
1619609471064,0.602,0,0,0,0,0.708
1619609471084,0.588,0,0,0,0,0.708
1619609471104,0.588,0,0,0,0,0.708
1619609471124,0.602,0,0,0,0,0.708
1619609471144,0.605,0,0,0,0,0.708
1619609471164,0.612,0,0,0,0,0.708
1619609471184,0.575,0,0,0,0,0.708
1619609471204,0.598,0,0,0,0,0.708
1619609471224,0.602,0,0,0,0,0.708
1619609471244,0.595,0,0,0,0,0.708
1619609471264,0.612,0,0,0,0,0.708
1619609471284,0.592,0,0,0,0,0.708
1619609471304,0.598,0,0,0,0,0.708
1619609471324,0.609,0,0,0,0,0.708
1619609471344,0.622,0,0,0,0,0.708
1619609471364,0.571,0,0,0,0,0.708
1619609471384,0.609,0,0,0,0,0.708
1619609471403,0.602,0,0,0,0,0.708
1619609471424,0.592,0,0,0,0,0.708
1619609471444,0.598,0,0,0,0,0.708
1619609471474,0.598,0,0,0,0,0.708
1619609471484,0.588,0,0,0,0,0.708
1619609471504,0.588,0,0,0,0,0.708
1619609471524,0.605,0,0,0,0,0.708
1619609471544,0.605,0,0,0,0,0.708
1619609471565,0.588,0,0,0,0,0.708
1619609471584,0.595,0,0,0,0,0.708
1619609471604,0.605,0,0,0,0,0.708
1619609471624,0.595,0,0,0,0,0.708
1619609471643,0.595,0,0,0,0,0.708
1619609471665,0.609,0,0,0,0,0.708
1619609471684,0.602,0,0,0,0,0.708
1619609471704,0.578,0,0,0,0,0.708
1619609471724,0.602,0,0,0,0,0.708
1619609471744,0.605,0,0,0,0,0.708
1619609471764,0.588,0,0,0,0,0.708
1619609471784,0.598,0,0,0,0,0.708
1619609471804,0.598,0,0,0,0,0.708
1619609471824,0.609,0,0,0,0,0.708
1619609471844,0.592,0,0,0,0,0.708
1619609471864,0.595,0,0,0,0,0.708
1619609471884,0.622,0,0,0,0,0.708
1619609471904,0.602,0,0,0,0,0.708
1619609471924,0.575,0,0,0,0,0.708
1619609471944,0.602,0,0,0,0,0.708
1619609471965,0.605,0,0,0,0,0.708
1619609471985,0.592,0,0,0,0,0.708
1619609472004,0.602,0,0,0,0,0.708
1619609472024,0.598,0,0,0,0,0.708
1619609472044,0.588,0,0,0,0,0.708
1619609472066,0.619,0,0,0,0,0.708
1619609472084,0.581,0,0,0,0,0.708
1619609472104,0.592,0,0,0,0,0.708
1619609472124,0.592,0,0,0,0,0.708
1619609472144,0.609,0,0,0,0,0.708
1619609472164,0.592,0,0,0,0,0.708
1619609472184,0.592,0,0,0,0,0.708
1619609472204,0.598,0,0,0,0,0.708
1619609472224,0.598,0,0,0,0,0.708
1619609472244,0.602,0,0,0,0,0.708
1619609472264,0.612,0,0,0,0,0.708
1619609472284,0.581,0,0,0,0,0.708
1619609472304,0.602,0,0,0,0,0.708
1619609472324,0.598,0,0,0,0,0.708
1619609472344,0.612,0,0,0,0,0.708
1619609472365,0.602,0,0,0,0,0.708
1619609472384,0.581,0,0,0,0,0.708
1619609472404,0.598,0,0,0,0,0.708
1619609472424,0.605,0,0,0,0,0.708
1619609472444,0.616,0,0,0,0,0.708
1619609472464,0.571,0,0,0,0,0.708
1619609472484,0.605,0,0,0,0,0.708
1619609472504,0.592,0,0,0,0,0.708
1619609472524,0.592,0,0,0,0,0.708
1619609472544,0.592,0,0,0,0,0.708
1619609472564,0.609,0,0,0,0,0.708
1619609472584,0.605,0,0,0,0,0.708
1619609472604,0.585,0,0,0,0,0.708
1619609472624,0.605,0,0,0,0,0.708
1619609472644,0.602,0,0,0,0,0.708
1619609472664,0.595,0,0,0,0,0.708
1619609472684,0.605,0,0,0,0,0.708
1619609472704,0.602,0,0,0,0,0.708
1619609472724,0.588,0,0,0,0,0.708
1619609472744,0.595,0,0,0,0,0.708
1619609472764,0.609,0,0,0,0,0.708
1619609472784,0.602,0,0,0,0,0.708
1619609472804,0.585,0,0,0,0,0.708
1619609472824,0.609,0,0,0,0,0.708
1619609472844,0.595,0,0,0,0,0.708
1619609472864,0.592,0,0,0,0,0.708
1619609472884,0.592,0,0,0,0,0.708
1619609472904,0.609,0,0,0,0,0.708
1619609472924,0.602,0,0,0,0,0.708
1619609472944,0.588,0,0,0,0,0.708
1619609472964,0.605,0,0,0,0,0.708
1619609472984,0.619,0,0,0,0,0.708
1619609473004,0.571,0,0,0,0,0.708
1619609473024,0.595,0,0,0,0,0.708
1619609473044,0.602,0,0,0,0,0.708
1619609473064,0.598,0,0,0,0,0.708
1619609473084,0.598,0,0,0,0,0.708
1619609473104,0.602,0,0,0,0,0.708
1619609473124,0.598,0,0,0,0,0.708
